0	0.000000000000000e+00	0.000000000000000e+00	0.000000000000000e+00	7.500000000000000e+03	2.000000000000000e+11	5.163977794943223e+03	0.000000000000000e+00
1	1.000000000000000e-03	0.000000000000000e+00	0.000000000000000e+00	7.500000000000000e+03	2.000000000000000e+11	5.163977794943223e+03	0.000000000000000e+00
2	2.000000000000000e-03	0.000000000000000e+00	0.000000000000000e+00	7.500000000000000e+03	2.000000000000000e+11	5.163977794943223e+03	0.000000000000000e+00
3	3.000000000000000e-03	0.000000000000000e+00	0.000000000000000e+00	7.500000000000000e+03	2.000000000000000e+11	5.163977794943223e+03	0.000000000000000e+00
4	4.000000000000000e-03	0.000000000000000e+00	0.000000000000000e+00	7.500000000000000e+03	2.000000000000000e+11	5.163977794943223e+03	0.000000000000000e+00
5	5.000000000000000e-03	0.000000000000000e+00	0.000000000000000e+00	7.500000000000000e+03	2.000000000000000e+11	5.163977794943223e+03	0.000000000000000e+00
6	6.000000000000000e-03	0.000000000000000e+00	0.000000000000000e+00	7.500000000000000e+03	2.000000000000000e+11	5.163977794943223e+03	0.000000000000000e+00
7	7.000000000000000e-03	0.000000000000000e+00	0.000000000000000e+00	7.500000000000000e+03	2.000000000000000e+11	5.163977794943223e+03	0.000000000000000e+00
8	8.000000000000000e-03	0.000000000000000e+00	0.000000000000000e+00	7.500000000000000e+03	2.000000000000000e+11	5.163977794943223e+03	0.000000000000000e+00
9	9.000000000000001e-03	0.000000000000000e+00	0.000000000000000e+00	7.500000000000000e+03	2.000000000000000e+11	5.163977794943223e+03	0.000000000000000e+00
10	1.000000000000000e-02	0.000000000000000e+00	0.000000000000000e+00	7.500000000000000e+03	2.000000000000000e+11	5.163977794943223e+03	0.000000000000000e+00
11	1.100000000000000e-02	0.000000000000000e+00	0.000000000000000e+00	7.500000000000000e+03	2.000000000000000e+11	5.163977794943223e+03	0.000000000000000e+00
12	1.200000000000000e-02	0.000000000000000e+00	0.000000000000000e+00	7.500000000000000e+03	2.000000000000000e+11	5.163977794943223e+03	0.000000000000000e+00
13	1.300000000000000e-02	0.000000000000000e+00	0.000000000000000e+00	7.500000000000000e+03	2.000000000000000e+11	5.163977794943223e+03	0.000000000000000e+00
14	1.400000000000000e-02	0.000000000000000e+00	0.000000000000000e+00	7.500000000000000e+03	2.000000000000000e+11	5.163977794943223e+03	0.000000000000000e+00
15	1.500000000000000e-02	0.000000000000000e+00	0.000000000000000e+00	7.500000000000000e+03	2.000000000000000e+11	5.163977794943223e+03	0.000000000000000e+00
16	1.600000000000000e-02	0.000000000000000e+00	0.000000000000000e+00	7.500000000000000e+03	2.000000000000000e+11	5.163977794943223e+03	0.000000000000000e+00
17	1.700000000000000e-02	0.000000000000000e+00	0.000000000000000e+00	7.500000000000000e+03	2.000000000000000e+11	5.163977794943223e+03	0.000000000000000e+00
18	1.800000000000000e-02	0.000000000000000e+00	0.000000000000000e+00	7.500000000000000e+03	2.000000000000000e+11	5.163977794943223e+03	0.000000000000000e+00
19	1.900000000000000e-02	0.000000000000000e+00	0.000000000000000e+00	7.500000000000000e+03	2.000000000000000e+11	5.163977794943223e+03	0.000000000000000e+00
20	2.000000000000000e-02	0.000000000000000e+00	0.000000000000000e+00	7.500000000000000e+03	2.000000000000000e+11	5.163977794943223e+03	0.000000000000000e+00
21	2.100000000000000e-02	0.000000000000000e+00	0.000000000000000e+00	7.500000000000000e+03	2.000000000000000e+11	5.163977794943223e+03	0.000000000000000e+00
22	2.200000000000000e-02	0.000000000000000e+00	0.000000000000000e+00	7.500000000000000e+03	2.000000000000000e+11	5.163977794943223e+03	0.000000000000000e+00
23	2.300000000000000e-02	0.000000000000000e+00	0.000000000000000e+00	7.500000000000000e+03	2.000000000000000e+11	5.163977794943223e+03	0.000000000000000e+00
24	2.400000000000000e-02	0.000000000000000e+00	0.000000000000000e+00	7.500000000000000e+03	2.000000000000000e+11	5.163977794943223e+03	0.000000000000000e+00
25	2.500000000000000e-02	0.000000000000000e+00	0.000000000000000e+00	7.500000000000000e+03	2.000000000000000e+11	5.163977794943223e+03	0.000000000000000e+00
26	2.600000000000000e-02	0.000000000000000e+00	0.000000000000000e+00	7.500000000000000e+03	2.000000000000000e+11	5.163977794943223e+03	0.000000000000000e+00
27	2.700000000000000e-02	0.000000000000000e+00	0.000000000000000e+00	7.500000000000000e+03	2.000000000000000e+11	5.163977794943223e+03	0.000000000000000e+00
28	2.800000000000000e-02	0.000000000000000e+00	0.000000000000000e+00	7.500000000000000e+03	2.000000000000000e+11	5.163977794943223e+03	0.000000000000000e+00
29	2.900000000000000e-02	0.000000000000000e+00	0.000000000000000e+00	7.500000000000000e+03	2.000000000000000e+11	5.163977794943223e+03	0.000000000000000e+00
30	3.000000000000000e-02	0.000000000000000e+00	0.000000000000000e+00	7.500000000000000e+03	2.000000000000000e+11	5.163977794943223e+03	0.000000000000000e+00
31	3.100000000000000e-02	5.255710389486712e-14	1.017763940548570e-17	7.500000000000000e+03	2.000000000000000e+11	5.163977794943223e+03	2.082592789783471e-28
32	3.200000000000000e-02	3.793319468879997e-13	7.345731564908283e-17	7.500000000000000e+03	2.000000000000000e+11	5.163977794943223e+03	-6.563322731438818e-28
33	3.300000000000000e-02	6.717423862839412e-13	1.300823537509665e-16	7.500000000000000e+03	2.000000000000000e+11	5.163977794943223e+03	-1.110716154551185e-27
34	3.400000000000000e-02	5.873437889435346e-13	1.137386356538336e-16	7.500000000000000e+03	2.000000000000000e+11	5.163977794943223e+03	-4.038967834731580e-28
35	3.500000000000000e-02	-6.956039533665353e-14	-1.347031263472254e-17	7.500000000000000e+03	2.000000000000000e+11	5.163977794943223e+03	3.193308944334656e-27
36	3.600000000000000e-02	-7.729751122997918e-13	-1.496859868484943e-16	7.500000000000000e+03	2.000000000000000e+11	5.163977794943223e+03	4.240916226468159e-27
37	3.700000000000000e-02	-8.520325141100768e-13	-1.649953868787777e-16	7.500000000000000e+03	2.000000000000000e+11	5.163977794943223e+03	2.423380700838948e-27
38	3.800000000000000e-02	-1.995286622859924e-13	-3.863855930623454e-17	7.500000000000000e+03	2.000000000000000e+11	5.163977794943223e+03	3.534096855390133e-28
39	3.900000000000000e-02	4.823855484303849e-13	9.341355977610044e-17	7.500000000000000e+03	2.000000000000000e+11	5.163977794943223e+03	-8.077935669463161e-28
40	4.000000000000000e-02	4.643022997076316e-13	8.991175371867340e-17	7.500000000000000e+03	2.000000000000000e+11	5.163977794943223e+03	1.615587133892632e-27
41	4.100000000000000e-02	-9.167048059389627e-14	-1.775191223394812e-17	7.500000000000000e+03	2.000000000000000e+11	5.163977794943223e+03	7.232276779066236e-27
42	4.200000000000000e-02	-2.733333532219116e-13	-5.293077624957358e-17	7.500000000000000e+03	2.000000000000000e+11	5.163977794943223e+03	5.503093674821778e-27
43	4.300000000000000e-02	4.762014625044340e-15	9.221601668594200e-19	7.500000000000000e+03	2.000000000000000e+11	5.163977794943223e+03	-1.158047808864445e-27
44	4.400000000000000e-02	-8.507271198843131e-14	-1.647425983739682e-17	7.500000000000000e+03	2.000000000000000e+11	5.163977794943223e+03	-1.082948250687405e-26
45	4.500000000000000e-02	1.278020107871507e-05	-2.474875521362031e-09	7.500000000000000e+03	2.000000000000000e+11	5.163977794943223e+03	-2.556040331627713e-05
46	4.600000000000000e-02	4.996199412426229e-04	-9.675098581243633e-08	7.500000000000000e+03	2.000000000000000e+11	5.163977794943223e+03	-9.992398836169108e-04
47	4.700000000000000e-02	9.172826382396910e-03	-1.776310190871472e-06	7.500000000000000e+03	2.000000000000000e+11	5.163977794943223e+03	-1.834565276498855e-02
48	4.800000000000000e-02	1.049974017392032e-01	-2.033265941653432e-05	7.500000000000000e+03	2.000000000000000e+11	5.163977794943223e+03	-2.099948034783297e-01
49	4.900000000000000e-02	8.387559829604980e-01	-1.624243976769193e-04	7.500000000000000e+03	2.000000000000000e+11	5.163977794943223e+03	-1.677511965921137e+00
50	5.000000000000000e-02	4.958633644900423e+00	-9.602352763321256e-04	7.500000000000000e+03	2.000000000000000e+11	5.163977794943223e+03	-9.917267289800689e+00
51	5.100000000000000e-02	2.244393180892672e+01	-4.346248705968810e-03	7.500000000000000e+03	2.000000000000000e+11	5.163977794943223e+03	-4.488786361785037e+01
52	5.200000000000000e-02	7.935045006798639e+01	-1.536614858136739e-02	7.500000000000000e+03	2.000000000000000e+11	5.163977794943223e+03	-1.587009001359659e+02
53	5.300000000000000e-02	2.215556372661316e+02	-4.290406466950326e-02	7.500000000000000e+03	2.000000000000000e+11	5.163977794943223e+03	-4.431112745322545e+02
54	5.400000000000000e-02	4.906707044201355e+02	-9.501797333455193e-02	7.500000000000000e+03	2.000000000000000e+11	5.163977794943223e+03	-9.813414088402690e+02
55	5.500000000000000e-02	8.617346599959631e+02	-1.668741993507048e-01	7.500000000000000e+03	2.000000000000000e+11	5.163977794943223e+03	-1.723469319991932e+03
56	5.600000000000000e-02	1.197939710663406e+03	-2.319800274579957e-01	7.500000000000000e+03	2.000000000000000e+11	5.163977794943223e+03	-2.395879421326816e+03
57	5.700000000000000e-02	1.319999999999999e+03	-2.556169008496896e-01	7.500000000000000e+03	2.000000000000000e+11	5.163977794943223e+03	-2.640000000000000e+03
58	5.800000000000000e-02	1.320000000000001e+03	-2.556169008496894e-01	7.500000000000000e+03	2.000000000000000e+11	5.163977794943223e+03	-2.640000000000000e+03
59	5.900000000000000e-02	1.319894924679653e+03	-2.555965531013991e-01	7.500000000000000e+03	2.000000000000000e+11	5.163977794943223e+03	-2.639789849359304e+03
60	6.000000000000000e-02	1.319161187795661e+03	-2.554544655647893e-01	7.500000000000000e+03	2.000000000000000e+11	5.163977794943223e+03	-2.638322375591321e+03
61	6.100000000000000e-02	1.315041376275262e+03	-2.546566674943889e-01	7.500000000000000e+03	2.000000000000000e+11	5.163977794943223e+03	-2.630082752550526e+03
62	6.200000000000000e-02	1.297556067652136e+03	-2.512706520393558e-01	7.500000000000000e+03	2.000000000000000e+11	5.163977794943223e+03	-2.595112135304274e+03
63	6.300000000000000e-02	1.240649549932016e+03	-2.402507522683215e-01	7.500000000000000e+03	2.000000000000000e+11	5.163977794943223e+03	-2.481299099864033e+03
64	6.400000000000000e-02	1.098444362733869e+03	-2.127128361801841e-01	7.500000000000000e+03	2.000000000000000e+11	5.163977794943223e+03	-2.196888725467735e+03
65	6.500000000000000e-02	8.293292955798590e+02	-1.605989275151354e-01	7.500000000000000e+03	2.000000000000000e+11	5.163977794943223e+03	-1.658658591159714e+03
66	6.600000000000000e-02	4.582653400040320e+02	-8.874270149898511e-02	7.500000000000000e+03	2.000000000000000e+11	5.163977794943223e+03	-9.165306800080657e+02
67	6.700000000000000e-02	1.220602893365903e+02	-2.363687339169375e-02	7.500000000000000e+03	2.000000000000000e+11	5.163977794943223e+03	-2.441205786731811e+02
68	6.800000000000000e-02	0.000000000000000e+00	0.000000000000000e+00	7.500000000000000e+03	2.000000000000000e+11	5.163977794943223e+03	0.000000000000000e+00
69	6.900000000000001e-02	0.000000000000000e+00	0.000000000000000e+00	7.500000000000000e+03	2.000000000000000e+11	5.163977794943223e+03	0.000000000000000e+00
70	7.000000000000001e-02	0.000000000000000e+00	0.000000000000000e+00	7.500000000000000e+03	2.000000000000000e+11	5.163977794943223e+03	0.000000000000000e+00
71	7.100000000000001e-02	0.000000000000000e+00	0.000000000000000e+00	7.500000000000000e+03	2.000000000000000e+11	5.163977794943223e+03	0.000000000000000e+00
72	7.200000000000001e-02	0.000000000000000e+00	0.000000000000000e+00	7.500000000000000e+03	2.000000000000000e+11	5.163977794943223e+03	0.000000000000000e+00
73	7.300000000000000e-02	0.000000000000000e+00	0.000000000000000e+00	7.500000000000000e+03	2.000000000000000e+11	5.163977794943223e+03	0.000000000000000e+00
74	7.400000000000000e-02	0.000000000000000e+00	0.000000000000000e+00	7.500000000000000e+03	2.000000000000000e+11	5.163977794943223e+03	0.000000000000000e+00
75	7.500000000000000e-02	0.000000000000000e+00	0.000000000000000e+00	7.500000000000000e+03	2.000000000000000e+11	5.163977794943223e+03	0.000000000000000e+00
76	7.600000000000000e-02	0.000000000000000e+00	0.000000000000000e+00	7.500000000000000e+03	2.000000000000000e+11	5.163977794943223e+03	0.000000000000000e+00
77	7.700000000000000e-02	0.000000000000000e+00	0.000000000000000e+00	7.500000000000000e+03	2.000000000000000e+11	5.163977794943223e+03	0.000000000000000e+00
78	7.800000000000000e-02	0.000000000000000e+00	0.000000000000000e+00	7.500000000000000e+03	2.000000000000000e+11	5.163977794943223e+03	0.000000000000000e+00
79	7.900000000000000e-02	0.000000000000000e+00	0.000000000000000e+00	7.500000000000000e+03	2.000000000000000e+11	5.163977794943223e+03	0.000000000000000e+00
80	8.000000000000000e-02	0.000000000000000e+00	0.000000000000000e+00	7.500000000000000e+03	2.000000000000000e+11	5.163977794943223e+03	0.000000000000000e+00
81	8.100000000000000e-02	0.000000000000000e+00	0.000000000000000e+00	7.500000000000000e+03	2.000000000000000e+11	5.163977794943223e+03	0.000000000000000e+00
82	8.200000000000000e-02	0.000000000000000e+00	0.000000000000000e+00	7.500000000000000e+03	2.000000000000000e+11	5.163977794943223e+03	0.000000000000000e+00
83	8.300000000000000e-02	0.000000000000000e+00	0.000000000000000e+00	7.500000000000000e+03	2.000000000000000e+11	5.163977794943223e+03	0.000000000000000e+00
84	8.400000000000001e-02	0.000000000000000e+00	0.000000000000000e+00	7.500000000000000e+03	2.000000000000000e+11	5.163977794943223e+03	0.000000000000000e+00
85	8.500000000000001e-02	0.000000000000000e+00	0.000000000000000e+00	7.500000000000000e+03	2.000000000000000e+11	5.163977794943223e+03	0.000000000000000e+00
86	8.600000000000001e-02	0.000000000000000e+00	0.000000000000000e+00	7.500000000000000e+03	2.000000000000000e+11	5.163977794943223e+03	0.000000000000000e+00
87	8.700000000000001e-02	0.000000000000000e+00	0.000000000000000e+00	7.500000000000000e+03	2.000000000000000e+11	5.163977794943223e+03	0.000000000000000e+00
88	8.799999999999999e-02	0.000000000000000e+00	0.000000000000000e+00	7.500000000000000e+03	2.000000000000000e+11	5.163977794943223e+03	0.000000000000000e+00
89	8.900000000000000e-02	0.000000000000000e+00	0.000000000000000e+00	7.500000000000000e+03	2.000000000000000e+11	5.163977794943223e+03	0.000000000000000e+00
90	9.000000000000000e-02	0.000000000000000e+00	0.000000000000000e+00	7.500000000000000e+03	2.000000000000000e+11	5.163977794943223e+03	0.000000000000000e+00
91	9.100000000000000e-02	0.000000000000000e+00	0.000000000000000e+00	7.500000000000000e+03	2.000000000000000e+11	5.163977794943223e+03	0.000000000000000e+00
92	9.200000000000000e-02	0.000000000000000e+00	0.000000000000000e+00	7.500000000000000e+03	2.000000000000000e+11	5.163977794943223e+03	0.000000000000000e+00
93	9.300000000000000e-02	0.000000000000000e+00	0.000000000000000e+00	7.500000000000000e+03	2.000000000000000e+11	5.163977794943223e+03	0.000000000000000e+00
94	9.400000000000000e-02	0.000000000000000e+00	0.000000000000000e+00	7.500000000000000e+03	2.000000000000000e+11	5.163977794943223e+03	0.000000000000000e+00
95	9.500000000000000e-02	0.000000000000000e+00	0.000000000000000e+00	7.500000000000000e+03	2.000000000000000e+11	5.163977794943223e+03	0.000000000000000e+00
96	9.600000000000000e-02	0.000000000000000e+00	0.000000000000000e+00	7.500000000000000e+03	2.000000000000000e+11	5.163977794943223e+03	0.000000000000000e+00
97	9.700000000000000e-02	0.000000000000000e+00	0.000000000000000e+00	7.500000000000000e+03	2.000000000000000e+11	5.163977794943223e+03	0.000000000000000e+00
98	9.800000000000000e-02	0.000000000000000e+00	0.000000000000000e+00	7.500000000000000e+03	2.000000000000000e+11	5.163977794943223e+03	0.000000000000000e+00
99	9.900000000000000e-02	0.000000000000000e+00	0.000000000000000e+00	7.500000000000000e+03	2.000000000000000e+11	5.163977794943223e+03	0.000000000000000e+00
100	1.000000000000000e-01	0.000000000000000e+00	0.000000000000000e+00	7.500000000000000e+03	2.000000000000000e+11	5.163977794943223e+03	0.000000000000000e+00
