0	0.000000000000000e+00	0.000000000000000e+00	-5.456999252099712e-17	7.500000000000000e+03	2.000000000000000e+11	5.163977794943223e+03	-2.817982296486469e-13
1	1.000000000000000e-03	-1.150509161550341e-12	-6.694676441933137e-17	7.500000000000000e+03	2.000000000000000e+11	5.163977794943223e+03	8.047975566456183e-13
2	2.000000000000000e-03	-2.100345870163605e-12	-9.572567438508202e-17	7.500000000000000e+03	2.000000000000000e+11	5.163977794943223e+03	1.606020613233077e-12
3	3.000000000000000e-03	-2.763424690893142e-12	-1.171754092757677e-16	7.500000000000000e+03	2.000000000000000e+11	5.163977794943223e+03	2.158333479279693e-12
4	4.000000000000000e-03	-3.142454521598434e-12	-1.192605330406041e-16	7.500000000000000e+03	2.000000000000000e+11	5.163977794943223e+03	2.526595777163662e-12
5	5.000000000000000e-03	-3.286478090571622e-12	-1.094386460001106e-16	7.500000000000000e+03	2.000000000000000e+11	5.163977794943223e+03	2.721339352718399e-12
6	6.000000000000000e-03	-3.222185113980684e-12	-1.064189447075611e-16	7.500000000000000e+03	2.000000000000000e+11	5.163977794943223e+03	2.672640046549548e-12
7	7.000000000000000e-03	-2.878494959103960e-12	-1.133521957326449e-16	7.500000000000000e+03	2.000000000000000e+11	5.163977794943223e+03	2.293146737332524e-12
8	8.000000000000000e-03	-2.259074684053913e-12	-1.342578504917177e-16	7.500000000000000e+03	2.000000000000000e+11	5.163977794943223e+03	1.565770125317876e-12
9	9.000000000000001e-03	-1.455668340851498e-12	-1.551655008844098e-16	7.500000000000000e+03	2.000000000000000e+11	5.163977794943223e+03	6.543971397431627e-13
10	1.000000000000000e-02	-6.657836359099259e-13	-1.569559562790797e-16	7.500000000000000e+03	2.000000000000000e+11	5.163977794943223e+03	-1.447334370993212e-13
11	1.100000000000000e-02	-1.143248351344202e-13	-1.279279240772380e-16	7.500000000000000e+03	2.000000000000000e+11	5.163977794943223e+03	-5.462921241536196e-13
12	1.200000000000000e-02	1.130444470000528e-13	-8.382475809574740e-17	7.500000000000000e+03	2.000000000000000e+11	5.163977794943223e+03	-5.459136364729796e-13
13	1.300000000000000e-02	1.209782057115694e-13	-5.930531446228708e-17	7.500000000000000e+03	2.000000000000000e+11	5.163977794943223e+03	-4.272295327169451e-13
14	1.400000000000000e-02	-1.755019436167813e-14	-5.206570908010656e-17	7.500000000000000e+03	2.000000000000000e+11	5.163977794943223e+03	-2.513159712059659e-13
15	1.500000000000000e-02	-2.395699115018559e-13	-6.415953565863628e-17	7.500000000000000e+03	2.000000000000000e+11	5.163977794943223e+03	-9.174850597320972e-14
16	1.600000000000000e-02	-4.260213062178266e-13	-8.307327372538249e-17	7.500000000000000e+03	2.000000000000000e+11	5.163977794943223e+03	-2.967234653288827e-15
17	1.700000000000000e-02	-5.140364439148729e-13	-9.806756291431902e-17	7.500000000000000e+03	2.000000000000000e+11	5.163977794943223e+03	7.617726621131951e-15
18	1.800000000000000e-02	-5.260093969107130e-13	-1.041710217941999e-16	7.500000000000000e+03	2.000000000000000e+11	5.163977794943223e+03	-1.192744651108180e-14
19	1.900000000000000e-02	-5.315666888125541e-13	-1.132036211455424e-16	7.500000000000000e+03	2.000000000000000e+11	5.163977794943223e+03	-5.301429709019181e-14
20	2.000000000000000e-02	-6.236817466678059e-13	-1.386203457829060e-16	7.500000000000000e+03	2.000000000000000e+11	5.163977794943223e+03	-9.215064088247181e-14
21	2.100000000000000e-02	-8.323968684063827e-13	-1.798703426416992e-16	7.500000000000000e+03	2.000000000000000e+11	5.163977794943223e+03	-9.644958696418096e-14
22	2.200000000000000e-02	-1.097894283373913e-12	-2.207603420225598e-16	7.500000000000000e+03	2.000000000000000e+11	5.163977794943223e+03	-4.210722083465702e-14
23	2.300000000000000e-02	-1.330640578820458e-12	-2.399253202688097e-16	7.500000000000000e+03	2.000000000000000e+11	5.163977794943223e+03	9.167155250768349e-14
24	2.400000000000000e-02	-1.453051489410837e-12	-2.276548990423110e-16	7.500000000000000e+03	2.000000000000000e+11	5.163977794943223e+03	2.774466458463015e-13
25	2.500000000000000e-02	-1.300720777213971e-12	-1.664942533938731e-16	7.500000000000000e+03	2.000000000000000e+11	5.163977794943223e+03	4.409481497023601e-13
26	2.600000000000000e-02	-7.947888816840368e-13	-5.839660486840155e-17	7.500000000000000e+03	2.000000000000000e+11	5.163977794943223e+03	4.932301108435379e-13
27	2.700000000000000e-02	-1.157119016632562e-13	6.681757674799072e-17	7.500000000000000e+03	2.000000000000000e+11	5.163977794943223e+03	4.607563843017949e-13
28	2.800000000000000e-02	5.545478852597845e-13	1.720603526278115e-16	7.500000000000000e+03	2.000000000000000e+11	5.163977794943223e+03	3.339679551003347e-13
29	2.900000000000000e-02	1.067425246554202e-12	2.390598988507849e-16	7.500000000000000e+03	2.000000000000000e+11	5.163977794943223e+03	1.670747627726236e-13
30	3.000000000000000e-02	1.362585798970783e-12	2.711195878992628e-16	7.500000000000000e+03	2.000000000000000e+11	5.163977794943223e+03	3.746973271516778e-14
31	3.100000000000000e-02	1.467446355708218e-12	2.841697648555334e-16	7.500000000000000e+03	2.000000000000000e+11	5.163977794943223e+03	-6.664296927307108e-27
32	3.200000000000000e-02	1.485482175274816e-12	2.876623862963651e-16	7.500000000000000e+03	2.000000000000000e+11	5.163977794943223e+03	-7.270142102516845e-27
33	3.300000000000000e-02	1.486272845011007e-12	2.878154988323971e-16	7.500000000000000e+03	2.000000000000000e+11	5.163977794943223e+03	-1.211690350419474e-27
34	3.400000000000000e-02	1.485808927344470e-12	2.877256615625724e-16	7.500000000000000e+03	2.000000000000000e+11	5.163977794943223e+03	2.423380700838948e-27
35	3.500000000000000e-02	1.452785604923148e-12	2.813307226738616e-16	7.500000000000000e+03	2.000000000000000e+11	5.163977794943223e+03	3.837019442995001e-27
36	3.600000000000000e-02	1.181752860439800e-12	2.288454573908168e-16	7.500000000000000e+03	2.000000000000000e+11	5.163977794943223e+03	3.635071051258422e-27
37	3.700000000000000e-02	6.997673727766249e-13	1.355093690491601e-16	7.500000000000000e+03	2.000000000000000e+11	5.163977794943223e+03	4.240916226468159e-27
38	3.800000000000000e-02	1.534406161384166e-13	2.971364754679557e-17	7.500000000000000e+03	2.000000000000000e+11	5.163977794943223e+03	4.872004950644969e-27
39	3.900000000000000e-02	-3.007167972559638e-13	-5.823355738485775e-17	7.500000000000000e+03	2.000000000000000e+11	5.163977794943223e+03	6.462348535570529e-27
40	4.000000000000000e-02	-5.745775014187937e-13	-1.112664547050219e-16	7.500000000000000e+03	2.000000000000000e+11	5.163977794943223e+03	4.846761401677897e-27
41	4.100000000000000e-02	-6.727376064094502e-13	-1.302750772995614e-16	7.500000000000000e+03	2.000000000000000e+11	5.163977794943223e+03	3.130200071916975e-27
42	4.200000000000000e-02	-6.651203604878324e-13	-1.288000039696425e-16	7.500000000000000e+03	2.000000000000000e+11	5.163977794943223e+03	-4.038967834731580e-28
43	4.300000000000000e-02	-6.327141914309981e-13	-1.225245763160683e-16	7.500000000000000e+03	2.000000000000000e+11	5.163977794943223e+03	-4.745787205809607e-27
44	4.400000000000000e-02	-6.057533308527068e-13	-1.173036281151118e-16	7.500000000000000e+03	2.000000000000000e+11	5.163977794943223e+03	-8.178909865331450e-27
45	4.500000000000000e-02	-5.461965017266927e-13	-1.057704977472137e-16	7.500000000000000e+03	2.000000000000000e+11	5.163977794943223e+03	-1.080423895790698e-26
46	4.600000000000000e-02	-3.993156852133640e-13	-7.732714993554061e-17	7.500000000000000e+03	2.000000000000000e+11	5.163977794943223e+03	-1.297518416907520e-26
47	4.700000000000000e-02	-1.666487955079671e-13	-3.227140048339675e-17	7.500000000000000e+03	2.000000000000000e+11	5.163977794943223e+03	-1.375773418705445e-26
48	4.800000000000000e-02	6.104616113572455e-14	1.182153827142574e-17	7.500000000000000e+03	2.000000000000000e+11	5.163977794943223e+03	-1.053918169375272e-26
49	4.900000000000000e-02	1.759445919833756e-13	3.407152373034220e-17	7.500000000000000e+03	2.000000000000000e+11	5.163977794943223e+03	-7.371116298385134e-27
50	5.000000000000000e-02	1.504172898660575e-13	2.912818293164405e-17	7.500000000000000e+03	2.000000000000000e+11	5.163977794943223e+03	-3.407879110554771e-27
51	5.100000000000000e-02	-7.264934548816198e-15	-1.406848525942482e-18	7.500000000000000e+03	2.000000000000000e+11	5.163977794943223e+03	6.153115060723892e-28
52	5.200000000000000e-02	-1.781717636137867e-13	-3.450281366202963e-17	7.500000000000000e+03	2.000000000000000e+11	5.163977794943223e+03	2.044727466332863e-27
53	5.300000000000000e-02	-2.600848199901397e-13	-5.036520882115716e-17	7.500000000000000e+03	2.000000000000000e+11	5.163977794943223e+03	5.553580772755923e-27
54	5.400000000000000e-02	-2.349971390300197e-13	-4.550700029348107e-17	7.500000000000000e+03	2.000000000000000e+11	5.163977794943223e+03	8.734267942607043e-27
55	5.500000000000000e-02	-1.555446560879629e-13	-3.012109313101024e-17	7.500000000000000e+03	2.000000000000000e+11	5.163977794943223e+03	9.239138921948490e-27
56	5.600000000000000e-02	-1.054160902725328e-13	-2.041373810238970e-17	7.500000000000000e+03	2.000000000000000e+11	5.163977794943223e+03	6.007964654163226e-27
57	5.700000000000000e-02	-1.369827034088643e-13	-2.652658645104969e-17	7.500000000000000e+03	2.000000000000000e+11	5.163977794943223e+03	1.943753270464573e-27
58	5.800000000000000e-02	-2.943084658399569e-13	-5.699258934229987e-17	7.500000000000000e+03	2.000000000000000e+11	5.163977794943223e+03	2.574841994641383e-27
59	5.900000000000000e-02	-4.984541651077165e-13	-9.652523401549486e-17	7.500000000000000e+03	2.000000000000000e+11	5.163977794943223e+03	2.827277484312106e-27
60	6.000000000000000e-02	-6.237806831463099e-13	-1.207946098755757e-16	7.500000000000000e+03	2.000000000000000e+11	5.163977794943223e+03	7.371116298385134e-27
61	6.100000000000000e-02	-6.201166492023082e-13	-1.200850727533228e-16	7.500000000000000e+03	2.000000000000000e+11	5.163977794943223e+03	8.077935669463161e-27
62	6.200000000000000e-02	-4.486897586534893e-13	-8.688839814394193e-17	7.500000000000000e+03	2.000000000000000e+11	5.163977794943223e+03	-1.277323577733862e-26
63	6.300000000000000e-02	-1.878131785205145e-13	-3.636986563045943e-17	7.500000000000000e+03	2.000000000000000e+11	5.163977794943223e+03	-2.467052040551983e-25
64	6.400000000000000e-02	4.865540807590948e-14	9.422079258497532e-18	7.500000000000000e+03	2.000000000000000e+11	5.163977794943223e+03	-2.833115055010742e-24
65	6.500000000000000e-02	2.003110050653275e-13	3.879005932803232e-17	7.500000000000000e+03	2.000000000000000e+11	5.163977794943223e+03	-3.083842818593843e-23
66	6.600000000000000e-02	2.628469924048313e-13	5.090010114788494e-17	7.500000000000000e+03	2.000000000000000e+11	5.163977794943223e+03	-3.167893739234607e-22
67	6.700000000000000e-02	2.672990423111366e-13	5.176223637179321e-17	7.500000000000000e+03	2.000000000000000e+11	5.163977794943223e+03	-3.070593943866867e-21
68	6.800000000000000e-02	2.473923583924507e-13	4.790731875427218e-17	7.500000000000000e+03	2.000000000000000e+11	5.163977794943223e+03	-2.813012213426939e-20
69	6.900000000000001e-02	2.374467112066395e-13	4.598131065902782e-17	7.500000000000000e+03	2.000000000000000e+11	5.163977794943223e+03	-2.439810336446939e-19
70	7.000000000000001e-02	2.854500197249524e-13	5.527677006086023e-17	7.500000000000000e+03	2.000000000000000e+11	5.163977794943223e+03	-2.006554487836037e-18
71	7.100000000000001e-02	5.948181707793792e-13	1.151830089843570e-16	7.500000000000000e+03	2.000000000000000e+11	5.163977794943223e+03	-1.567002941370094e-17
72	7.200000000000001e-02	1.021315184234633e-12	1.977543036835976e-16	7.500000000000000e+03	2.000000000000000e+11	5.163977794943223e+03	-1.163511580759976e-16
73	7.300000000000000e-02	1.333203863468621e-12	2.580145687301488e-16	7.500000000000000e+03	2.000000000000000e+11	5.163977794943223e+03	-8.223597742808889e-16
74	7.400000000000000e-02	1.413343674962470e-12	2.726202648744270e-16	7.500000000000000e+03	2.000000000000000e+11	5.163977794943223e+03	-5.538680699388963e-15
75	7.500000000000000e-02	-1.865540899207686e+01	-3.612604417150108e-03	7.500000000000000e+03	2.000000000000000e+11	5.163977794943223e+03	-1.065814103640150e-13
76	7.600000000000000e-02	-1.127288742312272e+02	-2.182985262671254e-02	7.500000000000000e+03	2.000000000000000e+11	5.163977794943223e+03	6.110667527536862e-13
77	7.700000000000000e-02	-2.682057038556780e+02	-5.193781121954431e-02	7.500000000000000e+03	2.000000000000000e+11	5.163977794943223e+03	-1.762145984685048e-12
78	7.800000000000000e-02	-4.573318119385316e+02	-8.856192456644084e-02	7.500000000000000e+03	2.000000000000000e+11	5.163977794943223e+03	-5.627498467219993e-12
79	7.900000000000000e-02	-6.524293488208850e+02	-1.263424001280192e-01	7.500000000000000e+03	2.000000000000000e+11	5.163977794943223e+03	-3.774403012357652e-11
80	8.000000000000000e-02	-8.337857241707311e+02	-1.614619112009750e-01	7.500000000000000e+03	2.000000000000000e+11	5.163977794943223e+03	-1.983835318242200e-10
81	8.100000000000000e-02	-9.915760855214880e+02	-1.920178832863009e-01	7.500000000000000e+03	2.000000000000000e+11	5.163977794943223e+03	-9.690666047390550e-10
82	8.200000000000000e-02	-1.121596850300582e+03	-2.171962961195265e-01	7.500000000000000e+03	2.000000000000000e+11	5.163977794943223e+03	-4.565890776575543e-09
83	8.300000000000000e-02	-1.220262295019708e+03	-2.363027773348020e-01	7.500000000000000e+03	2.000000000000000e+11	5.163977794943223e+03	-2.062256498902570e-08
84	8.400000000000001e-02	-1.283929539384963e+03	-2.486318862043859e-01	7.500000000000000e+03	2.000000000000000e+11	5.163977794943223e+03	-8.933602657634765e-08
85	8.500000000000001e-02	-1.310050779983383e+03	-2.536902427499875e-01	7.500000000000000e+03	2.000000000000000e+11	5.163977794943223e+03	-3.713080332090613e-07
86	8.600000000000001e-02	-1.295735781806479e+03	-2.509181554878752e-01	7.500000000000000e+03	2.000000000000000e+11	5.163977794943223e+03	-1.481019126003957e-06
87	8.700000000000001e-02	-1.206696560916290e+03	-2.336757853157764e-01	7.500000000000000e+03	2.000000000000000e+11	5.163977794943223e+03	-5.670298378390726e-06
88	8.799999999999999e-02	-1.051938220973673e+03	-2.037069645896047e-01	7.500000000000000e+03	2.000000000000000e+11	5.163977794943223e+03	-2.084233119603596e-05
89	8.900000000000000e-02	-8.596973717998083e+02	-1.664796944326326e-01	7.500000000000000e+03	2.000000000000000e+11	5.163977794943223e+03	-7.355923935392639e-05
90	9.000000000000000e-02	-6.599167884038576e+02	-1.277923848442110e-01	7.500000000000000e+03	2.000000000000000e+11	5.163977794943223e+03	-2.492944869345592e-04
91	9.100000000000000e-02	-4.767477333471522e+02	-9.232195868871847e-02	7.500000000000000e+03	2.000000000000000e+11	5.163977794943223e+03	-8.113070554713886e-04
92	9.200000000000000e-02	-3.247945216498888e+02	-6.289667964171226e-02	7.500000000000000e+03	2.000000000000000e+11	5.163977794943223e+03	-2.535395570760102e-03
93	9.300000000000000e-02	-2.090520404223152e+02	-4.048422680727163e-02	7.500000000000000e+03	2.000000000000000e+11	5.163977794943223e+03	-7.607855880678471e-03
94	9.400000000000000e-02	-1.273286174247463e+02	-2.466132493260593e-02	7.500000000000000e+03	2.000000000000000e+11	5.163977794943223e+03	-2.191692111041732e-02
95	9.500000000000000e-02	-7.347763058769689e+01	-1.424061832986008e-02	7.500000000000000e+03	2.000000000000000e+11	5.163977794943223e+03	-6.060625396199271e-02
96	9.600000000000000e-02	-4.018278750477914e+01	-7.812508122566252e-03	7.500000000000000e+03	2.000000000000000e+11	5.163977794943223e+03	-1.608309629665570e-01
97	9.700000000000000e-02	-2.074506516610135e+01	-4.096554427640276e-03	7.500000000000000e+03	2.000000000000000e+11	5.163977794943223e+03	-4.094509340093779e-01
98	9.800000000000000e-02	-9.875217301365462e+00	-2.105909668842521e-03	7.500000000000000e+03	2.000000000000000e+11	5.163977794943223e+03	-9.996534666935517e-01
99	9.900000000000000e-02	-3.784729325868474e+00	-1.185943551876241e-03	7.500000000000000e+03	2.000000000000000e+11	5.163977794943223e+03	-2.339456842076531e+00
100	1.000000000000000e-01	0.000000000000000e+00	-1.015735637830794e-03	7.500000000000000e+03	2.000000000000000e+11	5.163977794943223e+03	-5.245236279290710e+00
