0	0.000000000000000e+00	0.000000000000000e+00	0.000000000000000e+00	7.500000000000000e+03	2.000000000000000e+11	5.163977794943223e+03	0.000000000000000e+00
1	1.000000000000000e-03	0.000000000000000e+00	0.000000000000000e+00	7.500000000000000e+03	2.000000000000000e+11	5.163977794943223e+03	0.000000000000000e+00
2	2.000000000000000e-03	0.000000000000000e+00	0.000000000000000e+00	7.500000000000000e+03	2.000000000000000e+11	5.163977794943223e+03	0.000000000000000e+00
3	3.000000000000000e-03	0.000000000000000e+00	0.000000000000000e+00	7.500000000000000e+03	2.000000000000000e+11	5.163977794943223e+03	0.000000000000000e+00
4	4.000000000000000e-03	0.000000000000000e+00	0.000000000000000e+00	7.500000000000000e+03	2.000000000000000e+11	5.163977794943223e+03	0.000000000000000e+00
5	5.000000000000000e-03	0.000000000000000e+00	0.000000000000000e+00	7.500000000000000e+03	2.000000000000000e+11	5.163977794943223e+03	0.000000000000000e+00
6	6.000000000000000e-03	0.000000000000000e+00	0.000000000000000e+00	7.500000000000000e+03	2.000000000000000e+11	5.163977794943223e+03	0.000000000000000e+00
7	7.000000000000000e-03	0.000000000000000e+00	0.000000000000000e+00	7.500000000000000e+03	2.000000000000000e+11	5.163977794943223e+03	0.000000000000000e+00
8	8.000000000000000e-03	0.000000000000000e+00	0.000000000000000e+00	7.500000000000000e+03	2.000000000000000e+11	5.163977794943223e+03	0.000000000000000e+00
9	9.000000000000001e-03	0.000000000000000e+00	0.000000000000000e+00	7.500000000000000e+03	2.000000000000000e+11	5.163977794943223e+03	0.000000000000000e+00
10	1.000000000000000e-02	0.000000000000000e+00	0.000000000000000e+00	7.500000000000000e+03	2.000000000000000e+11	5.163977794943223e+03	0.000000000000000e+00
11	1.100000000000000e-02	0.000000000000000e+00	0.000000000000000e+00	7.500000000000000e+03	2.000000000000000e+11	5.163977794943223e+03	0.000000000000000e+00
12	1.200000000000000e-02	0.000000000000000e+00	0.000000000000000e+00	7.500000000000000e+03	2.000000000000000e+11	5.163977794943223e+03	0.000000000000000e+00
13	1.300000000000000e-02	0.000000000000000e+00	0.000000000000000e+00	7.500000000000000e+03	2.000000000000000e+11	5.163977794943223e+03	0.000000000000000e+00
14	1.400000000000000e-02	0.000000000000000e+00	0.000000000000000e+00	7.500000000000000e+03	2.000000000000000e+11	5.163977794943223e+03	0.000000000000000e+00
15	1.500000000000000e-02	0.000000000000000e+00	0.000000000000000e+00	7.500000000000000e+03	2.000000000000000e+11	5.163977794943223e+03	0.000000000000000e+00
16	1.600000000000000e-02	0.000000000000000e+00	0.000000000000000e+00	7.500000000000000e+03	2.000000000000000e+11	5.163977794943223e+03	0.000000000000000e+00
17	1.700000000000000e-02	0.000000000000000e+00	0.000000000000000e+00	7.500000000000000e+03	2.000000000000000e+11	5.163977794943223e+03	0.000000000000000e+00
18	1.800000000000000e-02	0.000000000000000e+00	0.000000000000000e+00	7.500000000000000e+03	2.000000000000000e+11	5.163977794943223e+03	0.000000000000000e+00
19	1.900000000000000e-02	0.000000000000000e+00	0.000000000000000e+00	7.500000000000000e+03	2.000000000000000e+11	5.163977794943223e+03	0.000000000000000e+00
20	2.000000000000000e-02	0.000000000000000e+00	0.000000000000000e+00	7.500000000000000e+03	2.000000000000000e+11	5.163977794943223e+03	0.000000000000000e+00
21	2.100000000000000e-02	0.000000000000000e+00	0.000000000000000e+00	7.500000000000000e+03	2.000000000000000e+11	5.163977794943223e+03	0.000000000000000e+00
22	2.200000000000000e-02	0.000000000000000e+00	0.000000000000000e+00	7.500000000000000e+03	2.000000000000000e+11	5.163977794943223e+03	0.000000000000000e+00
23	2.300000000000000e-02	0.000000000000000e+00	0.000000000000000e+00	7.500000000000000e+03	2.000000000000000e+11	5.163977794943223e+03	0.000000000000000e+00
24	2.400000000000000e-02	0.000000000000000e+00	0.000000000000000e+00	7.500000000000000e+03	2.000000000000000e+11	5.163977794943223e+03	0.000000000000000e+00
25	2.500000000000000e-02	0.000000000000000e+00	0.000000000000000e+00	7.500000000000000e+03	2.000000000000000e+11	5.163977794943223e+03	0.000000000000000e+00
26	2.600000000000000e-02	0.000000000000000e+00	0.000000000000000e+00	7.500000000000000e+03	2.000000000000000e+11	5.163977794943223e+03	0.000000000000000e+00
27	2.700000000000000e-02	0.000000000000000e+00	0.000000000000000e+00	7.500000000000000e+03	2.000000000000000e+11	5.163977794943223e+03	0.000000000000000e+00
28	2.800000000000000e-02	0.000000000000000e+00	0.000000000000000e+00	7.500000000000000e+03	2.000000000000000e+11	5.163977794943223e+03	0.000000000000000e+00
29	2.900000000000000e-02	0.000000000000000e+00	0.000000000000000e+00	7.500000000000000e+03	2.000000000000000e+11	5.163977794943223e+03	0.000000000000000e+00
30	3.000000000000000e-02	0.000000000000000e+00	0.000000000000000e+00	7.500000000000000e+03	2.000000000000000e+11	5.163977794943223e+03	0.000000000000000e+00
31	3.100000000000000e-02	0.000000000000000e+00	0.000000000000000e+00	7.500000000000000e+03	2.000000000000000e+11	5.163977794943223e+03	0.000000000000000e+00
32	3.200000000000000e-02	1.456875265514747e-14	2.821226820420057e-18	7.500000000000000e+03	2.000000000000000e+11	5.163977794943223e+03	-2.524354896707238e-29
33	3.300000000000000e-02	3.050642370436581e-13	5.907543547967787e-17	7.500000000000000e+03	2.000000000000000e+11	5.163977794943223e+03	-5.048709793414476e-28
34	3.400000000000000e-02	6.667496997175539e-13	1.291155241547445e-16	7.500000000000000e+03	2.000000000000000e+11	5.163977794943223e+03	2.120458113234080e-27
35	3.500000000000000e-02	6.879582323332599e-13	1.332225388356507e-16	7.500000000000000e+03	2.000000000000000e+11	5.163977794943223e+03	1.211690350419474e-27
36	3.600000000000000e-02	5.209781136132775e-14	1.008869778881395e-17	7.500000000000000e+03	2.000000000000000e+11	5.163977794943223e+03	2.713681513960281e-28
37	3.700000000000000e-02	-7.192218814187349e-13	-1.392767184481360e-16	7.500000000000000e+03	2.000000000000000e+11	5.163977794943223e+03	1.312664546287764e-27
38	3.800000000000000e-02	-9.223549351065251e-13	-1.786132651479894e-16	7.500000000000000e+03	2.000000000000000e+11	5.163977794943223e+03	1.615587133892632e-27
39	3.900000000000000e-02	-3.518874168914969e-13	-6.814270526803556e-17	7.500000000000000e+03	2.000000000000000e+11	5.163977794943223e+03	6.563322731438818e-28
40	4.000000000000000e-02	4.542605840575618e-13	8.796718384467082e-17	7.500000000000000e+03	2.000000000000000e+11	5.163977794943223e+03	6.512835633504673e-27
41	4.100000000000000e-02	6.062081676110175e-13	1.173917068746199e-16	7.500000000000000e+03	2.000000000000000e+11	5.163977794943223e+03	3.130200071916975e-27
42	4.200000000000000e-02	1.275025007543867e-14	2.469075310106987e-18	7.500000000000000e+03	2.000000000000000e+11	5.163977794943223e+03	-3.638226494879306e-27
43	4.300000000000000e-02	-3.901335018291949e-13	-7.554902776910506e-17	7.500000000000000e+03	2.000000000000000e+11	5.163977794943223e+03	-1.252080028766790e-26
44	4.400000000000000e-02	-8.540556321030032e-14	-1.653871619934969e-17	7.500000000000000e+03	2.000000000000000e+11	5.163977794943223e+03	-9.239138921948490e-27
45	4.500000000000000e-02	9.930844377294213e-05	-1.923099741853966e-08	7.500000000000000e+03	2.000000000000000e+11	5.163977794943223e+03	-1.986168874168914e-04
46	4.600000000000000e-02	3.458120084616539e-03	-6.696620750314585e-07	7.500000000000000e+03	2.000000000000000e+11	5.163977794943223e+03	-6.916240170194593e-03
47	4.700000000000000e-02	5.612302905615828e-02	-1.086817784393859e-05	7.500000000000000e+03	2.000000000000000e+11	5.163977794943223e+03	-1.122460581137511e-01
48	4.800000000000000e-02	5.629480770227697e-01	-1.090144263544965e-04	7.500000000000000e+03	2.000000000000000e+11	5.163977794943223e+03	-1.125896154045863e+00
49	4.900000000000000e-02	3.901274178139371e+00	-7.554784960460828e-04	7.500000000000000e+03	2.000000000000000e+11	5.163977794943223e+03	-7.802548356278443e+00
50	5.000000000000000e-02	1.977501070864552e+01	-3.829414357282891e-03	7.500000000000000e+03	2.000000000000000e+11	5.163977794943223e+03	-3.955002141729114e+01
51	5.100000000000000e-02	7.568873137810617e+01	-1.465705980614860e-02	7.500000000000000e+03	2.000000000000000e+11	5.163977794943223e+03	-1.513774627562123e+02
52	5.200000000000000e-02	2.226114946707110e+02	-4.310853057669970e-02	7.500000000000000e+03	2.000000000000000e+11	5.163977794943223e+03	-4.452229893414192e+02
53	5.300000000000000e-02	5.071712203241922e+02	-9.821328449956283e-02	7.500000000000000e+03	2.000000000000000e+11	5.163977794943223e+03	-1.014342440648376e+03
54	5.400000000000000e-02	8.962788040090808e+02	-1.735636440742923e-01	7.500000000000000e+03	2.000000000000000e+11	5.163977794943223e+03	-1.792557608018155e+03
55	5.500000000000000e-02	1.229544164232059e+03	-2.381002035748638e-01	7.500000000000000e+03	2.000000000000000e+11	5.163977794943223e+03	-2.459088328464117e+03
56	5.600000000000000e-02	1.319999999999999e+03	-2.556169008496897e-01	7.500000000000000e+03	2.000000000000000e+11	5.163977794943223e+03	-2.640000000000000e+03
57	5.700000000000000e-02	1.319996753966036e+03	-2.556162722579159e-01	7.500000000000000e+03	2.000000000000000e+11	5.163977794943223e+03	-2.639993507932075e+03
58	5.800000000000000e-02	1.319943842404629e+03	-2.556060259781081e-01	7.500000000000000e+03	2.000000000000000e+11	5.163977794943223e+03	-2.639887684809259e+03
59	5.900000000000000e-02	1.319437051922978e+03	-2.555078864233349e-01	7.500000000000000e+03	2.000000000000000e+11	5.163977794943223e+03	-2.638874103845954e+03
60	6.000000000000000e-02	1.316098725821862e+03	-2.548614223536433e-01	7.500000000000000e+03	2.000000000000000e+11	5.163977794943223e+03	-2.632197451643723e+03
61	6.100000000000000e-02	1.300224989291356e+03	-2.517874864924065e-01	7.500000000000000e+03	2.000000000000000e+11	5.163977794943223e+03	-2.600449978582709e+03
62	6.200000000000000e-02	1.244311268621891e+03	-2.409598410435407e-01	7.500000000000000e+03	2.000000000000000e+11	5.163977794943223e+03	-2.488622537243784e+03
63	6.300000000000000e-02	1.097388505329287e+03	-2.125083702729896e-01	7.500000000000000e+03	2.000000000000000e+11	5.163977794943223e+03	-2.194777010658578e+03
64	6.400000000000000e-02	8.128287796758030e+02	-1.574036163501243e-01	7.500000000000000e+03	2.000000000000000e+11	5.163977794943223e+03	-1.625657559351607e+03
65	6.500000000000000e-02	4.237211959909152e+02	-8.205325677539456e-02	7.500000000000000e+03	2.000000000000000e+11	5.163977794943223e+03	-8.474423919818273e+02
66	6.600000000000000e-02	9.045583576794061e+01	-1.751669727482543e-02	7.500000000000000e+03	2.000000000000000e+11	5.163977794943223e+03	-1.809116715358816e+02
67	6.700000000000000e-02	0.000000000000000e+00	0.000000000000000e+00	7.500000000000000e+03	2.000000000000000e+11	5.163977794943223e+03	0.000000000000000e+00
68	6.800000000000000e-02	0.000000000000000e+00	0.000000000000000e+00	7.500000000000000e+03	2.000000000000000e+11	5.163977794943223e+03	0.000000000000000e+00
69	6.900000000000001e-02	0.000000000000000e+00	0.000000000000000e+00	7.500000000000000e+03	2.000000000000000e+11	5.163977794943223e+03	0.000000000000000e+00
70	7.000000000000001e-02	0.000000000000000e+00	0.000000000000000e+00	7.500000000000000e+03	2.000000000000000e+11	5.163977794943223e+03	0.000000000000000e+00
71	7.100000000000001e-02	0.000000000000000e+00	0.000000000000000e+00	7.500000000000000e+03	2.000000000000000e+11	5.163977794943223e+03	0.000000000000000e+00
72	7.200000000000001e-02	0.000000000000000e+00	0.000000000000000e+00	7.500000000000000e+03	2.000000000000000e+11	5.163977794943223e+03	0.000000000000000e+00
73	7.300000000000000e-02	0.000000000000000e+00	0.000000000000000e+00	7.500000000000000e+03	2.000000000000000e+11	5.163977794943223e+03	0.000000000000000e+00
74	7.400000000000000e-02	0.000000000000000e+00	0.000000000000000e+00	7.500000000000000e+03	2.000000000000000e+11	5.163977794943223e+03	0.000000000000000e+00
75	7.500000000000000e-02	0.000000000000000e+00	0.000000000000000e+00	7.500000000000000e+03	2.000000000000000e+11	5.163977794943223e+03	0.000000000000000e+00
76	7.600000000000000e-02	0.000000000000000e+00	0.000000000000000e+00	7.500000000000000e+03	2.000000000000000e+11	5.163977794943223e+03	0.000000000000000e+00
77	7.700000000000000e-02	0.000000000000000e+00	0.000000000000000e+00	7.500000000000000e+03	2.000000000000000e+11	5.163977794943223e+03	0.000000000000000e+00
78	7.800000000000000e-02	0.000000000000000e+00	0.000000000000000e+00	7.500000000000000e+03	2.000000000000000e+11	5.163977794943223e+03	0.000000000000000e+00
79	7.900000000000000e-02	0.000000000000000e+00	0.000000000000000e+00	7.500000000000000e+03	2.000000000000000e+11	5.163977794943223e+03	0.000000000000000e+00
80	8.000000000000000e-02	0.000000000000000e+00	0.000000000000000e+00	7.500000000000000e+03	2.000000000000000e+11	5.163977794943223e+03	0.000000000000000e+00
81	8.100000000000000e-02	0.000000000000000e+00	0.000000000000000e+00	7.500000000000000e+03	2.000000000000000e+11	5.163977794943223e+03	0.000000000000000e+00
82	8.200000000000000e-02	0.000000000000000e+00	0.000000000000000e+00	7.500000000000000e+03	2.000000000000000e+11	5.163977794943223e+03	0.000000000000000e+00
83	8.300000000000000e-02	0.000000000000000e+00	0.000000000000000e+00	7.500000000000000e+03	2.000000000000000e+11	5.163977794943223e+03	0.000000000000000e+00
84	8.400000000000001e-02	0.000000000000000e+00	0.000000000000000e+00	7.500000000000000e+03	2.000000000000000e+11	5.163977794943223e+03	0.000000000000000e+00
85	8.500000000000001e-02	0.000000000000000e+00	0.000000000000000e+00	7.500000000000000e+03	2.000000000000000e+11	5.163977794943223e+03	0.000000000000000e+00
86	8.600000000000001e-02	0.000000000000000e+00	0.000000000000000e+00	7.500000000000000e+03	2.000000000000000e+11	5.163977794943223e+03	0.000000000000000e+00
87	8.700000000000001e-02	0.000000000000000e+00	0.000000000000000e+00	7.500000000000000e+03	2.000000000000000e+11	5.163977794943223e+03	0.000000000000000e+00
88	8.799999999999999e-02	0.000000000000000e+00	0.000000000000000e+00	7.500000000000000e+03	2.000000000000000e+11	5.163977794943223e+03	0.000000000000000e+00
89	8.900000000000000e-02	0.000000000000000e+00	0.000000000000000e+00	7.500000000000000e+03	2.000000000000000e+11	5.163977794943223e+03	0.000000000000000e+00
90	9.000000000000000e-02	0.000000000000000e+00	0.000000000000000e+00	7.500000000000000e+03	2.000000000000000e+11	5.163977794943223e+03	0.000000000000000e+00
91	9.100000000000000e-02	0.000000000000000e+00	0.000000000000000e+00	7.500000000000000e+03	2.000000000000000e+11	5.163977794943223e+03	0.000000000000000e+00
92	9.200000000000000e-02	0.000000000000000e+00	0.000000000000000e+00	7.500000000000000e+03	2.000000000000000e+11	5.163977794943223e+03	0.000000000000000e+00
93	9.300000000000000e-02	0.000000000000000e+00	0.000000000000000e+00	7.500000000000000e+03	2.000000000000000e+11	5.163977794943223e+03	0.000000000000000e+00
94	9.400000000000000e-02	0.000000000000000e+00	0.000000000000000e+00	7.500000000000000e+03	2.000000000000000e+11	5.163977794943223e+03	0.000000000000000e+00
95	9.500000000000000e-02	0.000000000000000e+00	0.000000000000000e+00	7.500000000000000e+03	2.000000000000000e+11	5.163977794943223e+03	0.000000000000000e+00
96	9.600000000000000e-02	0.000000000000000e+00	0.000000000000000e+00	7.500000000000000e+03	2.000000000000000e+11	5.163977794943223e+03	0.000000000000000e+00
97	9.700000000000000e-02	0.000000000000000e+00	0.000000000000000e+00	7.500000000000000e+03	2.000000000000000e+11	5.163977794943223e+03	0.000000000000000e+00
98	9.800000000000000e-02	0.000000000000000e+00	0.000000000000000e+00	7.500000000000000e+03	2.000000000000000e+11	5.163977794943223e+03	0.000000000000000e+00
99	9.900000000000000e-02	0.000000000000000e+00	0.000000000000000e+00	7.500000000000000e+03	2.000000000000000e+11	5.163977794943223e+03	0.000000000000000e+00
100	1.000000000000000e-01	0.000000000000000e+00	0.000000000000000e+00	7.500000000000000e+03	2.000000000000000e+11	5.163977794943223e+03	0.000000000000000e+00
