0	0.000000000000000e+00	0.000000000000000e+00	2.172860020724224e-17	7.500000000000000e+03	2.000000000000000e+11	5.163977794943223e+03	1.122060089853976e-13
1	1.000000000000000e-03	1.923682187215122e-13	3.871532349156134e-17	7.500000000000000e+03	2.000000000000000e+11	5.163977794943223e+03	7.556852112954261e-15
2	2.000000000000000e-03	3.183193078982919e-13	6.164226891331777e-17	7.500000000000000e+03	2.000000000000000e+11	5.163977794943223e+03	0.000000000000000e+00
3	3.000000000000000e-03	3.484251032320476e-13	6.747223111091600e-17	7.500000000000000e+03	2.000000000000000e+11	5.163977794943223e+03	0.000000000000000e+00
4	4.000000000000000e-03	2.728622015934205e-13	5.283953812904042e-17	7.500000000000000e+03	2.000000000000000e+11	5.163977794943223e+03	0.000000000000000e+00
5	5.000000000000000e-03	9.214689550087051e-14	1.784416958397935e-17	7.500000000000000e+03	2.000000000000000e+11	5.163977794943223e+03	1.135959703518257e-28
6	6.000000000000000e-03	-8.129258229084955e-14	-1.574224086913281e-17	7.500000000000000e+03	2.000000000000000e+11	5.163977794943223e+03	0.000000000000000e+00
7	7.000000000000000e-03	-1.668137632570231e-13	-3.230334635063188e-17	7.500000000000000e+03	2.000000000000000e+11	5.163977794943223e+03	-1.514612938024343e-28
8	8.000000000000000e-03	-1.642926743516396e-13	-3.181513958338896e-17	7.500000000000000e+03	2.000000000000000e+11	5.163977794943223e+03	-2.019483917365790e-28
9	9.000000000000001e-03	-8.706716762925573e-14	-1.686048451147787e-17	7.500000000000000e+03	2.000000000000000e+11	5.163977794943223e+03	-1.262177448353619e-28
10	1.000000000000000e-02	3.336811655194993e-15	6.461707985000465e-19	7.500000000000000e+03	2.000000000000000e+11	5.163977794943223e+03	-2.129924444096732e-29
11	1.100000000000000e-02	4.929608849164173e-14	9.546146488064787e-18	7.500000000000000e+03	2.000000000000000e+11	5.163977794943223e+03	5.679798517591285e-29
12	1.200000000000000e-02	3.942215108395927e-14	7.634066730992374e-18	7.500000000000000e+03	2.000000000000000e+11	5.163977794943223e+03	1.451504065606662e-28
13	1.300000000000000e-02	-2.843608485905292e-14	-5.506624154522593e-18	7.500000000000000e+03	2.000000000000000e+11	5.163977794943223e+03	2.524354896707238e-28
14	1.400000000000000e-02	-1.187828654769295e-13	-2.300220299034708e-17	7.500000000000000e+03	2.000000000000000e+11	5.163977794943223e+03	5.048709793414476e-28
15	1.500000000000000e-02	-1.932494911426155e-13	-3.742260304292033e-17	7.500000000000000e+03	2.000000000000000e+11	5.163977794943223e+03	2.524354896707238e-28
16	1.600000000000000e-02	-2.423798852380287e-13	-4.693666294912754e-17	7.500000000000000e+03	2.000000000000000e+11	5.163977794943223e+03	-2.019483917365790e-28
17	1.700000000000000e-02	-2.699448540026850e-13	-5.227459619733971e-17	7.500000000000000e+03	2.000000000000000e+11	5.163977794943223e+03	-7.068193710780266e-28
18	1.800000000000000e-02	-2.764816951867915e-13	-5.354045004948210e-17	7.500000000000000e+03	2.000000000000000e+11	5.163977794943223e+03	-8.582806648804608e-28
19	1.900000000000000e-02	-1.750871885095922e-13	-3.390548826159663e-17	7.500000000000000e+03	2.000000000000000e+11	5.163977794943223e+03	-8.582806648804608e-28
20	2.000000000000000e-02	4.139778024346522e-13	8.016645672644774e-17	7.500000000000000e+03	2.000000000000000e+11	5.163977794943223e+03	7.573064690121713e-28
21	2.100000000000000e-02	1.206452289216617e-12	2.336284812064883e-16	7.500000000000000e+03	2.000000000000000e+11	5.163977794943223e+03	-1.211690350419474e-27
22	2.200000000000000e-02	1.767740813048917e-12	3.423215364674808e-16	7.500000000000000e+03	2.000000000000000e+11	5.163977794943223e+03	6.058451752097371e-28
23	2.300000000000000e-02	1.881254493212370e-12	3.643033661094696e-16	7.500000000000000e+03	2.000000000000000e+11	5.163977794943223e+03	2.827277484312106e-27
24	2.400000000000000e-02	1.502817885846386e-12	2.910194322132850e-16	7.500000000000000e+03	2.000000000000000e+11	5.163977794943223e+03	2.019483917365790e-27
25	2.500000000000000e-02	8.680897258445782e-13	1.681048525604913e-16	7.500000000000000e+03	2.000000000000000e+11	5.163977794943223e+03	3.332148463653554e-27
26	2.600000000000000e-02	3.233216243212017e-13	6.261096332323750e-17	7.500000000000000e+03	2.000000000000000e+11	5.163977794943223e+03	1.262177448353619e-27
27	2.700000000000000e-02	-6.576140198712442e-15	-1.273464073596802e-18	7.500000000000000e+03	2.000000000000000e+11	5.163977794943223e+03	6.168892278828312e-28
28	2.800000000000000e-02	-2.630954524483951e-13	-5.094821528977675e-17	7.500000000000000e+03	2.000000000000000e+11	5.163977794943223e+03	1.161203252485329e-27
29	2.900000000000000e-02	-6.449152853990695e-13	-1.248873080032594e-16	7.500000000000000e+03	2.000000000000000e+11	5.163977794943223e+03	2.827277484312106e-27
30	3.000000000000000e-02	-1.207636597467358e-12	-2.338578215130823e-16	7.500000000000000e+03	2.000000000000000e+11	5.163977794943223e+03	5.452606576887634e-27
31	3.100000000000000e-02	-1.812214549206111e-12	-3.509338384415021e-16	7.500000000000000e+03	2.000000000000000e+11	5.163977794943223e+03	2.019483917365790e-27
32	3.200000000000000e-02	-2.219804659295955e-12	-4.298633238643428e-16	7.500000000000000e+03	2.000000000000000e+11	5.163977794943223e+03	1.211690350419474e-27
33	3.300000000000000e-02	-2.314675207457382e-12	-4.482349265180817e-16	7.500000000000000e+03	2.000000000000000e+11	5.163977794943223e+03	8.077935669463161e-28
34	3.400000000000000e-02	-2.132364964274817e-12	-4.129306997336266e-16	7.500000000000000e+03	2.000000000000000e+11	5.163977794943223e+03	1.211690350419474e-27
35	3.500000000000000e-02	-1.676755820721430e-12	-3.247023684655230e-16	7.500000000000000e+03	2.000000000000000e+11	5.163977794943223e+03	-4.038967834731580e-27
36	3.600000000000000e-02	-1.209546426708614e-12	-2.342276583553593e-16	7.500000000000000e+03	2.000000000000000e+11	5.163977794943223e+03	-8.481832452936319e-27
37	3.700000000000000e-02	-8.833601379696368e-13	-1.710619551529965e-16	7.500000000000000e+03	2.000000000000000e+11	5.163977794943223e+03	-1.060229056617040e-26
38	3.800000000000000e-02	-6.824737063624556e-13	-1.321604649483137e-16	7.500000000000000e+03	2.000000000000000e+11	5.163977794943223e+03	-8.481832452936319e-27
39	3.900000000000000e-02	-4.872059008054464e-13	-9.434701699967423e-17	7.500000000000000e+03	2.000000000000000e+11	5.163977794943223e+03	-2.120458113234080e-27
40	4.000000000000000e-02	-2.125171741514116e-13	-4.115377381357309e-17	7.500000000000000e+03	2.000000000000000e+11	5.163977794943223e+03	4.291403324402304e-27
41	4.100000000000000e-02	7.752540303037443e-14	1.501272974223365e-17	7.500000000000000e+03	2.000000000000000e+11	5.163977794943223e+03	3.811775894027929e-27
42	4.200000000000000e-02	2.300590790669263e-13	4.455074909350125e-17	7.500000000000000e+03	2.000000000000000e+11	5.163977794943223e+03	1.110716154551185e-27
43	4.300000000000000e-02	1.258845643492955e-13	2.437744106346981e-17	7.500000000000000e+03	2.000000000000000e+11	5.163977794943223e+03	-3.281661365719409e-28
44	4.400000000000000e-02	-2.883022300608250e-13	-5.582948678500102e-17	7.500000000000000e+03	2.000000000000000e+11	5.163977794943223e+03	3.635071051258422e-27
45	4.500000000000000e-02	-7.304293106407095e-13	-1.414470277846607e-16	7.500000000000000e+03	2.000000000000000e+11	5.163977794943223e+03	4.745787205809607e-27
46	4.600000000000000e-02	-9.176986183554785e-13	-1.777115732864165e-16	7.500000000000000e+03	2.000000000000000e+11	5.163977794943223e+03	-1.615587133892632e-27
47	4.700000000000000e-02	-8.213827289021944e-13	-1.590600814951712e-16	7.500000000000000e+03	2.000000000000000e+11	5.163977794943223e+03	-7.289327199731820e-25
48	4.800000000000000e-02	-6.311427808521325e-13	-1.222202739729855e-16	7.500000000000000e+03	2.000000000000000e+11	5.163977794943223e+03	-3.624165838104647e-23
49	4.900000000000000e-02	-5.763758827685202e-13	-1.116147100102816e-16	7.500000000000000e+03	2.000000000000000e+11	5.163977794943223e+03	-1.313601182928638e-21
50	5.000000000000000e-02	-7.391641174527692e-13	-1.431385230999775e-16	7.500000000000000e+03	2.000000000000000e+11	5.163977794943223e+03	-3.743648220373650e-20
51	5.100000000000000e-02	-1.115267578758839e-12	-2.159708071531599e-16	7.500000000000000e+03	2.000000000000000e+11	5.163977794943223e+03	-8.737360432855771e-19
52	5.200000000000000e-02	-1.425157028737614e-12	-2.759837971010718e-16	7.500000000000000e+03	2.000000000000000e+11	5.163977794943223e+03	-1.717125643643526e-17
53	5.300000000000000e-02	-1.461774370585704e-12	-2.831275423854543e-16	7.500000000000000e+03	2.000000000000000e+11	5.163977794943223e+03	-2.899714296279401e-16
54	5.400000000000000e-02	-9.819826117218924e-13	-1.909875369748836e-16	7.500000000000000e+03	2.000000000000000e+11	5.163977794943223e+03	-4.272788327304341e-15
55	5.500000000000000e-02	-7.970873580807997e-14	-2.620279529597561e-17	7.500000000000000e+03	2.000000000000000e+11	5.163977794943223e+03	-5.560191726578079e-14
56	5.600000000000000e-02	1.148008010265325e-12	9.737520134651781e-17	7.500000000000000e+03	2.000000000000000e+11	5.163977794943223e+03	-6.451646327337819e-13
57	5.700000000000000e-02	4.909136432716640e-12	-3.521546497846105e-16	7.500000000000000e+03	2.000000000000000e+11	5.163977794943223e+03	-6.727655224590376e-12
58	5.800000000000000e-02	3.362680372280125e-11	-5.776926036459908e-15	7.500000000000000e+03	2.000000000000000e+11	5.163977794943223e+03	-6.345872149810958e-11
59	5.900000000000000e-02	2.741054938086548e-10	-5.234158029643292e-14	7.500000000000000e+03	2.000000000000000e+11	5.163977794943223e+03	-5.443962522116720e-10
60	6.000000000000000e-02	2.135207352394031e-09	-4.128315759329609e-13	7.500000000000000e+03	2.000000000000000e+11	5.163977794943223e+03	-4.267060443563258e-09
61	6.100000000000000e-02	1.534036121181631e-08	-2.970102301867774e-12	7.500000000000000e+03	2.000000000000000e+11	5.163977794943223e+03	-3.067790354737124e-08
62	6.200000000000000e-02	1.014904447883101e-07	-1.965305683272965e-11	7.500000000000000e+03	2.000000000000000e+11	5.163977794943223e+03	-2.029783938752831e-07
63	6.300000000000000e-02	6.197343852230728e-07	-1.200105831491603e-10	7.500000000000000e+03	2.000000000000000e+11	5.163977794943223e+03	-1.239466371763524e-06
64	6.400000000000000e-02	3.501092744857427e-06	-6.779832354611982e-10	7.500000000000000e+03	2.000000000000000e+11	5.163977794943223e+03	-7.002183118122816e-06
65	6.500000000000000e-02	1.833629457099599e-05	-3.550807789755848e-09	7.500000000000000e+03	2.000000000000000e+11	5.163977794943223e+03	-3.667258715140661e-05
66	6.600000000000000e-02	8.918364577719802e-05	-1.727033857117636e-08	7.500000000000000e+03	2.000000000000000e+11	5.163977794943223e+03	-1.783672906699042e-04
67	6.700000000000000e-02	4.034179443567106e-04	-7.812154911777562e-08	7.500000000000000e+03	2.000000000000000e+11	5.163977794943223e+03	-8.068358893074702e-04
68	6.800000000000000e-02	1.699172218436064e-03	-3.290432855651101e-07	7.500000000000000e+03	2.000000000000000e+11	5.163977794943223e+03	-3.398344438669454e-03
69	6.900000000000001e-02	6.670226435732665e-03	-1.291683795502810e-06	7.500000000000000e+03	2.000000000000000e+11	5.163977794943223e+03	-1.334045287379716e-02
70	7.000000000000001e-02	2.442147390978164e-02	-4.729198087557479e-06	7.500000000000000e+03	2.000000000000000e+11	5.163977794943223e+03	-4.884294782181642e-02
71	7.100000000000001e-02	8.343340226691996e-02	-1.615680887515804e-05	7.500000000000000e+03	2.000000000000000e+11	5.163977794943223e+03	-1.668668045353777e-01
72	7.200000000000001e-02	2.660456868154226e-01	-5.151952571846559e-05	7.500000000000000e+03	2.000000000000000e+11	5.163977794943223e+03	-5.320913736315852e-01
73	7.300000000000000e-02	7.918336733082848e-01	-1.533379314845486e-04	7.500000000000000e+03	2.000000000000000e+11	5.163977794943223e+03	-1.583667346617019e+00
74	7.400000000000000e-02	2.199305035973979e+00	-4.258935888779615e-04	7.500000000000000e+03	2.000000000000000e+11	5.163977794943223e+03	-4.398610071948450e+00
75	7.500000000000000e-02	5.697927554069548e+00	-1.103398926240478e-03	7.500000000000000e+03	2.000000000000000e+11	5.163977794943223e+03	-1.139585510813957e+01
76	7.600000000000000e-02	1.376008086639024e+01	-2.664628201899890e-03	7.500000000000000e+03	2.000000000000000e+11	5.163977794943223e+03	-2.752016173278076e+01
77	7.700000000000000e-02	3.094330967207070e+01	-5.992146151823427e-03	7.500000000000000e+03	2.000000000000000e+11	5.163977794943223e+03	-6.188661934414135e+01
78	7.800000000000000e-02	6.471234086818879e+01	-1.253149092382951e-02	7.500000000000000e+03	2.000000000000000e+11	5.163977794943223e+03	-1.294246817363769e+02
79	7.900000000000000e-02	1.256502617500739e+02	-2.433206856023181e-02	7.500000000000000e+03	2.000000000000000e+11	5.163977794943223e+03	-2.513005235001471e+02
80	8.000000000000000e-02	2.260522014173474e+02	-4.377482057314546e-02	7.500000000000000e+03	2.000000000000000e+11	5.163977794943223e+03	-4.521044028346943e+02
81	8.100000000000000e-02	3.758831198586254e+02	-7.278945316664691e-02	7.500000000000000e+03	2.000000000000000e+11	5.163977794943223e+03	-7.517662397172496e+02
82	8.200000000000000e-02	5.760179329454151e+02	-1.115453930707210e-01	7.500000000000000e+03	2.000000000000000e+11	5.163977794943223e+03	-1.152035865890832e+03
83	8.300000000000000e-02	8.108271334342830e+02	-1.570159992222046e-01	7.500000000000000e+03	2.000000000000000e+11	5.163977794943223e+03	-1.621654266868570e+03
84	8.400000000000001e-02	1.044746370291586e+03	-2.023142646574981e-01	7.500000000000000e+03	2.000000000000000e+11	5.163977794943223e+03	-2.089492740583173e+03
85	8.500000000000001e-02	1.228555935885821e+03	-2.379088339785026e-01	7.500000000000000e+03	2.000000000000000e+11	5.163977794943223e+03	-2.457111871771642e+03
86	8.600000000000001e-02	1.318102944048758e+03	-2.552495375443903e-01	7.500000000000000e+03	2.000000000000000e+11	5.163977794943223e+03	-2.636205888097516e+03
87	8.700000000000001e-02	1.320000000000000e+03	-2.556169008496896e-01	7.500000000000000e+03	2.000000000000000e+11	5.163977794943223e+03	-2.640000000000001e+03
88	8.799999999999999e-02	1.300277178444249e+03	-2.517975928784075e-01	7.500000000000000e+03	2.000000000000000e+11	5.163977794943223e+03	-2.600554356888499e+03
89	8.900000000000000e-02	1.258988671389346e+03	-2.438021078677371e-01	7.500000000000000e+03	2.000000000000000e+11	5.163977794943223e+03	-2.517977342778693e+03
90	9.000000000000000e-02	1.193067500301715e+03	-2.310365279784928e-01	7.500000000000000e+03	2.000000000000000e+11	5.163977794943223e+03	-2.386135000603430e+03
91	9.100000000000000e-02	1.091571741852597e+03	-2.113819588692866e-01	7.500000000000000e+03	2.000000000000000e+11	5.163977794943223e+03	-2.183143483705194e+03
92	9.200000000000000e-02	9.428917894361715e+02	-1.825902098881000e-01	7.500000000000000e+03	2.000000000000000e+11	5.163977794943223e+03	-1.885783578872342e+03
93	9.300000000000000e-02	7.440827414795717e+02	-1.440910032975367e-01	7.500000000000000e+03	2.000000000000000e+11	5.163977794943223e+03	-1.488165482959142e+03
94	9.400000000000000e-02	5.097024307642379e+02	-9.870345129356699e-02	7.500000000000000e+03	2.000000000000000e+11	5.163977794943223e+03	-1.019404861528478e+03
95	9.500000000000000e-02	2.755083514501808e+02	-5.335196284538068e-02	7.500000000000000e+03	2.000000000000000e+11	5.163977794943223e+03	-5.510167029003625e+02
96	9.600000000000000e-02	9.141009033318728e+01	-1.770148787678737e-02	7.500000000000000e+03	2.000000000000000e+11	5.163977794943223e+03	-1.828201806663739e+02
97	9.700000000000000e-02	1.844480877129300e+00	-3.571821859759927e-04	7.500000000000000e+03	2.000000000000000e+11	5.163977794943223e+03	-3.688961754258608e+00
98	9.800000000000000e-02	0.000000000000000e+00	0.000000000000000e+00	7.500000000000000e+03	2.000000000000000e+11	5.163977794943223e+03	0.000000000000000e+00
99	9.900000000000000e-02	0.000000000000000e+00	0.000000000000000e+00	7.500000000000000e+03	2.000000000000000e+11	5.163977794943223e+03	0.000000000000000e+00
100	1.000000000000000e-01	0.000000000000000e+00	0.000000000000000e+00	7.500000000000000e+03	2.000000000000000e+11	5.163977794943223e+03	0.000000000000000e+00
