0	0.000000000000000e+00	0.000000000000000e+00	1.884824253648121e-16	7.500000000000000e+03	2.000000000000000e+11	5.163977794943223e+03	9.733190593209329e-13
1	9.999999999999992e-04	-5.161498406366635e-13	1.876213803064655e-16	7.500000000000000e+03	2.000000000000000e+11	5.163977794943223e+03	1.485022482395849e-12
2	1.999999999999999e-03	-9.251130285915478e-13	1.739753684219372e-16	7.500000000000000e+03	2.000000000000000e+11	5.163977794943223e+03	1.823517967989498e-12
3	2.999999999999999e-03	-1.165156215708494e-12	1.442203808682211e-16	7.500000000000000e+03	2.000000000000000e+11	5.163977794943223e+03	1.909907060090243e-12
4	4.000000000000000e-03	-1.268092155906259e-12	1.078417429738064e-16	7.500000000000000e+03	2.000000000000000e+11	5.163977794943223e+03	1.824984521990970e-12
5	5.000000000000000e-03	-1.215128733651432e-12	6.200292751218781e-17	7.500000000000000e+03	2.000000000000000e+11	5.163977794943223e+03	1.535310474545844e-12
6	6.000000000000000e-03	-1.030181516755326e-12	1.080247563844409e-17	7.500000000000000e+03	2.000000000000000e+11	5.163977794943223e+03	1.085965261082666e-12
7	7.000000000000000e-03	-7.797244390848164e-13	-3.781024271457859e-17	7.500000000000000e+03	2.000000000000000e+11	5.163977794943223e+03	5.844731852853189e-13
8	8.000000000000000e-03	-5.133842255109627e-13	-7.431710886846468e-17	7.500000000000000e+03	2.000000000000000e+11	5.163977794943223e+03	1.296123255298331e-13
9	9.000000000000001e-03	-2.880171377289845e-13	-9.424561210588678e-17	7.500000000000000e+03	2.000000000000000e+11	5.163977794943223e+03	-1.986651104566471e-13
10	1.000000000000000e-02	-1.420593653884290e-13	-1.000623982570176e-16	7.500000000000000e+03	2.000000000000000e+11	5.163977794943223e+03	-3.746606373195754e-13
11	1.100000000000000e-02	-7.671788215177730e-14	-9.852481719217001e-17	7.500000000000000e+03	2.000000000000000e+11	5.163977794943223e+03	-4.320620860794289e-13
12	1.200000000000000e-02	-5.942282611731568e-14	-9.682516510396992e-17	7.500000000000000e+03	2.000000000000000e+11	5.163977794943223e+03	-4.405801764712963e-13
13	1.300000000000000e-02	-4.127091335098492e-14	-9.941819376875900e-17	7.500000000000000e+03	2.000000000000000e+11	5.163977794943223e+03	-4.721224316842493e-13
14	1.400000000000000e-02	5.320201001188194e-14	-9.998039973027946e-17	7.500000000000000e+03	2.000000000000000e+11	5.163977794943223e+03	-5.694985741485925e-13
15	1.500000000000000e-02	3.712300714686917e-13	-7.020242196974777e-17	7.500000000000000e+03	2.000000000000000e+11	5.163977794943223e+03	-7.337538196717034e-13
16	1.600000000000000e-02	8.669210703659583e-13	-1.066542292022606e-17	7.500000000000000e+03	2.000000000000000e+11	5.163977794943223e+03	-9.219970774996843e-13
17	1.700000000000000e-02	1.414872494435341e-12	6.716267897161555e-17	7.500000000000000e+03	2.000000000000000e+11	5.163977794943223e+03	-1.068045911577019e-12
18	1.800000000000000e-02	1.867982096215395e-12	1.469928205302690e-16	7.500000000000000e+03	2.000000000000000e+11	5.163977794943223e+03	-1.108914434981011e-12
19	1.900000000000000e-02	2.158686363748608e-12	2.077913568377474e-16	7.500000000000000e+03	2.000000000000000e+11	5.163977794943223e+03	-1.085656411057357e-12
20	2.000000000000000e-02	2.236027966320356e-12	2.368805961164445e-16	7.500000000000000e+03	2.000000000000000e+11	5.163977794943223e+03	-1.012781827922123e-12
21	2.100000000000000e-02	2.129546092239283e-12	2.283621528081382e-16	7.500000000000000e+03	2.000000000000000e+11	5.163977794943223e+03	-9.502890059326260e-13
22	2.200000000000000e-02	1.868535056525215e-12	1.740272522002389e-16	7.500000000000000e+03	2.000000000000000e+11	5.163977794943223e+03	-9.698621904481968e-13
23	2.300000000000000e-02	1.576797969991907e-12	8.814441031563711e-17	7.500000000000000e+03	2.000000000000000e+11	5.163977794943223e+03	-1.121622192373593e-12
24	2.400000000000000e-02	1.284095431911282e-12	-2.235773036088842e-17	7.500000000000000e+03	2.000000000000000e+11	5.163977794943223e+03	-1.399550255040237e-12
25	2.500000000000000e-02	8.958795934711645e-13	-1.577652924362721e-16	7.500000000000000e+03	2.000000000000000e+11	5.163977794943223e+03	-1.710576060424798e-12
26	2.600000000000000e-02	3.575301167426003e-13	-2.957781746216964e-16	7.500000000000000e+03	2.000000000000000e+11	5.163977794943223e+03	-1.884922042717880e-12
27	2.700000000000000e-02	-1.810669196392428e-13	-3.838223533710655e-16	7.500000000000000e+03	2.000000000000000e+11	5.163977794943223e+03	-1.800983190371791e-12
28	2.800000000000000e-02	-4.465096884820291e-13	-3.533938120788431e-16	7.500000000000000e+03	2.000000000000000e+11	5.163977794943223e+03	-1.378408109963454e-12
29	2.900000000000000e-02	7.506295683641468e-13	3.419432254261715e-17	7.500000000000000e+03	2.000000000000000e+11	5.163977794943223e+03	-5.740508460409453e-13
30	3.000000000000000e-02	4.115727830193250e-12	8.978603457491304e-16	7.500000000000000e+03	2.000000000000000e+11	5.163977794943223e+03	5.208030582153043e-13
31	3.100000000000000e-02	6.514549554917990e-12	1.589967244493535e-15	7.500000000000000e+03	2.000000000000000e+11	5.163977794943223e+03	1.696005990333687e-12
32	3.200000000000000e-02	6.001971716514784e-12	1.689227516082065e-15	7.500000000000000e+03	2.000000000000000e+11	5.163977794943223e+03	2.721161667140094e-12
33	3.298777363470669e-02	-1.801313133712516e+02	-3.488227884086580e-02	7.500000000000000e+03	2.000000000000000e+11	5.163977794943223e+03	2.785327524179593e-12
34	3.392384712745485e-02	-5.745624712647991e+02	-1.112635441282163e-01	7.500000000000000e+03	2.000000000000000e+11	5.163977794943223e+03	4.661160346586257e-12
35	3.479654064153083e-02	-8.873227376422916e+02	-1.718293092799874e-01	7.500000000000000e+03	2.000000000000000e+11	5.163977794943223e+03	5.002220859751105e-12
36	3.563038252611140e-02	-1.030905989092718e+03	-1.996340863630785e-01	7.500000000000000e+03	2.000000000000000e+11	5.163977794943223e+03	3.183231456205249e-12
37	3.644945929519604e-02	-1.073564441897803e+03	-2.078948602275321e-01	7.500000000000000e+03	2.000000000000000e+11	5.163977794943223e+03	2.273736754432321e-12
38	3.726511400823480e-02	-1.073075080921476e+03	-2.078000958819525e-01	7.500000000000000e+03	2.000000000000000e+11	5.163977794943223e+03	6.821210263296962e-13
39	3.808171899809133e-02	-1.051977063266530e+03	-2.037144823311725e-01	7.500000000000000e+03	2.000000000000000e+11	5.163977794943223e+03	1.818989403545856e-12
40	3.890206598828985e-02	-1.021000471715485e+03	-1.977158911711996e-01	7.500000000000000e+03	2.000000000000000e+11	5.163977794943223e+03	-9.094947017729282e-13
41	3.972779245466829e-02	-9.854450436529894e+02	-1.908306121335338e-01	7.500000000000000e+03	2.000000000000000e+11	5.163977794943223e+03	-1.591615728102624e-12
42	4.055972574866832e-02	-9.476212945018334e+02	-1.835060746058558e-01	7.500000000000000e+03	2.000000000000000e+11	5.163977794943223e+03	-2.273736754432321e-13
43	4.139772899128293e-02	-9.085756853443410e+02	-1.759449249053814e-01	7.500000000000000e+03	2.000000000000000e+11	5.163977794943223e+03	-1.136868377216160e-12
44	4.224143021089492e-02	-8.688091609894485e+02	-1.682441705772289e-01	7.500000000000000e+03	2.000000000000000e+11	5.163977794943223e+03	-1.591615728102624e-12
45	4.321866571692202e-02	-8.224936910773495e+02	-1.592752183951623e-01	7.500000000000000e+03	2.000000000000000e+11	5.163977794943223e+03	-1.023181539494544e-12
46	4.428964484625070e-02	-7.716282989191180e+02	-1.494251775588053e-01	7.500000000000000e+03	2.000000000000000e+11	5.163977794943223e+03	-9.094947017729282e-13
47	4.538582830006252e-02	-7.195991954014876e+02	-1.393497849867109e-01	7.500000000000000e+03	2.000000000000000e+11	5.163977794943223e+03	2.273736754432321e-13
48	4.650396738932732e-02	-6.666822674098338e+02	-1.291024659445043e-01	7.500000000000000e+03	2.000000000000000e+11	5.163977794943223e+03	1.136868377216160e-13
49	4.764002782694547e-02	-6.131891240400460e+02	-1.187435632741306e-01	7.500000000000000e+03	2.000000000000000e+11	5.163977794943223e+03	-1.136868377216160e-13
50	4.878875369460550e-02	-5.594998800509306e+02	-1.083466858821152e-01	7.500000000000000e+03	2.000000000000000e+11	5.163977794943223e+03	-3.410605131648481e-13
51	4.995249005835619e-02	-5.056636508622772e+02	-9.792134492860223e-02	7.500000000000000e+03	2.000000000000000e+11	5.163977794943223e+03	-9.094947017729282e-13
52	5.113033855423049e-02	-4.519242091022480e+02	-8.751474678004839e-02	7.500000000000000e+03	2.000000000000000e+11	5.163977794943223e+03	-8.526512829121202e-13
53	5.232114974720851e-02	-3.985978694398487e+02	-7.718814550871464e-02	7.500000000000000e+03	2.000000000000000e+11	5.163977794943223e+03	-1.705302565824240e-13
54	5.352766986089432e-02	-3.459184715796733e+02	-6.698682397867990e-02	7.500000000000000e+03	2.000000000000000e+11	5.163977794943223e+03	1.136868377216160e-13
55	5.474778769999981e-02	-2.944531256633556e+02	-5.702060259664476e-02	7.500000000000000e+03	2.000000000000000e+11	5.163977794943223e+03	2.273736754432321e-13
56	5.581025888691443e-02	-2.515396499740974e+02	-4.871044376302600e-02	7.500000000000000e+03	2.000000000000000e+11	5.163977794943223e+03	5.400124791776761e-13
57	5.679889122138018e-02	-2.136256360014625e+02	-4.136842652783144e-02	7.500000000000000e+03	2.000000000000000e+11	5.163977794943223e+03	7.389644451905042e-13
58	5.778034194239316e-02	-1.783426565072463e+02	-3.453590692854749e-02	7.500000000000000e+03	2.000000000000000e+11	5.163977794943223e+03	1.307398633798584e-12
59	5.876065780127242e-02	-1.458788780910286e+02	-2.824932327049854e-02	7.500000000000000e+03	2.000000000000000e+11	5.163977794943223e+03	1.307398633798584e-12
60	5.974873752434112e-02	-1.163872956300641e+02	-2.253830288426769e-02	7.500000000000000e+03	2.000000000000000e+11	5.163977794943223e+03	9.521272659185342e-13
61	6.073698369573097e-02	-9.048050084567619e+01	-1.752147364659026e-02	7.500000000000000e+03	2.000000000000000e+11	5.163977794943223e+03	1.250555214937776e-12
62	6.173324393615296e-02	-6.821917732922140e+01	-1.321058688440216e-02	7.500000000000000e+03	2.000000000000000e+11	5.163977794943223e+03	4.689582056016661e-13
63	6.272967657727051e-02	-4.987116406936873e+01	-9.657509394832261e-03	7.500000000000000e+03	2.000000000000000e+11	5.163977794943223e+03	-6.252776074688882e-13
64	6.373192061478884e-02	-3.521377660987982e+01	-6.819118518356965e-03	7.500000000000000e+03	2.000000000000000e+11	5.163977794943223e+03	-1.676880856393836e-12
65	6.473540112404641e-02	-2.401275177385234e+01	-4.650049385837527e-03	7.500000000000000e+03	2.000000000000000e+11	5.163977794943223e+03	-2.014388655879884e-12
66	6.574064410278735e-02	-1.579387213991772e+01	-3.058470188501844e-03	7.500000000000000e+03	2.000000000000000e+11	5.163977794943223e+03	-1.614708367014828e-12
67	6.674749361161594e-02	-1.001406075877602e+01	-1.939214527332725e-03	7.500000000000000e+03	2.000000000000000e+11	5.163977794943223e+03	-1.485034317738609e-12
68	6.775453117591684e-02	-6.124021628662146e+00	-1.185911688981461e-03	7.500000000000000e+03	2.000000000000000e+11	5.163977794943223e+03	-1.732836096834944e-12
69	6.876308360734013e-02	-3.610598929508240e+00	-6.991894761913898e-04	7.500000000000000e+03	2.000000000000000e+11	5.163977794943223e+03	-2.080113858937693e-12
70	6.977176206067963e-02	-2.054875604289787e+00	-3.979249496974775e-04	7.500000000000000e+03	2.000000000000000e+11	5.163977794943223e+03	-1.886046874233216e-12
71	7.077965284321303e-02	-1.130402697070333e+00	-2.189015410132923e-04	7.500000000000000e+03	2.000000000000000e+11	5.163977794943223e+03	-1.161293283757914e-12
72	7.178926355639090e-02	-6.006292967534779e-01	-1.163113631786087e-04	7.500000000000000e+03	2.000000000000000e+11	5.163977794943223e+03	-4.340972026284362e-13
73	7.279851528466076e-02	-3.089519007537912e-01	-5.982827831998318e-05	7.500000000000000e+03	2.000000000000000e+11	5.163977794943223e+03	-2.849387392700464e-13
74	7.380629438715836e-02	-1.541216365097959e-01	-2.984552657470450e-05	7.500000000000000e+03	2.000000000000000e+11	5.163977794943223e+03	-3.660682867945297e-13
75	7.481653927991758e-02	-7.441239153572136e-02	-1.440989765855984e-05	7.500000000000000e+03	2.000000000000000e+11	5.163977794943223e+03	-4.859723734540466e-13
76	7.582544079917204e-02	-3.490660577603735e-02	-6.759635142251296e-06	7.500000000000000e+03	2.000000000000000e+11	5.163977794943223e+03	-4.662173425096228e-13
77	7.683371705693717e-02	-1.591420199278140e-02	-3.081771964373105e-06	7.500000000000000e+03	2.000000000000000e+11	5.163977794943223e+03	-3.198726006292674e-13
78	7.784391276597891e-02	-7.041452372424139e-03	-1.363571388572162e-06	7.500000000000000e+03	2.000000000000000e+11	5.163977794943223e+03	1.759530021683275e-14
79	7.885299132788233e-02	-3.034244600792275e-03	-5.875789402486115e-07	7.500000000000000e+03	2.000000000000000e+11	5.163977794943223e+03	5.721746861031551e-13
80	7.986156373695527e-02	-1.273527542087244e-03	-2.466175478302242e-07	7.500000000000000e+03	2.000000000000000e+11	5.163977794943223e+03	1.248618179336414e-12
81	8.087209024783919e-02	-5.197304827265435e-04	-1.006453748398433e-07	7.500000000000000e+03	2.000000000000000e+11	5.163977794943223e+03	1.889855242784289e-12
82	8.188109299327984e-02	-2.070871917321421e-04	-4.010226178977024e-08	7.500000000000000e+03	2.000000000000000e+11	5.163977794943223e+03	2.322768550850479e-12
83	8.289045325015931e-02	-8.044770084032390e-05	-1.557862984126806e-08	7.500000000000000e+03	2.000000000000000e+11	5.163977794943223e+03	2.264375779980135e-12
84	8.390144320711207e-02	-3.044458301560962e-05	-5.895567827338805e-09	7.500000000000000e+03	2.000000000000000e+11	5.163977794943223e+03	1.666650365351845e-12
85	8.491041355851771e-02	-1.127520471075227e-05	-2.183433831604013e-09	7.500000000000000e+03	2.000000000000000e+11	5.163977794943223e+03	8.876213430713750e-13
86	8.592151434052606e-02	-4.069111852028786e-06	-7.879800112657127e-10	7.500000000000000e+03	2.000000000000000e+11	5.163977794943223e+03	5.709935350806257e-13
87	8.693130667202636e-02	-1.437386209540567e-06	-2.783484949245626e-10	7.500000000000000e+03	2.000000000000000e+11	5.163977794943223e+03	7.624942591943673e-13
88	8.794358508750967e-02	-4.948678990255507e-07	-9.583047022822976e-11	7.500000000000000e+03	2.000000000000000e+11	5.163977794943223e+03	1.478688004590590e-12
89	8.895583805778430e-02	-1.666877578920347e-07	-3.227849958915448e-11	7.500000000000000e+03	2.000000000000000e+11	5.163977794943223e+03	2.302759556982095e-12
90	8.996510275802080e-02	-5.515690403577809e-08	-1.068057374397542e-11	7.500000000000000e+03	2.000000000000000e+11	5.163977794943223e+03	2.658384635391826e-12
91	9.097931733691285e-02	-1.775760706552096e-08	-3.438281506801197e-12	7.500000000000000e+03	2.000000000000000e+11	5.163977794943223e+03	2.397711635656858e-12
92	9.198668147030437e-02	-5.659479750769308e-09	-1.095701226491494e-12	7.500000000000000e+03	2.000000000000000e+11	5.163977794943223e+03	1.302947275176171e-12
93	9.299725247567098e-02	-1.763594593797294e-09	-3.415795362072506e-13	7.500000000000000e+03	2.000000000000000e+11	5.163977794943223e+03	-3.145463839530427e-13
94	9.400355388182140e-02	-5.439660643553830e-10	-1.056573914992585e-13	7.500000000000000e+03	2.000000000000000e+11	5.163977794943223e+03	-1.646359218410902e-12
95	9.501110709872375e-02	-1.648011891469598e-10	-3.230459095366346e-14	7.500000000000000e+03	2.000000000000000e+11	5.163977794943223e+03	-2.019001212482041e-12
96	9.601262656813500e-02	-4.929497959135791e-11	-9.893041808745956e-15	7.500000000000000e+03	2.000000000000000e+11	5.163977794943223e+03	-1.792468633451143e-12
97	9.701730156323951e-02	-1.415703299779643e-11	-2.939036993913313e-15	7.500000000000000e+03	2.000000000000000e+11	5.163977794943223e+03	-1.020088777288599e-12
98	9.801714164386945e-02	-3.841697999461888e-12	-7.641974143863481e-16	7.500000000000000e+03	2.000000000000000e+11	5.163977794943223e+03	-1.046004793822385e-13
99	9.901272253476483e-02	-8.554240740730097e-13	-1.047340855714418e-16	7.500000000000000e+03	2.000000000000000e+11	5.163977794943223e+03	3.145795818084008e-13
100	1.000000000000000e-01	0.000000000000000e+00	-5.512888173302593e-17	7.500000000000000e+03	2.000000000000000e+11	5.163977794943223e+03	-2.846843211293970e-13
