0	0.000000000000000e+00	0.000000000000000e+00	-2.098310649401639e-16	7.500000000000000e+03	2.000000000000000e+11	5.163977794943223e+03	-1.083562960040296e-12
1	9.930541698772337e-04	-7.389049724609957e-14	-1.992972311288489e-16	7.500000000000000e+03	2.000000000000000e+11	5.163977794943223e+03	-9.552759788969434e-13
2	1.993722553114345e-03	-1.559168485032556e-13	-1.702385609127111e-16	7.500000000000000e+03	2.000000000000000e+11	5.163977794943223e+03	-7.231912998930736e-13
3	2.998838330181770e-03	-2.493515672442565e-13	-1.298882642255599e-16	7.500000000000000e+03	2.000000000000000e+11	5.163977794943223e+03	-4.213885450402529e-13
4	4.002853180966684e-03	-3.499776026127332e-13	-9.044593149613105e-17	7.500000000000000e+03	2.000000000000000e+11	5.163977794943223e+03	-1.170831792762434e-13
5	5.007440653552613e-03	-4.449485444097467e-13	-6.263530524078246e-17	7.500000000000000e+03	2.000000000000000e+11	5.163977794943223e+03	1.215012189668552e-13
6	6.014029709719610e-03	-5.191230363770630e-13	-5.348662171454943e-17	7.500000000000000e+03	2.000000000000000e+11	5.163977794943223e+03	2.429193095166018e-13
7	7.019666377973025e-03	-5.952604879536834e-13	-6.761965273075156e-17	7.500000000000000e+03	2.000000000000000e+11	5.163977794943223e+03	2.460741027503105e-13
8	8.026262177499102e-03	-6.770037845849512e-13	-9.625760547257469e-17	7.500000000000000e+03	2.000000000000000e+11	5.163977794943223e+03	1.799316473301702e-13
9	9.032143729711175e-03	-7.075246788913412e-13	-1.340519486179955e-16	7.500000000000000e+03	2.000000000000000e+11	5.163977794943223e+03	1.528339285914239e-14
10	1.004152742400427e-02	-6.443246943775691e-13	-1.747434424953974e-16	7.500000000000000e+03	2.000000000000000e+11	5.163977794943223e+03	-2.580465624806009e-13
11	1.104806802807774e-02	-4.816245093052756e-13	-2.113632168217613e-16	7.500000000000000e+03	2.000000000000000e+11	5.163977794943223e+03	-6.098504490300698e-13
12	1.205645127794926e-02	-2.089456060323216e-13	-2.275068126333490e-16	7.500000000000000e+03	2.000000000000000e+11	5.163977794943223e+03	-9.658945226046009e-13
13	1.306525264394337e-02	1.504883305440131e-13	-2.075367498841814e-16	7.500000000000000e+03	2.000000000000000e+11	5.163977794943223e+03	-1.222203498580611e-12
14	1.407324997058557e-02	5.008431815290087e-13	-1.523620586138728e-16	7.500000000000000e+03	2.000000000000000e+11	5.163977794943223e+03	-1.287637469002886e-12
15	1.508194580004829e-02	7.986392422610422e-13	-7.399083827161470e-17	7.500000000000000e+03	2.000000000000000e+11	5.163977794943223e+03	-1.180726288124896e-12
16	1.608924472460040e-02	1.014327227113017e-12	1.863273347747218e-17	7.500000000000000e+03	2.000000000000000e+11	5.163977794943223e+03	-9.181082051762555e-13
17	1.709976460880737e-02	1.154486209353797e-12	1.153866188778777e-16	7.500000000000000e+03	2.000000000000000e+11	5.163977794943223e+03	-5.586322716348604e-13
18	1.810749634697464e-02	1.241667945107673e-12	2.036385417037248e-16	7.500000000000000e+03	2.000000000000000e+11	5.163977794943223e+03	-1.900830375550191e-13
19	1.911546774226508e-02	1.294503797448520e-12	2.708095767781299e-16	7.500000000000000e+03	2.000000000000000e+11	5.163977794943223e+03	1.039508436917151e-13
20	2.012531553108221e-02	1.299137595382469e-12	3.086259901018035e-16	7.500000000000000e+03	2.000000000000000e+11	5.163977794943223e+03	2.946001644456107e-13
21	2.113307975299958e-02	1.240155731473667e-12	3.207729523720676e-16	7.500000000000000e+03	2.000000000000000e+11	5.163977794943223e+03	4.163086717940696e-13
22	2.214069058913555e-02	1.053560884952199e-12	3.061619477866144e-16	7.500000000000000e+03	2.000000000000000e+11	5.163977794943223e+03	5.274526150744444e-13
23	2.315009349998245e-02	7.482424289994705e-13	2.742620893474740e-16	7.500000000000000e+03	2.000000000000000e+11	5.163977794943223e+03	6.680409103856196e-13
24	2.415820621483441e-02	3.944423999955471e-13	2.389867127597156e-16	7.500000000000000e+03	2.000000000000000e+11	5.163977794943223e+03	8.396796779820981e-13
25	2.516472697855862e-02	6.877718383188661e-14	2.093846054886331e-16	7.500000000000000e+03	2.000000000000000e+11	5.163977794943223e+03	1.012480269514362e-12
26	2.617358273461513e-02	-1.683327107437676e-13	1.889996250336473e-16	7.500000000000000e+03	2.000000000000000e+11	5.163977794943223e+03	1.144322577670118e-12
27	2.718236204308592e-02	-2.768906931317895e-13	1.752283016817961e-16	7.500000000000000e+03	2.000000000000000e+11	5.163977794943223e+03	1.181765752062196e-12
28	2.818821245657871e-02	-2.246525029220382e-13	1.548892230290829e-16	7.500000000000000e+03	2.000000000000000e+11	5.163977794943223e+03	1.024497011320231e-12
29	2.919603518306032e-02	7.751595697250896e-14	9.361714902105928e-17	7.500000000000000e+03	2.000000000000000e+11	5.163977794943223e+03	4.059209217981318e-13
30	3.020485131382728e-02	8.819594326705041e-13	-9.195035026369624e-17	7.500000000000000e+03	2.000000000000000e+11	5.163977794943223e+03	-1.356788999669483e-12
31	3.121223811920624e-02	2.923505810981633e-12	-5.685157547965663e-16	7.500000000000000e+03	2.000000000000000e+11	5.163977794943223e+03	-5.859308544826487e-12
32	3.221809886860278e-02	8.114117838563027e-12	-1.688488140020011e-15	7.500000000000000e+03	2.000000000000000e+11	5.163977794943223e+03	-1.683343310065135e-11
33	3.322617140615204e-02	2.105126868030647e-11	-4.302248934127025e-15	7.500000000000000e+03	2.000000000000000e+11	5.163977794943223e+03	-4.326798664445657e-11
34	3.423411654622088e-02	5.241433132012265e-11	-1.044382182747820e-14	7.500000000000000e+03	2.000000000000000e+11	5.163977794943223e+03	-1.063459953315635e-10
35	3.523969526140953e-02	1.268205779408834e-10	-2.486251151561890e-14	7.500000000000000e+03	2.000000000000000e+11	5.163977794943223e+03	-2.552100353340596e-10
36	3.624649048192224e-02	3.018150476101098e-10	-5.869742753640472e-14	7.500000000000000e+03	2.000000000000000e+11	5.163977794943223e+03	-6.049272600283927e-10
37	3.725404503167373e-02	7.091200577127012e-10	-1.374801476564879e-13	7.500000000000000e+03	2.000000000000000e+11	5.163977794943223e+03	-1.419064487456321e-09
38	3.826067330798453e-02	1.645130344879605e-09	-3.186451249067833e-13	7.500000000000000e+03	2.000000000000000e+11	5.163977794943223e+03	-3.290606694365143e-09
39	3.926666117041652e-02	3.772112958808531e-09	-7.304628007924691e-13	7.500000000000000e+03	2.000000000000000e+11	5.163977794943223e+03	-7.544206642132876e-09
40	4.027278046198957e-02	8.555823533559094e-09	-1.656773970600126e-12	7.500000000000000e+03	2.000000000000000e+11	5.163977794943223e+03	-1.711136752897806e-08
41	4.127886253680812e-02	1.919341059764620e-08	-3.716691952579872e-12	7.500000000000000e+03	2.000000000000000e+11	5.163977794943223e+03	-3.838632531141283e-08
42	4.228452612063774e-02	4.256599298396379e-08	-8.242737773597877e-12	7.500000000000000e+03	2.000000000000000e+11	5.163977794943223e+03	-8.513130781636297e-08
43	4.329096334313617e-02	9.341274287065869e-08	-1.808914745199517e-11	7.500000000000000e+03	2.000000000000000e+11	5.163977794943223e+03	-1.868246986422155e-07
44	4.429648456335371e-02	2.025346545927560e-07	-3.922051420388030e-11	7.500000000000000e+03	2.000000000000000e+11	5.163977794943223e+03	-4.050685190478492e-07
45	4.545309212498726e-02	4.950780413222376e-07	-9.587134768768543e-11	7.500000000000000e+03	2.000000000000000e+11	5.163977794943223e+03	-9.901555519527264e-07
46	4.671097262183135e-02	1.311168014635291e-06	-2.539065843009817e-10	7.500000000000000e+03	2.000000000000000e+11	5.163977794943223e+03	-2.622335977955440e-06
47	4.798600501955518e-02	3.463363395492718e-06	-6.706775050598630e-10	7.500000000000000e+03	2.000000000000000e+11	5.163977794943223e+03	-6.926727139189771e-06
48	4.927288494393775e-02	9.024131160750240e-06	-1.747515588282331e-09	7.500000000000000e+03	2.000000000000000e+11	5.163977794943223e+03	-1.804826285495734e-05
49	5.056654022119794e-02	2.305418640982112e-05	-4.464424117764135e-09	7.500000000000000e+03	2.000000000000000e+11	5.163977794943223e+03	-4.610837342116411e-05
50	5.186098911490337e-02	5.741330433513464e-05	-1.111803870553184e-08	7.500000000000000e+03	2.000000000000000e+11	5.163977794943223e+03	-1.148266093338204e-04
51	5.315830011387857e-02	1.395646483406949e-04	-2.702657806937054e-08	7.500000000000000e+03	2.000000000000000e+11	5.163977794943223e+03	-2.791292973642239e-04
52	5.445715369621336e-02	3.307789032437170e-04	-6.405505929339760e-08	7.500000000000000e+03	2.000000000000000e+11	5.163977794943223e+03	-6.615578070885938e-04
53	5.575674377193163e-02	7.637915496526484e-04	-1.479075976909413e-07	7.500000000000000e+03	2.000000000000000e+11	5.163977794943223e+03	-1.527583099832065e-03
54	5.705966944102635e-02	1.721198972137268e-03	-3.333087478539744e-07	7.500000000000000e+03	2.000000000000000e+11	5.163977794943223e+03	-3.442397944915521e-03
55	5.836373182823471e-02	3.778799762805999e-03	-7.317614277133794e-07	7.500000000000000e+03	2.000000000000000e+11	5.163977794943223e+03	-7.557599526713840e-03
56	5.948730298715696e-02	7.207435139871888e-03	-1.395713813563843e-06	7.500000000000000e+03	2.000000000000000e+11	5.163977794943223e+03	-1.441487028121110e-02
57	6.052387148589575e-02	1.278948889334119e-02	-2.476673874818736e-06	7.500000000000000e+03	2.000000000000000e+11	5.163977794943223e+03	-2.557897778822113e-02
58	6.154555451728096e-02	2.214844890595968e-02	-4.289028688102839e-06	7.500000000000000e+03	2.000000000000000e+11	5.163977794943223e+03	-4.429689781319721e-02
59	6.255928200953441e-02	3.763824828833255e-02	-7.288615440220019e-06	7.500000000000000e+03	2.000000000000000e+11	5.163977794943223e+03	-7.527649657750905e-02
60	6.357466240250571e-02	6.310662636363801e-02	-1.222054564718941e-05	7.500000000000000e+03	2.000000000000000e+11	5.163977794943223e+03	-1.262132527278142e-01
61	6.458453731537397e-02	1.039894300547352e-01	-2.013746653927641e-05	7.500000000000000e+03	2.000000000000000e+11	5.163977794943223e+03	-2.079788601099707e-01
62	6.559836644096818e-02	1.691921217376301e-01	-3.276391349010439e-05	7.500000000000000e+03	2.000000000000000e+11	5.163977794943223e+03	-3.383842434759698e-01
63	6.660863892131054e-02	2.707109146368544e-01	-5.242294320147908e-05	7.500000000000000e+03	2.000000000000000e+11	5.163977794943223e+03	-5.414218292748620e-01
64	6.762143823488891e-02	4.270754294575735e-01	-8.270280129347696e-05	7.500000000000000e+03	2.000000000000000e+11	5.163977794943223e+03	-8.541508589166902e-01
65	6.863287605644972e-02	6.629018924736148e-01	-1.283703994862775e-04	7.500000000000000e+03	2.000000000000000e+11	5.163977794943223e+03	-1.325803784948743e+00
66	6.964394312058142e-02	1.012519102093101e+00	-1.960734810055029e-04	7.500000000000000e+03	2.000000000000000e+11	5.163977794943223e+03	-2.025038204182739e+00
67	7.065529451846579e-02	1.521775441428791e+00	-2.946905470634073e-04	7.500000000000000e+03	2.000000000000000e+11	5.163977794943223e+03	-3.043550882843897e+00
68	7.166606442759717e-02	2.249063187132887e+00	-4.355292134133460e-04	7.500000000000000e+03	2.000000000000000e+11	5.163977794943223e+03	-4.498126374248494e+00
69	7.267682603990387e-02	-1.449098175808050e+01	-4.072410984547691e-03	7.500000000000000e+03	2.000000000000000e+11	5.163977794943223e+03	-6.538858138006640e+00
70	7.366980464058344e-02	-2.064661722040596e+02	-4.178935389161877e-02	7.500000000000000e+03	2.000000000000000e+11	5.163977794943223e+03	-9.333123357283853e+00
71	7.461772947033748e-02	-4.745658224371480e+02	-9.441709988054094e-02	7.500000000000000e+03	2.000000000000000e+11	5.163977794943223e+03	-1.300198480890185e+01
72	7.552518148937544e-02	-6.648853527282379e+02	-1.321798924215285e-01	7.500000000000000e+03	2.000000000000000e+11	5.163977794943223e+03	-1.768867667451912e+01
73	7.640769419398903e-02	-7.519278186645512e+02	-1.501730683098269e-01	7.500000000000000e+03	2.000000000000000e+11	5.163977794943223e+03	-2.356257148588668e+01
74	7.727807600008051e-02	-7.775712851917872e+02	-1.565454670782575e-01	7.500000000000000e+03	2.000000000000000e+11	5.163977794943223e+03	-3.082603069934999e+01
75	7.814601087517199e-02	-7.760322805415462e+02	-1.579669438426450e-01	7.500000000000000e+03	2.000000000000000e+11	5.163977794943223e+03	-3.970550979691552e+01
76	7.901249350337487e-02	-7.620658267192496e+02	-1.573256945808263e-01	7.500000000000000e+03	2.000000000000000e+11	5.163977794943223e+03	-5.036056667015669e+01
77	7.988042884181143e-02	-7.419224125932417e+02	-1.558649636318080e-01	7.500000000000000e+03	2.000000000000000e+11	5.163977794943223e+03	-6.296079861104761e+01
78	8.075103062922025e-02	-7.185574470490139e+02	-1.541806698901440e-01	7.500000000000000e+03	2.000000000000000e+11	5.163977794943223e+03	-7.762810867316102e+01
79	8.162148212819199e-02	-6.932873224220698e+02	-1.525292740796317e-01	7.500000000000000e+03	2.000000000000000e+11	5.163977794943223e+03	-9.437046200395696e+01
80	8.249309289962045e-02	-6.665663206395440e+02	-1.510030392868220e-01	7.500000000000000e+03	2.000000000000000e+11	5.163977794943223e+03	-1.132100212065441e+02
81	8.336823862399946e-02	-6.385393485653015e+02	-1.496328168866351e-01	7.500000000000000e+03	2.000000000000000e+11	5.163977794943223e+03	-1.341611952320876e+02
82	8.424254840836146e-02	-6.094806993955816e+02	-1.484338301367764e-01	7.500000000000000e+03	2.000000000000000e+11	5.163977794943223e+03	-1.570283034491060e+02
83	8.511877410725928e-02	-5.794093222893856e+02	-1.473972859575138e-01	7.500000000000000e+03	2.000000000000000e+11	5.163977794943223e+03	-1.817469894301119e+02
84	8.599651694196361e-02	-5.484308496359316e+02	-1.465133938691872e-01	7.500000000000000e+03	2.000000000000000e+11	5.163977794943223e+03	-2.081610629663218e+02
85	8.687300021938613e-02	-5.167394130738088e+02	-1.457698312238006e-01	7.500000000000000e+03	2.000000000000000e+11	5.163977794943223e+03	-2.360127585385188e+02
86	8.775310519560560e-02	-4.842513397287460e+02	-1.451463695460021e-01	7.500000000000000e+03	2.000000000000000e+11	5.163977794943223e+03	-2.652812896234319e+02
87	8.863160655241052e-02	-4.512465158165585e+02	-1.446312088706750e-01	7.500000000000000e+03	2.000000000000000e+11	5.163977794943223e+03	-2.956258352474023e+02
88	8.951259471047580e-02	-4.176569232870311e+02	-1.442065252822359e-01	7.500000000000000e+03	2.000000000000000e+11	5.163977794943223e+03	-3.270223711563537e+02
89	9.039408314691859e-02	-3.836351921953732e+02	-1.438595278901040e-01	7.500000000000000e+03	2.000000000000000e+11	5.163977794943223e+03	-3.592522154201391e+02
90	9.127253165189250e-02	-3.493893816541609e+02	-1.435786300520861e-01	7.500000000000000e+03	2.000000000000000e+11	5.163977794943223e+03	-3.920474757631793e+02
91	9.215644497072191e-02	-3.146458651120906e+02	-1.433500326513370e-01	7.500000000000000e+03	2.000000000000000e+11	5.163977794943223e+03	-4.256105204037996e+02
92	9.303361150848691e-02	-2.799346287507431e+02	-1.431673079590090e-01	7.500000000000000e+03	2.000000000000000e+11	5.163977794943223e+03	-4.593781705113774e+02
93	9.391297514896793e-02	-2.449470429861527e+02	-1.430206163346744e-01	7.500000000000000e+03	2.000000000000000e+11	5.163977794943223e+03	-4.936082439852000e+02
94	9.478990176135016e-02	-2.099029267899305e+02	-1.429050891421872e-01	7.500000000000000e+03	2.000000000000000e+11	5.163977794943223e+03	-5.280557803247061e+02
95	9.566705721129046e-02	-1.747279336166373e+02	-1.428152558684068e-01	7.500000000000000e+03	2.000000000000000e+11	5.163977794943223e+03	-5.627668764669501e+02
96	9.653878102886709e-02	-1.396777256304851e+02	-1.427471816159819e-01	7.500000000000000e+03	2.000000000000000e+11	5.163977794943223e+03	-5.974655505251727e+02
97	9.741287187573458e-02	-1.044618061456114e+02	-1.426971393340748e-01	7.500000000000000e+03	2.000000000000000e+11	5.163977794943223e+03	-6.324230527774699e+02
98	9.828224826811245e-02	-6.938567625222727e+01	-1.426630409325648e-01	7.500000000000000e+03	2.000000000000000e+11	5.163977794943223e+03	-6.673230992826135e+02
99	9.914663745389572e-02	-3.447855442068171e+01	-1.426429988871590e-01	7.500000000000000e+03	2.000000000000000e+11	5.163977794943223e+03	-7.021267244367183e+02
100	1.000000000000000e-01	0.000000000000000e+00	-1.426360883336614e-01	7.500000000000000e+03	2.000000000000000e+11	5.163977794943223e+03	-7.365695929125874e+02
