0	0.000000000000000e+00	0.000000000000000e+00	-5.931855490131554e-14	7.500000000000000e+03	2.000000000000000e+11	5.163977794943223e+03	-3.063197003385139e-10
1	9.930541698771824e-04	2.192020972285605e-10	-6.657868425031274e-14	7.500000000000000e+03	2.000000000000000e+11	5.163977794943223e+03	-5.630129443137115e-10
2	1.993722553114193e-03	6.487947741566272e-10	-1.352814963297471e-13	7.500000000000000e+03	2.000000000000000e+11	5.163977794943223e+03	-1.347385417270134e-09
3	2.998838330181384e-03	1.628471677696134e-09	-3.191479921456333e-13	7.500000000000000e+03	2.000000000000000e+11	5.163977794943223e+03	-3.276544822436898e-09
4	4.002853180965742e-03	3.935940395337717e-09	-7.636371643811527e-13	7.500000000000000e+03	2.000000000000000e+11	5.163977794943223e+03	-7.879345755595398e-09
5	5.007440653550342e-03	9.366122889274026e-09	-1.814202841483776e-12	7.500000000000000e+03	2.000000000000000e+11	5.163977794943223e+03	-1.873462607821915e-08
6	6.014029709714204e-03	2.204756500274671e-08	-4.269503895312083e-12	7.500000000000000e+03	2.000000000000000e+11	5.163977794943223e+03	-4.409518831356190e-08
7	7.019666377960317e-03	5.121284784310776e-08	-9.917113322971554e-12	7.500000000000000e+03	2.000000000000000e+11	5.163977794943223e+03	-1.024246008328685e-07
8	8.026262177469568e-03	1.175848526301805e-07	-2.276989045253160e-11	7.500000000000000e+03	2.000000000000000e+11	5.163977794943223e+03	-2.351680613203433e-07
9	9.032143729643404e-03	2.664120737188476e-07	-5.159012629083583e-11	7.500000000000000e+03	2.000000000000000e+11	5.163977794943223e+03	-5.328223403230404e-07
10	1.004152742385017e-02	5.978283995111029e-07	-1.157686363464427e-10	7.500000000000000e+03	2.000000000000000e+11	5.163977794943223e+03	-1.195655066954990e-06
11	1.104806802773262e-02	1.320924236689475e-06	-2.557955904271463e-10	7.500000000000000e+03	2.000000000000000e+11	5.163977794943223e+03	-2.641846985699650e-06
12	1.205645127718487e-02	2.884970853222217e-06	-5.586719769205206e-10	7.500000000000000e+03	2.000000000000000e+11	5.163977794943223e+03	-5.769940536696818e-06
13	1.306525264227142e-02	6.219889948372140e-06	-1.204476342380798e-09	7.500000000000000e+03	2.000000000000000e+11	5.163977794943223e+03	-1.243977903496101e-05
14	1.407324996697837e-02	1.322087406659389e-05	-2.560211129124967e-09	7.500000000000000e+03	2.000000000000000e+11	5.163977794943223e+03	-2.644174748776173e-05
15	1.508194579236348e-02	2.773528534517488e-05	-5.370914806208863e-09	7.500000000000000e+03	2.000000000000000e+11	5.163977794943223e+03	-5.547057014296923e-05
16	1.608924470846413e-02	5.731895427377831e-05	-1.109976767091777e-08	7.500000000000000e+03	2.000000000000000e+11	5.163977794943223e+03	-1.146379080554263e-04
17	1.709976457529351e-02	1.170967570684504e-04	-2.267568943093733e-08	7.500000000000000e+03	2.000000000000000e+11	5.163977794943223e+03	-2.341935137748395e-04
18	1.810749627846318e-02	2.353313126300658e-04	-4.557171270938811e-08	7.500000000000000e+03	2.000000000000000e+11	5.163977794943223e+03	-4.706626251388779e-04
19	1.911546760411379e-02	4.662277792302221e-04	-9.028462125528085e-08	7.500000000000000e+03	2.000000000000000e+11	5.163977794943223e+03	-9.324555586173513e-04
20	2.012531525599201e-02	9.114631686488597e-04	-1.765040837155923e-07	7.500000000000000e+03	2.000000000000000e+11	5.163977794943223e+03	-1.822926337672978e-03
21	2.113307921377202e-02	1.752962478953508e-03	-3.394597244749674e-07	7.500000000000000e+03	2.000000000000000e+11	5.163977794943223e+03	-3.505924958419783e-03
22	2.214068954736190e-02	3.320383949309606e-03	-6.429895870634281e-07	7.500000000000000e+03	2.000000000000000e+11	5.163977794943223e+03	-6.640767899284861e-03
23	2.315009151391417e-02	6.200896859604854e-03	-1.200798513621696e-06	7.500000000000000e+03	2.000000000000000e+11	5.163977794943223e+03	-1.240179372014812e-02
24	2.415820248727494e-02	1.139118331110344e-02	-2.205893163125023e-06	7.500000000000000e+03	2.000000000000000e+11	5.163977794943223e+03	-2.278236662349813e-02
25	2.516472009366340e-02	2.057511949654612e-02	-3.984354758120222e-06	7.500000000000000e+03	2.000000000000000e+11	5.163977794943223e+03	-4.115023899465532e-02
26	2.617357019087356e-02	3.661923310590749e-02	-7.091283998816585e-06	7.500000000000000e+03	2.000000000000000e+11	5.163977794943223e+03	-7.323846621343252e-02
27	2.718233954016928e-02	6.410381126609893e-02	-1.241364967334528e-05	7.500000000000000e+03	2.000000000000000e+11	5.163977794943223e+03	-1.282076225334582e-01
28	2.818817278495620e-02	1.101574095592208e-01	-2.133189063430331e-05	7.500000000000000e+03	2.000000000000000e+11	5.163977794943223e+03	-2.203148191189204e-01
29	2.919596626806241e-02	1.862743728192298e-01	-3.607187718765152e-05	7.500000000000000e+03	2.000000000000000e+11	5.163977794943223e+03	-3.725487456381812e-01
30	3.020473345555742e-02	3.096560194640908e-01	-5.996463032174135e-05	7.500000000000000e+03	2.000000000000000e+11	5.163977794943223e+03	-6.193120389275422e-01
31	3.121204001033996e-02	5.051956826143187e-01	-9.783072326693243e-05	7.500000000000000e+03	2.000000000000000e+11	5.163977794943223e+03	-1.010391365227993e+00
32	3.221777166233480e-02	8.085697402926499e-01	-1.565788569199606e-04	7.500000000000000e+03	2.000000000000000e+11	5.163977794943223e+03	-1.617139480584918e+00
33	3.322563951361318e-02	1.271283394318472e+00	-2.461829707252668e-04	7.500000000000000e+03	2.000000000000000e+11	5.163977794943223e+03	-2.542566788636907e+00
34	3.423326686754377e-02	1.960423623953855e+00	-3.796344023542896e-04	7.500000000000000e+03	2.000000000000000e+11	5.163977794943223e+03	-3.920847247907947e+00
35	3.523836313798473e-02	2.961102803355618e+00	-5.734150921903053e-04	7.500000000000000e+03	2.000000000000000e+11	5.163977794943223e+03	-5.922205606711676e+00
36	3.624443785852272e-02	4.385818763375670e+00	-8.493101515020219e-04	7.500000000000000e+03	2.000000000000000e+11	5.163977794943223e+03	-8.771637526751975e+00
37	3.725093801029163e-02	6.366386341378646e+00	-1.232845413784254e-03	7.500000000000000e+03	2.000000000000000e+11	5.163977794943223e+03	-1.273277268275812e+01
38	3.825605731984172e-02	9.048902826836963e+00	-1.752312497489651e-03	7.500000000000000e+03	2.000000000000000e+11	5.163977794943223e+03	-1.809780565367502e+01
39	3.925992996444476e-02	1.259397907118146e+01	-2.438813560258800e-03	7.500000000000000e+03	2.000000000000000e+11	5.163977794943223e+03	-2.518795814236433e+01
40	4.026314312374978e-02	1.716770561861211e+01	-3.324511897674093e-03	7.500000000000000e+03	2.000000000000000e+11	5.163977794943223e+03	-3.433541123722568e+01
41	4.126531476709492e-02	2.292395665626803e+01	-4.439205117945579e-03	7.500000000000000e+03	2.000000000000000e+11	5.163977794943223e+03	-4.584791331253732e+01
42	4.226582530511565e-02	2.999163318875422e+01	-5.807854793280519e-03	7.500000000000000e+03	2.000000000000000e+11	5.163977794943223e+03	-5.998326637750938e+01
43	4.326559813473446e-02	3.847738333050452e+01	-7.451113242234275e-03	7.500000000000000e+03	2.000000000000000e+11	5.163977794943223e+03	-7.695476666100971e+01
44	4.426268032567703e-02	4.842075833920661e+01	-9.376639532924176e-03	7.500000000000000e+03	2.000000000000000e+11	5.163977794943223e+03	-9.684151667841385e+01
45	4.540700439834382e-02	6.167356532171209e+01	-1.194303456961144e-02	7.500000000000000e+03	2.000000000000000e+11	5.163977794943223e+03	-1.233471306434249e+02
46	4.664793312010351e-02	7.820670547490435e+01	-1.514466339330285e-02	7.500000000000000e+03	2.000000000000000e+11	5.163977794943223e+03	-1.564134109498098e+02
47	4.790147969785691e-02	9.704263184205736e+01	-1.879222484982156e-02	7.500000000000000e+03	2.000000000000000e+11	5.163977794943223e+03	-1.940852636841161e+02
48	4.916182301803414e-02	1.179249068900679e+02	-2.283606002441495e-02	7.500000000000000e+03	2.000000000000000e+11	5.163977794943223e+03	-2.358498137801373e+02
49	5.042348789817750e-02	1.405230422497430e+02	-2.721217011958308e-02	7.500000000000000e+03	2.000000000000000e+11	5.163977794943223e+03	-2.810460844994874e+02
50	5.168026289794166e-02	1.644517113686555e+02	-3.184593696930586e-02	7.500000000000000e+03	2.000000000000000e+11	5.163977794943223e+03	-3.289034227373124e+02
51	5.293387180753120e-02	1.894773534298707e+02	-3.669213171586739e-02	7.500000000000000e+03	2.000000000000000e+11	5.163977794943223e+03	-3.789547068597418e+02
52	5.418281409628671e-02	2.153355151610243e+02	-4.169954320328184e-02	7.500000000000000e+03	2.000000000000000e+11	5.163977794943223e+03	-4.306710303220473e+02
53	5.542615966020104e-02	2.418074413313563e+02	-4.682580966326803e-02	7.500000000000000e+03	2.000000000000000e+11	5.163977794943223e+03	-4.836148826627102e+02
54	5.666627266701156e-02	2.687828725394339e+02	-5.204957945455043e-02	7.500000000000000e+03	2.000000000000000e+11	5.163977794943223e+03	-5.375657450788653e+02
55	5.790097137927464e-02	2.960881557982088e+02	-5.733722482078591e-02	7.500000000000000e+03	2.000000000000000e+11	5.163977794943223e+03	-5.921763115964147e+02
56	5.895954797288232e-02	3.197850961391526e+02	-6.192611758561312e-02	7.500000000000000e+03	2.000000000000000e+11	5.163977794943223e+03	-6.395701922783018e+02
57	5.993185504309258e-02	3.417406399769229e+02	-6.617779036764372e-02	7.500000000000000e+03	2.000000000000000e+11	5.163977794943223e+03	-6.834812799538425e+02
58	6.088616428791720e-02	3.634369824389788e+02	-7.037926901910153e-02	7.500000000000000e+03	2.000000000000000e+11	5.163977794943223e+03	-7.268739648779546e+02
59	6.182909220463687e-02	3.849964706216928e+02	-7.455424595332190e-02	7.500000000000000e+03	2.000000000000000e+11	5.163977794943223e+03	-7.699929412433827e+02
60	6.276962647358400e-02	4.066053761491216e+02	-7.873879251519705e-02	7.500000000000000e+03	2.000000000000000e+11	5.163977794943223e+03	-8.132107522982408e+02
61	6.370117587978850e-02	4.280973602225361e+02	-8.290069733486162e-02	7.500000000000000e+03	2.000000000000000e+11	5.163977794943223e+03	-8.561947204450703e+02
62	6.463249610238131e-02	4.496625396903337e+02	-8.707677638169968e-02	7.500000000000000e+03	2.000000000000000e+11	5.163977794943223e+03	-8.993250793806674e+02
63	6.555670946625815e-02	4.711322395734778e+02	-9.123436588647421e-02	7.500000000000000e+03	2.000000000000000e+11	5.163977794943223e+03	-9.422644791469561e+02
64	6.647941539168982e-02	4.926286226936194e+02	-9.539712257787447e-02	7.500000000000000e+03	2.000000000000000e+11	5.163977794943223e+03	-9.852572453872400e+02
65	6.739709785082301e-02	5.140634233639274e+02	-9.954795387914328e-02	7.500000000000000e+03	2.000000000000000e+11	5.163977794943223e+03	-1.028126846727856e+03
66	6.831070434279987e-02	5.354531301045273e+02	-1.036900527784733e-01	7.500000000000000e+03	2.000000000000000e+11	5.163977794943223e+03	-1.070906260209054e+03
67	6.922087363311637e-02	5.568077827915009e+02	-1.078253634895078e-01	7.500000000000000e+03	2.000000000000000e+11	5.163977794943223e+03	-1.113615565583001e+03
68	7.012688381931249e-02	5.781057796394178e+02	-1.119497028444859e-01	7.500000000000000e+03	2.000000000000000e+11	5.163977794943223e+03	-1.156211559278835e+03
69	7.103011045830751e-02	5.993748176542312e+02	-1.160684343455474e-01	7.500000000000000e+03	2.000000000000000e+11	5.163977794943223e+03	-1.198749635308463e+03
70	7.192929832356736e-02	6.205804889965717e+02	-1.201748949432492e-01	7.500000000000000e+03	2.000000000000000e+11	5.163977794943223e+03	-1.241160977993145e+03
71	7.282348201536548e-02	6.416945957414870e+02	-1.242636241329044e-01	7.500000000000000e+03	2.000000000000000e+11	5.163977794943223e+03	-1.283389191482976e+03
72	7.371572709382745e-02	6.627831429654643e+02	-1.283474037426130e-01	7.500000000000000e+03	2.000000000000000e+11	5.163977794943223e+03	-1.325566285930930e+03
73	7.460435972388292e-02	6.837978261397134e+02	-1.324168796405976e-01	7.500000000000000e+03	2.000000000000000e+11	5.163977794943223e+03	-1.367595652279429e+03
74	7.548802309407400e-02	7.046923326053292e+02	-1.364630834190253e-01	7.500000000000000e+03	2.000000000000000e+11	5.163977794943223e+03	-1.409384665210660e+03
75	7.636990981744463e-02	7.255159674853006e+02	-1.404955629739069e-01	7.500000000000000e+03	2.000000000000000e+11	5.163977794943223e+03	-1.451031934970603e+03
76	7.724681782038316e-02	7.461416106610110e+02	-1.444897016001239e-01	7.500000000000000e+03	2.000000000000000e+11	5.163977794943223e+03	-1.492283221322023e+03
77	7.812043105055710e-02	7.665036451922311e+02	-1.484327926318393e-01	7.500000000000000e+03	2.000000000000000e+11	5.163977794943223e+03	-1.533007290384462e+03
78	7.899237051507825e-02	7.864172231267838e+02	-1.522890404170353e-01	7.500000000000000e+03	2.000000000000000e+11	5.163977794943223e+03	-1.572834446253565e+03
79	7.985976646212338e-02	8.053422418115914e+02	-1.559538545266815e-01	7.500000000000000e+03	2.000000000000000e+11	5.163977794943223e+03	-1.610684483623180e+03
80	8.072320467249690e-02	8.222427429806525e+02	-1.592266225051986e-01	7.500000000000000e+03	2.000000000000000e+11	5.163977794943223e+03	-1.644485485961305e+03
81	8.158658421256779e-02	8.347382619675923e+02	-1.616463693521307e-01	7.500000000000000e+03	2.000000000000000e+11	5.163977794943223e+03	-1.669476523935186e+03
82	8.244756298125255e-02	8.382359879641747e+02	-1.623237010788487e-01	7.500000000000000e+03	2.000000000000000e+11	5.163977794943223e+03	-1.676471975928351e+03
83	8.330955154723275e-02	8.247963571174082e+02	-1.597211277564131e-01	7.500000000000000e+03	2.000000000000000e+11	5.163977794943223e+03	-1.649592714234815e+03
84	8.417821754094522e-02	7.726776380870042e+02	-1.496283812148920e-01	7.500000000000000e+03	2.000000000000000e+11	5.163977794943223e+03	-1.545355276174006e+03
85	8.506111968842710e-02	6.422934448752145e+02	-1.243795907689948e-01	7.500000000000000e+03	2.000000000000000e+11	5.163977794943223e+03	-1.284586889750429e+03
86	8.597879531747854e-02	4.061622817212400e+02	-7.865298764819779e-02	7.500000000000000e+03	2.000000000000000e+11	5.163977794943223e+03	-8.123245634424770e+02
87	8.694139646928344e-02	1.354093848114508e+02	-2.622191461474683e-02	7.500000000000000e+03	2.000000000000000e+11	5.163977794943223e+03	-2.708187696229006e+02
88	8.794358508740938e-02	-6.812342859997545e-12	1.543647896248876e-15	7.500000000000000e+03	2.000000000000000e+11	5.163977794943223e+03	1.478370631943756e-11
89	8.895583805775099e-02	-6.808534228013852e-12	1.544385434661111e-15	7.500000000000000e+03	2.000000000000000e+11	5.163977794943223e+03	1.478370631943757e-11
90	8.996510275800994e-02	-4.689673337801908e-12	1.115345515471380e-15	7.500000000000000e+03	2.000000000000000e+11	5.163977794943223e+03	1.044929281338561e-11
91	9.097931733690942e-02	-1.552497847697932e-12	4.688156801489204e-16	7.500000000000000e+03	2.000000000000000e+11	5.163977794943223e+03	3.973451609908161e-12
92	9.198668147030330e-02	1.400556541627354e-13	8.809744545831118e-17	7.500000000000000e+03	2.000000000000000e+11	5.163977794943223e+03	3.148775979752051e-13
93	9.299725247567066e-02	-1.457729552541518e-14	5.815290351245394e-17	7.500000000000000e+03	2.000000000000000e+11	5.163977794943223e+03	3.148775979752031e-13
94	9.400355388182130e-02	-1.644948130326702e-13	2.850183139486383e-17	7.500000000000000e+03	2.000000000000000e+11	5.163977794943223e+03	3.116776374709626e-13
95	9.501110709872372e-02	-2.774927407322440e-13	-1.473466100287612e-18	7.500000000000000e+03	2.000000000000000e+11	5.163977794943223e+03	2.698837945087572e-13
96	9.601262656813500e-02	-3.031895162422953e-13	-3.902790614960206e-17	7.500000000000000e+03	2.000000000000000e+11	5.163977794943223e+03	1.016502755026221e-13
97	9.701730156323951e-02	-2.242247816888284e-13	-8.994556210395046e-17	7.500000000000000e+03	2.000000000000000e+11	5.163977794943223e+03	-2.402521037696585e-13
98	9.801714164386945e-02	-9.139640737943006e-14	-1.467760928566176e-16	7.500000000000000e+03	2.000000000000000e+11	5.163977794943223e+03	-6.665520769606679e-13
99	9.901272253476483e-02	1.078017033499774e-15	-1.897770607011459e-16	7.500000000000000e+03	2.000000000000000e+11	5.163977794943223e+03	-9.810825444838093e-13
100	1.000000000000000e-01	0.000000000000000e+00	-2.026211588964859e-16	7.500000000000000e+03	2.000000000000000e+11	5.163977794943223e+03	-1.046331165327116e-12
