0	0.000000000000000e+00	0.000000000000000e+00	2.851504341205551e-15	7.500000000000000e+03	2.000000000000000e+11	5.163977794943223e+03	1.472510510016967e-11
1	9.810536154644981e-04	-2.432035443544067e+02	-4.709616385115919e-02	7.500000000000000e+03	2.000000000000000e+11	5.163977794943223e+03	1.298872120969463e-11
2	1.906730416142678e-03	-6.241914343837967e+02	-1.208741515106868e-01	7.500000000000000e+03	2.000000000000000e+11	5.163977794943223e+03	7.048583938740194e-12
3	2.776593251738946e-03	-8.804905650637459e+02	-1.705062647492322e-01	7.500000000000000e+03	2.000000000000000e+11	5.163977794943223e+03	4.547473508864641e-13
4	3.615280130669251e-03	-9.813514477739571e+02	-1.900378907002540e-01	7.500000000000000e+03	2.000000000000000e+11	5.163977794943223e+03	-1.705302565824240e-12
5	4.443945362115094e-03	-1.003141209104688e+03	-1.942574598378416e-01	7.500000000000000e+03	2.000000000000000e+11	5.163977794943223e+03	-1.250555214937776e-12
6	5.272113548352525e-03	-9.941142909047924e+02	-1.925094046450526e-01	7.500000000000000e+03	2.000000000000000e+11	5.163977794943223e+03	7.958078640513122e-13
7	6.102570053415969e-03	-9.715936328662640e+02	-1.881482979686096e-01	7.500000000000000e+03	2.000000000000000e+11	5.163977794943223e+03	2.842170943040401e-12
8	6.936047514535229e-03	-9.437827707461122e+02	-1.827627476768586e-01	7.500000000000000e+03	2.000000000000000e+11	5.163977794943223e+03	3.183231456205249e-12
9	7.775154217901652e-03	-9.137319838161691e+02	-1.769434378108538e-01	7.500000000000000e+03	2.000000000000000e+11	5.163977794943223e+03	3.183231456205249e-12
10	8.619671158595407e-03	-8.826252830331429e+02	-1.709196511064479e-01	7.500000000000000e+03	2.000000000000000e+11	5.163977794943223e+03	3.183231456205249e-12
11	9.468032181150703e-03	-8.509874117187451e+02	-1.647930036709422e-01	7.500000000000000e+03	2.000000000000000e+11	5.163977794943223e+03	2.842170943040401e-12
12	1.032207693165754e-02	-8.189542166001944e+02	-1.585898021099443e-01	7.500000000000000e+03	2.000000000000000e+11	5.163977794943223e+03	2.387423592153937e-12
13	1.118223042072956e-02	-7.866093255569682e+02	-1.523262408926789e-01	7.500000000000000e+03	2.000000000000000e+11	5.163977794943223e+03	1.932676241267473e-12
14	1.204717728901704e-02	-7.540582466921933e+02	-1.460227515754613e-01	7.500000000000000e+03	2.000000000000000e+11	5.163977794943223e+03	7.958078640513122e-13
15	1.291713472118946e-02	-7.213294726718128e+02	-1.396848517393254e-01	7.500000000000000e+03	2.000000000000000e+11	5.163977794943223e+03	3.410605131648481e-13
16	1.379352938843185e-02	-6.883972970856029e+02	-1.333075633593369e-01	7.500000000000000e+03	2.000000000000000e+11	5.163977794943223e+03	3.410605131648481e-13
17	1.467576968099643e-02	-6.553084073462801e+02	-1.268999274140925e-01	7.500000000000000e+03	2.000000000000000e+11	5.163977794943223e+03	-1.136868377216160e-13
18	1.556213517155130e-02	-6.221505843740553e+02	-1.204789426056966e-01	7.500000000000000e+03	2.000000000000000e+11	5.163977794943223e+03	-7.958078640513122e-13
19	1.645513655302428e-02	-5.888538922754602e+02	-1.140310659066139e-01	7.500000000000000e+03	2.000000000000000e+11	5.163977794943223e+03	-9.094947017729282e-13
20	1.735457708646648e-02	-5.554518683451402e+02	-1.075627917860262e-01	7.500000000000000e+03	2.000000000000000e+11	5.163977794943223e+03	-5.684341886080801e-13
21	1.825876236146994e-02	-5.220361673632998e+02	-1.010918691158006e-01	7.500000000000000e+03	2.000000000000000e+11	5.163977794943223e+03	-7.958078640513122e-13
22	1.916882297703529e-02	-4.885978798890108e+02	-9.461657259011977e-02	7.500000000000000e+03	2.000000000000000e+11	5.163977794943223e+03	-1.250555214937776e-12
23	2.008566908299132e-02	-4.551433157361581e+02	-8.813812409918849e-02	7.500000000000000e+03	2.000000000000000e+11	5.163977794943223e+03	-1.421085471520200e-12
24	2.100825069454104e-02	-4.217594845684539e+02	-8.167337299193253e-02	7.500000000000000e+03	2.000000000000000e+11	5.163977794943223e+03	-1.193711796076968e-12
25	2.193567954062171e-02	-3.885389725201658e+02	-7.524024849615739e-02	7.500000000000000e+03	2.000000000000000e+11	5.163977794943223e+03	-1.193711796076968e-12
26	2.287002538735814e-02	-3.554862704231513e+02	-6.883962025771277e-02	7.500000000000000e+03	2.000000000000000e+11	5.163977794943223e+03	-1.080024958355352e-12
27	2.381083852162078e-02	-3.227206119134305e+02	-6.249457777092932e-02	7.500000000000000e+03	2.000000000000000e+11	5.163977794943223e+03	-8.526512829121202e-13
28	2.475618553257479e-02	-2.904408986320863e+02	-5.624363817297941e-02	7.500000000000000e+03	2.000000000000000e+11	5.163977794943223e+03	-3.979039320256561e-13
29	2.570769495158556e-02	-2.587592825329274e+02	-5.010851959633036e-02	7.500000000000000e+03	2.000000000000000e+11	5.163977794943223e+03	1.136868377216160e-13
30	2.666590303682964e-02	-2.278697664678637e+02	-4.412679053171033e-02	7.500000000000000e+03	2.000000000000000e+11	5.163977794943223e+03	7.389644451905042e-13
31	2.762932633804157e-02	-1.980733244815034e+02	-3.835673435223977e-02	7.500000000000000e+03	2.000000000000000e+11	5.163977794943223e+03	1.307398633798584e-12
32	2.859681235118864e-02	-1.696908650782961e+02	-3.286049472258828e-02	7.500000000000000e+03	2.000000000000000e+11	5.163977794943223e+03	1.278976924368180e-12
33	2.957068387423133e-02	-1.429671086057845e+02	-2.768546153428132e-02	7.500000000000000e+03	2.000000000000000e+11	5.163977794943223e+03	1.080024958355352e-12
34	3.054965674463393e-02	-1.182571124506174e+02	-2.290039135459074e-02	7.500000000000000e+03	2.000000000000000e+11	5.163977794943223e+03	1.108446667785756e-12
35	3.153193373990003e-02	-9.589177440761549e+01	-1.856936226594838e-02	7.500000000000000e+03	2.000000000000000e+11	5.163977794943223e+03	1.477928890381008e-12
36	3.251818987575589e-02	-7.608002516591333e+01	-1.473283352233085e-02	7.500000000000000e+03	2.000000000000000e+11	5.163977794943223e+03	1.648459146963432e-12
37	3.350863103352580e-02	-5.895844967597877e+01	-1.141725468566343e-02	7.500000000000000e+03	2.000000000000000e+11	5.163977794943223e+03	1.371347480016993e-12
38	3.450184439594382e-02	-4.457903225708300e+01	-8.632692476086052e-03	7.500000000000000e+03	2.000000000000000e+11	5.163977794943223e+03	1.200817223434569e-12
39	3.549705153164529e-02	-3.285620928445346e+01	-6.362577568909659e-03	7.500000000000000e+03	2.000000000000000e+11	5.163977794943223e+03	1.421085471520200e-13
40	3.649385432909007e-02	-2.358789426311032e+01	-4.567776082656507e-03	7.500000000000000e+03	2.000000000000000e+11	5.163977794943223e+03	-6.181721801112872e-13
41	3.749236043261659e-02	-1.648464220148967e+01	-3.192237235728060e-03	7.500000000000000e+03	2.000000000000000e+11	5.163977794943223e+03	-9.663381206337363e-13
42	3.849247080656512e-02	-1.121138546639427e+01	-2.171075459963018e-03	7.500000000000000e+03	2.000000000000000e+11	5.163977794943223e+03	-9.006129175759270e-13
43	3.949330684313725e-02	-7.421837206838361e+00	-1.437232595017479e-03	7.500000000000000e+03	2.000000000000000e+11	5.163977794943223e+03	-5.258016244624741e-13
44	4.049392825614571e-02	-4.781180018320646e+00	-9.258715293088059e-04	7.500000000000000e+03	2.000000000000000e+11	5.163977794943223e+03	-1.501021529293212e-13
45	4.164383818314817e-02	-2.778866604384401e+00	-5.381252040056317e-04	7.500000000000000e+03	2.000000000000000e+11	5.163977794943223e+03	2.664535259100376e-14
46	4.289268434959543e-02	-1.472612885815933e+00	-2.851702591087840e-04	7.500000000000000e+03	2.000000000000000e+11	5.163977794943223e+03	-3.264055692397960e-14
47	4.415853273772874e-02	-7.380669529336896e-01	-1.429260508549805e-04	7.500000000000000e+03	2.000000000000000e+11	5.163977794943223e+03	-3.553823901825126e-13
48	4.543685313493306e-02	-3.500345748737936e-01	-6.778390395429229e-05	7.500000000000000e+03	2.000000000000000e+11	5.163977794943223e+03	-7.359113318727850e-13
49	4.672245450109615e-02	-1.573748033548357e-01	-3.047549962546556e-05	7.500000000000000e+03	2.000000000000000e+11	5.163977794943223e+03	-8.689160502228788e-13
50	4.800903605842734e-02	-6.731219567934528e-02	-1.303495064329854e-05	7.500000000000000e+03	2.000000000000000e+11	5.163977794943223e+03	-8.292533326681450e-13
51	4.929898021711718e-02	-2.732415678895089e-02	-5.291300209762332e-06	7.500000000000000e+03	2.000000000000000e+11	5.163977794943223e+03	-6.402101071500965e-13
52	5.059108060336810e-02	-1.052833561563185e-02	-2.038803425183888e-06	7.500000000000000e+03	2.000000000000000e+11	5.163977794943223e+03	-2.719369868176003e-13
53	5.188396778259791e-02	-3.851763937360633e-03	-7.458908791152901e-07	7.500000000000000e+03	2.000000000000000e+11	5.163977794943223e+03	1.585953590677036e-13
54	5.318057055398997e-02	-1.333949140768404e-03	-2.583181402642032e-07	7.500000000000000e+03	2.000000000000000e+11	5.163977794943223e+03	4.130300702148704e-13
55	5.447865768472303e-02	-4.434128665172762e-04	-8.586653228488461e-08	7.500000000000000e+03	2.000000000000000e+11	5.163977794943223e+03	4.693567041101632e-13
56	5.559875871807660e-02	-1.711828257281352e-04	-3.314941155603392e-08	7.500000000000000e+03	2.000000000000000e+11	5.163977794943223e+03	5.373417639661926e-13
57	5.663290786043385e-02	-7.026425449110496e-05	-1.360661423200142e-08	7.500000000000000e+03	2.000000000000000e+11	5.163977794943223e+03	7.326912107629216e-13
58	5.765231174490043e-02	-2.864951900301592e-05	-5.547955288509358e-09	7.500000000000000e+03	2.000000000000000e+11	5.163977794943223e+03	1.085815780414419e-12
59	5.866389549384148e-02	-1.153284880760459e-05	-2.233326263494871e-09	7.500000000000000e+03	2.000000000000000e+11	5.163977794943223e+03	1.574053563814688e-12
60	5.967740600869154e-02	-4.540490317351731e-06	-8.792617570734000e-10	7.500000000000000e+03	2.000000000000000e+11	5.163977794943223e+03	2.127881930479426e-12
61	6.068567443386431e-02	-1.762206574498810e-06	-3.412493287850516e-10	7.500000000000000e+03	2.000000000000000e+11	5.163977794943223e+03	2.618113523981930e-12
62	6.169739592831758e-02	-6.681631290662500e-07	-1.293886722730160e-10	7.500000000000000e+03	2.000000000000000e+11	5.163977794943223e+03	2.898531209331776e-12
63	6.270532370806595e-02	-2.495820147169772e-07	-4.833078968955896e-11	7.500000000000000e+03	2.000000000000000e+11	5.163977794943223e+03	2.889948023889259e-12
64	6.371589404499010e-02	-9.119755287427820e-08	-1.765982052340185e-11	7.500000000000000e+03	2.000000000000000e+11	5.163977794943223e+03	2.631828748458884e-12
65	6.472517701481595e-02	-3.276074485332323e-08	-6.343686222949272e-12	7.500000000000000e+03	2.000000000000000e+11	5.163977794943223e+03	2.090059925944379e-12
66	6.573432794713309e-02	-1.155730809705637e-08	-2.237804639186189e-12	7.500000000000000e+03	2.000000000000000e+11	5.163977794943223e+03	1.334630877961005e-12
67	6.674371674568844e-02	-4.003432491945535e-09	-7.751709143064050e-13	7.500000000000000e+03	2.000000000000000e+11	5.163977794943223e+03	4.671031814234954e-13
68	6.775234385461930e-02	-1.363429243244001e-09	-2.641023899753327e-13	7.500000000000000e+03	2.000000000000000e+11	5.163977794943223e+03	-3.896341800522166e-13
69	6.876185756688903e-02	-4.552214749702753e-10	-8.835907632828224e-14	7.500000000000000e+03	2.000000000000000e+11	5.163977794943223e+03	-1.062833170667543e-12
70	6.977109618316278e-02	-1.489162161009066e-10	-2.910290833177240e-14	7.500000000000000e+03	2.000000000000000e+11	5.163977794943223e+03	-1.370556292634169e-12
71	7.077930204657376e-02	-4.758958507605714e-11	-9.473086732758177e-15	7.500000000000000e+03	2.000000000000000e+11	5.163977794943223e+03	-1.329224461477331e-12
72	7.178908450033256e-02	-1.481259613198631e-11	-3.080243654650176e-15	7.500000000000000e+03	2.000000000000000e+11	5.163977794943223e+03	-1.093713703641958e-12
73	7.279842654776353e-02	-4.738948315729937e-12	-1.060551348656273e-15	7.500000000000000e+03	2.000000000000000e+11	5.163977794943223e+03	-7.377152991281467e-13
74	7.380625162368437e-02	-1.917751419666171e-12	-4.457431341376971e-16	7.500000000000000e+03	2.000000000000000e+11	5.163977794943223e+03	-3.840562272692946e-13
75	7.481651928908087e-02	-1.168204784384888e-12	-2.549754732908982e-16	7.500000000000000e+03	2.000000000000000e+11	5.163977794943223e+03	-1.484828979444496e-13
76	7.582543169955328e-02	-7.741660231586639e-13	-1.683230772506390e-16	7.500000000000000e+03	2.000000000000000e+11	5.163977794943223e+03	-9.505061014014866e-14
77	7.683371302351591e-02	-3.096095748900979e-13	-8.241467572272162e-17	7.500000000000000e+03	2.000000000000000e+11	5.163977794943223e+03	-1.159779805194829e-13
78	7.784391102798875e-02	2.275384279392456e-13	5.387799797707291e-18	7.500000000000000e+03	2.000000000000000e+11	5.163977794943223e+03	-1.997159494202856e-13
79	7.885299059735681e-02	6.949017648701745e-13	7.036120401481982e-17	7.500000000000000e+03	2.000000000000000e+11	5.163977794943223e+03	-3.315580697121750e-13
80	7.986156343744005e-02	9.842233889214711e-13	9.938347382351375e-17	7.500000000000000e+03	2.000000000000000e+11	5.163977794943223e+03	-4.710093369125250e-13
81	8.087209012828826e-02	1.053934906105105e-12	1.021555636693261e-16	7.500000000000000e+03	2.000000000000000e+11	5.163977794943223e+03	-5.264058436867966e-13
82	8.188109294663176e-02	9.480166077059496e-13	9.426370325555710e-17	7.500000000000000e+03	2.000000000000000e+11	5.163977794943223e+03	-4.612409372251356e-13
83	8.289045323239412e-02	7.233084213550224e-13	1.024850314127516e-16	7.500000000000000e+03	2.000000000000000e+11	5.163977794943223e+03	-1.940779948255144e-13
84	8.390144320051482e-02	4.759761741977600e-13	1.391390197928413e-16	7.500000000000000e+03	2.000000000000000e+11	5.163977794943223e+03	2.425346344226378e-13
85	8.491041355611771e-02	2.875350915798426e-13	1.907020432156305e-16	7.500000000000000e+03	2.000000000000000e+11	5.163977794943223e+03	6.972460250359761e-13
86	8.592151433967460e-02	2.576671721599926e-13	2.429122248723886e-16	7.500000000000000e+03	2.000000000000000e+11	5.163977794943223e+03	9.967261632012768e-13
87	8.693130667173044e-02	3.560455912975443e-13	2.729499575486336e-16	7.500000000000000e+03	2.000000000000000e+11	5.163977794943223e+03	1.053461928614295e-12
88	8.794358508740938e-02	4.538706883027923e-13	2.811801777455059e-16	7.500000000000000e+03	2.000000000000000e+11	5.163977794943223e+03	9.981375059531888e-13
89	8.895583805775099e-02	5.297320012374184e-13	2.653735141114692e-16	7.500000000000000e+03	2.000000000000000e+11	5.163977794943223e+03	8.406509330002605e-13
90	8.996510275800994e-02	5.475356892776309e-13	2.130940738924309e-16	7.500000000000000e+03	2.000000000000000e+11	5.163977794943223e+03	5.528773765368725e-13
91	9.097931733690942e-02	5.496935195426937e-13	1.249012706305373e-16	7.500000000000000e+03	2.000000000000000e+11	5.163977794943223e+03	9.529386855359509e-14
92	9.198668147030330e-02	6.055044780261000e-13	1.847292548661376e-17	7.500000000000000e+03	2.000000000000000e+11	5.163977794943223e+03	-5.101107010055858e-13
93	9.299725247567066e-02	7.303797013448431e-13	-8.256550674330000e-17	7.500000000000000e+03	2.000000000000000e+11	5.163977794943223e+03	-1.156746144795479e-12
94	9.400355388182130e-02	8.640395776098108e-13	-1.543011497489914e-16	7.500000000000000e+03	2.000000000000000e+11	5.163977794943223e+03	-1.660847288647811e-12
95	9.501110709872372e-02	9.074175824501985e-13	-1.865422307139512e-16	7.500000000000000e+03	2.000000000000000e+11	5.163977794943223e+03	-1.870717519676218e-12
96	9.601262656813500e-02	8.454407036632178e-13	-1.957262773694111e-16	7.500000000000000e+03	2.000000000000000e+11	5.163977794943223e+03	-1.856166853885755e-12
97	9.701730156323951e-02	7.073176345952559e-13	-2.025811227551135e-16	7.500000000000000e+03	2.000000000000000e+11	5.163977794943223e+03	-1.753442054177329e-12
98	9.801714164386945e-02	4.999029512158489e-13	-2.100608165281837e-16	7.500000000000000e+03	2.000000000000000e+11	5.163977794943223e+03	-1.584652343355032e-12
99	9.901272253476483e-02	2.549811695695032e-13	-2.168459284966395e-16	7.500000000000000e+03	2.000000000000000e+11	5.163977794943223e+03	-1.374768729249995e-12
100	1.000000000000000e-01	0.000000000000000e+00	-2.204530272819262e-16	7.500000000000000e+03	2.000000000000000e+11	5.163977794943223e+03	-1.138414537711879e-12
