0	0.000000000000000e+00	0.000000000000000e+00	0.000000000000000e+00	7.500000000000000e+03	2.000000000000000e+11	5.163977794943223e+03	0.000000000000000e+00
1	1.000000000000000e-03	0.000000000000000e+00	0.000000000000000e+00	7.500000000000000e+03	2.000000000000000e+11	5.163977794943223e+03	0.000000000000000e+00
2	2.000000000000000e-03	0.000000000000000e+00	0.000000000000000e+00	7.500000000000000e+03	2.000000000000000e+11	5.163977794943223e+03	0.000000000000000e+00
3	3.000000000000000e-03	0.000000000000000e+00	0.000000000000000e+00	7.500000000000000e+03	2.000000000000000e+11	5.163977794943223e+03	0.000000000000000e+00
4	4.000000000000000e-03	0.000000000000000e+00	0.000000000000000e+00	7.500000000000000e+03	2.000000000000000e+11	5.163977794943223e+03	0.000000000000000e+00
5	5.000000000000000e-03	0.000000000000000e+00	0.000000000000000e+00	7.500000000000000e+03	2.000000000000000e+11	5.163977794943223e+03	0.000000000000000e+00
6	6.000000000000000e-03	0.000000000000000e+00	0.000000000000000e+00	7.500000000000000e+03	2.000000000000000e+11	5.163977794943223e+03	0.000000000000000e+00
7	7.000000000000000e-03	0.000000000000000e+00	0.000000000000000e+00	7.500000000000000e+03	2.000000000000000e+11	5.163977794943223e+03	0.000000000000000e+00
8	8.000000000000000e-03	0.000000000000000e+00	0.000000000000000e+00	7.500000000000000e+03	2.000000000000000e+11	5.163977794943223e+03	0.000000000000000e+00
9	9.000000000000001e-03	0.000000000000000e+00	0.000000000000000e+00	7.500000000000000e+03	2.000000000000000e+11	5.163977794943223e+03	0.000000000000000e+00
10	1.000000000000000e-02	0.000000000000000e+00	0.000000000000000e+00	7.500000000000000e+03	2.000000000000000e+11	5.163977794943223e+03	0.000000000000000e+00
11	1.100000000000000e-02	0.000000000000000e+00	0.000000000000000e+00	7.500000000000000e+03	2.000000000000000e+11	5.163977794943223e+03	0.000000000000000e+00
12	1.200000000000000e-02	0.000000000000000e+00	0.000000000000000e+00	7.500000000000000e+03	2.000000000000000e+11	5.163977794943223e+03	0.000000000000000e+00
13	1.300000000000000e-02	0.000000000000000e+00	0.000000000000000e+00	7.500000000000000e+03	2.000000000000000e+11	5.163977794943223e+03	0.000000000000000e+00
14	1.400000000000000e-02	0.000000000000000e+00	0.000000000000000e+00	7.500000000000000e+03	2.000000000000000e+11	5.163977794943223e+03	0.000000000000000e+00
15	1.500000000000000e-02	0.000000000000000e+00	0.000000000000000e+00	7.500000000000000e+03	2.000000000000000e+11	5.163977794943223e+03	0.000000000000000e+00
16	1.600000000000000e-02	0.000000000000000e+00	0.000000000000000e+00	7.500000000000000e+03	2.000000000000000e+11	5.163977794943223e+03	0.000000000000000e+00
17	1.700000000000000e-02	0.000000000000000e+00	0.000000000000000e+00	7.500000000000000e+03	2.000000000000000e+11	5.163977794943223e+03	0.000000000000000e+00
18	1.800000000000000e-02	0.000000000000000e+00	0.000000000000000e+00	7.500000000000000e+03	2.000000000000000e+11	5.163977794943223e+03	0.000000000000000e+00
19	1.900000000000000e-02	0.000000000000000e+00	0.000000000000000e+00	7.500000000000000e+03	2.000000000000000e+11	5.163977794943223e+03	0.000000000000000e+00
20	2.000000000000000e-02	0.000000000000000e+00	0.000000000000000e+00	7.500000000000000e+03	2.000000000000000e+11	5.163977794943223e+03	0.000000000000000e+00
21	2.100000000000000e-02	0.000000000000000e+00	0.000000000000000e+00	7.500000000000000e+03	2.000000000000000e+11	5.163977794943223e+03	0.000000000000000e+00
22	2.200000000000000e-02	0.000000000000000e+00	0.000000000000000e+00	7.500000000000000e+03	2.000000000000000e+11	5.163977794943223e+03	0.000000000000000e+00
23	2.300000000000000e-02	0.000000000000000e+00	0.000000000000000e+00	7.500000000000000e+03	2.000000000000000e+11	5.163977794943223e+03	0.000000000000000e+00
24	2.400000000000000e-02	0.000000000000000e+00	0.000000000000000e+00	7.500000000000000e+03	2.000000000000000e+11	5.163977794943223e+03	0.000000000000000e+00
25	2.500000000000000e-02	0.000000000000000e+00	0.000000000000000e+00	7.500000000000000e+03	2.000000000000000e+11	5.163977794943223e+03	0.000000000000000e+00
26	2.600000000000000e-02	0.000000000000000e+00	0.000000000000000e+00	7.500000000000000e+03	2.000000000000000e+11	5.163977794943223e+03	0.000000000000000e+00
27	2.700000000000000e-02	0.000000000000000e+00	0.000000000000000e+00	7.500000000000000e+03	2.000000000000000e+11	5.163977794943223e+03	0.000000000000000e+00
28	2.800000000000000e-02	0.000000000000000e+00	0.000000000000000e+00	7.500000000000000e+03	2.000000000000000e+11	5.163977794943223e+03	0.000000000000000e+00
29	2.900000000000000e-02	0.000000000000000e+00	0.000000000000000e+00	7.500000000000000e+03	2.000000000000000e+11	5.163977794943223e+03	0.000000000000000e+00
30	3.000000000000000e-02	0.000000000000000e+00	0.000000000000000e+00	7.500000000000000e+03	2.000000000000000e+11	5.163977794943223e+03	0.000000000000000e+00
31	3.100000000000000e-02	0.000000000000000e+00	0.000000000000000e+00	7.500000000000000e+03	2.000000000000000e+11	5.163977794943223e+03	0.000000000000000e+00
32	3.200000000000000e-02	0.000000000000000e+00	0.000000000000000e+00	7.500000000000000e+03	2.000000000000000e+11	5.163977794943223e+03	0.000000000000000e+00
33	3.300000000000000e-02	0.000000000000000e+00	0.000000000000000e+00	7.500000000000000e+03	2.000000000000000e+11	5.163977794943223e+03	0.000000000000000e+00
34	3.400000000000000e-02	0.000000000000000e+00	0.000000000000000e+00	7.500000000000000e+03	2.000000000000000e+11	5.163977794943223e+03	0.000000000000000e+00
35	3.500000000000000e-02	0.000000000000000e+00	0.000000000000000e+00	7.500000000000000e+03	2.000000000000000e+11	5.163977794943223e+03	0.000000000000000e+00
36	3.600000000000000e-02	0.000000000000000e+00	0.000000000000000e+00	7.500000000000000e+03	2.000000000000000e+11	5.163977794943223e+03	0.000000000000000e+00
37	3.700000000000000e-02	0.000000000000000e+00	0.000000000000000e+00	7.500000000000000e+03	2.000000000000000e+11	5.163977794943223e+03	0.000000000000000e+00
38	3.800000000000000e-02	0.000000000000000e+00	0.000000000000000e+00	7.500000000000000e+03	2.000000000000000e+11	5.163977794943223e+03	0.000000000000000e+00
39	3.900000000000000e-02	0.000000000000000e+00	0.000000000000000e+00	7.500000000000000e+03	2.000000000000000e+11	5.163977794943223e+03	0.000000000000000e+00
40	4.000000000000000e-02	0.000000000000000e+00	0.000000000000000e+00	7.500000000000000e+03	2.000000000000000e+11	5.163977794943223e+03	0.000000000000000e+00
41	4.100000000000000e-02	0.000000000000000e+00	0.000000000000000e+00	7.500000000000000e+03	2.000000000000000e+11	5.163977794943223e+03	0.000000000000000e+00
42	4.200000000000000e-02	0.000000000000000e+00	0.000000000000000e+00	7.500000000000000e+03	2.000000000000000e+11	5.163977794943223e+03	0.000000000000000e+00
43	4.300000000000000e-02	1.332959655748834e-12	2.581265273940812e-16	7.500000000000000e+03	2.000000000000000e+11	5.163977794943223e+03	5.048709793414476e-27
44	4.400000000000000e-02	-9.743114794380305e-14	-1.886746066941098e-17	7.500000000000000e+03	2.000000000000000e+11	5.163977794943223e+03	1.767048427695066e-28
45	4.512273133402523e-02	1.875618873021967e+02	-3.632120329523218e-02	7.500000000000000e+03	2.000000000000000e+11	5.163977794943223e+03	-3.751237746043943e+02
46	4.624062711787909e-02	8.525423575818660e+02	-1.650941176425490e-01	7.500000000000000e+03	2.000000000000000e+11	5.163977794943223e+03	-1.705084715163733e+03
47	4.726400000000000e-02	1.320000000000000e+03	-2.556169008496896e-01	7.500000000000000e+03	2.000000000000000e+11	5.163977794943223e+03	-2.640000000000001e+03
48	4.826400000000000e-02	1.320000000000000e+03	-2.556169008496896e-01	7.500000000000000e+03	2.000000000000000e+11	5.163977794943223e+03	-2.640000000000001e+03
49	4.926400000000000e-02	1.320000000000000e+03	-2.556169008496896e-01	7.500000000000000e+03	2.000000000000000e+11	5.163977794943223e+03	-2.640000000000000e+03
50	5.026400000000000e-02	1.320000000000000e+03	-2.556169008496895e-01	7.500000000000000e+03	2.000000000000000e+11	5.163977794943223e+03	-2.640000000000000e+03
51	5.126400000000000e-02	1.320000000000000e+03	-2.556169008496895e-01	7.500000000000000e+03	2.000000000000000e+11	5.163977794943223e+03	-2.640000000000000e+03
52	5.226400000000000e-02	1.320000000000000e+03	-2.556169008496895e-01	7.500000000000000e+03	2.000000000000000e+11	5.163977794943223e+03	-2.640000000000000e+03
53	5.326400000000000e-02	1.320000000000000e+03	-2.556169008496895e-01	7.500000000000000e+03	2.000000000000000e+11	5.163977794943223e+03	-2.640000000000000e+03
54	5.426400000000000e-02	1.320000000000003e+03	-2.556169008496890e-01	7.500000000000000e+03	2.000000000000000e+11	5.163977794943223e+03	-2.640000000000000e+03
55	5.526400000000000e-02	1.319999999999999e+03	-2.556169008496896e-01	7.500000000000000e+03	2.000000000000000e+11	5.163977794943223e+03	-2.640000000000000e+03
56	5.614317073244578e-02	1.170479442118002e+03	-2.266623693200593e-01	7.500000000000000e+03	2.000000000000000e+11	5.163977794943223e+03	-2.340958884236008e+03
57	5.702503993027182e-02	5.007986054364881e+02	-9.697923293297016e-02	7.500000000000000e+03	2.000000000000000e+11	5.163977794943223e+03	-1.001597210872972e+03
58	5.800000000000000e-02	0.000000000000000e+00	0.000000000000000e+00	7.500000000000000e+03	2.000000000000000e+11	5.163977794943223e+03	0.000000000000000e+00
59	5.900000000000000e-02	0.000000000000000e+00	0.000000000000000e+00	7.500000000000000e+03	2.000000000000000e+11	5.163977794943223e+03	0.000000000000000e+00
60	6.000000000000000e-02	0.000000000000000e+00	0.000000000000000e+00	7.500000000000000e+03	2.000000000000000e+11	5.163977794943223e+03	0.000000000000000e+00
61	6.100000000000000e-02	0.000000000000000e+00	0.000000000000000e+00	7.500000000000000e+03	2.000000000000000e+11	5.163977794943223e+03	0.000000000000000e+00
62	6.200000000000000e-02	0.000000000000000e+00	0.000000000000000e+00	7.500000000000000e+03	2.000000000000000e+11	5.163977794943223e+03	0.000000000000000e+00
63	6.300000000000000e-02	0.000000000000000e+00	0.000000000000000e+00	7.500000000000000e+03	2.000000000000000e+11	5.163977794943223e+03	0.000000000000000e+00
64	6.400000000000000e-02	0.000000000000000e+00	0.000000000000000e+00	7.500000000000000e+03	2.000000000000000e+11	5.163977794943223e+03	0.000000000000000e+00
65	6.500000000000000e-02	0.000000000000000e+00	0.000000000000000e+00	7.500000000000000e+03	2.000000000000000e+11	5.163977794943223e+03	0.000000000000000e+00
66	6.600000000000000e-02	0.000000000000000e+00	0.000000000000000e+00	7.500000000000000e+03	2.000000000000000e+11	5.163977794943223e+03	0.000000000000000e+00
67	6.700000000000000e-02	0.000000000000000e+00	0.000000000000000e+00	7.500000000000000e+03	2.000000000000000e+11	5.163977794943223e+03	0.000000000000000e+00
68	6.800000000000000e-02	0.000000000000000e+00	0.000000000000000e+00	7.500000000000000e+03	2.000000000000000e+11	5.163977794943223e+03	0.000000000000000e+00
69	6.900000000000001e-02	0.000000000000000e+00	0.000000000000000e+00	7.500000000000000e+03	2.000000000000000e+11	5.163977794943223e+03	0.000000000000000e+00
70	7.000000000000001e-02	0.000000000000000e+00	0.000000000000000e+00	7.500000000000000e+03	2.000000000000000e+11	5.163977794943223e+03	0.000000000000000e+00
71	7.100000000000001e-02	0.000000000000000e+00	0.000000000000000e+00	7.500000000000000e+03	2.000000000000000e+11	5.163977794943223e+03	0.000000000000000e+00
72	7.200000000000001e-02	0.000000000000000e+00	0.000000000000000e+00	7.500000000000000e+03	2.000000000000000e+11	5.163977794943223e+03	0.000000000000000e+00
73	7.300000000000000e-02	0.000000000000000e+00	0.000000000000000e+00	7.500000000000000e+03	2.000000000000000e+11	5.163977794943223e+03	0.000000000000000e+00
74	7.400000000000000e-02	0.000000000000000e+00	0.000000000000000e+00	7.500000000000000e+03	2.000000000000000e+11	5.163977794943223e+03	0.000000000000000e+00
75	7.500000000000000e-02	0.000000000000000e+00	0.000000000000000e+00	7.500000000000000e+03	2.000000000000000e+11	5.163977794943223e+03	0.000000000000000e+00
76	7.600000000000000e-02	0.000000000000000e+00	0.000000000000000e+00	7.500000000000000e+03	2.000000000000000e+11	5.163977794943223e+03	0.000000000000000e+00
77	7.700000000000000e-02	0.000000000000000e+00	0.000000000000000e+00	7.500000000000000e+03	2.000000000000000e+11	5.163977794943223e+03	0.000000000000000e+00
78	7.800000000000000e-02	0.000000000000000e+00	0.000000000000000e+00	7.500000000000000e+03	2.000000000000000e+11	5.163977794943223e+03	0.000000000000000e+00
79	7.900000000000000e-02	0.000000000000000e+00	0.000000000000000e+00	7.500000000000000e+03	2.000000000000000e+11	5.163977794943223e+03	0.000000000000000e+00
80	8.000000000000000e-02	0.000000000000000e+00	0.000000000000000e+00	7.500000000000000e+03	2.000000000000000e+11	5.163977794943223e+03	0.000000000000000e+00
81	8.100000000000000e-02	0.000000000000000e+00	0.000000000000000e+00	7.500000000000000e+03	2.000000000000000e+11	5.163977794943223e+03	0.000000000000000e+00
82	8.200000000000000e-02	0.000000000000000e+00	0.000000000000000e+00	7.500000000000000e+03	2.000000000000000e+11	5.163977794943223e+03	0.000000000000000e+00
83	8.300000000000000e-02	0.000000000000000e+00	0.000000000000000e+00	7.500000000000000e+03	2.000000000000000e+11	5.163977794943223e+03	0.000000000000000e+00
84	8.400000000000001e-02	0.000000000000000e+00	0.000000000000000e+00	7.500000000000000e+03	2.000000000000000e+11	5.163977794943223e+03	0.000000000000000e+00
85	8.500000000000001e-02	0.000000000000000e+00	0.000000000000000e+00	7.500000000000000e+03	2.000000000000000e+11	5.163977794943223e+03	0.000000000000000e+00
86	8.600000000000001e-02	0.000000000000000e+00	0.000000000000000e+00	7.500000000000000e+03	2.000000000000000e+11	5.163977794943223e+03	0.000000000000000e+00
87	8.700000000000001e-02	0.000000000000000e+00	0.000000000000000e+00	7.500000000000000e+03	2.000000000000000e+11	5.163977794943223e+03	0.000000000000000e+00
88	8.799999999999999e-02	0.000000000000000e+00	0.000000000000000e+00	7.500000000000000e+03	2.000000000000000e+11	5.163977794943223e+03	0.000000000000000e+00
89	8.900000000000000e-02	0.000000000000000e+00	0.000000000000000e+00	7.500000000000000e+03	2.000000000000000e+11	5.163977794943223e+03	0.000000000000000e+00
90	9.000000000000000e-02	0.000000000000000e+00	0.000000000000000e+00	7.500000000000000e+03	2.000000000000000e+11	5.163977794943223e+03	0.000000000000000e+00
91	9.100000000000000e-02	0.000000000000000e+00	0.000000000000000e+00	7.500000000000000e+03	2.000000000000000e+11	5.163977794943223e+03	0.000000000000000e+00
92	9.200000000000000e-02	0.000000000000000e+00	0.000000000000000e+00	7.500000000000000e+03	2.000000000000000e+11	5.163977794943223e+03	0.000000000000000e+00
93	9.300000000000000e-02	0.000000000000000e+00	0.000000000000000e+00	7.500000000000000e+03	2.000000000000000e+11	5.163977794943223e+03	0.000000000000000e+00
94	9.400000000000000e-02	0.000000000000000e+00	0.000000000000000e+00	7.500000000000000e+03	2.000000000000000e+11	5.163977794943223e+03	0.000000000000000e+00
95	9.500000000000000e-02	0.000000000000000e+00	0.000000000000000e+00	7.500000000000000e+03	2.000000000000000e+11	5.163977794943223e+03	0.000000000000000e+00
96	9.600000000000000e-02	0.000000000000000e+00	0.000000000000000e+00	7.500000000000000e+03	2.000000000000000e+11	5.163977794943223e+03	0.000000000000000e+00
97	9.700000000000000e-02	0.000000000000000e+00	0.000000000000000e+00	7.500000000000000e+03	2.000000000000000e+11	5.163977794943223e+03	0.000000000000000e+00
98	9.800000000000000e-02	0.000000000000000e+00	0.000000000000000e+00	7.500000000000000e+03	2.000000000000000e+11	5.163977794943223e+03	0.000000000000000e+00
99	9.900000000000000e-02	0.000000000000000e+00	0.000000000000000e+00	7.500000000000000e+03	2.000000000000000e+11	5.163977794943223e+03	0.000000000000000e+00
100	1.000000000000000e-01	0.000000000000000e+00	0.000000000000000e+00	7.500000000000000e+03	2.000000000000000e+11	5.163977794943223e+03	0.000000000000000e+00
