0	0.000000000000000e+00	0.000000000000000e+00	-3.332004442041921e-10	7.500000000000000e+03	2.000000000000000e+11	5.163977794943223e+03	-1.720639695135667e-06
1	9.930541695715341e-04	1.179223960465525e-06	-3.789450587482154e-10	7.500000000000000e+03	2.000000000000000e+11	5.163977794943223e+03	-3.136087829344764e-06
2	1.993722552273392e-03	3.210491371191672e-06	-6.884308637755352e-10	7.500000000000000e+03	2.000000000000000e+11	5.163977794943223e+03	-6.765533065082119e-06
3	2.998838328252566e-03	7.269492460358337e-06	-1.436798505604616e-09	7.500000000000000e+03	2.000000000000000e+11	5.163977794943223e+03	-1.468908803910818e-05
4	4.002853176738427e-03	1.570204288126190e-05	-3.053204453821217e-09	7.500000000000000e+03	2.000000000000000e+11	5.163977794943223e+03	-3.146872288421641e-05
5	5.007440644461472e-03	3.324267029087443e-05	-6.442735087863764e-09	7.500000000000000e+03	2.000000000000000e+11	5.163977794943223e+03	-6.651281122330448e-05
6	6.014029690429944e-03	6.940344512799960e-05	-1.344214794851278e-08	7.500000000000000e+03	2.000000000000000e+11	5.163977794943223e+03	-1.388183986504612e-04
7	7.019666337650171e-03	1.426689393010091e-04	-2.762864440887410e-08	7.500000000000000e+03	2.000000000000000e+11	5.163977794943223e+03	-2.853426455328171e-04
8	8.026262094331995e-03	2.891824304074530e-04	-5.600031425036520e-08	7.500000000000000e+03	2.000000000000000e+11	5.163977794943223e+03	-5.783668097061815e-04
9	9.032143560707379e-03	5.771398457289300e-04	-1.117628030962841e-07	7.500000000000000e+03	2.000000000000000e+11	5.163977794943223e+03	-1.154280479218753e-03
10	1.004152708462159e-02	1.137361677573504e-03	-2.202492024830152e-07	7.500000000000000e+03	2.000000000000000e+11	5.163977794943223e+03	-2.274723668549748e-03
11	1.104806735792300e-02	2.202487941930836e-03	-4.265099798652772e-07	7.500000000000000e+03	2.000000000000000e+11	5.163977794943223e+03	-4.404976007276808e-03
12	1.205644997257270e-02	4.203772444437873e-03	-8.140570426860499e-07	7.500000000000000e+03	2.000000000000000e+11	5.163977794943223e+03	-8.407544936685782e-03
13	1.306525013874988e-02	7.898266328776221e-03	-1.529492701309120e-06	7.500000000000000e+03	2.000000000000000e+11	5.163977794943223e+03	-1.579653267586424e-02
14	1.407324523888177e-02	1.459166158591072e-02	-2.825663117142270e-06	7.500000000000000e+03	2.000000000000000e+11	5.163977794943223e+03	-2.918332317882345e-02
15	1.508193699759194e-02	2.652457936245330e-02	-5.136462707291876e-06	7.500000000000000e+03	2.000000000000000e+11	5.163977794943223e+03	-5.304915872746250e-02
16	1.608922862150118e-02	4.736554490551268e-02	-9.172298330261776e-06	7.500000000000000e+03	2.000000000000000e+11	5.163977794943223e+03	-9.473108981157929e-02
17	1.709973556303811e-02	8.329040599835784e-02	-1.612911776641005e-05	7.500000000000000e+03	2.000000000000000e+11	5.163977794943223e+03	-1.665808119961236e-01
18	1.810744489579108e-02	1.436645207290321e-01	-2.782051481095382e-05	7.500000000000000e+03	2.000000000000000e+11	5.163977794943223e+03	-2.873290414566867e-01
19	1.911537809794085e-02	2.433970446566757e-01	-4.713363502321133e-05	7.500000000000000e+03	2.000000000000000e+11	5.163977794943223e+03	-4.867940893114971e-01
20	2.012516180813042e-02	4.052118430056266e-01	-7.846893598195666e-05	7.500000000000000e+03	2.000000000000000e+11	5.163977794943223e+03	-8.104236860092721e-01
21	2.113282096273688e-02	6.612318540790277e-01	-1.280469979411356e-04	7.500000000000000e+03	2.000000000000000e+11	5.163977794943223e+03	-1.322463708156193e+00
22	2.214026254981837e-02	1.058214900334941e+00	-2.049224342849918e-04	7.500000000000000e+03	2.000000000000000e+11	5.163977794943223e+03	-2.116429800668350e+00
23	2.314939745882391e-02	1.661612141175537e+00	-3.217698075312222e-04	7.500000000000000e+03	2.000000000000000e+11	5.163977794943223e+03	-3.323224282349924e+00
24	2.415709552671434e-02	2.555038562392126e+00	-4.947810900529658e-04	7.500000000000000e+03	2.000000000000000e+11	5.163977794943223e+03	-5.110077124783444e+00
25	2.516298839650342e-02	3.845621244226115e+00	-7.447013517353424e-04	7.500000000000000e+03	2.000000000000000e+11	5.163977794943223e+03	-7.691242488451626e+00
26	2.617090906881452e-02	5.672428414429637e+00	-1.098461039081902e-03	7.500000000000000e+03	2.000000000000000e+11	5.163977794943223e+03	-1.134485682885884e+01
27	2.717832788450203e-02	8.188993635065026e+00	-1.585791798540206e-03	7.500000000000000e+03	2.000000000000000e+11	5.163977794943223e+03	-1.637798727012973e+01
28	2.818224775573751e-02	1.155709515664777e+01	-2.238021853611510e-03	7.500000000000000e+03	2.000000000000000e+11	5.163977794943223e+03	-2.311419031329527e+01
29	2.918737657015216e-02	1.597169408442162e+01	-3.092905259984171e-03	7.500000000000000e+03	2.000000000000000e+11	5.163977794943223e+03	-3.194338816884298e+01
30	3.019251567927124e-02	2.160765144988428e+01	-4.184303710802821e-03	7.500000000000000e+03	2.000000000000000e+11	5.163977794943223e+03	-4.321530289976857e+01
31	3.119500224842347e-02	2.860470570114072e+01	-5.539277440184210e-03	7.500000000000000e+03	2.000000000000000e+11	5.163977794943223e+03	-5.720941140228192e+01
32	3.219447137367436e-02	3.707553039272044e+01	-7.179645588140811e-03	7.500000000000000e+03	2.000000000000000e+11	5.163977794943223e+03	-7.415106078544167e+01
33	3.319434326389583e-02	4.712717133423717e+01	-9.126137486568358e-03	7.500000000000000e+03	2.000000000000000e+11	5.163977794943223e+03	-9.425434266847512e+01
34	3.419199230641368e-02	5.876295691835233e+01	-1.137939767593428e-02	7.500000000000000e+03	2.000000000000000e+11	5.163977794943223e+03	-1.175259138367055e+02
35	3.518491432824403e-02	7.192048688169524e+01	-1.392734239719693e-02	7.500000000000000e+03	2.000000000000000e+11	5.163977794943223e+03	-1.438409737633915e+02
36	3.617636753565615e-02	8.656603048411046e+01	-1.676343972061248e-02	7.500000000000000e+03	2.000000000000000e+11	5.163977794943223e+03	-1.731320609682225e+02
37	3.716563060480857e-02	1.025815885073278e+02	-1.986483919581946e-02	7.500000000000000e+03	2.000000000000000e+11	5.163977794943223e+03	-2.051631770146573e+02
38	3.815081307977189e-02	1.197990999484973e+02	-2.319899594955871e-02	7.500000000000000e+03	2.000000000000000e+11	5.163977794943223e+03	-2.395981998969963e+02
39	3.913199641019624e-02	1.380669569091590e+02	-2.673655123853569e-02	7.500000000000000e+03	2.000000000000000e+11	5.163977794943223e+03	-2.761339138183191e+02
40	4.010976161320047e-02	1.572428357414800e+02	-3.044994420685902e-02	7.500000000000000e+03	2.000000000000000e+11	5.163977794943223e+03	-3.144856714829600e+02
41	4.108380056027380e-02	1.771747900937970e+02	-3.430975057005333e-02	7.500000000000000e+03	2.000000000000000e+11	5.163977794943223e+03	-3.543495801875930e+02
42	4.205363141850824e-02	1.977183869896586e+02	-3.828800100249682e-02	7.500000000000000e+03	2.000000000000000e+11	5.163977794943223e+03	-3.954367739793161e+02
43	4.302031193067684e-02	2.187773132906888e+02	-4.236604454514190e-02	7.500000000000000e+03	2.000000000000000e+11	5.163977794943223e+03	-4.375546265813770e+02
44	4.398215240533282e-02	2.402119834488315e+02	-4.651685057283882e-02	7.500000000000000e+03	2.000000000000000e+11	5.163977794943223e+03	-4.804239668976630e+02
45	4.508355525949380e-02	2.652393469243474e+02	-5.136337866984655e-02	7.500000000000000e+03	2.000000000000000e+11	5.163977794943223e+03	-5.304786938486953e+02
46	4.627532025856965e-02	2.927911057835431e+02	-5.669875383086596e-02	7.500000000000000e+03	2.000000000000000e+11	5.163977794943223e+03	-5.855822115670869e+02
47	4.747684227396581e-02	3.209675144373777e+02	-6.215509190447773e-02	7.500000000000000e+03	2.000000000000000e+11	5.163977794943223e+03	-6.419350288747560e+02
48	4.868288835391618e-02	3.495732969819006e+02	-6.769457787448623e-02	7.500000000000000e+03	2.000000000000000e+11	5.163977794943223e+03	-6.991465939638023e+02
49	4.988856597149036e-02	3.784317603849300e+02	-7.328299528233975e-02	7.500000000000000e+03	2.000000000000000e+11	5.163977794943223e+03	-7.568635207698615e+02
50	5.108826073785992e-02	4.073589543362232e+02	-7.888472230363322e-02	7.500000000000000e+03	2.000000000000000e+11	5.163977794943223e+03	-8.147179086724475e+02
51	5.228389134558781e-02	4.363624685374381e+02	-8.450122867777302e-02	7.500000000000000e+03	2.000000000000000e+11	5.163977794943223e+03	-8.727249370748774e+02
52	5.347424545859758e-02	4.653838216479120e+02	-9.012118954183658e-02	7.500000000000000e+03	2.000000000000000e+11	5.163977794943223e+03	-9.307676432958255e+02
53	5.465861042621355e-02	4.943833603193548e+02	-9.573692605794627e-02	7.500000000000000e+03	2.000000000000000e+11	5.163977794943223e+03	-9.887667206387106e+02
54	5.583937163939436e-02	5.234024680771183e+02	-1.013564521113269e-01	7.500000000000000e+03	2.000000000000000e+11	5.163977794943223e+03	-1.046804936154237e+03
55	5.701455356477186e-02	5.523785927968090e+02	-1.069676545351766e-01	7.500000000000000e+03	2.000000000000000e+11	5.163977794943223e+03	-1.104757185593618e+03
56	5.802182074719227e-02	5.772807471748223e+02	-1.117899359947133e-01	7.500000000000000e+03	2.000000000000000e+11	5.163977794943223e+03	-1.154561494349646e+03
57	5.894680473765279e-02	6.001958968395015e+02	-1.162274356460710e-01	7.500000000000000e+03	2.000000000000000e+11	5.163977794943223e+03	-1.200391793679005e+03
58	5.985450931671885e-02	6.227210232784772e+02	-1.205894076245395e-01	7.500000000000000e+03	2.000000000000000e+11	5.163977794943223e+03	-1.245442046556956e+03
59	6.075125349252966e-02	6.450053956152419e+02	-1.249047577715884e-01	7.500000000000000e+03	2.000000000000000e+11	5.163977794943223e+03	-1.290010791230486e+03
60	6.164560315601618e-02	6.672546911492001e+02	-1.292133153249815e-01	7.500000000000000e+03	2.000000000000000e+11	5.163977794943223e+03	-1.334509382298402e+03
61	6.253130657692893e-02	6.893043036692453e+02	-1.334832044290045e-01	7.500000000000000e+03	2.000000000000000e+11	5.163977794943223e+03	-1.378608607338492e+03
62	6.341670352473372e-02	7.113473113974228e+02	-1.377518145205821e-01	7.500000000000000e+03	2.000000000000000e+11	5.163977794943223e+03	-1.422694622794846e+03
63	6.429527157415289e-02	7.331943361491709e+02	-1.419824726719670e-01	7.500000000000000e+03	2.000000000000000e+11	5.163977794943223e+03	-1.466388672298341e+03
64	6.517235525572251e-02	7.549232414856587e+02	-1.461902570969434e-01	7.500000000000000e+03	2.000000000000000e+11	5.163977794943223e+03	-1.509846482971315e+03
65	6.604464675246492e-02	7.763365736899675e+02	-1.503369310476481e-01	7.500000000000000e+03	2.000000000000000e+11	5.163977794943223e+03	-1.552673147379933e+03
66	6.691311021033254e-02	7.972132741232475e+02	-1.543796867027408e-01	7.500000000000000e+03	2.000000000000000e+11	5.163977794943223e+03	-1.594426548246493e+03
67	6.777847952845378e-02	8.170466984335949e+02	-1.582204128053527e-01	7.500000000000000e+03	2.000000000000000e+11	5.163977794943223e+03	-1.634093396867187e+03
68	6.864033233809275e-02	8.346880673214241e+02	-1.616366492006960e-01	7.500000000000000e+03	2.000000000000000e+11	5.163977794943223e+03	-1.669376134642845e+03
69	6.950054783577035e-02	8.476313105283409e+02	-1.641430974700113e-01	7.500000000000000e+03	2.000000000000000e+11	5.163977794943223e+03	-1.695262621056680e+03
70	7.035908522188826e-02	8.513328029944774e+02	-1.648598884038839e-01	7.500000000000000e+03	2.000000000000000e+11	5.163977794943223e+03	-1.702665605988951e+03
71	7.121724512192223e-02	8.383503166501361e+02	-1.623458407336840e-01	7.500000000000000e+03	2.000000000000000e+11	5.163977794943223e+03	-1.676700633300269e+03
72	7.208253041401284e-02	7.885223644732828e+02	-1.526966992858555e-01	7.500000000000000e+03	2.000000000000000e+11	5.163977794943223e+03	-1.577044728946563e+03
73	7.296271800954120e-02	6.642609364391376e+02	-1.286335772182460e-01	7.500000000000000e+03	2.000000000000000e+11	5.163977794943223e+03	-1.328521872878274e+03
74	7.387241435497634e-02	4.371109711871777e+02	-8.464617559262443e-02	7.500000000000000e+03	2.000000000000000e+11	5.163977794943223e+03	-8.742219423743552e+02
75	7.482961875004533e-02	1.628469291632855e+02	-3.153517223152079e-02	7.500000000000000e+03	2.000000000000000e+11	5.163977794943223e+03	-3.256938583265690e+02
76	7.582553556119531e-02	2.077232840648095e+00	-4.022544099011133e-04	7.500000000000000e+03	2.000000000000000e+11	5.163977794943223e+03	-4.154465681295433e+00
77	7.683371302351591e-02	-7.172725837070751e-12	1.473860032825815e-15	7.500000000000000e+03	2.000000000000000e+11	5.163977794943223e+03	1.478370631943755e-11
78	7.784391102798875e-02	-5.617569845043699e-12	1.111235503998001e-15	7.500000000000000e+03	2.000000000000000e+11	5.163977794943223e+03	1.135596531264192e-11
79	7.885299059735681e-02	-2.876393189416050e-12	5.304975281677197e-16	7.500000000000000e+03	2.000000000000000e+11	5.163977794943223e+03	5.615870645146421e-12
80	7.986156343744005e-02	-7.241869194981472e-13	8.113261016558629e-17	7.500000000000000e+03	2.000000000000000e+11	5.163977794943223e+03	1.143153916839020e-12
81	8.087209012828826e-02	-3.499644817479036e-13	-6.794545826099496e-18	7.500000000000000e+03	2.000000000000000e+11	5.163977794943223e+03	3.148775979752016e-13
82	8.188109294663176e-02	-3.837690811078258e-13	-3.306432798410902e-18	7.500000000000000e+03	2.000000000000000e+11	5.163977794943223e+03	3.666947355563599e-13
83	8.289045323239412e-02	-4.499822260057883e-13	1.238975230534310e-17	7.500000000000000e+03	2.000000000000000e+11	5.163977794943223e+03	5.139626317954266e-13
84	8.390144320051482e-02	-4.419800844873252e-13	1.354129126242504e-17	7.500000000000000e+03	2.000000000000000e+11	5.163977794943223e+03	5.119070118813468e-13
85	8.491041355611771e-02	-2.734204508092291e-13	-1.984970233850940e-17	7.500000000000000e+03	2.000000000000000e+11	5.163977794943223e+03	1.709170286969340e-13
86	8.592151433967460e-02	2.593117677055861e-15	-8.223429227615883e-17	7.500000000000000e+03	2.000000000000000e+11	5.163977794943223e+03	-4.272491769740110e-13
87	8.693130667173044e-02	2.161243306996963e-13	-1.385144066418375e-16	7.500000000000000e+03	2.000000000000000e+11	5.163977794943223e+03	-9.314096508778811e-13
88	8.794358508740938e-02	2.389862475900169e-13	-1.576597048981516e-16	7.500000000000000e+03	2.000000000000000e+11	5.163977794943223e+03	-1.053137462841373e-12
89	8.895583805775099e-02	2.047788058447830e-13	-1.599409414919503e-16	7.500000000000000e+03	2.000000000000000e+11	5.163977794943223e+03	-1.030710276211528e-12
90	8.996510275800994e-02	1.646765448655358e-13	-1.527005360442022e-16	7.500000000000000e+03	2.000000000000000e+11	5.163977794943223e+03	-9.532187222737231e-13
91	9.097931733690942e-02	1.589055607750237e-13	-1.343155006427243e-16	7.500000000000000e+03	2.000000000000000e+11	5.163977794943223e+03	-8.525078236107342e-13
92	9.198668147030330e-02	1.881393995294071e-13	-1.039721076646401e-16	7.500000000000000e+03	2.000000000000000e+11	5.163977794943223e+03	-7.250490548030546e-13
93	9.299725247567066e-02	2.291865851944544e-13	-6.255596194719066e-17	7.500000000000000e+03	2.000000000000000e+11	5.163977794943223e+03	-5.522241836310601e-13
94	9.400355388182130e-02	2.588955631764386e-13	-1.258001952222398e-17	7.500000000000000e+03	2.000000000000000e+11	5.163977794943223e+03	-3.238585046491554e-13
95	9.501110709872372e-02	2.631652853471917e-13	4.263968724982463e-17	7.500000000000000e+03	2.000000000000000e+11	5.163977794943223e+03	-4.297488720577363e-14
96	9.601262656813500e-02	2.376285468221783e-13	9.810440180360215e-17	7.500000000000000e+03	2.000000000000000e+11	5.163977794943223e+03	2.689804056778110e-13
97	9.701730156323951e-02	1.855519145783191e-13	1.493390405224833e-16	7.500000000000000e+03	2.000000000000000e+11	5.163977794943223e+03	5.856315745979108e-13
98	9.801714164386945e-02	1.185063089763583e-13	1.910680490655546e-16	7.500000000000000e+03	2.000000000000000e+11	5.163977794943223e+03	8.681648537212876e-13
99	9.901272253476483e-02	5.046968886618053e-14	2.186010964501137e-16	7.500000000000000e+03	2.000000000000000e+11	5.163977794943223e+03	1.078381519152449e-12
100	1.000000000000000e-01	0.000000000000000e+00	2.289818102295274e-16	7.500000000000000e+03	2.000000000000000e+11	5.163977794943223e+03	1.182456983471182e-12
