0	0	0	0	7500	2e+11 0.516398
1	1e-05	0	0	7500	2e+11 0.516398
2	2e-05	0	0	7500	2e+11 0.516398
3	3e-05	0	0	7500	2e+11 0.516398
4	4e-05	0	0	7500	2e+11 0.516398
5	5e-05	0	0	7500	2e+11 0.516398
6	6e-05	0	0	7500	2e+11 0.516398
7	7e-05	0	0	7500	2e+11 0.516398
8	8e-05	0	0	7500	2e+11 0.516398
9	9e-05	0	0	7500	2e+11 0.516398
10	0.0001	0	0	7500	2e+11 0.516398
11	0.00011	0	0	7500	2e+11 0.516398
12	0.00012	0	0	7500	2e+11 0.516398
13	0.00013	0	0	7500	2e+11 0.516398
14	0.00014	0	0	7500	2e+11 0.516398
15	0.00015	0	0	7500	2e+11 0.516398
16	0.00016	0	0	7500	2e+11 0.516398
17	0.00017	0	0	7500	2e+11 0.516398
18	0.00018	0	0	7500	2e+11 0.516398
19	0.00019	0	0	7500	2e+11 0.516398
20	0.0002	0	0	7500	2e+11 0.516398
21	0.00021	0	0	7500	2e+11 0.516398
22	0.00022	0	0	7500	2e+11 0.516398
23	0.00023	0	0	7500	2e+11 0.516398
24	0.00024	0	0	7500	2e+11 0.516398
25	0.00025	0	0	7500	2e+11 0.516398
26	0.00026	0	0	7500	2e+11 0.516398
27	0.00027	0	0	7500	2e+11 0.516398
28	0.00028	0	0	7500	2e+11 0.516398
29	0.00029	0	0	7500	2e+11 0.516398
30	0.0003	0	0	7500	2e+11 0.516398
31	0.00031	0	0	7500	2e+11 0.516398
32	0.00032	0	0	7500	2e+11 0.516398
33	0.00033	0	0	7500	2e+11 0.516398
34	0.00034	0	0	7500	2e+11 0.516398
35	0.00035	0	0	7500	2e+11 0.516398
36	0.00036	0	0	7500	2e+11 0.516398
37	0.00037	0	0	7500	2e+11 0.516398
38	0.00038	0	0	7500	2e+11 0.516398
39	0.00039	0	0	7500	2e+11 0.516398
40	0.0004	0	0	7500	2e+11 0.516398
41	0.00041	0	0	7500	2e+11 0.516398
42	0.00042	0	0	7500	2e+11 0.516398
43	0.00043	0	0	7500	2e+11 0.516398
44	0.00044	0	0	7500	2e+11 0.516398
45	0.00045	0	0	7500	2e+11 0.516398
46	0.00046	0	0	7500	2e+11 0.516398
47	0.00047	0	0	7500	2e+11 0.516398
48	0.00048	0	0	7500	2e+11 0.516398
49	0.00049	0	0	7500	2e+11 0.5164
50	0.0005	0	0	7500	2e+11 0.5164
51	0.00051	0	0	7500	2e+11 0.516397
52	0.00052	0	0	7500	2e+11 0.5164
53	0.00053	0	0	7500	2e+11 0.5164
54	0.00054	0	0	7500	2e+11 0.516397
55	0.00055	0	0	7500	2e+11 0.5164
56	0.00056	0	0	7500	2e+11 0.5164
57	0.00057	0	0	7500	2e+11 0.516397
58	0.00058	0	0	7500	2e+11 0.516397
59	0.00059	0	0	7500	2e+11 0.5164
60	0.0006	0	0	7500	2e+11 0.5164
61	0.00061	0	0	7500	2e+11 0.516397
62	0.00062	0	0	7500	2e+11 0.5164
63	0.00063	0	0	7500	2e+11 0.5164
64	0.00064	0	0	7500	2e+11 0.516397
65	0.00065	0	0	7500	2e+11 0.5164
66	0.00066	0	0	7500	2e+11 0.5164
67	0.00067	0	0	7500	2e+11 0.516397
68	0.00068	0	0	7500	2e+11 0.5164
69	0.00069	0	0	7500	2e+11 0.5164
70	0.0007	0	0	7500	2e+11 0.516397
71	0.00071	0	0	7500	2e+11 0.516397
72	0.00072	0	0	7500	2e+11 0.5164
73	0.00073	0	0	7500	2e+11 0.5164
74	0.00074	0	0	7500	2e+11 0.516397
75	0.00075	0	0	7500	2e+11 0.5164
76	0.00076	0	0	7500	2e+11 0.5164
77	0.00077	0	0	7500	2e+11 0.516397
78	0.00078	0	0	7500	2e+11 0.5164
79	0.00079	0	0	7500	2e+11 0.5164
80	0.0008	0	0	7500	2e+11 0.516397
81	0.00081	0	0	7500	2e+11 0.5164
82	0.00082	0	0	7500	2e+11 0.5164
83	0.00083	0	0	7500	2e+11 0.516397
84	0.00084	0	0	7500	2e+11 0.5164
85	0.00085	0	0	7500	2e+11 0.5164
86	0.00086	0	0	7500	2e+11 0.516397
87	0.00087	0	0	7500	2e+11 0.5164
88	0.00088	0	0	7500	2e+11 0.5164
89	0.00089	0	0	7500	2e+11 0.516397
90	0.0009	0	0	7500	2e+11 0.516397
91	0.00091	0	0	7500	2e+11 0.5164
92	0.00092	0	0	7500	2e+11 0.5164
93	0.00093	0	0	7500	2e+11 0.516397
94	0.00094	0	0	7500	2e+11 0.5164
95	0.00095	0	0	7500	2e+11 0.5164
96	0.00096	0	0	7500	2e+11 0.516397
97	0.00097	0	0	7500	2e+11 0.516397
98	0.00098	0	0	7500	2e+11 0.5164
99	0.00099	0	0	7500	2e+11 0.5164
100	0.001	0	0	7500	2e+11 0.5164
101	0.00101	0	0	7500	2e+11 0.5164
102	0.00102	0	0	7500	2e+11 0.5164
103	0.00103	0	0	7500	2e+11 0.5164
104	0.00104	0	0	7500	2e+11 0.5164
105	0.00105	0	0	7500	2e+11 0.5164
106	0.00106	0	0	7500	2e+11 0.5164
107	0.00107	0	0	7500	2e+11 0.5164
108	0.00108	0	0	7500	2e+11 0.5164
109	0.00109	0	0	7500	2e+11 0.5164
110	0.0011	0	0	7500	2e+11 0.5164
111	0.00111	0	0	7500	2e+11 0.5164
112	0.00112	0	0	7500	2e+11 0.5164
113	0.00113	0	0	7500	2e+11 0.5164
114	0.00114	0	0	7500	2e+11 0.5164
115	0.00115	0	0	7500	2e+11 0.5164
116	0.00116	0	0	7500	2e+11 0.5164
117	0.00117	0	0	7500	2e+11 0.5164
118	0.00118	0	0	7500	2e+11 0.5164
119	0.00119	0	0	7500	2e+11 0.5164
120	0.0012	0	0	7500	2e+11 0.5164
121	0.00121	0	0	7500	2e+11 0.5164
122	0.00122	0	0	7500	2e+11 0.5164
123	0.00123	0	0	7500	2e+11 0.5164
124	0.00124	0	0	7500	2e+11 0.5164
125	0.00125	0	0	7500	2e+11 0.5164
126	0.00126	0	0	7500	2e+11 0.5164
127	0.00127	0	0	7500	2e+11 0.5164
128	0.00128	0	0	7500	2e+11 0.5164
129	0.00129	0	0	7500	2e+11 0.5164
130	0.0013	0	0	7500	2e+11 0.5164
131	0.00131	0	0	7500	2e+11 0.5164
132	0.00132	0	0	7500	2e+11 0.5164
133	0.00133	0	0	7500	2e+11 0.5164
134	0.00134	0	0	7500	2e+11 0.5164
135	0.00135	0	0	7500	2e+11 0.5164
136	0.00136	0	0	7500	2e+11 0.5164
137	0.00137	0	0	7500	2e+11 0.5164
138	0.00138	0	0	7500	2e+11 0.5164
139	0.00139	0	0	7500	2e+11 0.5164
140	0.0014	0	0	7500	2e+11 0.5164
141	0.00141	0	0	7500	2e+11 0.5164
142	0.00142	0	0	7500	2e+11 0.5164
143	0.00143	0	0	7500	2e+11 0.5164
144	0.00144	0	0	7500	2e+11 0.5164
145	0.00145	0	0	7500	2e+11 0.5164
146	0.00146	0	0	7500	2e+11 0.5164
147	0.00147	0	0	7500	2e+11 0.5164
148	0.00148	0	0	7500	2e+11 0.5164
149	0.00149	0	0	7500	2e+11 0.5164
150	0.0015	0	0	7500	2e+11 0.5164
151	0.00151	0	0	7500	2e+11 0.5164
152	0.00152	0	0	7500	2e+11 0.5164
153	0.00153	0	0	7500	2e+11 0.5164
154	0.00154	0	0	7500	2e+11 0.5164
155	0.00155	0	0	7500	2e+11 0.5164
156	0.00156	0	0	7500	2e+11 0.5164
157	0.00157	0	0	7500	2e+11 0.5164
158	0.00158	0	0	7500	2e+11 0.5164
159	0.00159	0	0	7500	2e+11 0.5164
160	0.0016	0	0	7500	2e+11 0.5164
161	0.00161	0	0	7500	2e+11 0.5164
162	0.00162	0	0	7500	2e+11 0.5164
163	0.00163	0	0	7500	2e+11 0.5164
164	0.00164	0	0	7500	2e+11 0.5164
165	0.00165	0	0	7500	2e+11 0.5164
166	0.00166	0	0	7500	2e+11 0.5164
167	0.00167	0	0	7500	2e+11 0.5164
168	0.00168	0	0	7500	2e+11 0.5164
169	0.00169	0	0	7500	2e+11 0.5164
170	0.0017	0	0	7500	2e+11 0.5164
171	0.00171	0	0	7500	2e+11 0.5164
172	0.00172	0	0	7500	2e+11 0.5164
173	0.00173	0	0	7500	2e+11 0.5164
174	0.00174	0	0	7500	2e+11 0.5164
175	0.00175	0	0	7500	2e+11 0.5164
176	0.00176	0	0	7500	2e+11 0.5164
177	0.00177	0	0	7500	2e+11 0.5164
178	0.00178	0	0	7500	2e+11 0.5164
179	0.00179	0	0	7500	2e+11 0.5164
180	0.0018	0	0	7500	2e+11 0.5164
181	0.00181	0	0	7500	2e+11 0.5164
182	0.00182	0	0	7500	2e+11 0.5164
183	0.00183	0	0	7500	2e+11 0.5164
184	0.00184	0	0	7500	2e+11 0.5164
185	0.00185	0	0	7500	2e+11 0.5164
186	0.00186	0	0	7500	2e+11 0.5164
187	0.00187	0	0	7500	2e+11 0.5164
188	0.00188	0	0	7500	2e+11 0.5164
189	0.00189	0	0	7500	2e+11 0.5164
190	0.0019	0	0	7500	2e+11 0.5164
191	0.00191	0	0	7500	2e+11 0.5164
192	0.00192	0	0	7500	2e+11 0.5164
193	0.00193	0	0	7500	2e+11 0.5164
194	0.00194	0	0	7500	2e+11 0.5164
195	0.00195	0	0	7500	2e+11 0.5164
196	0.00196	0	0	7500	2e+11 0.516406
197	0.00197	0	0	7500	2e+11 0.516406
198	0.00198	0	0	7500	2e+11 0.516394
199	0.00199	0	0	7500	2e+11 0.516406
200	0.002	0	0	7500	2e+11 0.516406
201	0.00201	0	0	7500	2e+11 0.516394
202	0.00202	0	0	7500	2e+11 0.516406
203	0.00203	0	0	7500	2e+11 0.516406
204	0.00204	0	0	7500	2e+11 0.516394
205	0.00205	0	0	7500	2e+11 0.516406
206	0.00206	0	0	7500	2e+11 0.516406
207	0.00207	0	0	7500	2e+11 0.516394
208	0.00208	0	0	7500	2e+11 0.516406
209	0.00209	0	0	7500	2e+11 0.516406
210	0.0021	0	0	7500	2e+11 0.516394
211	0.00211	1.65566e-38	3.20617e-42	7500	2e+11 0.516406
212	0.00212	8.36803e-38	1.62046e-41	7500	2e+11 0.516406
213	0.00213	1.87021e-37	3.62166e-41	7500	2e+11 0.516394
214	0.00214	3.12766e-37	6.05669e-41	7500	2e+11 0.516406
215	0.00215	4.49076e-37	8.69632e-41	7500	2e+11 0.516406
216	0.00216	5.74307e-37	1.11214e-40	7500	2e+11 0.516394
217	0.00217	6.64673e-37	1.28713e-40	7500	2e+11 0.516406
218	0.00218	7.12896e-37	1.38052e-40	7500	2e+11 0.516406
219	0.00219	7.2362e-37	1.40128e-40	7500	2e+11 0.516394
220	0.0022	1.44728e-36	2.80264e-40	7500	2e+11 0.516406
221	0.00221	6.30801e-36	1.22154e-39	7500	2e+11 0.516406
222	0.00222	2.07212e-35	4.01265e-39	7500	2e+11 0.516394
223	0.00223	6.65748e-35	1.28921e-38	7500	2e+11 0.516406
224	0.00224	1.6691e-34	3.23221e-38	7500	2e+11 0.516406
225	0.00225	4.34287e-34	8.40993e-38	7500	2e+11 0.516394
226	0.00226	1.18746e-33	2.29951e-37	7500	2e+11 0.516394
227	0.00227	2.96216e-33	5.7362e-37	7500	2e+11 0.516406
228	0.00228	8.47253e-33	1.6407e-36	7500	2e+11 0.516406
229	0.00229	2.11685e-32	4.09926e-36	7500	2e+11 0.516394
230	0.0023	5.30514e-32	1.02734e-35	7500	2e+11 0.516406
231	0.00231	1.51717e-31	2.938e-35	7500	2e+11 0.516406
232	0.00232	3.74296e-31	7.24822e-35	7500	2e+11 0.516394
233	0.00233	1.28873e-30	2.49561e-34	7500	2e+11 0.516406
234	0.00234	3.15746e-30	6.11439e-34	7500	2e+11 0.516406
235	0.00235	9.03202e-30	1.74904e-33	7500	2e+11 0.516394
236	0.00236	2.31763e-29	4.48807e-33	7500	2e+11 0.516406
237	0.00237	6.9654e-29	1.34884e-32	7500	2e+11 0.516406
238	0.00238	2.05893e-28	3.9871e-32	7500	2e+11 0.516394
239	0.00239	6.1393e-28	1.18887e-31	7500	2e+11 0.516406
240	0.0024	1.76354e-27	3.41509e-31	7500	2e+11 0.516406
241	0.00241	5.06098e-27	9.80054e-31	7500	2e+11 0.516394
242	0.00242	1.33837e-26	2.59174e-30	7500	2e+11 0.516406
243	0.00243	3.29518e-26	6.38109e-30	7500	2e+11 0.516406
244	0.00244	1.02979e-25	1.99418e-29	7500	2e+11 0.516394
245	0.00245	2.56974e-25	4.97628e-29	7500	2e+11 0.516406
246	0.00246	6.12604e-25	1.1863e-28	7500	2e+11 0.516406
247	0.00247	2.17553e-24	4.2129e-28	7500	2e+11 0.516394
248	0.00248	6.63785e-24	1.28541e-27	7500	2e+11 0.516406
249	0.00249	1.4644e-23	2.83579e-27	7500	2e+11 0.516406
250	0.0025	4.326e-23	8.37727e-27	7500	2e+11 0.516394
251	0.00251	1.40047e-22	2.71199e-26	7500	2e+11 0.516406
252	0.00252	4.26204e-22	8.25341e-26	7500	2e+11 0.516406
253	0.00253	1.07162e-21	2.07518e-25	7500	2e+11 0.516394
254	0.00254	2.90106e-21	5.61788e-25	7500	2e+11 0.516406
255	0.00255	6.57838e-21	1.2739e-24	7500	2e+11 0.516406
256	0.00256	1.93833e-20	3.75356e-24	7500	2e+11 0.516394
257	0.00257	5.78221e-20	1.11972e-23	7500	2e+11 0.516406
258	0.00258	1.78669e-19	3.4599e-23	7500	2e+11 0.516406
259	0.00259	4.45703e-19	8.63101e-23	7500	2e+11 0.516394
260	0.0026	9.3414e-19	1.80895e-22	7500	2e+11 0.516406
261	0.00261	2.6628e-18	5.15649e-22	7500	2e+11 0.516406
262	0.00262	6.69297e-18	1.29609e-21	7500	2e+11 0.516394
263	0.00263	2.38756e-17	4.6235e-21	7500	2e+11 0.516406
264	0.00264	6.5712e-17	1.27251e-20	7500	2e+11 0.516406
265	0.00265	2.06906e-16	4.00672e-20	7500	2e+11 0.516394
266	0.00266	5.6609e-16	1.09623e-19	7500	2e+11 0.516406
267	0.00267	1.67473e-15	3.2431e-19	7500	2e+11 0.516406
268	0.00268	4.3637e-15	8.45026e-19	7500	2e+11 0.516394
269	0.00269	1.37094e-14	2.65481e-18	7500	2e+11 0.516406
270	0.0027	3.08798e-14	5.97986e-18	7500	2e+11 0.516406
271	0.00271	9.24649e-14	1.79058e-17	7500	2e+11 0.516394
272	0.00272	3.17677e-13	6.15178e-17	7500	2e+11 0.516406
273	0.00273	7.22743e-13	1.39959e-16	7500	2e+11 0.516406
274	0.00274	2.31718e-12	4.48719e-16	7500	2e+11 0.516394
275	0.00275	5.63174e-12	1.09058e-15	7500	2e+11 0.516406
276	0.00276	1.48679e-11	2.87916e-15	7500	2e+11 0.516406
277	0.00277	4.07008e-11	7.88168e-15	7500	2e+11 0.516394
278	0.00278	1.28735e-10	2.49293e-14	7500	2e+11 0.516406
279	0.00279	3.93065e-10	7.61168e-14	7500	2e+11 0.516406
280	0.0028	1.04073e-09	2.01536e-13	7500	2e+11 0.516394
281	0.00281	2.63824e-09	5.10892e-13	7500	2e+11 0.516406
282	0.00282	8.2931e-09	1.60595e-12	7500	2e+11 0.516406
283	0.00283	1.83586e-08	3.55513e-12	7500	2e+11 0.516394
284	0.00284	7.05308e-08	1.36582e-11	7500	2e+11 0.516406
285	0.00285	1.8532e-07	3.5887e-11	7500	2e+11 0.516406
286	0.00286	5.61916e-07	1.08815e-10	7500	2e+11 0.516394
287	0.00287	1.52458e-06	2.95235e-10	7500	2e+11 0.516394
288	0.00288	4.51644e-06	8.74604e-10	7500	2e+11 0.516406
289	0.00289	1.1706e-05	2.26685e-09	7500	2e+11 0.516406
290	0.0029	3.55684e-05	6.8878e-09	7500	2e+11 0.516394
291	0.00291	8.41611e-05	1.62977e-08	7500	2e+11 0.516406
292	0.00292	0.000233657	4.52475e-08	7500	2e+11 0.516406
293	0.00293	0.00067698	1.31097e-07	7500	2e+11 0.516394
294	0.00294	0.00154643	2.99465e-07	7500	2e+11 0.516406
295	0.00295	0.00403321	7.81028e-07	7500	2e+11 0.516406
296	0.00296	0.0106963	2.07133e-06	7500	2e+11 0.516394
297	0.00297	0.033551	6.49712e-06	7500	2e+11 0.516406
298	0.00298	0.0998567	1.93372e-05	7500	2e+11 0.516406
299	0.00299	0.26911	5.21129e-05	7500	2e+11 0.516382
300	0.003	0.733348	0.000142012	7500	2e+11 0.516358
301	0.00301	1.9629	0.000380115	7500	2e+11 0.51631
302	0.00302001	3.88852	0.000753008	7500	2e+11 0.516153
303	0.00303002	6.41446	0.00124215	7500	2e+11 0.515949
304	0.00304003	9.42417	0.00182498	7500	2e+11 0.515697
305	0.00305005	12.7877	0.00247632	7500	2e+11 0.515362
306	0.00306007	16.3742	0.00317086	7500	2e+11 0.515099
307	0.00307011	20.0568	0.00388399	7500	2e+11 0.514656
308	0.00308015	23.7202	0.00459339	7500	2e+11 0.514334
309	0.0030902	27.2685	0.00528052	7500	2e+11 0.513953
310	0.00310025	30.6201	0.00592957	7500	2e+11 0.513596
311	0.00311031	33.7162	0.00652912	7500	2e+11 0.51331
312	0.00312038	36.5181	0.00707169	7500	2e+11 0.512942
313	0.00313045	39.0004	0.0075524	7500	2e+11 0.512729
314	0.00314053	41.1588	0.00797038	7500	2e+11 0.512468
315	0.00315061	42.9992	0.00832676	7500	2e+11 0.512255
316	0.00316069	44.5374	0.00862462	7500	2e+11 0.512066
317	0.00317078	45.7987	0.00886888	7500	2e+11 0.512007
318	0.00318087	46.8145	0.00906559	7500	2e+11 0.511782
319	0.00319096	47.619	0.00922139	7500	2e+11 0.511723
320	0.00320105	48.2464	0.00934288	7500	2e+11 0.511676
321	0.00321115	48.727	0.00943595	7500	2e+11 0.511605
322	0.00322124	49.0886	0.00950596	7500	2e+11 0.511546
323	0.00323134	49.3563	0.00955781	7500	2e+11 0.511535
324	0.00324143	49.552	0.0095957	7500	2e+11 0.511511
325	0.00325153	49.6925	0.00962291	7500	2e+11 0.511511
326	0.00326162	49.7919	0.00964216	7500	2e+11 0.511464
327	0.00327172	49.8612	0.00965558	7500	2e+11 0.511476
328	0.00328182	49.9089	0.00966481	7500	2e+11 0.511476
329	0.00329192	49.9412	0.00967108	7500	2e+11 0.511464
330	0.00330201	49.9629	0.00967527	7500	2e+11 0.511464
331	0.00331211	49.9772	0.00967805	7500	2e+11 0.511464
332	0.00332221	49.9866	0.00967986	7500	2e+11 0.511428
333	0.0033323	49.9926	0.00968103	7500	2e+11 0.511464
334	0.0033424	49.9965	0.00968178	7500	2e+11 0.511464
335	0.0033525	49.9989	0.00968225	7500	2e+11 0.511428
336	0.0033626	50.0005	0.00968255	7500	2e+11 0.51144
337	0.00337269	50.0014	0.00968273	7500	2e+11 0.51144
338	0.00338279	50.002	0.00968284	7500	2e+11 0.511476
339	0.00339289	50.0023	0.00968291	7500	2e+11 0.511476
340	0.00340298	50.0025	0.00968294	7500	2e+11 0.511428
341	0.00341308	50.0026	0.00968296	7500	2e+11 0.511405
342	0.00342318	50.0026	0.00968296	7500	2e+11 0.511499
343	0.00343327	50.0026	0.00968296	7500	2e+11 0.511499
344	0.00344337	50.0026	0.00968296	7500	2e+11 0.511476
345	0.00345347	50.0026	0.00968296	7500	2e+11 0.511476
346	0.00346357	50.0026	0.00968296	7500	2e+11 0.511452
347	0.00347366	50.0026	0.00968296	7500	2e+11 0.511452
348	0.00348376	50.0026	0.00968296	7500	2e+11 0.511476
349	0.00349386	50.0026	0.00968296	7500	2e+11 0.511476
350	0.00350396	50.0026	0.00968296	7500	2e+11 0.51144
351	0.00351405	50.0026	0.00968296	7500	2e+11 0.51144
352	0.00352415	50.0026	0.00968296	7500	2e+11 0.511452
353	0.00353425	50.0026	0.00968296	7500	2e+11 0.511452
354	0.00354434	50.0026	0.00968296	7500	2e+11 0.511428
355	0.00355444	50.0026	0.00968296	7500	2e+11 0.511511
356	0.00356454	50.0026	0.00968296	7500	2e+11 0.511511
357	0.00357464	50.0026	0.00968296	7500	2e+11 0.511417
358	0.00358473	50.0026	0.00968296	7500	2e+11 0.511452
359	0.00359483	50.0026	0.00968296	7500	2e+11 0.511452
360	0.00360493	50.0026	0.00968296	7500	2e+11 0.51144
361	0.00361502	50.0026	0.00968296	7500	2e+11 0.511452
362	0.00362512	50.0026	0.00968296	7500	2e+11 0.511452
363	0.00363522	50.0026	0.00968296	7500	2e+11 0.511452
364	0.00364532	50.0026	0.00968296	7500	2e+11 0.511452
365	0.00365541	50.0026	0.00968296	7500	2e+11 0.511464
366	0.00366551	50.0026	0.00968296	7500	2e+11 0.511464
367	0.00367561	50.0026	0.00968296	7500	2e+11 0.511511
368	0.0036857	50.0026	0.00968296	7500	2e+11 0.511511
369	0.0036958	50.0026	0.00968296	7500	2e+11 0.511417
370	0.0037059	50.0026	0.00968296	7500	2e+11 0.511452
371	0.003716	50.0026	0.00968296	7500	2e+11 0.511452
372	0.00372609	50.0026	0.00968295	7500	2e+11 0.51144
373	0.00373619	50.0025	0.00968295	7500	2e+11 0.51144
374	0.00374629	50.0025	0.00968295	7500	2e+11 0.511464
375	0.00375638	50.0025	0.00968295	7500	2e+11 0.511464
376	0.00376648	50.0025	0.00968295	7500	2e+11 0.51144
377	0.00377658	50.0025	0.00968295	7500	2e+11 0.51144
378	0.00378668	50.0025	0.00968295	7500	2e+11 0.51144
379	0.00379677	50.0025	0.00968295	7500	2e+11 0.511464
380	0.00380687	50.0025	0.00968295	7500	2e+11 0.511464
381	0.00381697	50.0025	0.00968295	7500	2e+11 0.511476
382	0.00382706	50.0025	0.00968295	7500	2e+11 0.511476
383	0.00383716	50.0025	0.00968295	7500	2e+11 0.511417
384	0.00384726	50.0025	0.00968294	7500	2e+11 0.511452
385	0.00385736	50.0025	0.00968294	7500	2e+11 0.511452
386	0.00386745	50.0025	0.00968294	7500	2e+11 0.511476
387	0.00387755	50.0025	0.00968294	7500	2e+11 0.511476
388	0.00388765	50.0025	0.00968294	7500	2e+11 0.511452
389	0.00389774	50.0025	0.00968294	7500	2e+11 0.511806
390	0.00390783	50.0025	0.00968294	7500	2e+11 0.512551
391	0.00391791	50.0025	0.00968294	7500	2e+11 0.512551
392	0.00392801	50.0024	0.00968293	7500	2e+11 0.511464
393	0.0039381	50.0023	0.00968291	7500	2e+11 0.511464
394	0.0039482	50.0021	0.00968287	7500	2e+11 0.511464
395	0.0039583	50.0015	0.00968275	7500	2e+11 0.511487
396	0.00396839	49.999	0.00968226	7500	2e+11 0.511487
397	0.00397849	49.993	0.00968111	7500	2e+11 0.511487
398	0.00398859	49.9752	0.00967765	7500	2e+11 0.511487
399	0.00399868	49.9313	0.00966915	7500	2e+11 0.511487
400	0.00400878	49.7673	0.00963739	7500	2e+11 0.511487
401	0.00401888	49.4832	0.00958237	7500	2e+11 0.511558
402	0.00402897	48.2869	0.00935072	7500	2e+11 0.511629
403	0.00403906	45.8673	0.00888217	7500	2e+11 0.511936
404	0.00404915	42.3648	0.00820391	7500	2e+11 0.512338
405	0.00405923	38.0894	0.00737598	7500	2e+11 0.51267
406	0.0040693	33.3654	0.00646119	7500	2e+11 0.513192
407	0.00407937	28.5095	0.00552084	7500	2e+11 0.513643
408	0.00408942	23.7959	0.00460805	7500	2e+11 0.514096
409	0.00409946	19.4372	0.003764	7500	2e+11 0.514525
410	0.0041095	15.5596	0.0030131	7500	2e+11 0.514907
411	0.00411953	12.2175	0.00236591	7500	2e+11 0.515242
412	0.00412955	9.42674	0.00182548	7500	2e+11 0.51553
413	0.00413957	7.15379	0.00138533	7500	2e+11 0.515697
414	0.00414958	5.34588	0.00103523	7500	2e+11 0.515889
415	0.00415959	3.93603	0.00076221	7500	2e+11 0.516009
416	0.0041696	2.85658	0.000553174	7500	2e+11 0.516153
417	0.0041796	2.04608	0.000396221	7500	2e+11 0.516322
418	0.00418961	1.44678	0.000280169	7500	2e+11 0.516322
419	0.00419961	1.00963	0.000195513	7500	2e+11 0.516226
420	0.00420961	0.694861	0.000134559	7500	2e+11 0.516298
421	0.00421961	0.472564	9.15116e-05	7500	2e+11 0.516442
422	0.00422961	0.318165	6.16123e-05	7500	2e+11 0.516442
423	0.00423962	0.211681	4.09918e-05	7500	2e+11 0.516394
424	0.00424962	0.139252	2.6966e-05	7500	2e+11 0.516418
425	0.00425962	0.0905354	1.75321e-05	7500	2e+11 0.516418
426	0.00426962	0.0581635	1.12633e-05	7500	2e+11 0.516442
427	0.00427962	0.0369523	7.15577e-06	7500	2e+11 0.516442
428	0.00428962	0.0232183	4.4962e-06	7500	2e+11 0.516418
429	0.00429962	0.0144225	2.79291e-06	7500	2e+11 0.516394
430	0.00430962	0.00887549	1.71873e-06	7500	2e+11 0.516562
431	0.00431961	0.00540103	1.0459e-06	7500	2e+11 0.516562
432	0.00432961	0.00324709	6.28796e-07	7500	2e+11 0.51637
433	0.00433961	0.00193308	3.74339e-07	7500	2e+11 0.51637
434	0.00434962	0.00113898	2.20563e-07	7500	2e+11 0.516394
435	0.00435962	0.00066431	1.28643e-07	7500	2e+11 0.516394
436	0.00436962	0.000383789	7.43204e-08	7500	2e+11 0.516466
437	0.00437961	0.000219526	4.25111e-08	7500	2e+11 0.516466
438	0.00438961	0.00012431	2.40725e-08	7500	2e+11 0.51637
439	0.00439962	6.9656e-05	1.34888e-08	7500	2e+11 0.516514
440	0.00440961	3.8589e-05	7.47273e-09	7500	2e+11 0.516514
441	0.00441961	2.11857e-05	4.1026e-09	7500	2e+11 0.516394
442	0.00442961	1.15236e-05	2.23154e-09	7500	2e+11 0.516418
443	0.00443961	6.20251e-06	1.20111e-09	7500	2e+11 0.516418
444	0.00444962	3.30083e-06	6.39204e-10	7500	2e+11 0.516418
445	0.00445962	1.73776e-06	3.36516e-10	7500	2e+11 0.516418
446	0.00446962	9.08455e-07	1.75922e-10	7500	2e+11 0.516394
447	0.00447962	4.70623e-07	9.11357e-11	7500	2e+11 0.51649
448	0.00448962	2.41388e-07	4.67446e-11	7500	2e+11 0.51649
449	0.00449961	1.2267e-07	2.3755e-11	7500	2e+11 0.516418
450	0.00450962	6.18676e-08	1.19806e-11	7500	2e+11 0.516514
451	0.00451961	3.08587e-08	5.97577e-12	7500	2e+11 0.516514
452	0.00452961	1.52492e-08	2.953e-12	7500	2e+11 0.516418
453	0.00453962	7.47149e-09	1.44685e-12	7500	2e+11 0.516466
454	0.00454961	3.62928e-09	7.02807e-13	7500	2e+11 0.516514
455	0.00455961	1.74463e-09	3.37847e-13	7500	2e+11 0.516514
456	0.00456962	8.32408e-10	1.61195e-13	7500	2e+11 0.516442
457	0.00457962	3.93905e-10	7.62794e-14	7500	2e+11 0.516442
458	0.00458962	1.84996e-10	3.58242e-14	7500	2e+11 0.516394
459	0.00459962	8.58001e-11	1.66151e-14	7500	2e+11 0.51649
460	0.00460961	3.93026e-11	7.61092e-15	7500	2e+11 0.51649
461	0.00461961	1.78396e-11	3.45461e-15	7500	2e+11 0.516442
462	0.00462962	8.03584e-12	1.55613e-15	7500	2e+11 0.516394
463	0.00463962	3.60285e-12	6.97688e-16	7500	2e+11 0.51649
464	0.00464961	1.60493e-12	3.10793e-16	7500	2e+11 0.51649
465	0.00465961	7.05398e-13	1.366e-16	7500	2e+11 0.516442
466	0.00466961	3.07727e-13	5.95911e-17	7500	2e+11 0.516394
467	0.00467961	1.32993e-13	2.57539e-17	7500	2e+11 0.516466
468	0.00468961	5.68828e-14	1.10153e-17	7500	2e+11 0.516466
469	0.00469962	2.41334e-14	4.67342e-18	7500	2e+11 0.516466
470	0.00470961	1.01656e-14	1.96856e-18	7500	2e+11 0.516466
471	0.00471962	4.23152e-15	8.1943e-19	7500	2e+11 0.516346
472	0.00472962	1.74486e-15	3.37891e-19	7500	2e+11 0.51661
473	0.00473961	7.12394e-16	1.37955e-19	7500	2e+11 0.51661
474	0.00474961	2.8786e-16	5.57439e-20	7500	2e+11 0.516394
475	0.00475961	1.16158e-16	2.2494e-20	7500	2e+11 0.516346
476	0.00476961	4.62945e-17	8.96489e-21	7500	2e+11 0.516394
477	0.00477961	1.826e-17	3.53604e-21	7500	2e+11 0.516538
478	0.00478961	7.13829e-18	1.38232e-21	7500	2e+11 0.516538
479	0.00479961	2.7728e-18	5.3695e-22	7500	2e+11 0.516346
480	0.00480961	1.07426e-18	2.0803e-22	7500	2e+11 0.516442
481	0.00481961	4.10628e-19	7.95177e-23	7500	2e+11 0.516442
482	0.00482961	1.54834e-19	2.99835e-23	7500	2e+11 0.516418
483	0.00483961	5.81618e-20	1.1263e-23	7500	2e+11 0.516442
484	0.00484961	2.1584e-20	4.17972e-24	7500	2e+11 0.516442
485	0.00485961	7.96989e-21	1.54336e-24	7500	2e+11 0.516442
486	0.00486961	2.91152e-21	5.63813e-25	7500	2e+11 0.516442
487	0.00487961	1.06045e-21	2.05355e-25	7500	2e+11 0.516466
488	0.00488961	3.80623e-22	7.37073e-26	7500	2e+11 0.516466
489	0.00489962	1.35908e-22	2.63184e-26	7500	2e+11 0.516442
490	0.00490962	4.82029e-23	9.33445e-27	7500	2e+11 0.51649
491	0.00491961	1.69066e-23	3.27394e-27	7500	2e+11 0.51649
492	0.00492961	5.90828e-24	1.14413e-27	7500	2e+11 0.516418
493	0.00493961	2.03429e-24	3.93939e-28	7500	2e+11 0.516418
494	0.00494961	6.96865e-25	1.34947e-28	7500	2e+11 0.516418
495	0.00495961	2.35713e-25	4.56457e-29	7500	2e+11 0.516538
496	0.00496961	7.91569e-26	1.53287e-29	7500	2e+11 0.516538
497	0.00497961	2.6504e-26	5.13248e-30	7500	2e+11 0.516442
498	0.00498961	8.73965e-27	1.69243e-30	7500	2e+11 0.516394
499	0.00499961	2.85716e-27	5.53286e-31	7500	2e+11 0.516418
500	0.00500961	9.24708e-28	1.79069e-31	7500	2e+11 0.516442
501	0.00501961	2.98414e-28	5.77876e-32	7500	2e+11 0.516442
502	0.00502961	9.54878e-29	1.84911e-32	7500	2e+11 0.516418
503	0.00503961	3.02674e-29	5.86126e-33	7500	2e+11 0.516418
504	0.00504961	9.49459e-30	1.83862e-33	7500	2e+11 0.516418
505	0.00505961	2.9567e-30	5.72562e-34	7500	2e+11 0.516418
506	0.00506961	9.0974e-31	1.7617e-34	7500	2e+11 0.516586
507	0.00507961	2.79002e-31	5.40285e-35	7500	2e+11 0.516586
508	0.00508961	8.51535e-32	1.64899e-35	7500	2e+11 0.51637
509	0.00509961	2.57544e-32	4.98732e-36	7500	2e+11 0.516394
510	0.00510961	7.69664e-33	1.49045e-36	7500	2e+11 0.516394
511	0.00511961	2.25979e-33	4.37607e-37	7500	2e+11 0.516442
512	0.00512961	6.5677e-34	1.27183e-37	7500	2e+11 0.516442
513	0.00513961	1.89362e-34	3.66698e-38	7500	2e+11 0.516466
514	0.00514961	5.3958e-35	1.04489e-38	7500	2e+11 0.516466
515	0.00515961	1.5321e-35	2.96689e-39	7500	2e+11 0.516514
516	0.00516961	4.35281e-36	8.42919e-40	7500	2e+11 0.516514
517	0.00517961	1.22263e-36	2.36762e-40	7500	2e+11 0.516418
518	0.00518961	3.41002e-37	6.60348e-41	7500	2e+11 0.516394
519	0.00519961	9.34927e-38	1.81048e-41	7500	2e+11 0.516442
520	0.00520961	2.55875e-38	4.95499e-42	7500	2e+11 0.51649
521	0.00521961	6.96129e-39	1.34805e-42	7500	2e+11 0.51649
522	0.00522961	1.87419e-39	3.62936e-43	7500	2e+11 0.516418
523	0.00523961	4.92066e-40	9.52883e-44	7500	2e+11 0.516418
524	0.00524961	1.23017e-40	2.38221e-44	7500	2e+11 0.51649
525	0.00525961	2.17089e-41	4.2039e-45	7500	2e+11 0.51649
526	0.00526961	0	0	7500	2e+11 0.516418
527	0.00527961	0	0	7500	2e+11 0.516562
528	0.00528961	0	0	7500	2e+11 0.516562
529	0.00529961	0	0	7500	2e+11 0.516466
530	0.00530961	0	0	7500	2e+11 0.516466
531	0.00531961	0	0	7500	2e+11 0.516442
532	0.00532961	0	0	7500	2e+11 0.516442
533	0.00533961	0	0	7500	2e+11 0.516394
534	0.00534961	0	0	7500	2e+11 0.516466
535	0.00535961	0	0	7500	2e+11 0.516466
536	0.00536961	0	0	7500	2e+11 0.516418
537	0.00537961	0	0	7500	2e+11 0.516466
538	0.00538961	0	0	7500	2e+11 0.516466
539	0.00539961	0	0	7500	2e+11 0.516466
540	0.00540961	0	0	7500	2e+11 0.516466
541	0.00541961	0	0	7500	2e+11 0.516394
542	0.00542961	0	0	7500	2e+11 0.51649
543	0.00543961	0	0	7500	2e+11 0.51649
544	0.00544961	0	0	7500	2e+11 0.51637
545	0.00545961	0	0	7500	2e+11 0.51649
546	0.00546961	0	0	7500	2e+11 0.51649
547	0.00547961	0	0	7500	2e+11 0.516418
548	0.00548961	0	0	7500	2e+11 0.516418
549	0.00549961	0	0	7500	2e+11 0.516538
550	0.00550961	0	0	7500	2e+11 0.516538
551	0.00551961	0	0	7500	2e+11 0.516394
552	0.00552961	0	0	7500	2e+11 0.516442
553	0.00553961	0	0	7500	2e+11 0.516442
554	0.00554961	0	0	7500	2e+11 0.51637
555	0.00555961	0	0	7500	2e+11 0.516418
556	0.00556961	0	0	7500	2e+11 0.516418
557	0.00557961	0	0	7500	2e+11 0.516466
558	0.00558961	0	0	7500	2e+11 0.516466
559	0.00559961	0	0	7500	2e+11 0.516514
560	0.0056096	0	0	7500	2e+11 0.516514
561	0.0056196	0	0	7500	2e+11 0.516418
562	0.00562961	0	0	7500	2e+11 0.516346
563	0.00563961	0	0	7500	2e+11 0.51649
564	0.00564961	0	0	7500	2e+11 0.51649
565	0.00565961	0	0	7500	2e+11 0.516466
566	0.0056696	0	0	7500	2e+11 0.516466
567	0.0056796	0	0	7500	2e+11 0.516442
568	0.00568961	0	0	7500	2e+11 0.516442
569	0.0056996	0	0	7500	2e+11 0.516466
570	0.0057096	0	0	7500	2e+11 0.516514
571	0.0057196	0	0	7500	2e+11 0.516514
572	0.0057296	0	0	7500	2e+11 0.51637
573	0.0057396	0	0	7500	2e+11 0.516514
574	0.0057496	0	0	7500	2e+11 0.516514
575	0.0057596	0	0	7500	2e+11 0.516418
576	0.0057696	0	0	7500	2e+11 0.516514
577	0.0057796	0	0	7500	2e+11 0.516514
578	0.0057896	0	0	7500	2e+11 0.516394
579	0.0057996	0	0	7500	2e+11 0.51649
580	0.0058096	0	0	7500	2e+11 0.51649
581	0.0058196	0	0	7500	2e+11 0.516394
582	0.0058296	0	0	7500	2e+11 0.516418
583	0.0058396	0	0	7500	2e+11 0.516418
584	0.0058496	0	0	7500	2e+11 0.516394
585	0.0058596	0	0	7500	2e+11 0.51637
586	0.0058696	0	0	7500	2e+11 0.516442
587	0.0058796	0	0	7500	2e+11 0.516538
588	0.0058896	0	0	7500	2e+11 0.516538
589	0.0058996	0	0	7500	2e+11 0.51649
590	0.0059096	0	0	7500	2e+11 0.51649
591	0.0059196	0	0	7500	2e+11 0.516418
592	0.0059296	0	0	7500	2e+11 0.516418
593	0.0059396	0	0	7500	2e+11 0.516466
594	0.0059496	0	0	7500	2e+11 0.51649
595	0.0059596	0	0	7500	2e+11 0.51649
596	0.0059696	0	0	7500	2e+11 0.516394
597	0.0059796	0	0	7500	2e+11 0.51649
598	0.0059896	0	0	7500	2e+11 0.51649
599	0.0059996	0	0	7500	2e+11 0.516394
600	0.0060096	0	0	7500	2e+11 0.51649
601	0.00601959	0	0	7500	2e+11 0.51649
602	0.00602959	0	0	7500	2e+11 0.51649
603	0.00603959	0	0	7500	2e+11 0.51649
604	0.00604959	0	0	7500	2e+11 0.516442
605	0.00605959	0	0	7500	2e+11 0.516466
606	0.00606959	0	0	7500	2e+11 0.516466
607	0.00607959	0	0	7500	2e+11 0.51649
608	0.00608959	0	0	7500	2e+11 0.51649
609	0.00609959	0	0	7500	2e+11 0.51649
610	0.00610959	0	0	7500	2e+11 0.51649
611	0.00611959	0	0	7500	2e+11 0.516418
612	0.00612959	0	0	7500	2e+11 0.516418
613	0.00613959	0	0	7500	2e+11 0.51649
614	0.00614959	0	0	7500	2e+11 0.51649
615	0.00615959	0	0	7500	2e+11 0.516466
616	0.00616959	0	0	7500	2e+11 0.516466
617	0.00617959	0	0	7500	2e+11 0.516418
618	0.00618958	0	0	7500	2e+11 0.516538
619	0.00619958	0	0	7500	2e+11 0.516538
620	0.00620958	0	0	7500	2e+11 0.516442
621	0.00621958	0	0	7500	2e+11 0.516442
622	0.00622958	0	0	7500	2e+11 0.516514
623	0.00623958	0	0	7500	2e+11 0.516514
624	0.00624958	0	0	7500	2e+11 0.516442
625	0.00625958	0	0	7500	2e+11 0.516442
626	0.00626958	0	0	7500	2e+11 0.51649
627	0.00627958	0	0	7500	2e+11 0.51649
628	0.00628958	0	0	7500	2e+11 0.516418
629	0.00629958	0	0	7500	2e+11 0.516466
630	0.00630957	0	0	7500	2e+11 0.516514
631	0.00631957	0	0	7500	2e+11 0.516514
632	0.00632957	0	0	7500	2e+11 0.51661
633	0.00633957	0	0	7500	2e+11 0.51661
634	0.00634957	0	0	7500	2e+11 0.516514
635	0.00635957	0	0	7500	2e+11 0.516514
636	0.00636957	0	0	7500	2e+11 0.516514
637	0.00637956	0	0	7500	2e+11 0.516538
638	0.00638956	0	0	7500	2e+11 0.516538
639	0.00639956	0	0	7500	2e+11 0.516586
640	0.00640956	0	0	7500	2e+11 0.516586
641	0.00641956	0	0	7500	2e+11 0.516562
642	0.00642955	0	0	7500	2e+11 0.516731
643	0.00643955	0	0	7500	2e+11 0.516731
644	0.00644955	0	0	7500	2e+11 0.516707
645	0.00645954	0	0	7500	2e+11 0.516707
646	0.00646954	0	0	7500	2e+11 0.516731
647	0.00647953	0	0	7500	2e+11 0.516731
648	0.00648952	0	0	7500	2e+11 0.516851
649	0.00649952	0	0	7500	2e+11 0.517164
650	0.0065095	0	0	7500	2e+11 0.517164
651	0.00651956	0	0	7500	2e+11 0.51702
652	0.00652955	0	0	7500	2e+11 0.51702
653	0.00653954	0	0	7500	2e+11 0.516779
654	0.00654954	0	0	7500	2e+11 0.516658
655	0.00655953	0	0	7500	2e+11 0.516634
656	0.00656953	0	0	7500	2e+11 0.516634
657	0.00657953	0	0	7500	2e+11 0.516538
658	0.00658952	0	0	7500	2e+11 0.516658
659	0.00659952	0	0	7500	2e+11 0.516658
660	0.00660952	0	0	7500	2e+11 0.516538
661	0.00661952	0	0	7500	2e+11 0.516538
662	0.00662951	0	0	7500	2e+11 0.516514
663	0.00663951	0	0	7500	2e+11 0.516514
664	0.00664951	0	0	7500	2e+11 0.51637
665	0.00665951	0	0	7500	2e+11 0.51637
666	0.00666951	0	0	7500	2e+11 0.516394
667	0.00667951	0	0	7500	2e+11 0.516562
668	0.00668951	0	0	7500	2e+11 0.516562
669	0.00669951	0	0	7500	2e+11 0.516418
670	0.00670951	0	0	7500	2e+11 0.51649
671	0.00671951	0	0	7500	2e+11 0.51649
672	0.00672951	0	0	7500	2e+11 0.51637
673	0.00673951	0	0	7500	2e+11 0.516538
674	0.00674951	0	0	7500	2e+11 0.516538
675	0.00675951	0	0	7500	2e+11 0.51637
676	0.00676951	0	0	7500	2e+11 0.51637
677	0.00677951	0	0	7500	2e+11 0.516442
678	0.00678951	0	0	7500	2e+11 0.516442
679	0.00679951	0	0	7500	2e+11 0.516442
680	0.00680951	0	0	7500	2e+11 0.516442
681	0.00681951	0	0	7500	2e+11 0.516394
682	0.00682951	0	0	7500	2e+11 0.516394
683	0.00683951	0	0	7500	2e+11 0.51637
684	0.00684952	0	0	7500	2e+11 0.516346
685	0.00685952	0	0	7500	2e+11 0.516346
686	0.00686952	0	0	7500	2e+11 0.51637
687	0.00687952	0	0	7500	2e+11 0.516442
688	0.00688952	0	0	7500	2e+11 0.516442
689	0.00689952	0	0	7500	2e+11 0.516418
690	0.00690952	0	0	7500	2e+11 0.516418
691	0.00691952	0	0	7500	2e+11 0.516442
692	0.00692952	0	0	7500	2e+11 0.516442
693	0.00693952	0	0	7500	2e+11 0.516466
694	0.00694952	0	0	7500	2e+11 0.516466
695	0.00695952	0	0	7500	2e+11 0.516466
696	0.00696952	0	0	7500	2e+11 0.516394
697	0.00697952	0	0	7500	2e+11 0.516418
698	0.00698952	0	0	7500	2e+11 0.516418
699	0.00699952	0	0	7500	2e+11 0.51649
700	0.00700952	0	0	7500	2e+11 0.51649
701	0.00701952	0	0	7500	2e+11 0.51637
702	0.00702952	0	0	7500	2e+11 0.51637
703	0.00703952	0	0	7500	2e+11 0.516466
704	0.00704952	0	0	7500	2e+11 0.516466
705	0.00705952	0	0	7500	2e+11 0.516442
706	0.00706952	0	0	7500	2e+11 0.516442
707	0.00707952	0	0	7500	2e+11 0.516442
708	0.00708952	0	0	7500	2e+11 0.516418
709	0.00709952	0	0	7500	2e+11 0.516538
710	0.00710952	0	0	7500	2e+11 0.516538
711	0.00711952	0	0	7500	2e+11 0.516442
712	0.00712952	0	0	7500	2e+11 0.516442
713	0.00713952	0	0	7500	2e+11 0.516442
714	0.00714952	0	0	7500	2e+11 0.516442
715	0.00715952	0	0	7500	2e+11 0.516394
716	0.00716952	0	0	7500	2e+11 0.516562
717	0.00717951	0	0	7500	2e+11 0.516562
718	0.00718951	0	0	7500	2e+11 0.516418
719	0.00719952	0	0	7500	2e+11 0.51649
720	0.00720951	0	0	7500	2e+11 0.51649
721	0.00721952	0	0	7500	2e+11 0.51649
722	0.00722951	0	0	7500	2e+11 0.51649
723	0.00723951	0	0	7500	2e+11 0.516442
724	0.00724951	0	0	7500	2e+11 0.516442
725	0.00725951	0	0	7500	2e+11 0.516442
726	0.00726951	0	0	7500	2e+11 0.516442
727	0.00727951	0	0	7500	2e+11 0.516442
728	0.00728951	0	0	7500	2e+11 0.516442
729	0.00729951	0	0	7500	2e+11 0.516418
730	0.00730951	0	0	7500	2e+11 0.516418
731	0.00731951	0	0	7500	2e+11 0.516514
732	0.00732951	0	0	7500	2e+11 0.516514
733	0.00733951	0	0	7500	2e+11 0.516322
734	0.00734952	0	0	7500	2e+11 0.51637
735	0.00735952	0	0	7500	2e+11 0.516418
736	0.00736952	0	0	7500	2e+11 0.51649
737	0.00737951	0	0	7500	2e+11 0.51649
738	0.00738952	0	0	7500	2e+11 0.516322
739	0.00739952	0	0	7500	2e+11 0.51637
740	0.00740952	0	0	7500	2e+11 0.51637
741	0.00741952	0	0	7500	2e+11 0.516346
742	0.00742952	0	0	7500	2e+11 0.516346
743	0.00743952	0	0	7500	2e+11 0.516274
744	0.00744953	0	0	7500	2e+11 0.516274
745	0.00745953	0	0	7500	2e+11 0.516226
746	0.00746953	0	0	7500	2e+11 0.516226
747	0.00747954	0	0	7500	2e+11 0.516105
748	0.00748955	0	0	7500	2e+11 0.516129
749	0.00749955	0	0	7500	2e+11 0.516129
750	0.00750956	0	0	7500	2e+11 0.519466
751	0.0075195	0	0	7500	2e+11 0.519466
752	0.00752952	0	0	7500	2e+11 0.515841
753	0.00753953	0	0	7500	2e+11 0.516274
754	0.00754953	0	0	7500	2e+11 0.516274
755	0.00755954	0	0	7500	2e+11 0.516033
756	0.00756954	0	0	7500	2e+11 0.516346
757	0.00757955	0	0	7500	2e+11 0.516346
758	0.00758955	0	0	7500	2e+11 0.516177
759	0.00759955	0	0	7500	2e+11 0.516177
760	0.00760956	0	0	7500	2e+11 0.516298
761	0.00761956	0	0	7500	2e+11 0.516298
762	0.00762957	0	0	7500	2e+11 0.516442
763	0.00763956	0	0	7500	2e+11 0.516442
764	0.00764957	0	0	7500	2e+11 0.516538
765	0.00765957	0	0	7500	2e+11 0.516538
766	0.00766957	0	0	7500	2e+11 0.516346
767	0.00767957	0	0	7500	2e+11 0.516346
768	0.00768957	0	0	7500	2e+11 0.516346
769	0.00769957	0	0	7500	2e+11 0.516346
770	0.00770958	0	0	7500	2e+11 0.516442
771	0.00771958	0	0	7500	2e+11 0.516442
772	0.00772958	0	0	7500	2e+11 0.516346
773	0.00773958	0	0	7500	2e+11 0.516346
774	0.00774958	0	0	7500	2e+11 0.516394
775	0.00775958	0	0	7500	2e+11 0.516394
776	0.00776958	0	0	7500	2e+11 0.51637
777	0.00777958	0	0	7500	2e+11 0.51637
778	0.00778959	0	0	7500	2e+11 0.51649
779	0.00779958	0	0	7500	2e+11 0.51649
780	0.00780959	0	0	7500	2e+11 0.516201
781	0.00781965	0	0	7500	2e+11 0.51541
782	0.00782966	0	0	7500	2e+11 0.51637
783	0.00783966	0	0	7500	2e+11 0.51637
784	0.00784967	0	0	7500	2e+11 0.516466
785	0.00785966	0	0	7500	2e+11 0.516466
786	0.00786967	0	0	7500	2e+11 0.516514
787	0.00787966	0	0	7500	2e+11 0.516514
788	0.00788967	0	0	7500	2e+11 0.516466
789	0.00789967	0	0	7500	2e+11 0.516466
790	0.00790967	0	0	7500	2e+11 0.51661
791	0.00791967	0	0	7500	2e+11 0.51661
792	0.00792967	0	0	7500	2e+11 0.516466
793	0.00793967	0	0	7500	2e+11 0.516466
794	0.00794967	0	0	7500	2e+11 0.51661
795	0.00795967	0	0	7500	2e+11 0.51661
796	0.00796967	0	0	7500	2e+11 0.516322
797	0.00797968	0	0	7500	2e+11 0.516514
798	0.00798967	0	0	7500	2e+11 0.516514
799	0.00799967	0	0	7500	2e+11 0.516514
800	0.00800967	0	0	7500	2e+11 0.516466
801	0.00801967	0	0	7500	2e+11 0.516514
802	0.00802967	0	0	7500	2e+11 0.516514
803	0.00803967	0	0	7500	2e+11 0.516274
804	0.00804968	0	0	7500	2e+11 0.516418
805	0.00805968	0	0	7500	2e+11 0.516466
806	0.00806968	0	0	7500	2e+11 0.516658
807	0.00807967	0	0	7500	2e+11 0.516658
808	0.00808967	0	0	7500	2e+11 0.51637
809	0.00809967	0	0	7500	2e+11 0.51637
810	0.00810968	0	0	7500	2e+11 0.516466
811	0.00811968	0	0	7500	2e+11 0.516466
812	0.00812968	0	0	7500	2e+11 0.51637
813	0.00813968	0	0	7500	2e+11 0.516322
814	0.00814968	0	0	7500	2e+11 0.51637
815	0.00815968	0	0	7500	2e+11 0.51637
816	0.00816968	0	0	7500	2e+11 0.516658
817	0.00817968	0	0	7500	2e+11 0.516658
818	0.00818968	0	0	7500	2e+11 0.516322
819	0.00819968	0	0	7500	2e+11 0.51637
820	0.00820968	0	0	7500	2e+11 0.51637
821	0.00821968	0	0	7500	2e+11 0.51661
822	0.00822968	0	0	7500	2e+11 0.51661
823	0.00823968	0	0	7500	2e+11 0.516514
824	0.00824968	0	0	7500	2e+11 0.516514
825	0.00825968	0	0	7500	2e+11 0.51637
826	0.00826968	0	0	7500	2e+11 0.516562
827	0.00827968	0	0	7500	2e+11 0.516562
828	0.00828968	0	0	7500	2e+11 0.516514
829	0.00829968	0	0	7500	2e+11 0.516466
830	0.00830968	0	0	7500	2e+11 0.516466
831	0.00831969	0	0	7500	2e+11 0.51637
832	0.00832969	0	0	7500	2e+11 0.51637
833	0.00833969	0	0	7500	2e+11 0.51637
834	0.00834969	0	0	7500	2e+11 0.51661
835	0.00835968	0	0	7500	2e+11 0.51661
836	0.00836968	-1.66379e-35	-3.22191e-39	7500	2e+11 0.51661
837	0.00837968	-1.51113e-33	-2.9263e-37	7500	2e+11 0.516466
838	0.00838968	-6.53854e-32	-1.26618e-35	7500	2e+11 0.516466
839	0.00839969	-1.80522e-30	-3.49579e-34	7500	2e+11 0.516418
840	0.00840969	-3.58784e-29	-6.94782e-33	7500	2e+11 0.516418
841	0.00841969	-5.42514e-28	-1.05057e-31	7500	2e+11 0.516418
842	0.00842969	-5.39874e-27	-1.04546e-30	7500	2e+11 0.516418
843	0.00843969	-3.92023e-26	-7.59149e-30	7500	2e+11 0.516418
844	0.00844969	-2.17008e-25	-4.20235e-29	7500	2e+11 0.516418
845	0.00845969	-8.4602e-25	-1.63831e-28	7500	2e+11 0.516466
846	0.00846968	-3.55849e-24	-6.89099e-28	7500	2e+11 0.516466
847	0.00847969	-1.06961e-23	-2.07129e-27	7500	2e+11 0.516322
848	0.00848969	-4.79487e-23	-9.28523e-27	7500	2e+11 0.516322
849	0.00849969	-1.66956e-22	-3.23308e-26	7500	2e+11 0.51637
850	0.00850969	-5.41833e-22	-1.04926e-25	7500	2e+11 0.51637
851	0.00851969	-2.05262e-21	-3.97488e-25	7500	2e+11 0.51661
852	0.00852969	-7.59224e-21	-1.47023e-24	7500	2e+11 0.51661
853	0.00853969	-1.90355e-20	-3.68621e-24	7500	2e+11 0.51661
854	0.00854969	-6.09793e-20	-1.18086e-23	7500	2e+11 0.51661
855	0.00855969	-2.07571e-19	-4.01959e-23	7500	2e+11 0.516466
856	0.00856969	-5.99871e-19	-1.16165e-22	7500	2e+11 0.516466
857	0.00857969	-1.67414e-18	-3.24196e-22	7500	2e+11 0.51637
858	0.00858969	-6.33234e-18	-1.22625e-21	7500	2e+11 0.516466
859	0.00859969	-1.5962e-17	-3.09103e-21	7500	2e+11 0.516466
860	0.00860969	-4.19467e-17	-8.12295e-21	7500	2e+11 0.51637
861	0.00861969	-1.13238e-16	-2.19284e-20	7500	2e+11 0.516466
862	0.00862969	-2.81201e-16	-5.44544e-20	7500	2e+11 0.516466
863	0.00863969	-6.70529e-16	-1.29847e-19	7500	2e+11 0.516418
864	0.00864969	-2.67766e-15	-5.18526e-19	7500	2e+11 0.51637
865	0.00865969	-6.1164e-15	-1.18444e-18	7500	2e+11 0.51637
866	0.00866969	-2.05519e-14	-3.97987e-18	7500	2e+11 0.516418
867	0.00867969	-4.53627e-14	-8.78445e-18	7500	2e+11 0.516418
868	0.00868969	-9.7104e-14	-1.88041e-17	7500	2e+11 0.516418
869	0.00869969	-3.17528e-13	-6.14891e-17	7500	2e+11 0.516466
870	0.00870969	-8.97518e-13	-1.73804e-16	7500	2e+11 0.516466
871	0.00871969	-2.93615e-12	-5.68582e-16	7500	2e+11 0.51637
872	0.00872969	-7.94557e-12	-1.53865e-15	7500	2e+11 0.516466
873	0.00873969	-1.9875e-11	-3.84877e-15	7500	2e+11 0.51661
874	0.00874969	-4.92478e-11	-9.53679e-15	7500	2e+11 0.51661
875	0.00875969	-1.57194e-10	-3.04405e-14	7500	2e+11 0.51637
876	0.00876969	-3.89648e-10	-7.54549e-14	7500	2e+11 0.51637
877	0.00877969	-1.14586e-09	-2.21895e-13	7500	2e+11 0.51661
878	0.00878969	-3.05727e-09	-5.92038e-13	7500	2e+11 0.51661
879	0.00879969	-8.52736e-09	-1.65132e-12	7500	2e+11 0.516322
880	0.00880969	-2.53366e-08	-4.90642e-12	7500	2e+11 0.516322
881	0.0088197	-6.51205e-08	-1.26105e-11	7500	2e+11 0.516274
882	0.0088297	-1.83327e-07	-3.55011e-11	7500	2e+11 0.516707
883	0.00883969	-4.42098e-07	-8.56119e-11	7500	2e+11 0.516707
884	0.00884969	-1.3331e-06	-2.58154e-10	7500	2e+11 0.516418
885	0.00885969	-3.6835e-06	-7.13306e-10	7500	2e+11 0.516418
886	0.00886969	-1.04071e-05	-2.01532e-09	7500	2e+11 0.51637
887	0.00887969	-2.58595e-05	-5.00767e-09	7500	2e+11 0.51637
888	0.0088897	-6.63371e-05	-1.28461e-08	7500	2e+11 0.516466
889	0.0088997	-0.000189325	-3.66627e-08	7500	2e+11 0.516466
890	0.0089097	-0.000558802	-1.08212e-07	7500	2e+11 0.516418
891	0.0089197	-0.00173173	-3.35348e-07	7500	2e+11 0.51637
892	0.0089297	-0.00465632	-9.01693e-07	7500	2e+11 0.516418
893	0.0089397	-0.0135213	-2.61839e-06	7500	2e+11 0.516562
894	0.00894969	-0.0369365	-7.15273e-06	7500	2e+11 0.516562
895	0.0089597	-0.0793791	-1.53717e-05	7500	2e+11 0.51637
896	0.0089697	-0.29332	-5.68011e-05	7500	2e+11 0.51637
897	0.0089797	-0.684815	-0.000132614	7500	2e+11 0.516418
898	0.0089897	-2.18754	-0.000423615	7500	2e+11 0.516658
899	0.00899969	-4.94075	-0.000956773	7500	2e+11 0.516947
900	0.00900968	-8.69614	-0.001684	7500	2e+11 0.51743
901	0.00901966	-13.15	-0.00254648	7500	2e+11 0.518058
902	0.00902963	-17.9819	-0.00348218	7500	2e+11 0.518349
903	0.00903959	-22.8735	-0.00442943	7500	2e+11 0.518785
904	0.00904955	-27.5587	-0.00533672	7500	2e+11 0.519369
905	0.00905949	-31.8211	-0.00616213	7500	2e+11 0.519563
906	0.00906943	-35.5658	-0.00688729	7500	2e+11 0.519855
907	0.00907936	-38.7689	-0.00750757	7500	2e+11 0.520246
908	0.00908929	-41.4057	-0.00801817	7500	2e+11 0.520685
909	0.00909921	-43.519	-0.00842742	7500	2e+11 0.520685
910	0.00910912	-45.1885	-0.00875071	7500	2e+11 0.521077
911	0.00911903	-46.4806	-0.00900093	7500	2e+11 0.521077
912	0.00912895	-47.4599	-0.00919058	7500	2e+11 0.521077
913	0.00913886	-48.1922	-0.00933238	7500	2e+11 0.521273
914	0.00914876	-48.7283	-0.0094362	7500	2e+11 0.521273
915	0.00915867	-49.1189	-0.00951184	7500	2e+11 0.521518
916	0.00916857	-49.3988	-0.00956603	7500	2e+11 0.521518
917	0.00917848	-49.5936	-0.00960376	7500	2e+11 0.521224
918	0.00918839	-49.7292	-0.00963003	7500	2e+11 0.52142
919	0.00919829	-49.8201	-0.00964763	7500	2e+11 0.521469
920	0.0092082	-49.8817	-0.00965954	7500	2e+11 0.521469
921	0.0092181	-49.9226	-0.00966746	7500	2e+11 0.521469
922	0.009228	-49.9498	-0.00967273	7500	2e+11 0.521665
923	0.0092379	-49.9673	-0.00967613	7500	2e+11 0.521665
924	0.00924781	-49.9787	-0.00967833	7500	2e+11 0.52142
925	0.00925771	-49.986	-0.00967974	7500	2e+11 0.521469
926	0.00926761	-49.9904	-0.00968061	7500	2e+11 0.521469
927	0.00927752	-49.9932	-0.00968114	7500	2e+11 0.521371
928	0.00928743	-49.9949	-0.00968148	7500	2e+11 0.521567
929	0.00929733	-49.996	-0.00968168	7500	2e+11 0.521567
930	0.00930723	-49.9966	-0.0096818	7500	2e+11 0.52142
931	0.00931714	-49.9969	-0.00968187	7500	2e+11 0.521518
932	0.00932704	-49.9972	-0.00968191	7500	2e+11 0.521518
933	0.00933694	-49.9973	-0.00968193	7500	2e+11 0.521616
934	0.00934684	-49.9973	-0.00968194	7500	2e+11 0.521616
935	0.00935675	-49.9974	-0.00968195	7500	2e+11 0.521469
936	0.00936665	-49.9974	-0.00968195	7500	2e+11 0.521469
937	0.00937655	-49.9974	-0.00968195	7500	2e+11 0.521469
938	0.00938646	-49.9974	-0.00968195	7500	2e+11 0.521469
939	0.00939636	-49.9974	-0.00968195	7500	2e+11 0.52142
940	0.00940627	-49.9974	-0.00968195	7500	2e+11 0.52142
941	0.00941617	-49.9974	-0.00968195	7500	2e+11 0.521518
942	0.00942607	-49.9974	-0.00968195	7500	2e+11 0.521518
943	0.00943598	-49.9974	-0.00968195	7500	2e+11 0.521567
944	0.00944588	-49.9974	-0.00968195	7500	2e+11 0.521567
945	0.00945578	-49.9974	-0.00968195	7500	2e+11 0.52142
946	0.00946569	-49.9974	-0.00968195	7500	2e+11 0.521322
947	0.00947559	-49.9974	-0.00968195	7500	2e+11 0.521665
948	0.00948549	-49.9974	-0.00968195	7500	2e+11 0.521665
949	0.0094954	-49.9974	-0.00968195	7500	2e+11 0.521322
950	0.00950531	-49.9974	-0.00968195	7500	2e+11 0.52142
951	0.00951521	-49.9974	-0.00968195	7500	2e+11 0.521567
952	0.00952511	-49.9974	-0.00968196	7500	2e+11 0.521567
953	0.00953501	-49.9974	-0.00968196	7500	2e+11 0.521518
954	0.00954492	-49.9974	-0.00968196	7500	2e+11 0.521763
955	0.00955482	-49.9974	-0.00968195	7500	2e+11 0.521763
956	0.00956472	-49.9974	-0.00968195	7500	2e+11 0.521665
957	0.00957462	-49.9974	-0.00968195	7500	2e+11 0.521665
958	0.00958453	-49.9974	-0.00968195	7500	2e+11 0.52142
959	0.00959444	-49.9974	-0.00968196	7500	2e+11 0.521665
960	0.00960434	-49.9974	-0.00968196	7500	2e+11 0.521665
961	0.00961424	-49.9973	-0.00968196	7500	2e+11 0.521469
962	0.00962415	-49.9973	-0.00968197	7500	2e+11 0.521469
963	0.00963405	-49.9972	-0.00968198	7500	2e+11 0.521469
964	0.00964395	-49.9971	-0.00968201	7500	2e+11 0.521665
965	0.00965385	-49.9969	-0.00968205	7500	2e+11 0.521665
966	0.00966376	-49.9966	-0.00968211	7500	2e+11 0.521616
967	0.00967366	-49.996	-0.00968221	7500	2e+11 0.521616
968	0.00968357	-49.9951	-0.00968239	7500	2e+11 0.521616
969	0.00969347	-49.9936	-0.00968267	7500	2e+11 0.521616
970	0.00970338	-49.9913	-0.00968312	7500	2e+11 0.52142
971	0.00971328	-49.9875	-0.00968385	7500	2e+11 0.521714
972	0.00972318	-49.9817	-0.00968499	7500	2e+11 0.521714
973	0.00973308	-49.9727	-0.00968673	7500	2e+11 0.521469
974	0.00974299	-49.9587	-0.00968943	7500	2e+11 0.521714
975	0.00975289	-49.938	-0.00969346	7500	2e+11 0.521714
976	0.0097628	-49.9067	-0.00969952	7500	2e+11 0.521616
977	0.0097727	-49.8604	-0.00970847	7500	2e+11 0.521616
978	0.0097826	-49.7931	-0.0097215	7500	2e+11 0.521567
979	0.0097925	-49.6983	-0.00973986	7500	2e+11 0.521567
980	0.0098024	-49.5644	-0.00976579	7500	2e+11 0.521518
981	0.00981231	-49.3795	-0.0098016	7500	2e+11 0.521518
982	0.00982221	-49.1266	-0.00985057	7500	2e+11 0.521665
983	0.00983211	-48.7813	-0.00991744	7500	2e+11 0.521861
984	0.00984201	-48.3255	-0.0100057	7500	2e+11 0.521861
985	0.00985191	-47.7258	-0.0101218	7500	2e+11 0.521616
986	0.00986181	-46.9532	-0.0102714	7500	2e+11 0.521911
987	0.0098717	-45.9847	-0.0104589	7500	2e+11 0.52196
988	0.0098816	-44.7843	-0.0106913	7500	2e+11 0.522452
989	0.00989148	-43.3111	-0.0109764	7500	2e+11 0.522452
990	0.00990138	-41.5451	-0.0113178	7500	2e+11 0.522501
991	0.00991127	-39.4555	-0.011721	7500	2e+11 0.52255
992	0.00992115	-37.0355	-0.0121856	7500	2e+11 0.523191
993	0.00993102	-34.2811	-0.0127057	7500	2e+11 0.523487
994	0.00994088	-31.1679	-0.0132768	7500	2e+11 0.523487
995	0.00995075	-27.6809	-0.0138766	7500	2e+11 0.523883
996	0.00996061	-23.5261	-0.0144232	7500	2e+11 0.524081
997	0.00997046	-18.5248	-0.0148616	7500	2e+11 0.524378
998	0.00998031	-12.7943	-0.015174	7500	2e+11 0.524378
999	0.00999015	-6.54709	-0.0153566	7500	2e+11 0.524527
1000	0.01	0	-0.0154083	7500	2e+11 0.524527
