0	0	0	0	7500	2e+11 0.516398
1	1e-05	0	0	7500	2e+11 0.516398
2	2e-05	0	0	7500	2e+11 0.516398
3	3e-05	0	0	7500	2e+11 0.516398
4	4e-05	0	0	7500	2e+11 0.516398
5	5e-05	0	0	7500	2e+11 0.516398
6	6e-05	0	0	7500	2e+11 0.516398
7	7e-05	0	0	7500	2e+11 0.516398
8	8e-05	0	0	7500	2e+11 0.516398
9	9e-05	0	0	7500	2e+11 0.516398
10	0.0001	0	0	7500	2e+11 0.516398
11	0.00011	0	0	7500	2e+11 0.516398
12	0.00012	0	0	7500	2e+11 0.516398
13	0.00013	0	0	7500	2e+11 0.516398
14	0.00014	0	0	7500	2e+11 0.516398
15	0.00015	0	0	7500	2e+11 0.516398
16	0.00016	0	0	7500	2e+11 0.516398
17	0.00017	0	0	7500	2e+11 0.516398
18	0.00018	0	0	7500	2e+11 0.516398
19	0.00019	0	0	7500	2e+11 0.516398
20	0.0002	0	0	7500	2e+11 0.516398
21	0.00021	0	0	7500	2e+11 0.516398
22	0.00022	0	0	7500	2e+11 0.516398
23	0.00023	0	0	7500	2e+11 0.516398
24	0.00024	0	0	7500	2e+11 0.516398
25	0.00025	0	0	7500	2e+11 0.516398
26	0.00026	0	0	7500	2e+11 0.516398
27	0.00027	0	0	7500	2e+11 0.516398
28	0.00028	0	0	7500	2e+11 0.516398
29	0.00029	0	0	7500	2e+11 0.516398
30	0.0003	0	0	7500	2e+11 0.516398
31	0.00031	0	0	7500	2e+11 0.516398
32	0.00032	0	0	7500	2e+11 0.516398
33	0.00033	0	0	7500	2e+11 0.516398
34	0.00034	0	0	7500	2e+11 0.516398
35	0.00035	0	0	7500	2e+11 0.516398
36	0.00036	0	0	7500	2e+11 0.516398
37	0.00037	0	0	7500	2e+11 0.516398
38	0.00038	0	0	7500	2e+11 0.516398
39	0.00039	0	0	7500	2e+11 0.516398
40	0.0004	0	0	7500	2e+11 0.516398
41	0.00041	0	0	7500	2e+11 0.516398
42	0.00042	0	0	7500	2e+11 0.516398
43	0.00043	0	0	7500	2e+11 0.516398
44	0.00044	0	0	7500	2e+11 0.516398
45	0.00045	0	0	7500	2e+11 0.516398
46	0.00046	0	0	7500	2e+11 0.516398
47	0.00047	0	0	7500	2e+11 0.516398
48	0.00048	0	0	7500	2e+11 0.516398
49	0.00049	0	0	7500	2e+11 0.5164
50	0.0005	0	0	7500	2e+11 0.5164
51	0.00051	0	0	7500	2e+11 0.516397
52	0.00052	0	0	7500	2e+11 0.5164
53	0.00053	0	0	7500	2e+11 0.5164
54	0.00054	0	0	7500	2e+11 0.516397
55	0.00055	0	0	7500	2e+11 0.5164
56	0.00056	0	0	7500	2e+11 0.5164
57	0.00057	0	0	7500	2e+11 0.516397
58	0.00058	0	0	7500	2e+11 0.516397
59	0.00059	0	0	7500	2e+11 0.5164
60	0.0006	0	0	7500	2e+11 0.5164
61	0.00061	0	0	7500	2e+11 0.516397
62	0.00062	0	0	7500	2e+11 0.5164
63	0.00063	0	0	7500	2e+11 0.5164
64	0.00064	0	0	7500	2e+11 0.516397
65	0.00065	0	0	7500	2e+11 0.5164
66	0.00066	0	0	7500	2e+11 0.5164
67	0.00067	0	0	7500	2e+11 0.516397
68	0.00068	0	0	7500	2e+11 0.5164
69	0.00069	0	0	7500	2e+11 0.5164
70	0.0007	0	0	7500	2e+11 0.516397
71	0.00071	0	0	7500	2e+11 0.516397
72	0.00072	0	0	7500	2e+11 0.5164
73	0.00073	0	0	7500	2e+11 0.5164
74	0.00074	0	0	7500	2e+11 0.516397
75	0.00075	0	0	7500	2e+11 0.5164
76	0.00076	0	0	7500	2e+11 0.5164
77	0.00077	0	0	7500	2e+11 0.516397
78	0.00078	0	0	7500	2e+11 0.5164
79	0.00079	0	0	7500	2e+11 0.5164
80	0.0008	0	0	7500	2e+11 0.516397
81	0.00081	0	0	7500	2e+11 0.5164
82	0.00082	0	0	7500	2e+11 0.5164
83	0.00083	0	0	7500	2e+11 0.516397
84	0.00084	0	0	7500	2e+11 0.5164
85	0.00085	0	0	7500	2e+11 0.5164
86	0.00086	0	0	7500	2e+11 0.516397
87	0.00087	0	0	7500	2e+11 0.5164
88	0.00088	0	0	7500	2e+11 0.5164
89	0.00089	0	0	7500	2e+11 0.516397
90	0.0009	0	0	7500	2e+11 0.516397
91	0.00091	0	0	7500	2e+11 0.5164
92	0.00092	0	0	7500	2e+11 0.5164
93	0.00093	0	0	7500	2e+11 0.516397
94	0.00094	0	0	7500	2e+11 0.5164
95	0.00095	0	0	7500	2e+11 0.5164
96	0.00096	0	0	7500	2e+11 0.516397
97	0.00097	0	0	7500	2e+11 0.516397
98	0.00098	0	0	7500	2e+11 0.5164
99	0.00099	0	0	7500	2e+11 0.5164
100	0.001	0	0	7500	2e+11 0.5164
101	0.00101	0	0	7500	2e+11 0.5164
102	0.00102	0	0	7500	2e+11 0.5164
103	0.00103	0	0	7500	2e+11 0.5164
104	0.00104	0	0	7500	2e+11 0.5164
105	0.00105	0	0	7500	2e+11 0.5164
106	0.00106	0	0	7500	2e+11 0.5164
107	0.00107	0	0	7500	2e+11 0.5164
108	0.00108	0	0	7500	2e+11 0.5164
109	0.00109	0	0	7500	2e+11 0.5164
110	0.0011	0	0	7500	2e+11 0.5164
111	0.00111	0	0	7500	2e+11 0.5164
112	0.00112	0	0	7500	2e+11 0.5164
113	0.00113	0	0	7500	2e+11 0.5164
114	0.00114	0	0	7500	2e+11 0.5164
115	0.00115	0	0	7500	2e+11 0.5164
116	0.00116	0	0	7500	2e+11 0.5164
117	0.00117	0	0	7500	2e+11 0.5164
118	0.00118	0	0	7500	2e+11 0.5164
119	0.00119	0	0	7500	2e+11 0.5164
120	0.0012	0	0	7500	2e+11 0.5164
121	0.00121	0	0	7500	2e+11 0.5164
122	0.00122	0	0	7500	2e+11 0.5164
123	0.00123	0	0	7500	2e+11 0.5164
124	0.00124	0	0	7500	2e+11 0.5164
125	0.00125	0	0	7500	2e+11 0.5164
126	0.00126	0	0	7500	2e+11 0.5164
127	0.00127	0	0	7500	2e+11 0.5164
128	0.00128	0	0	7500	2e+11 0.5164
129	0.00129	0	0	7500	2e+11 0.5164
130	0.0013	0	0	7500	2e+11 0.5164
131	0.00131	0	0	7500	2e+11 0.5164
132	0.00132	0	0	7500	2e+11 0.5164
133	0.00133	0	0	7500	2e+11 0.5164
134	0.00134	0	0	7500	2e+11 0.5164
135	0.00135	0	0	7500	2e+11 0.5164
136	0.00136	0	0	7500	2e+11 0.5164
137	0.00137	0	0	7500	2e+11 0.5164
138	0.00138	0	0	7500	2e+11 0.5164
139	0.00139	0	0	7500	2e+11 0.5164
140	0.0014	0	0	7500	2e+11 0.5164
141	0.00141	0	0	7500	2e+11 0.5164
142	0.00142	0	0	7500	2e+11 0.5164
143	0.00143	0	0	7500	2e+11 0.5164
144	0.00144	0	0	7500	2e+11 0.5164
145	0.00145	0	0	7500	2e+11 0.5164
146	0.00146	0	0	7500	2e+11 0.5164
147	0.00147	0	0	7500	2e+11 0.5164
148	0.00148	0	0	7500	2e+11 0.5164
149	0.00149	0	0	7500	2e+11 0.5164
150	0.0015	0	0	7500	2e+11 0.5164
151	0.00151	0	0	7500	2e+11 0.5164
152	0.00152	0	0	7500	2e+11 0.5164
153	0.00153	0	0	7500	2e+11 0.5164
154	0.00154	0	0	7500	2e+11 0.5164
155	0.00155	0	0	7500	2e+11 0.5164
156	0.00156	0	0	7500	2e+11 0.5164
157	0.00157	0	0	7500	2e+11 0.5164
158	0.00158	0	0	7500	2e+11 0.5164
159	0.00159	6.17978e-39	1.19671e-42	7500	2e+11 0.5164
160	0.0016	5.17828e-38	1.00277e-41	7500	2e+11 0.5164
161	0.00161	1.30745e-37	2.53187e-41	7500	2e+11 0.5164
162	0.00162	2.35541e-37	4.56123e-41	7500	2e+11 0.5164
163	0.00163	3.56871e-37	6.91078e-41	7500	2e+11 0.5164
164	0.00164	4.78231e-37	9.2609e-41	7500	2e+11 0.5164
165	0.00165	5.82187e-37	1.1274e-40	7500	2e+11 0.5164
166	0.00166	6.58016e-37	1.27424e-40	7500	2e+11 0.5164
167	0.00167	7.03865e-37	1.36303e-40	7500	2e+11 0.5164
168	0.00168	7.23627e-37	1.4013e-40	7500	2e+11 0.5164
169	0.00169	7.23627e-37	1.4013e-40	7500	2e+11 0.5164
170	0.0017	4.34173e-36	8.40772e-40	7500	2e+11 0.5164
171	0.00171	1.34472e-35	2.60403e-39	7500	2e+11 0.5164
172	0.00172	4.77596e-35	9.24861e-39	7500	2e+11 0.5164
173	0.00173	1.41106e-34	2.73251e-38	7500	2e+11 0.5164
174	0.00174	3.49762e-34	6.77311e-38	7500	2e+11 0.5164
175	0.00175	1.08669e-33	2.10436e-37	7500	2e+11 0.5164
176	0.00176	2.93393e-33	5.68153e-37	7500	2e+11 0.5164
177	0.00177	8.40884e-33	1.62836e-36	7500	2e+11 0.5164
178	0.00178	2.9544e-32	5.72118e-36	7500	2e+11 0.5164
179	0.00179	8.05027e-32	1.55893e-35	7500	2e+11 0.5164
180	0.0018	2.10988e-31	4.08577e-35	7500	2e+11 0.5164
181	0.00181	5.75738e-31	1.11491e-34	7500	2e+11 0.5164
182	0.00182	1.68065e-30	3.25457e-34	7500	2e+11 0.5164
183	0.00183	5.35948e-30	1.03786e-33	7500	2e+11 0.5164
184	0.00184	1.12717e-29	2.18276e-33	7500	2e+11 0.5164
185	0.00185	4.29208e-29	8.31158e-33	7500	2e+11 0.5164
186	0.00186	1.16333e-28	2.25278e-32	7500	2e+11 0.5164
187	0.00187	3.21956e-28	6.23466e-32	7500	2e+11 0.5164
188	0.00188	8.97231e-28	1.73748e-31	7500	2e+11 0.5164
189	0.00189	2.34068e-27	4.53271e-31	7500	2e+11 0.5164
190	0.0019	8.06126e-27	1.56106e-30	7500	2e+11 0.5164
191	0.00191	2.23877e-26	4.33536e-30	7500	2e+11 0.5164
192	0.00192	5.69766e-26	1.10335e-29	7500	2e+11 0.5164
193	0.00193	1.62351e-25	3.14392e-29	7500	2e+11 0.5164
194	0.00194	4.17214e-25	8.07931e-29	7500	2e+11 0.5164
195	0.00195	1.12422e-24	2.17703e-28	7500	2e+11 0.5164
196	0.00196	3.04764e-24	5.90173e-28	7500	2e+11 0.516406
197	0.00197	6.69623e-24	1.29672e-27	7500	2e+11 0.516406
198	0.00198	1.90921e-23	3.69717e-27	7500	2e+11 0.516394
199	0.00199	4.84406e-23	9.38048e-27	7500	2e+11 0.516406
200	0.002	1.68331e-22	3.25972e-26	7500	2e+11 0.516406
201	0.00201	4.74583e-22	9.19026e-26	7500	2e+11 0.516394
202	0.00202	1.41328e-21	2.73681e-25	7500	2e+11 0.516406
203	0.00203	3.20503e-21	6.20651e-25	7500	2e+11 0.516406
204	0.00204	1.12235e-20	2.17342e-24	7500	2e+11 0.516394
205	0.00205	2.94733e-20	5.70748e-24	7500	2e+11 0.516406
206	0.00206	7.84249e-20	1.51869e-23	7500	2e+11 0.516406
207	0.00207	2.72792e-19	5.28259e-23	7500	2e+11 0.516394
208	0.00208	7.14583e-19	1.38378e-22	7500	2e+11 0.516406
209	0.00209	1.95825e-18	3.79213e-22	7500	2e+11 0.516406
210	0.0021	5.35564e-18	1.03712e-21	7500	2e+11 0.516394
211	0.00211	1.51135e-17	2.92671e-21	7500	2e+11 0.516406
212	0.00212	3.20204e-17	6.20073e-21	7500	2e+11 0.516406
213	0.00213	1.21734e-16	2.35736e-20	7500	2e+11 0.516394
214	0.00214	2.92076e-16	5.65604e-20	7500	2e+11 0.516406
215	0.00215	9.3089e-16	1.80266e-19	7500	2e+11 0.516406
216	0.00216	2.09045e-15	4.04815e-19	7500	2e+11 0.516394
217	0.00217	5.93598e-15	1.1495e-18	7500	2e+11 0.516406
218	0.00218	1.52439e-14	2.95197e-18	7500	2e+11 0.516406
219	0.00219	4.53507e-14	8.78213e-18	7500	2e+11 0.516394
220	0.0022	1.15529e-13	2.23722e-17	7500	2e+11 0.516406
221	0.00221	3.02592e-13	5.85968e-17	7500	2e+11 0.516406
222	0.00222	8.12793e-13	1.57397e-16	7500	2e+11 0.516394
223	0.00223	2.47311e-12	4.78915e-16	7500	2e+11 0.516406
224	0.00224	6.52892e-12	1.26432e-15	7500	2e+11 0.516406
225	0.00225	1.82756e-11	3.53906e-15	7500	2e+11 0.516394
226	0.00226	4.83635e-11	9.36556e-15	7500	2e+11 0.516394
227	0.00227	1.65689e-10	3.20856e-14	7500	2e+11 0.516406
228	0.00228	4.16891e-10	8.07307e-14	7500	2e+11 0.516406
229	0.00229	1.13217e-09	2.19244e-13	7500	2e+11 0.516394
230	0.0023	2.7161e-09	5.25971e-13	7500	2e+11 0.516406
231	0.00231	6.45772e-09	1.25053e-12	7500	2e+11 0.516406
232	0.00232	2.11531e-08	4.09627e-12	7500	2e+11 0.516394
233	0.00233	4.88897e-08	9.46744e-12	7500	2e+11 0.516406
234	0.00234	1.65909e-07	3.21282e-11	7500	2e+11 0.516406
235	0.00235	4.06524e-07	7.8723e-11	7500	2e+11 0.516394
236	0.00236	1.17496e-06	2.2753e-10	7500	2e+11 0.516406
237	0.00237	3.00495e-06	5.81906e-10	7500	2e+11 0.516406
238	0.00238	7.20499e-06	1.39524e-09	7500	2e+11 0.516394
239	0.00239	2.65405e-05	5.13955e-09	7500	2e+11 0.516406
240	0.0024	7.06567e-05	1.36826e-08	7500	2e+11 0.516406
241	0.00241	0.000204093	3.95225e-08	7500	2e+11 0.516394
242	0.00242	0.000534724	1.03549e-07	7500	2e+11 0.516406
243	0.00243	0.00144165	2.79175e-07	7500	2e+11 0.516406
244	0.00244	0.00427205	8.27279e-07	7500	2e+11 0.516394
245	0.00245	0.013602	2.63402e-06	7500	2e+11 0.516406
246	0.00246	0.0319623	6.18947e-06	7500	2e+11 0.516406
247	0.00247	0.0796925	1.54324e-05	7500	2e+11 0.516394
248	0.00248	0.275651	5.33796e-05	7500	2e+11 0.516382
249	0.00249	0.726788	0.000140742	7500	2e+11 0.51637
250	0.0025	1.87152	0.000362417	7500	2e+11 0.516298
251	0.00251001	3.64456	0.000705766	7500	2e+11 0.516165
252	0.00252001	5.96386	0.0011549	7500	2e+11 0.515997
253	0.00253003	8.72997	0.00169055	7500	2e+11 0.515733
254	0.00254005	11.8323	0.00229131	7500	2e+11 0.515434
255	0.00255007	15.1601	0.00293575	7500	2e+11 0.515206
256	0.0025601	18.6088	0.00360357	7500	2e+11 0.514764
257	0.00257014	22.0787	0.00427553	7500	2e+11 0.514489
258	0.00258018	25.4838	0.00493492	7500	2e+11 0.514131
259	0.00259023	28.7513	0.00556767	7500	2e+11 0.513762
260	0.00260029	31.8224	0.00616238	7500	2e+11 0.513477
261	0.00261035	34.6533	0.00671058	7500	2e+11 0.513156
262	0.00262042	37.214	0.00720646	7500	2e+11 0.512919
263	0.0026305	39.4881	0.00764684	7500	2e+11 0.51261
264	0.00264057	41.4715	0.00803093	7500	2e+11 0.512456
265	0.00265065	43.1725	0.00836031	7500	2e+11 0.512232
266	0.00266074	44.6061	0.00863794	7500	2e+11 0.512042
267	0.00267083	45.7946	0.00886809	7500	2e+11 0.51196
268	0.00268091	46.7644	0.00905588	7500	2e+11 0.511865
269	0.00269101	47.543	0.00920667	7500	2e+11 0.5117
270	0.0027011	48.1586	0.00932587	7500	2e+11 0.511641
271	0.00271119	48.6377	0.00941864	7500	2e+11 0.511605
272	0.00272129	49.0051	0.00948979	7500	2e+11 0.511594
273	0.00273138	49.2826	0.00954354	7500	2e+11 0.511523
274	0.00274148	49.4891	0.00958352	7500	2e+11 0.511487
275	0.00275157	49.6406	0.00961287	7500	2e+11 0.511487
276	0.00276167	49.7505	0.00963414	7500	2e+11 0.511452
277	0.00277177	49.8289	0.00964933	7500	2e+11 0.51144
278	0.00278186	49.8844	0.00966007	7500	2e+11 0.511464
279	0.00279196	49.923	0.00966755	7500	2e+11 0.511464
280	0.00280206	49.9497	0.00967271	7500	2e+11 0.511464
281	0.00281215	49.9677	0.00967621	7500	2e+11 0.511428
282	0.00282225	49.9799	0.00967857	7500	2e+11 0.51144
283	0.00283235	49.988	0.00968014	7500	2e+11 0.51144
284	0.00284245	49.9934	0.00968117	7500	2e+11 0.511476
285	0.00285254	49.9968	0.00968185	7500	2e+11 0.511476
286	0.00286264	49.9991	0.00968228	7500	2e+11 0.511417
287	0.00287274	50.0005	0.00968256	7500	2e+11 0.511428
288	0.00288284	50.0014	0.00968273	7500	2e+11 0.51144
289	0.00289293	50.002	0.00968284	7500	2e+11 0.51144
290	0.00290303	50.0023	0.0096829	7500	2e+11 0.51144
291	0.00291313	50.0025	0.00968294	7500	2e+11 0.51144
292	0.00292322	50.0025	0.00968295	7500	2e+11 0.51144
293	0.00293332	50.0026	0.00968296	7500	2e+11 0.51144
294	0.00294342	50.0026	0.00968296	7500	2e+11 0.511464
295	0.00295351	50.0026	0.00968296	7500	2e+11 0.511464
296	0.00296361	50.0026	0.00968296	7500	2e+11 0.511476
297	0.00297371	50.0026	0.00968296	7500	2e+11 0.511476
298	0.00298381	50.0026	0.00968296	7500	2e+11 0.511452
299	0.0029939	50.0026	0.00968296	7500	2e+11 0.511452
300	0.003004	50.0026	0.00968296	7500	2e+11 0.511487
301	0.0030141	50.0026	0.00968296	7500	2e+11 0.511487
302	0.0030242	50.0026	0.00968296	7500	2e+11 0.511428
303	0.00303429	50.0026	0.00968296	7500	2e+11 0.51144
304	0.00304439	50.0026	0.00968296	7500	2e+11 0.51144
305	0.00305449	50.0026	0.00968296	7500	2e+11 0.511464
306	0.00306458	50.0026	0.00968296	7500	2e+11 0.511464
307	0.00307468	50.0026	0.00968296	7500	2e+11 0.511417
308	0.00308478	50.0026	0.00968296	7500	2e+11 0.51144
309	0.00309488	50.0026	0.00968296	7500	2e+11 0.51144
310	0.00310497	50.0026	0.00968296	7500	2e+11 0.511428
311	0.00311507	50.0026	0.00968296	7500	2e+11 0.511428
312	0.00312517	50.0026	0.00968296	7500	2e+11 0.511476
313	0.00313526	50.0026	0.00968296	7500	2e+11 0.511476
314	0.00314536	50.0026	0.00968296	7500	2e+11 0.511428
315	0.00315546	50.0026	0.00968296	7500	2e+11 0.511428
316	0.00316556	50.0026	0.00968296	7500	2e+11 0.511476
317	0.00317565	50.0026	0.00968296	7500	2e+11 0.511476
318	0.00318575	50.0026	0.00968296	7500	2e+11 0.511417
319	0.00319585	50.0026	0.00968296	7500	2e+11 0.511464
320	0.00320595	50.0026	0.00968296	7500	2e+11 0.511464
321	0.00321604	50.0026	0.00968296	7500	2e+11 0.511428
322	0.00322614	50.0026	0.00968296	7500	2e+11 0.51144
323	0.00323624	50.0026	0.00968295	7500	2e+11 0.51144
324	0.00324633	50.0025	0.00968295	7500	2e+11 0.511464
325	0.00325643	50.0025	0.00968295	7500	2e+11 0.511464
326	0.00326653	50.0025	0.00968295	7500	2e+11 0.51144
327	0.00327663	50.0025	0.00968295	7500	2e+11 0.511452
328	0.00328672	50.0025	0.00968295	7500	2e+11 0.511452
329	0.00329682	50.0025	0.00968295	7500	2e+11 0.511452
330	0.00330692	50.0025	0.00968295	7500	2e+11 0.511464
331	0.00331701	50.0025	0.00968295	7500	2e+11 0.511464
332	0.00332711	50.0025	0.00968295	7500	2e+11 0.511428
333	0.00333721	50.0025	0.00968295	7500	2e+11 0.511464
334	0.00334731	50.0025	0.00968295	7500	2e+11 0.511464
335	0.0033574	50.0025	0.00968294	7500	2e+11 0.511428
336	0.0033675	50.0025	0.00968294	7500	2e+11 0.51144
337	0.0033776	50.0025	0.00968294	7500	2e+11 0.51144
338	0.0033877	50.0025	0.00968294	7500	2e+11 0.511476
339	0.00339779	50.0025	0.00968294	7500	2e+11 0.511476
340	0.00340789	50.0025	0.00968294	7500	2e+11 0.511428
341	0.00341799	50.0024	0.00968293	7500	2e+11 0.511405
342	0.00342808	50.0024	0.00968292	7500	2e+11 0.511499
343	0.00343818	50.0021	0.00968287	7500	2e+11 0.511499
344	0.00344828	50.0016	0.00968277	7500	2e+11 0.511476
345	0.00345837	49.9994	0.00968235	7500	2e+11 0.511476
346	0.00346847	49.9954	0.00968158	7500	2e+11 0.511452
347	0.00347857	49.9811	0.0096788	7500	2e+11 0.511452
348	0.00348867	49.9395	0.00967075	7500	2e+11 0.511487
349	0.00349876	49.8649	0.0096563	7500	2e+11 0.511487
350	0.00350886	49.5215	0.0095898	7500	2e+11 0.511499
351	0.00351896	48.7228	0.00943514	7500	2e+11 0.511594
352	0.00352905	46.6813	0.0090398	7500	2e+11 0.511841
353	0.00353914	43.5789	0.00843902	7500	2e+11 0.512137
354	0.00354922	39.6572	0.00767959	7500	2e+11 0.512551
355	0.0035593	35.2042	0.00681726	7500	2e+11 0.513061
356	0.00356936	30.5211	0.00591038	7500	2e+11 0.513453
357	0.00357942	25.8758	0.00501083	7500	2e+11 0.513857
358	0.00358947	21.4866	0.00416086	7500	2e+11 0.514406
359	0.00359951	17.5022	0.00338929	7500	2e+11 0.514728
360	0.00360954	14.0041	0.00271188	7500	2e+11 0.515027
361	0.00361957	11.0188	0.00213378	7500	2e+11 0.51535
362	0.00362959	8.53318	0.00165244	7500	2e+11 0.515613
363	0.0036396	6.51276	0.00126119	7500	2e+11 0.515805
364	0.00364961	4.90167	0.000949204	7500	2e+11 0.515889
365	0.00365962	3.64004	0.00070489	7500	2e+11 0.516081
366	0.00366963	2.66899	0.000516848	7500	2e+11 0.516081
367	0.00367964	1.93367	0.000374453	7500	2e+11 0.516322
368	0.00368964	1.3846	0.000268127	7500	2e+11 0.516322
369	0.00369964	0.980162	0.000189808	7500	2e+11 0.516274
370	0.00370964	0.686132	0.000132869	7500	2e+11 0.51637
371	0.00371964	0.475144	9.20113e-05	7500	2e+11 0.51637
372	0.00372964	0.325567	6.30458e-05	7500	2e+11 0.516358
373	0.00373965	0.220834	4.27642e-05	7500	2e+11 0.516346
374	0.00374965	0.148294	2.87171e-05	7500	2e+11 0.516418
375	0.00375965	0.0985267	1.90796e-05	7500	2e+11 0.516418
376	0.00376965	0.0647828	1.25451e-05	7500	2e+11 0.516442
377	0.00377965	0.0421605	8.16435e-06	7500	2e+11 0.516442
378	0.00378965	0.0271618	5.25987e-06	7500	2e+11 0.516394
379	0.00379965	0.0173361	3.35711e-06	7500	2e+11 0.516442
380	0.00380965	0.0109623	2.12283e-06	7500	2e+11 0.516442
381	0.00381965	0.0068602	1.32847e-06	7500	2e+11 0.516454
382	0.00382965	0.00425234	8.23463e-07	7500	2e+11 0.516454
383	0.00383965	0.00260957	5.05341e-07	7500	2e+11 0.516394
384	0.00384965	0.00158753	3.07424e-07	7500	2e+11 0.516442
385	0.00385965	0.0009569	1.85303e-07	7500	2e+11 0.516442
386	0.00386965	0.000571223	1.10617e-07	7500	2e+11 0.516394
387	0.00387965	0.000337828	6.54202e-08	7500	2e+11 0.516394
388	0.00388965	0.000197983	3.83393e-08	7500	2e+11 0.516382
389	0.00389965	0.000115016	2.22728e-08	7500	2e+11 0.516947
390	0.00390964	6.61945e-05	1.28185e-08	7500	2e+11 0.517551
391	0.00391962	3.77757e-05	7.31524e-09	7500	2e+11 0.517551
392	0.00392961	2.13531e-05	4.13501e-09	7500	2e+11 0.516514
393	0.00393962	1.19647e-05	2.31696e-09	7500	2e+11 0.51649
394	0.00394961	6.65402e-06	1.28855e-09	7500	2e+11 0.51649
395	0.00395962	3.6721e-06	7.111e-10	7500	2e+11 0.51637
396	0.00396962	2.00382e-06	3.88039e-10	7500	2e+11 0.51637
397	0.00397962	1.08302e-06	2.09727e-10	7500	2e+11 0.516466
398	0.00398962	5.818e-07	1.12665e-10	7500	2e+11 0.516466
399	0.00399962	3.09241e-07	5.98842e-11	7500	2e+11 0.516466
400	0.00400962	1.63218e-07	3.1607e-11	7500	2e+11 0.51649
401	0.00401961	8.5417e-08	1.65409e-11	7500	2e+11 0.51649
402	0.00402961	4.44069e-08	8.59937e-12	7500	2e+11 0.51637
403	0.00403962	2.28564e-08	4.42613e-12	7500	2e+11 0.51649
404	0.00404961	1.16517e-08	2.25635e-12	7500	2e+11 0.51649
405	0.00405961	5.88465e-09	1.13956e-12	7500	2e+11 0.516442
406	0.00406962	2.95231e-09	5.71712e-13	7500	2e+11 0.516466
407	0.00407961	1.47154e-09	2.84963e-13	7500	2e+11 0.516466
408	0.00408961	7.26268e-10	1.40641e-13	7500	2e+11 0.516394
409	0.00409961	3.54961e-10	6.8738e-14	7500	2e+11 0.516394
410	0.00410962	1.72825e-10	3.34674e-14	7500	2e+11 0.516394
411	0.00411962	8.36505e-11	1.61989e-14	7500	2e+11 0.516394
412	0.00412962	4.01895e-11	7.78266e-15	7500	2e+11 0.516442
413	0.00413961	1.9086e-11	3.69599e-15	7500	2e+11 0.516442
414	0.00414962	8.96743e-12	1.73654e-15	7500	2e+11 0.516394
415	0.00415962	4.18293e-12	8.10021e-16	7500	2e+11 0.516394
416	0.00416962	1.93728e-12	3.75152e-16	7500	2e+11 0.516418
417	0.00417962	8.92791e-13	1.72888e-16	7500	2e+11 0.516514
418	0.00418961	4.09069e-13	7.92159e-17	7500	2e+11 0.516514
419	0.00419961	1.85036e-13	3.5832e-17	7500	2e+11 0.51637
420	0.00420962	8.28123e-14	1.60365e-17	7500	2e+11 0.516346
421	0.00421962	3.6801e-14	7.12648e-18	7500	2e+11 0.51649
422	0.00422961	1.62581e-14	3.14836e-18	7500	2e+11 0.51649
423	0.00423962	7.11066e-15	1.37697e-18	7500	2e+11 0.516394
424	0.00424962	3.0971e-15	5.99752e-19	7500	2e+11 0.516418
425	0.00425962	1.3396e-15	2.59412e-19	7500	2e+11 0.516418
426	0.00426962	5.74027e-16	1.1116e-19	7500	2e+11 0.516442
427	0.00427962	2.4422e-16	4.7293e-20	7500	2e+11 0.516442
428	0.00428962	1.0315e-16	1.99749e-20	7500	2e+11 0.516418
429	0.00429962	4.31602e-17	8.35793e-21	7500	2e+11 0.516394
430	0.00430962	1.80193e-17	3.48942e-21	7500	2e+11 0.516562
431	0.00431961	7.45354e-18	1.44337e-21	7500	2e+11 0.516562
432	0.00432961	3.04587e-18	5.89831e-22	7500	2e+11 0.51637
433	0.00433961	1.23844e-18	2.39824e-22	7500	2e+11 0.51637
434	0.00434962	4.99941e-19	9.68131e-23	7500	2e+11 0.516394
435	0.00435962	2.00413e-19	3.88098e-23	7500	2e+11 0.516394
436	0.00436962	7.99165e-20	1.54758e-23	7500	2e+11 0.516466
437	0.00437961	3.16456e-20	6.12815e-24	7500	2e+11 0.516466
438	0.00438961	1.24405e-20	2.4091e-24	7500	2e+11 0.51637
439	0.00439962	4.84854e-21	9.38915e-25	7500	2e+11 0.516514
440	0.00440961	1.86796e-21	3.6173e-25	7500	2e+11 0.516514
441	0.00441961	7.16096e-22	1.38671e-25	7500	2e+11 0.516394
442	0.00442961	2.72922e-22	5.28511e-26	7500	2e+11 0.516418
443	0.00443961	1.03055e-22	1.99566e-26	7500	2e+11 0.516418
444	0.00444962	3.84781e-23	7.45125e-27	7500	2e+11 0.516418
445	0.00445962	1.42181e-23	2.75333e-27	7500	2e+11 0.516418
446	0.00446962	5.24875e-24	1.01642e-27	7500	2e+11 0.516394
447	0.00447962	1.92572e-24	3.72915e-28	7500	2e+11 0.51649
448	0.00448962	7.00386e-25	1.35629e-28	7500	2e+11 0.51649
449	0.00449961	2.52945e-25	4.89825e-29	7500	2e+11 0.516418
450	0.00450962	9.10745e-26	1.76365e-29	7500	2e+11 0.516514
451	0.00451961	3.24107e-26	6.2763e-30	7500	2e+11 0.516514
452	0.00452961	1.14483e-26	2.21695e-30	7500	2e+11 0.516418
453	0.00453962	4.02043e-27	7.78553e-31	7500	2e+11 0.516466
454	0.00454961	1.40307e-27	2.71704e-31	7500	2e+11 0.516514
455	0.00455961	4.84567e-28	9.3836e-32	7500	2e+11 0.516514
456	0.00456962	1.66732e-28	3.22876e-32	7500	2e+11 0.516442
457	0.00457962	5.70262e-29	1.10431e-32	7500	2e+11 0.516442
458	0.00458962	1.9422e-29	3.76106e-33	7500	2e+11 0.516394
459	0.00459962	6.5178e-30	1.26217e-33	7500	2e+11 0.51649
460	0.00460961	2.15538e-30	4.17387e-34	7500	2e+11 0.51649
461	0.00461961	7.07206e-31	1.3695e-34	7500	2e+11 0.516442
462	0.00462962	2.30935e-31	4.47204e-35	7500	2e+11 0.516394
463	0.00463962	7.54744e-32	1.46156e-35	7500	2e+11 0.51649
464	0.00464961	2.46012e-32	4.764e-36	7500	2e+11 0.51649
465	0.00465961	7.88581e-33	1.52708e-36	7500	2e+11 0.516442
466	0.00466961	2.51583e-33	4.87189e-37	7500	2e+11 0.516394
467	0.00467961	7.95726e-34	1.54092e-37	7500	2e+11 0.516466
468	0.00468961	2.48991e-34	4.82169e-38	7500	2e+11 0.516466
469	0.00469962	7.74371e-35	1.49956e-38	7500	2e+11 0.516466
470	0.00470961	2.39734e-35	4.64244e-39	7500	2e+11 0.516466
471	0.00471962	7.32356e-36	1.4182e-39	7500	2e+11 0.516346
472	0.00472962	2.21768e-36	4.29452e-40	7500	2e+11 0.51661
473	0.00473961	6.64919e-37	1.28761e-40	7500	2e+11 0.51661
474	0.00474961	1.97246e-37	3.81966e-41	7500	2e+11 0.516394
475	0.00475961	5.88743e-38	1.1401e-41	7500	2e+11 0.516346
476	0.00476961	1.73164e-38	3.35331e-42	7500	2e+11 0.516394
477	0.00477961	5.02921e-39	9.73902e-43	7500	2e+11 0.516538
478	0.00478961	1.44002e-39	2.78858e-43	7500	2e+11 0.516538
479	0.00479961	4.05232e-40	7.84727e-44	7500	2e+11 0.516346
480	0.00480961	1.01308e-40	1.96182e-44	7500	2e+11 0.516442
481	0.00481961	2.17089e-41	4.2039e-45	7500	2e+11 0.516442
482	0.00482961	0	0	7500	2e+11 0.516418
483	0.00483961	0	0	7500	2e+11 0.516442
484	0.00484961	0	0	7500	2e+11 0.516442
485	0.00485961	0	0	7500	2e+11 0.516442
486	0.00486961	0	0	7500	2e+11 0.516442
487	0.00487961	0	0	7500	2e+11 0.516466
488	0.00488961	0	0	7500	2e+11 0.516466
489	0.00489962	0	0	7500	2e+11 0.516442
490	0.00490962	0	0	7500	2e+11 0.51649
491	0.00491961	0	0	7500	2e+11 0.51649
492	0.00492961	0	0	7500	2e+11 0.516418
493	0.00493961	0	0	7500	2e+11 0.516418
494	0.00494961	0	0	7500	2e+11 0.516418
495	0.00495961	0	0	7500	2e+11 0.516538
496	0.00496961	0	0	7500	2e+11 0.516538
497	0.00497961	0	0	7500	2e+11 0.516442
498	0.00498961	0	0	7500	2e+11 0.516394
499	0.00499961	0	0	7500	2e+11 0.516418
500	0.00500961	0	0	7500	2e+11 0.516442
501	0.00501961	0	0	7500	2e+11 0.516442
502	0.00502961	0	0	7500	2e+11 0.516418
503	0.00503961	0	0	7500	2e+11 0.516418
504	0.00504961	0	0	7500	2e+11 0.516418
505	0.00505961	0	0	7500	2e+11 0.516418
506	0.00506961	0	0	7500	2e+11 0.516586
507	0.00507961	0	0	7500	2e+11 0.516586
508	0.00508961	0	0	7500	2e+11 0.51637
509	0.00509961	0	0	7500	2e+11 0.516394
510	0.00510961	0	0	7500	2e+11 0.516394
511	0.00511961	0	0	7500	2e+11 0.516442
512	0.00512961	0	0	7500	2e+11 0.516442
513	0.00513961	0	0	7500	2e+11 0.516466
514	0.00514961	0	0	7500	2e+11 0.516466
515	0.00515961	0	0	7500	2e+11 0.516514
516	0.00516961	0	0	7500	2e+11 0.516514
517	0.00517961	0	0	7500	2e+11 0.516418
518	0.00518961	0	0	7500	2e+11 0.516394
519	0.00519961	0	0	7500	2e+11 0.516442
520	0.00520961	0	0	7500	2e+11 0.51649
521	0.00521961	0	0	7500	2e+11 0.51649
522	0.00522961	0	0	7500	2e+11 0.516418
523	0.00523961	0	0	7500	2e+11 0.516418
524	0.00524961	0	0	7500	2e+11 0.51649
525	0.00525961	0	0	7500	2e+11 0.51649
526	0.00526961	0	0	7500	2e+11 0.516418
527	0.00527961	0	0	7500	2e+11 0.516562
528	0.00528961	0	0	7500	2e+11 0.516562
529	0.00529961	0	0	7500	2e+11 0.516466
530	0.00530961	0	0	7500	2e+11 0.516466
531	0.00531961	0	0	7500	2e+11 0.516442
532	0.00532961	0	0	7500	2e+11 0.516442
533	0.00533961	0	0	7500	2e+11 0.516394
534	0.00534961	0	0	7500	2e+11 0.516466
535	0.00535961	0	0	7500	2e+11 0.516466
536	0.00536961	0	0	7500	2e+11 0.516418
537	0.00537961	0	0	7500	2e+11 0.516466
538	0.00538961	0	0	7500	2e+11 0.516466
539	0.00539961	0	0	7500	2e+11 0.516466
540	0.00540961	0	0	7500	2e+11 0.516466
541	0.00541961	0	0	7500	2e+11 0.516394
542	0.00542961	0	0	7500	2e+11 0.51649
543	0.00543961	0	0	7500	2e+11 0.51649
544	0.00544961	0	0	7500	2e+11 0.51637
545	0.00545961	0	0	7500	2e+11 0.51649
546	0.00546961	0	0	7500	2e+11 0.51649
547	0.00547961	0	0	7500	2e+11 0.516418
548	0.00548961	0	0	7500	2e+11 0.516418
549	0.00549961	0	0	7500	2e+11 0.516538
550	0.00550961	0	0	7500	2e+11 0.516538
551	0.00551961	0	0	7500	2e+11 0.516394
552	0.00552961	0	0	7500	2e+11 0.516442
553	0.00553961	0	0	7500	2e+11 0.516442
554	0.00554961	0	0	7500	2e+11 0.51637
555	0.00555961	0	0	7500	2e+11 0.516418
556	0.00556961	0	0	7500	2e+11 0.516418
557	0.00557961	0	0	7500	2e+11 0.516466
558	0.00558961	0	0	7500	2e+11 0.516466
559	0.00559961	0	0	7500	2e+11 0.516514
560	0.0056096	0	0	7500	2e+11 0.516514
561	0.0056196	0	0	7500	2e+11 0.516418
562	0.00562961	0	0	7500	2e+11 0.516346
563	0.00563961	0	0	7500	2e+11 0.51649
564	0.00564961	0	0	7500	2e+11 0.51649
565	0.00565961	0	0	7500	2e+11 0.516466
566	0.0056696	0	0	7500	2e+11 0.516466
567	0.0056796	0	0	7500	2e+11 0.516442
568	0.00568961	0	0	7500	2e+11 0.516442
569	0.0056996	0	0	7500	2e+11 0.516466
570	0.0057096	0	0	7500	2e+11 0.516514
571	0.0057196	0	0	7500	2e+11 0.516514
572	0.0057296	0	0	7500	2e+11 0.51637
573	0.0057396	0	0	7500	2e+11 0.516514
574	0.0057496	0	0	7500	2e+11 0.516514
575	0.0057596	0	0	7500	2e+11 0.516418
576	0.0057696	0	0	7500	2e+11 0.516514
577	0.0057796	0	0	7500	2e+11 0.516514
578	0.0057896	0	0	7500	2e+11 0.516394
579	0.0057996	0	0	7500	2e+11 0.51649
580	0.0058096	0	0	7500	2e+11 0.51649
581	0.0058196	0	0	7500	2e+11 0.516394
582	0.0058296	0	0	7500	2e+11 0.516418
583	0.0058396	0	0	7500	2e+11 0.516418
584	0.0058496	0	0	7500	2e+11 0.516394
585	0.0058596	0	0	7500	2e+11 0.51637
586	0.0058696	0	0	7500	2e+11 0.516442
587	0.0058796	0	0	7500	2e+11 0.516538
588	0.0058896	0	0	7500	2e+11 0.516538
589	0.0058996	0	0	7500	2e+11 0.51649
590	0.0059096	0	0	7500	2e+11 0.51649
591	0.0059196	0	0	7500	2e+11 0.516418
592	0.0059296	0	0	7500	2e+11 0.516418
593	0.0059396	0	0	7500	2e+11 0.516466
594	0.0059496	0	0	7500	2e+11 0.51649
595	0.0059596	0	0	7500	2e+11 0.51649
596	0.0059696	0	0	7500	2e+11 0.516394
597	0.0059796	0	0	7500	2e+11 0.51649
598	0.0059896	0	0	7500	2e+11 0.51649
599	0.0059996	0	0	7500	2e+11 0.516394
600	0.0060096	0	0	7500	2e+11 0.51649
601	0.00601959	0	0	7500	2e+11 0.51649
602	0.00602959	0	0	7500	2e+11 0.51649
603	0.00603959	0	0	7500	2e+11 0.51649
604	0.00604959	0	0	7500	2e+11 0.516442
605	0.00605959	0	0	7500	2e+11 0.516466
606	0.00606959	0	0	7500	2e+11 0.516466
607	0.00607959	0	0	7500	2e+11 0.51649
608	0.00608959	0	0	7500	2e+11 0.51649
609	0.00609959	0	0	7500	2e+11 0.51649
610	0.00610959	0	0	7500	2e+11 0.51649
611	0.00611959	0	0	7500	2e+11 0.516418
612	0.00612959	0	0	7500	2e+11 0.516418
613	0.00613959	0	0	7500	2e+11 0.51649
614	0.00614959	0	0	7500	2e+11 0.51649
615	0.00615959	0	0	7500	2e+11 0.516466
616	0.00616959	0	0	7500	2e+11 0.516466
617	0.00617959	0	0	7500	2e+11 0.516418
618	0.00618958	0	0	7500	2e+11 0.516538
619	0.00619958	0	0	7500	2e+11 0.516538
620	0.00620958	0	0	7500	2e+11 0.516442
621	0.00621958	0	0	7500	2e+11 0.516442
622	0.00622958	0	0	7500	2e+11 0.516514
623	0.00623958	0	0	7500	2e+11 0.516514
624	0.00624958	0	0	7500	2e+11 0.516442
625	0.00625958	0	0	7500	2e+11 0.516442
626	0.00626958	0	0	7500	2e+11 0.51649
627	0.00627958	0	0	7500	2e+11 0.51649
628	0.00628958	0	0	7500	2e+11 0.516418
629	0.00629958	0	0	7500	2e+11 0.516466
630	0.00630957	0	0	7500	2e+11 0.516514
631	0.00631957	0	0	7500	2e+11 0.516514
632	0.00632957	0	0	7500	2e+11 0.51661
633	0.00633957	0	0	7500	2e+11 0.51661
634	0.00634957	0	0	7500	2e+11 0.516514
635	0.00635957	0	0	7500	2e+11 0.516514
636	0.00636957	0	0	7500	2e+11 0.516514
637	0.00637956	0	0	7500	2e+11 0.516538
638	0.00638956	0	0	7500	2e+11 0.516538
639	0.00639956	0	0	7500	2e+11 0.516586
640	0.00640956	0	0	7500	2e+11 0.516586
641	0.00641956	0	0	7500	2e+11 0.516562
642	0.00642955	0	0	7500	2e+11 0.516731
643	0.00643955	0	0	7500	2e+11 0.516731
644	0.00644955	0	0	7500	2e+11 0.516707
645	0.00645954	0	0	7500	2e+11 0.516707
646	0.00646954	0	0	7500	2e+11 0.516731
647	0.00647953	0	0	7500	2e+11 0.516731
648	0.00648952	0	0	7500	2e+11 0.516851
649	0.00649952	0	0	7500	2e+11 0.517164
650	0.0065095	0	0	7500	2e+11 0.517164
651	0.00651956	0	0	7500	2e+11 0.51702
652	0.00652955	0	0	7500	2e+11 0.51702
653	0.00653954	0	0	7500	2e+11 0.516779
654	0.00654954	0	0	7500	2e+11 0.516658
655	0.00655953	0	0	7500	2e+11 0.516634
656	0.00656953	0	0	7500	2e+11 0.516634
657	0.00657953	0	0	7500	2e+11 0.516538
658	0.00658952	0	0	7500	2e+11 0.516658
659	0.00659952	0	0	7500	2e+11 0.516658
660	0.00660952	0	0	7500	2e+11 0.516538
661	0.00661952	0	0	7500	2e+11 0.516538
662	0.00662951	0	0	7500	2e+11 0.516514
663	0.00663951	0	0	7500	2e+11 0.516514
664	0.00664951	0	0	7500	2e+11 0.51637
665	0.00665951	0	0	7500	2e+11 0.51637
666	0.00666951	0	0	7500	2e+11 0.516394
667	0.00667951	0	0	7500	2e+11 0.516562
668	0.00668951	0	0	7500	2e+11 0.516562
669	0.00669951	0	0	7500	2e+11 0.516418
670	0.00670951	0	0	7500	2e+11 0.51649
671	0.00671951	0	0	7500	2e+11 0.51649
672	0.00672951	0	0	7500	2e+11 0.51637
673	0.00673951	0	0	7500	2e+11 0.516538
674	0.00674951	0	0	7500	2e+11 0.516538
675	0.00675951	0	0	7500	2e+11 0.51637
676	0.00676951	0	0	7500	2e+11 0.51637
677	0.00677951	0	0	7500	2e+11 0.516442
678	0.00678951	0	0	7500	2e+11 0.516442
679	0.00679951	0	0	7500	2e+11 0.516442
680	0.00680951	0	0	7500	2e+11 0.516442
681	0.00681951	0	0	7500	2e+11 0.516394
682	0.00682951	0	0	7500	2e+11 0.516394
683	0.00683951	0	0	7500	2e+11 0.51637
684	0.00684952	0	0	7500	2e+11 0.516346
685	0.00685952	0	0	7500	2e+11 0.516346
686	0.00686952	0	0	7500	2e+11 0.51637
687	0.00687952	0	0	7500	2e+11 0.516442
688	0.00688952	0	0	7500	2e+11 0.516442
689	0.00689952	0	0	7500	2e+11 0.516418
690	0.00690952	0	0	7500	2e+11 0.516418
691	0.00691952	0	0	7500	2e+11 0.516442
692	0.00692952	0	0	7500	2e+11 0.516442
693	0.00693952	0	0	7500	2e+11 0.516466
694	0.00694952	0	0	7500	2e+11 0.516466
695	0.00695952	0	0	7500	2e+11 0.516466
696	0.00696952	0	0	7500	2e+11 0.516394
697	0.00697952	0	0	7500	2e+11 0.516418
698	0.00698952	0	0	7500	2e+11 0.516418
699	0.00699952	0	0	7500	2e+11 0.51649
700	0.00700952	0	0	7500	2e+11 0.51649
701	0.00701952	0	0	7500	2e+11 0.51637
702	0.00702952	0	0	7500	2e+11 0.51637
703	0.00703952	0	0	7500	2e+11 0.516466
704	0.00704952	0	0	7500	2e+11 0.516466
705	0.00705952	0	0	7500	2e+11 0.516442
706	0.00706952	0	0	7500	2e+11 0.516442
707	0.00707952	0	0	7500	2e+11 0.516442
708	0.00708952	0	0	7500	2e+11 0.516418
709	0.00709952	0	0	7500	2e+11 0.516538
710	0.00710952	0	0	7500	2e+11 0.516538
711	0.00711952	0	0	7500	2e+11 0.516442
712	0.00712952	0	0	7500	2e+11 0.516442
713	0.00713952	0	0	7500	2e+11 0.516442
714	0.00714952	0	0	7500	2e+11 0.516442
715	0.00715952	0	0	7500	2e+11 0.516394
716	0.00716952	0	0	7500	2e+11 0.516562
717	0.00717951	0	0	7500	2e+11 0.516562
718	0.00718951	0	0	7500	2e+11 0.516418
719	0.00719952	0	0	7500	2e+11 0.51649
720	0.00720951	0	0	7500	2e+11 0.51649
721	0.00721952	0	0	7500	2e+11 0.51649
722	0.00722951	0	0	7500	2e+11 0.51649
723	0.00723951	0	0	7500	2e+11 0.516442
724	0.00724951	0	0	7500	2e+11 0.516442
725	0.00725951	0	0	7500	2e+11 0.516442
726	0.00726951	0	0	7500	2e+11 0.516442
727	0.00727951	0	0	7500	2e+11 0.516442
728	0.00728951	0	0	7500	2e+11 0.516442
729	0.00729951	0	0	7500	2e+11 0.516418
730	0.00730951	0	0	7500	2e+11 0.516418
731	0.00731951	0	0	7500	2e+11 0.516514
732	0.00732951	0	0	7500	2e+11 0.516514
733	0.00733951	0	0	7500	2e+11 0.516322
734	0.00734952	0	0	7500	2e+11 0.51637
735	0.00735952	0	0	7500	2e+11 0.516418
736	0.00736952	0	0	7500	2e+11 0.51649
737	0.00737951	0	0	7500	2e+11 0.51649
738	0.00738952	0	0	7500	2e+11 0.516322
739	0.00739952	0	0	7500	2e+11 0.51637
740	0.00740952	0	0	7500	2e+11 0.51637
741	0.00741952	0	0	7500	2e+11 0.516346
742	0.00742952	0	0	7500	2e+11 0.516346
743	0.00743952	0	0	7500	2e+11 0.516274
744	0.00744953	0	0	7500	2e+11 0.516274
745	0.00745953	0	0	7500	2e+11 0.516226
746	0.00746953	0	0	7500	2e+11 0.516226
747	0.00747954	0	0	7500	2e+11 0.516105
748	0.00748955	0	0	7500	2e+11 0.516129
749	0.00749955	0	0	7500	2e+11 0.516129
750	0.00750956	0	0	7500	2e+11 0.519466
751	0.0075195	0	0	7500	2e+11 0.519466
752	0.00752952	0	0	7500	2e+11 0.515841
753	0.00753953	0	0	7500	2e+11 0.516274
754	0.00754953	0	0	7500	2e+11 0.516274
755	0.00755954	0	0	7500	2e+11 0.516033
756	0.00756954	0	0	7500	2e+11 0.516346
757	0.00757955	0	0	7500	2e+11 0.516346
758	0.00758955	0	0	7500	2e+11 0.516177
759	0.00759955	0	0	7500	2e+11 0.516177
760	0.00760956	0	0	7500	2e+11 0.516298
761	0.00761956	0	0	7500	2e+11 0.516298
762	0.00762957	0	0	7500	2e+11 0.516442
763	0.00763956	-7.525e-38	-1.45721e-41	7500	2e+11 0.516442
764	0.00764957	-3.43904e-37	-6.65967e-41	7500	2e+11 0.516538
765	0.00765957	-7.2349e-37	-1.40103e-40	7500	2e+11 0.516538
766	0.00766957	-2.17067e-36	-4.20348e-40	7500	2e+11 0.516346
767	0.00767957	-6.24386e-36	-1.20912e-39	7500	2e+11 0.516346
768	0.00768957	-2.67715e-35	-5.18428e-39	7500	2e+11 0.516346
769	0.00769957	-6.57113e-35	-1.27249e-38	7500	2e+11 0.516346
770	0.00770958	-2.57633e-34	-4.98905e-38	7500	2e+11 0.516442
771	0.00771958	-7.39543e-34	-1.43212e-37	7500	2e+11 0.516442
772	0.00772958	-2.03391e-33	-3.93865e-37	7500	2e+11 0.516346
773	0.00773958	-4.92034e-33	-9.5282e-37	7500	2e+11 0.516346
774	0.00774958	-1.60484e-32	-3.10776e-36	7500	2e+11 0.516394
775	0.00775958	-4.6101e-32	-8.92741e-36	7500	2e+11 0.516394
776	0.00776958	-1.35102e-31	-2.61624e-35	7500	2e+11 0.51637
777	0.00777958	-3.67467e-31	-7.11597e-35	7500	2e+11 0.51637
778	0.00778959	-1.11e-30	-2.1495e-34	7500	2e+11 0.51649
779	0.00779958	-2.55838e-30	-4.95429e-34	7500	2e+11 0.51649
780	0.00780959	-7.15476e-30	-1.38551e-33	7500	2e+11 0.516201
781	0.00781965	-2.02983e-29	-3.93075e-33	7500	2e+11 0.51541
782	0.00782966	-6.54176e-29	-1.26681e-32	7500	2e+11 0.51637
783	0.00783966	-1.74407e-28	-3.37737e-32	7500	2e+11 0.51637
784	0.00784967	-5.02793e-28	-9.73654e-32	7500	2e+11 0.516466
785	0.00785966	-1.42991e-27	-2.769e-31	7500	2e+11 0.516466
786	0.00786967	-5.12185e-27	-9.91843e-31	7500	2e+11 0.516514
787	0.00787966	-1.47507e-26	-2.85645e-30	7500	2e+11 0.516514
788	0.00788967	-3.89898e-26	-7.55034e-30	7500	2e+11 0.516466
789	0.00789967	-9.61446e-26	-1.86183e-29	7500	2e+11 0.516466
790	0.00790967	-2.78509e-25	-5.3933e-29	7500	2e+11 0.51661
791	0.00791967	-9.52119e-25	-1.84377e-28	7500	2e+11 0.51661
792	0.00792967	-2.81297e-24	-5.4473e-28	7500	2e+11 0.516466
793	0.00793967	-7.41534e-24	-1.43598e-27	7500	2e+11 0.516466
794	0.00794967	-2.15029e-23	-4.16401e-27	7500	2e+11 0.51661
795	0.00795967	-5.29965e-23	-1.02627e-26	7500	2e+11 0.51661
796	0.00796967	-1.26038e-22	-2.44071e-26	7500	2e+11 0.516322
797	0.00797968	-3.44741e-22	-6.67588e-26	7500	2e+11 0.516514
798	0.00798967	-9.55073e-22	-1.84949e-25	7500	2e+11 0.516514
799	0.00799967	-2.23452e-21	-4.32714e-25	7500	2e+11 0.516514
800	0.00800967	-5.76677e-21	-1.11673e-24	7500	2e+11 0.516466
801	0.00801967	-1.39931e-20	-2.70976e-24	7500	2e+11 0.516514
802	0.00802967	-4.20432e-20	-8.14163e-24	7500	2e+11 0.516514
803	0.00803967	-9.29999e-20	-1.80094e-23	7500	2e+11 0.516274
804	0.00804968	-3.36339e-19	-6.51317e-23	7500	2e+11 0.516418
805	0.00805968	-8.45051e-19	-1.63643e-22	7500	2e+11 0.516466
806	0.00806968	-2.34966e-18	-4.55009e-22	7500	2e+11 0.516658
807	0.00807967	-8.42681e-18	-1.63185e-21	7500	2e+11 0.516658
808	0.00808967	-2.01905e-17	-3.90987e-21	7500	2e+11 0.51637
809	0.00809967	-6.60191e-17	-1.27845e-20	7500	2e+11 0.51637
810	0.00810968	-1.64959e-16	-3.19442e-20	7500	2e+11 0.516466
811	0.00811968	-4.72458e-16	-9.14911e-20	7500	2e+11 0.516466
812	0.00812968	-1.52437e-15	-2.95192e-19	7500	2e+11 0.51637
813	0.00813968	-3.70587e-15	-7.17638e-19	7500	2e+11 0.516322
814	0.00814968	-9.82507e-15	-1.90262e-18	7500	2e+11 0.51637
815	0.00815968	-2.88571e-14	-5.58816e-18	7500	2e+11 0.51637
816	0.00816968	-7.37239e-14	-1.42766e-17	7500	2e+11 0.516658
817	0.00817968	-1.79723e-13	-3.48033e-17	7500	2e+11 0.516658
818	0.00818968	-5.27235e-13	-1.02099e-16	7500	2e+11 0.516322
819	0.00819968	-1.35624e-12	-2.62635e-16	7500	2e+11 0.51637
820	0.00820968	-3.79866e-12	-7.35608e-16	7500	2e+11 0.51637
821	0.00821968	-9.59521e-12	-1.8581e-15	7500	2e+11 0.51661
822	0.00822968	-2.94974e-11	-5.71214e-15	7500	2e+11 0.51661
823	0.00823968	-6.65073e-11	-1.28791e-14	7500	2e+11 0.516514
824	0.00824968	-2.02809e-10	-3.92737e-14	7500	2e+11 0.516514
825	0.00825968	-5.68192e-10	-1.1003e-13	7500	2e+11 0.51637
826	0.00826968	-1.35962e-09	-2.63289e-13	7500	2e+11 0.516562
827	0.00827968	-5.03356e-09	-9.74745e-13	7500	2e+11 0.516562
828	0.00828968	-1.30659e-08	-2.5302e-12	7500	2e+11 0.516514
829	0.00829968	-3.56732e-08	-6.9081e-12	7500	2e+11 0.516466
830	0.00830968	-8.13927e-08	-1.57616e-11	7500	2e+11 0.516466
831	0.00831969	-2.34964e-07	-4.55006e-11	7500	2e+11 0.51637
832	0.00832969	-6.65397e-07	-1.28854e-10	7500	2e+11 0.51637
833	0.00833969	-2.0521e-06	-3.97388e-10	7500	2e+11 0.51637
834	0.00834969	-5.29695e-06	-1.02575e-09	7500	2e+11 0.51661
835	0.00835968	-1.45281e-05	-2.81335e-09	7500	2e+11 0.51661
836	0.00836968	-4.24775e-05	-8.22574e-09	7500	2e+11 0.51661
837	0.00837968	-0.000112638	-2.18123e-08	7500	2e+11 0.516466
838	0.00838968	-0.000336145	-6.50942e-08	7500	2e+11 0.516466
839	0.00839969	-0.000883867	-1.7116e-07	7500	2e+11 0.516418
840	0.00840969	-0.00219555	-4.25167e-07	7500	2e+11 0.516418
841	0.00841969	-0.00571625	-1.10695e-06	7500	2e+11 0.516418
842	0.00842969	-0.0175648	-3.4014e-06	7500	2e+11 0.516418
843	0.00843969	-0.0492557	-9.53833e-06	7500	2e+11 0.516418
844	0.00844969	-0.133121	-2.57787e-05	7500	2e+11 0.516418
845	0.00845969	-0.353752	-6.85038e-05	7500	2e+11 0.516514
846	0.00846968	-0.918941	-0.000177952	7500	2e+11 0.516514
847	0.00847968	-2.64557	-0.000512313	7500	2e+11 0.516658
848	0.00848968	-5.5118	-0.00106736	7500	2e+11 0.516899
849	0.00849967	-9.31626	-0.00180409	7500	2e+11 0.51743
850	0.00850965	-13.7055	-0.00265406	7500	2e+11 0.517671
851	0.00851962	-18.4155	-0.00356615	7500	2e+11 0.518494
852	0.00852958	-23.1501	-0.00448301	7500	2e+11 0.518737
853	0.00853954	-27.6727	-0.00535879	7500	2e+11 0.519417
854	0.00854948	-31.7898	-0.00615607	7500	2e+11 0.519563
855	0.00855942	-35.4224	-0.00685951	7500	2e+11 0.520148
856	0.00856935	-38.5181	-0.00745901	7500	2e+11 0.520197
857	0.00857927	-41.1107	-0.00796105	7500	2e+11 0.520441
858	0.0085892	-43.2125	-0.00836806	7500	2e+11 0.520685
859	0.00859911	-44.8901	-0.00869294	7500	2e+11 0.52093
860	0.00860903	-46.2004	-0.00894667	7500	2e+11 0.521175
861	0.00861893	-47.2074	-0.00914167	7500	2e+11 0.521175
862	0.00862884	-47.9771	-0.00929073	7500	2e+11 0.521224
863	0.00863875	-48.5536	-0.00940237	7500	2e+11 0.521224
864	0.00864866	-48.9797	-0.00948488	7500	2e+11 0.521322
865	0.00865856	-49.2857	-0.00954413	7500	2e+11 0.521322
866	0.00866847	-49.5049	-0.00958659	7500	2e+11 0.52142
867	0.00867837	-49.661	-0.0096168	7500	2e+11 0.52142
868	0.00868828	-49.7692	-0.00963777	7500	2e+11 0.52142
869	0.00869818	-49.8443	-0.0096523	7500	2e+11 0.521469
870	0.00870809	-49.8961	-0.00966234	7500	2e+11 0.521469
871	0.008718	-49.931	-0.00966909	7500	2e+11 0.521469
872	0.0087279	-49.9543	-0.0096736	7500	2e+11 0.521567
873	0.0087378	-49.9696	-0.00967658	7500	2e+11 0.521616
874	0.0087477	-49.9797	-0.00967852	7500	2e+11 0.521616
875	0.00875761	-49.9862	-0.00967978	7500	2e+11 0.521469
876	0.00876751	-49.9904	-0.0096806	7500	2e+11 0.521469
877	0.00877741	-49.9931	-0.00968113	7500	2e+11 0.521616
878	0.00878731	-49.9948	-0.00968146	7500	2e+11 0.521616
879	0.00879722	-49.9959	-0.00968166	7500	2e+11 0.521371
880	0.00880712	-49.9965	-0.00968178	7500	2e+11 0.521371
881	0.00881703	-49.9969	-0.00968185	7500	2e+11 0.521371
882	0.00882694	-49.9971	-0.0096819	7500	2e+11 0.521861
883	0.00883683	-49.9972	-0.00968192	7500	2e+11 0.521861
884	0.00884673	-49.9973	-0.00968194	7500	2e+11 0.521469
885	0.00885664	-49.9973	-0.00968194	7500	2e+11 0.521469
886	0.00886654	-49.9974	-0.00968195	7500	2e+11 0.521469
887	0.00887645	-49.9974	-0.00968195	7500	2e+11 0.521322
888	0.00888636	-49.9974	-0.00968195	7500	2e+11 0.521616
889	0.00889626	-49.9974	-0.00968195	7500	2e+11 0.521616
890	0.00890616	-49.9974	-0.00968195	7500	2e+11 0.521469
891	0.00891606	-49.9974	-0.00968195	7500	2e+11 0.521371
892	0.00892597	-49.9974	-0.00968195	7500	2e+11 0.521469
893	0.00893587	-49.9974	-0.00968195	7500	2e+11 0.521665
894	0.00894577	-49.9974	-0.00968195	7500	2e+11 0.521665
895	0.00895568	-49.9974	-0.00968195	7500	2e+11 0.521469
896	0.00896558	-49.9974	-0.00968195	7500	2e+11 0.521469
897	0.00897549	-49.9974	-0.00968195	7500	2e+11 0.521273
898	0.0089854	-49.9974	-0.00968195	7500	2e+11 0.521469
899	0.0089953	-49.9974	-0.00968195	7500	2e+11 0.521469
900	0.0090052	-49.9974	-0.00968195	7500	2e+11 0.521616
901	0.0090151	-49.9974	-0.00968195	7500	2e+11 0.521665
902	0.009025	-49.9974	-0.00968195	7500	2e+11 0.521665
903	0.0090349	-49.9974	-0.00968195	7500	2e+11 0.521518
904	0.00904481	-49.9974	-0.00968195	7500	2e+11 0.521616
905	0.00905471	-49.9974	-0.00968195	7500	2e+11 0.521616
906	0.00906461	-49.9974	-0.00968195	7500	2e+11 0.521371
907	0.00907452	-49.9974	-0.00968195	7500	2e+11 0.521322
908	0.00908442	-49.9974	-0.00968195	7500	2e+11 0.521567
909	0.00909433	-49.9974	-0.00968195	7500	2e+11 0.521567
910	0.00910423	-49.9974	-0.00968195	7500	2e+11 0.521518
911	0.00911413	-49.9974	-0.00968195	7500	2e+11 0.521518
912	0.00912404	-49.9974	-0.00968195	7500	2e+11 0.521371
913	0.00913394	-49.9974	-0.00968195	7500	2e+11 0.521469
914	0.00914385	-49.9974	-0.00968195	7500	2e+11 0.521469
915	0.00915375	-49.9974	-0.00968195	7500	2e+11 0.521616
916	0.00916365	-49.9974	-0.00968195	7500	2e+11 0.521616
917	0.00917356	-49.9974	-0.00968195	7500	2e+11 0.521322
918	0.00918346	-49.9974	-0.00968195	7500	2e+11 0.521518
919	0.00919337	-49.9974	-0.00968195	7500	2e+11 0.521518
920	0.00920327	-49.9974	-0.00968195	7500	2e+11 0.521518
921	0.00921317	-49.9974	-0.00968195	7500	2e+11 0.521469
922	0.00922307	-49.9974	-0.00968195	7500	2e+11 0.521665
923	0.00923297	-49.9974	-0.00968195	7500	2e+11 0.521665
924	0.00924288	-49.9974	-0.00968195	7500	2e+11 0.52142
925	0.00925278	-49.9974	-0.00968195	7500	2e+11 0.521469
926	0.00926268	-49.9974	-0.00968195	7500	2e+11 0.521469
927	0.00927259	-49.9974	-0.00968195	7500	2e+11 0.521371
928	0.0092825	-49.9974	-0.00968195	7500	2e+11 0.521567
929	0.0092924	-49.9974	-0.00968195	7500	2e+11 0.521567
930	0.0093023	-49.9974	-0.00968195	7500	2e+11 0.52142
931	0.00931221	-49.9974	-0.00968195	7500	2e+11 0.521518
932	0.00932211	-49.9974	-0.00968195	7500	2e+11 0.521518
933	0.00933201	-49.9974	-0.00968195	7500	2e+11 0.521616
934	0.00934191	-49.9973	-0.00968194	7500	2e+11 0.521616
935	0.00935182	-49.9973	-0.00968194	7500	2e+11 0.521469
936	0.00936172	-49.9972	-0.00968192	7500	2e+11 0.521469
937	0.00937163	-49.997	-0.00968188	7500	2e+11 0.521469
938	0.00938153	-49.9962	-0.00968173	7500	2e+11 0.521469
939	0.00939143	-49.9948	-0.00968145	7500	2e+11 0.52142
940	0.00940134	-49.9899	-0.00968049	7500	2e+11 0.52142
941	0.00941124	-49.9709	-0.00967683	7500	2e+11 0.521518
942	0.00942114	-49.9287	-0.00966865	7500	2e+11 0.521518
943	0.00943105	-49.7966	-0.00964307	7500	2e+11 0.521518
944	0.00944095	-49.4594	-0.00957778	7500	2e+11 0.521518
945	0.00945086	-48.4796	-0.00938803	7500	2e+11 0.521322
946	0.00946077	-46.8568	-0.00907379	7500	2e+11 0.520979
947	0.00947068	-44.6604	-0.00864845	7500	2e+11 0.521077
948	0.00948059	-42.0066	-0.00813455	7500	2e+11 0.521077
949	0.00949051	-38.9859	-0.00754958	7500	2e+11 0.520441
950	0.00950044	-35.7004	-0.00691335	7500	2e+11 0.520002
951	0.00951038	-32.267	-0.00624848	7500	2e+11 0.519855
952	0.00952031	-28.7966	-0.00557645	7500	2e+11 0.519807
953	0.00953026	-25.3602	-0.00491098	7500	2e+11 0.519174
954	0.00954022	-22.0374	-0.00426753	7500	2e+11 0.518931
955	0.00955017	-18.9045	-0.00366085	7500	2e+11 0.518931
956	0.00956014	-16.0139	-0.00310107	7500	2e+11 0.518204
957	0.0095701	-13.3873	-0.00259244	7500	2e+11 0.518204
958	0.00958008	-11.0347	-0.00213686	7500	2e+11 0.517575
959	0.00959007	-8.96722	-0.00173649	7500	2e+11 0.517478
960	0.00960005	-7.2019	-0.00139464	7500	2e+11 0.517478
961	0.00961003	-5.70385	-0.00110455	7500	2e+11 0.516996
962	0.00962003	-4.46377	-0.000864406	7500	2e+11 0.517044
963	0.00963002	-3.44622	-0.000667358	7500	2e+11 0.517044
964	0.00964001	-2.62799	-0.000508909	7500	2e+11 0.516755
965	0.00965	-1.97889	-0.00038321	7500	2e+11 0.516755
966	0.00966001	-1.4679	-0.000284258	7500	2e+11 0.516658
967	0.00967	-1.07161	-0.000207517	7500	2e+11 0.516658
968	0.00968	-0.774444	-0.00014997	7500	2e+11 0.516851
969	0.00969	-0.553994	-0.00010728	7500	2e+11 0.516851
970	0.0097	-0.390613	-7.5642e-05	7500	2e+11 0.51637
971	0.00971	-0.271885	-5.26503e-05	7500	2e+11 0.51661
972	0.00971999	-0.187746	-3.63569e-05	7500	2e+11 0.51661
973	0.00972999	-0.128158	-2.48176e-05	7500	2e+11 0.516466
974	0.00974	-0.0865547	-1.67613e-05	7500	2e+11 0.516755
975	0.00974999	-0.0577653	-1.11862e-05	7500	2e+11 0.516755
976	0.00976	-0.038143	-7.38635e-06	7500	2e+11 0.516562
977	0.00976999	-0.0248919	-4.8203e-06	7500	2e+11 0.516562
978	0.00978	-0.0160808	-3.11403e-06	7500	2e+11 0.516226
979	0.00979	-0.0103117	-1.99685e-06	7500	2e+11 0.516466
980	0.0098	-0.00651111	-1.26087e-06	7500	2e+11 0.516466
981	0.00981	-0.00406831	-7.87826e-07	7500	2e+11 0.516418
982	0.00982	-0.00251559	-4.87142e-07	7500	2e+11 0.51637
983	0.00983	-0.00155444	-3.01015e-07	7500	2e+11 0.516562
984	0.00984	-0.000952084	-1.8437e-07	7500	2e+11 0.516562
985	0.00985	-0.000579602	-1.12239e-07	7500	2e+11 0.516274
986	0.00986001	-0.000352833	-6.83259e-08	7500	2e+11 0.516947
987	0.00987	-0.000214526	-4.15429e-08	7500	2e+11 0.516947
988	0.00987999	-0.000129306	-2.504e-08	7500	2e+11 0.516803
989	0.00988999	-7.63912e-05	-1.47931e-08	7500	2e+11 0.516803
990	0.0099	-4.38933e-05	-8.49991e-09	7500	2e+11 0.516418
991	0.00991	-2.39711e-05	-4.64199e-09	7500	2e+11 0.516418
992	0.00992	-1.23168e-05	-2.38514e-09	7500	2e+11 0.51661
993	0.00993	-5.86698e-06	-1.13614e-09	7500	2e+11 0.516658
994	0.00993999	-2.64082e-06	-5.11393e-10	7500	2e+11 0.516658
995	0.00995	-1.11752e-06	-2.16406e-10	7500	2e+11 0.516322
996	0.00996	-4.44383e-07	-8.6056e-11	7500	2e+11 0.51661
997	0.00996999	-1.60502e-07	-3.10938e-11	7500	2e+11 0.51661
998	0.00998	-5.34415e-08	-1.04316e-11	7500	2e+11 0.516514
999	0.00999	-1.27817e-08	-2.89086e-12	7500	2e+11 0.516514
1000	0.01	0	-1.71799e-12	7500	2e+11 0.516322
