0	0	0	0	7500	2e+11 0.516398
1	1e-05	0	0	7500	2e+11 0.516398
2	2e-05	0	0	7500	2e+11 0.516398
3	3e-05	0	0	7500	2e+11 0.516398
4	4e-05	0	0	7500	2e+11 0.516398
5	5e-05	0	0	7500	2e+11 0.516398
6	6e-05	0	0	7500	2e+11 0.516398
7	7e-05	0	0	7500	2e+11 0.516398
8	8e-05	0	0	7500	2e+11 0.516398
9	9e-05	0	0	7500	2e+11 0.516398
10	0.0001	0	0	7500	2e+11 0.516398
11	0.00011	0	0	7500	2e+11 0.516398
12	0.00012	0	0	7500	2e+11 0.516398
13	0.00013	0	0	7500	2e+11 0.516398
14	0.00014	0	0	7500	2e+11 0.516398
15	0.00015	0	0	7500	2e+11 0.516398
16	0.00016	0	0	7500	2e+11 0.516398
17	0.00017	0	0	7500	2e+11 0.516398
18	0.00018	0	0	7500	2e+11 0.516398
19	0.00019	0	0	7500	2e+11 0.516398
20	0.0002	0	0	7500	2e+11 0.516398
21	0.00021	0	0	7500	2e+11 0.516398
22	0.00022	0	0	7500	2e+11 0.516398
23	0.00023	0	0	7500	2e+11 0.516398
24	0.00024	0	0	7500	2e+11 0.516398
25	0.00025	0	0	7500	2e+11 0.516398
26	0.00026	0	0	7500	2e+11 0.516398
27	0.00027	0	0	7500	2e+11 0.516398
28	0.00028	0	0	7500	2e+11 0.516398
29	0.00029	0	0	7500	2e+11 0.516398
30	0.0003	0	0	7500	2e+11 0.516398
31	0.00031	0	0	7500	2e+11 0.516398
32	0.00032	0	0	7500	2e+11 0.516398
33	0.00033	0	0	7500	2e+11 0.516398
34	0.00034	0	0	7500	2e+11 0.516398
35	0.00035	0	0	7500	2e+11 0.516398
36	0.00036	0	0	7500	2e+11 0.516398
37	0.00037	0	0	7500	2e+11 0.516398
38	0.00038	0	0	7500	2e+11 0.516398
39	0.00039	0	0	7500	2e+11 0.516398
40	0.0004	0	0	7500	2e+11 0.516398
41	0.00041	0	0	7500	2e+11 0.516398
42	0.00042	0	0	7500	2e+11 0.516398
43	0.00043	0	0	7500	2e+11 0.516398
44	0.00044	0	0	7500	2e+11 0.516398
45	0.00045	0	0	7500	2e+11 0.516398
46	0.00046	0	0	7500	2e+11 0.516398
47	0.00047	0	0	7500	2e+11 0.516398
48	0.00048	0	0	7500	2e+11 0.516398
49	0.00049	0	0	7500	2e+11 0.5164
50	0.0005	0	0	7500	2e+11 0.5164
51	0.00051	0	0	7500	2e+11 0.516397
52	0.00052	0	0	7500	2e+11 0.5164
53	0.00053	0	0	7500	2e+11 0.5164
54	0.00054	0	0	7500	2e+11 0.516397
55	0.00055	0	0	7500	2e+11 0.5164
56	0.00056	0	0	7500	2e+11 0.5164
57	0.00057	0	0	7500	2e+11 0.516397
58	0.00058	0	0	7500	2e+11 0.516397
59	0.00059	0	0	7500	2e+11 0.5164
60	0.0006	0	0	7500	2e+11 0.5164
61	0.00061	0	0	7500	2e+11 0.516397
62	0.00062	0	0	7500	2e+11 0.5164
63	0.00063	0	0	7500	2e+11 0.5164
64	0.00064	0	0	7500	2e+11 0.516397
65	0.00065	0	0	7500	2e+11 0.5164
66	0.00066	0	0	7500	2e+11 0.5164
67	0.00067	0	0	7500	2e+11 0.516397
68	0.00068	0	0	7500	2e+11 0.5164
69	0.00069	0	0	7500	2e+11 0.5164
70	0.0007	0	0	7500	2e+11 0.516397
71	0.00071	0	0	7500	2e+11 0.516397
72	0.00072	0	0	7500	2e+11 0.5164
73	0.00073	0	0	7500	2e+11 0.5164
74	0.00074	0	0	7500	2e+11 0.516397
75	0.00075	0	0	7500	2e+11 0.5164
76	0.00076	0	0	7500	2e+11 0.5164
77	0.00077	0	0	7500	2e+11 0.516397
78	0.00078	0	0	7500	2e+11 0.5164
79	0.00079	0	0	7500	2e+11 0.5164
80	0.0008	0	0	7500	2e+11 0.516397
81	0.00081	0	0	7500	2e+11 0.5164
82	0.00082	0	0	7500	2e+11 0.5164
83	0.00083	0	0	7500	2e+11 0.516397
84	0.00084	0	0	7500	2e+11 0.5164
85	0.00085	0	0	7500	2e+11 0.5164
86	0.00086	0	0	7500	2e+11 0.516397
87	0.00087	0	0	7500	2e+11 0.5164
88	0.00088	0	0	7500	2e+11 0.5164
89	0.00089	0	0	7500	2e+11 0.516397
90	0.0009	0	0	7500	2e+11 0.516397
91	0.00091	0	0	7500	2e+11 0.5164
92	0.00092	0	0	7500	2e+11 0.5164
93	0.00093	0	0	7500	2e+11 0.516397
94	0.00094	0	0	7500	2e+11 0.5164
95	0.00095	0	0	7500	2e+11 0.5164
96	0.00096	0	0	7500	2e+11 0.516397
97	0.00097	0	0	7500	2e+11 0.516397
98	0.00098	0	0	7500	2e+11 0.5164
99	0.00099	0	0	7500	2e+11 0.5164
100	0.001	0	0	7500	2e+11 0.5164
101	0.00101	0	0	7500	2e+11 0.5164
102	0.00102	0	0	7500	2e+11 0.5164
103	0.00103	0	0	7500	2e+11 0.5164
104	0.00104	0	0	7500	2e+11 0.5164
105	0.00105	0	0	7500	2e+11 0.5164
106	0.00106	0	0	7500	2e+11 0.5164
107	0.00107	0	0	7500	2e+11 0.5164
108	0.00108	0	0	7500	2e+11 0.5164
109	0.00109	0	0	7500	2e+11 0.5164
110	0.0011	0	0	7500	2e+11 0.5164
111	0.00111	0	0	7500	2e+11 0.5164
112	0.00112	0	0	7500	2e+11 0.5164
113	0.00113	0	0	7500	2e+11 0.5164
114	0.00114	0	0	7500	2e+11 0.5164
115	0.00115	0	0	7500	2e+11 0.5164
116	0.00116	0	0	7500	2e+11 0.5164
117	0.00117	0	0	7500	2e+11 0.5164
118	0.00118	0	0	7500	2e+11 0.5164
119	0.00119	0	0	7500	2e+11 0.5164
120	0.0012	0	0	7500	2e+11 0.5164
121	0.00121	0	0	7500	2e+11 0.5164
122	0.00122	0	0	7500	2e+11 0.5164
123	0.00123	0	0	7500	2e+11 0.5164
124	0.00124	0	0	7500	2e+11 0.5164
125	0.00125	0	0	7500	2e+11 0.5164
126	0.00126	0	0	7500	2e+11 0.5164
127	0.00127	0	0	7500	2e+11 0.5164
128	0.00128	0	0	7500	2e+11 0.5164
129	0.00129	0	0	7500	2e+11 0.5164
130	0.0013	0	0	7500	2e+11 0.5164
131	0.00131	0	0	7500	2e+11 0.5164
132	0.00132	0	0	7500	2e+11 0.5164
133	0.00133	0	0	7500	2e+11 0.5164
134	0.00134	0	0	7500	2e+11 0.5164
135	0.00135	0	0	7500	2e+11 0.5164
136	0.00136	0	0	7500	2e+11 0.5164
137	0.00137	0	0	7500	2e+11 0.5164
138	0.00138	0	0	7500	2e+11 0.5164
139	0.00139	0	0	7500	2e+11 0.5164
140	0.0014	4.75278e-38	9.20373e-42	7500	2e+11 0.5164
141	0.00141	1.27272e-37	2.4646e-41	7500	2e+11 0.5164
142	0.00142	2.26792e-37	4.39181e-41	7500	2e+11 0.5164
143	0.00143	3.37051e-37	6.52697e-41	7500	2e+11 0.5164
144	0.00144	4.53729e-37	8.78642e-41	7500	2e+11 0.5164
145	0.00145	5.66463e-37	1.09695e-40	7500	2e+11 0.5164
146	0.00146	6.57148e-37	1.27256e-40	7500	2e+11 0.5164
147	0.00147	7.11015e-37	1.37687e-40	7500	2e+11 0.5164
148	0.00148	7.23627e-37	1.4013e-40	7500	2e+11 0.5164
149	0.00149	1.69361e-36	3.27967e-40	7500	2e+11 0.5164
150	0.0015	7.2363e-36	1.4013e-39	7500	2e+11 0.5164
151	0.00151	2.24057e-35	4.33885e-39	7500	2e+11 0.5164
152	0.00152	6.36787e-35	1.23313e-38	7500	2e+11 0.5164
153	0.00153	1.7229e-34	3.33639e-38	7500	2e+11 0.5164
154	0.00154	4.40423e-34	8.52875e-38	7500	2e+11 0.5164
155	0.00155	1.13127e-33	2.1907e-37	7500	2e+11 0.5164
156	0.00156	3.32219e-33	6.43339e-37	7500	2e+11 0.5164
157	0.00157	9.38983e-33	1.81833e-36	7500	2e+11 0.5164
158	0.00158	2.35913e-32	4.56844e-36	7500	2e+11 0.5164
159	0.00159	7.59291e-32	1.47036e-35	7500	2e+11 0.5164
160	0.0016	1.87397e-31	3.62894e-35	7500	2e+11 0.5164
161	0.00161	5.42975e-31	1.05147e-34	7500	2e+11 0.5164
162	0.00162	1.47182e-30	2.85017e-34	7500	2e+11 0.5164
163	0.00163	3.97147e-30	7.69072e-34	7500	2e+11 0.5164
164	0.00164	1.08377e-29	2.09871e-33	7500	2e+11 0.5164
165	0.00165	2.78799e-29	5.39893e-33	7500	2e+11 0.5164
166	0.00166	7.68067e-29	1.48736e-32	7500	2e+11 0.5164
167	0.00167	2.47808e-28	4.79878e-32	7500	2e+11 0.5164
168	0.00168	6.39895e-28	1.23915e-31	7500	2e+11 0.5164
169	0.00169	1.9086e-27	3.69599e-31	7500	2e+11 0.5164
170	0.0017	5.5418e-27	1.07316e-30	7500	2e+11 0.5164
171	0.00171	1.40366e-26	2.71818e-30	7500	2e+11 0.5164
172	0.00172	4.11294e-26	7.96468e-30	7500	2e+11 0.5164
173	0.00173	1.08923e-25	2.10928e-29	7500	2e+11 0.5164
174	0.00174	3.48617e-25	6.75094e-29	7500	2e+11 0.5164
175	0.00175	9.33998e-25	1.80868e-28	7500	2e+11 0.5164
176	0.00176	3.01206e-24	5.83283e-28	7500	2e+11 0.5164
177	0.00177	7.75732e-24	1.5022e-27	7500	2e+11 0.5164
178	0.00178	2.67878e-23	5.18743e-27	7500	2e+11 0.5164
179	0.00179	6.53632e-23	1.26575e-26	7500	2e+11 0.5164
180	0.0018	1.52733e-22	2.95765e-26	7500	2e+11 0.5164
181	0.00181	5.06564e-22	9.80958e-26	7500	2e+11 0.5164
182	0.00182	1.35882e-21	2.63135e-25	7500	2e+11 0.5164
183	0.00183	3.20933e-21	6.21484e-25	7500	2e+11 0.5164
184	0.00184	8.50351e-21	1.6467e-24	7500	2e+11 0.5164
185	0.00185	2.37945e-20	4.60778e-24	7500	2e+11 0.5164
186	0.00186	6.74091e-20	1.30537e-23	7500	2e+11 0.5164
187	0.00187	1.47632e-19	2.85888e-23	7500	2e+11 0.5164
188	0.00188	3.7761e-19	7.31238e-23	7500	2e+11 0.5164
189	0.00189	1.00406e-18	1.94435e-22	7500	2e+11 0.5164
190	0.0019	2.5841e-18	5.0041e-22	7500	2e+11 0.5164
191	0.00191	7.44568e-18	1.44185e-21	7500	2e+11 0.5164
192	0.00192	2.41332e-17	4.67337e-21	7500	2e+11 0.5164
193	0.00193	5.41409e-17	1.04843e-20	7500	2e+11 0.5164
194	0.00194	1.74864e-16	3.38623e-20	7500	2e+11 0.5164
195	0.00195	4.71568e-16	9.13187e-20	7500	2e+11 0.5164
196	0.00196	1.15814e-15	2.24272e-19	7500	2e+11 0.516406
197	0.00197	3.86457e-15	7.48371e-19	7500	2e+11 0.516406
198	0.00198	1.03649e-14	2.00716e-18	7500	2e+11 0.516394
199	0.00199	2.72557e-14	5.27805e-18	7500	2e+11 0.516406
200	0.002	7.62718e-14	1.477e-17	7500	2e+11 0.516406
201	0.00201	2.0506e-13	3.97096e-17	7500	2e+11 0.516394
202	0.00202	4.8049e-13	9.30465e-17	7500	2e+11 0.516406
203	0.00203	1.46733e-12	2.84146e-16	7500	2e+11 0.516406
204	0.00204	4.85815e-12	9.40776e-16	7500	2e+11 0.516394
205	0.00205	1.18725e-11	2.29911e-15	7500	2e+11 0.516406
206	0.00206	3.80911e-11	7.37632e-15	7500	2e+11 0.516406
207	0.00207	9.20365e-11	1.78228e-14	7500	2e+11 0.516394
208	0.00208	2.66425e-10	5.1593e-14	7500	2e+11 0.516406
209	0.00209	7.13691e-10	1.38206e-13	7500	2e+11 0.516406
210	0.0021	1.71087e-09	3.31309e-13	7500	2e+11 0.516394
211	0.00211	5.26849e-09	1.02024e-12	7500	2e+11 0.516406
212	0.00212	1.57525e-08	3.05045e-12	7500	2e+11 0.516406
213	0.00213	4.11154e-08	7.96195e-12	7500	2e+11 0.516394
214	0.00214	1.26858e-07	2.45659e-11	7500	2e+11 0.516406
215	0.00215	3.24264e-07	6.27934e-11	7500	2e+11 0.516406
216	0.00216	9.38104e-07	1.81663e-10	7500	2e+11 0.516394
217	0.00217	2.92809e-06	5.67023e-10	7500	2e+11 0.516406
218	0.00218	8.32128e-06	1.61141e-09	7500	2e+11 0.516406
219	0.00219	2.42601e-05	4.69794e-09	7500	2e+11 0.516394
220	0.0022	5.30218e-05	1.02676e-08	7500	2e+11 0.516406
221	0.00221	0.000143432	2.77755e-08	7500	2e+11 0.516406
222	0.00222	0.000388651	7.5262e-08	7500	2e+11 0.516394
223	0.00223	0.00134142	2.59765e-07	7500	2e+11 0.516406
224	0.00224	0.00310041	6.00391e-07	7500	2e+11 0.516406
225	0.00225	0.00959663	1.85838e-06	7500	2e+11 0.516394
226	0.00226	0.027465	5.31857e-06	7500	2e+11 0.516394
227	0.00227	0.0640937	1.24117e-05	7500	2e+11 0.516406
228	0.00228	0.204095	3.95228e-05	7500	2e+11 0.516406
229	0.00229	0.548432	0.000106203	7500	2e+11 0.51637
230	0.0023	1.52354	0.000295033	7500	2e+11 0.516322
231	0.00231001	3.1087	0.000601997	7500	2e+11 0.516213
232	0.00232001	5.24075	0.00101487	7500	2e+11 0.516045
233	0.00233002	7.82988	0.00151625	7500	2e+11 0.515793
234	0.00234004	10.773	0.00208618	7500	2e+11 0.515566
235	0.00235006	13.967	0.0027047	7500	2e+11 0.515254
236	0.00236009	17.311	0.00335227	7500	2e+11 0.514931
237	0.00237013	20.7108	0.00401063	7500	2e+11 0.514585
238	0.00238017	24.0804	0.00466314	7500	2e+11 0.514274
239	0.00239022	27.3454	0.00529542	7500	2e+11 0.513929
240	0.00240027	30.4452	0.00589568	7500	2e+11 0.513572
241	0.00241033	33.332	0.00645472	7500	2e+11 0.51337
242	0.0024204	35.9729	0.00696611	7500	2e+11 0.512978
243	0.00243047	38.3451	0.00742549	7500	2e+11 0.512753
244	0.00244054	40.4396	0.00783109	7500	2e+11 0.512575
245	0.00245062	42.2579	0.00818322	7500	2e+11 0.512291
246	0.0024607	43.8101	0.00848379	7500	2e+11 0.512172
247	0.00247079	45.1141	0.00873631	7500	2e+11 0.512019
248	0.00248088	46.1925	0.00894513	7500	2e+11 0.511877
249	0.00249097	47.0705	0.00911517	7500	2e+11 0.51183
250	0.00250106	47.7744	0.00925148	7500	2e+11 0.511676
251	0.00251115	48.3303	0.00935912	7500	2e+11 0.511641
252	0.00252125	48.7629	0.0094429	7500	2e+11 0.511594
253	0.00253134	49.0947	0.00950715	7500	2e+11 0.511546
254	0.00254144	49.3456	0.00955573	7500	2e+11 0.511582
255	0.00255153	49.5325	0.00959192	7500	2e+11 0.511582
256	0.00256163	49.67	0.00961856	7500	2e+11 0.511487
257	0.00257173	49.77	0.00963793	7500	2e+11 0.511487
258	0.00258182	49.8418	0.00965182	7500	2e+11 0.511464
259	0.00259192	49.8926	0.00966167	7500	2e+11 0.511464
260	0.00260202	49.9282	0.00966855	7500	2e+11 0.511452
261	0.00261211	49.9528	0.00967332	7500	2e+11 0.511464
262	0.00262221	49.9696	0.00967658	7500	2e+11 0.511464
263	0.00263231	49.981	0.00967878	7500	2e+11 0.511452
264	0.0026424	49.9887	0.00968026	7500	2e+11 0.511452
265	0.0026525	49.9937	0.00968124	7500	2e+11 0.511428
266	0.0026626	49.997	0.00968188	7500	2e+11 0.51144
267	0.0026727	49.9992	0.0096823	7500	2e+11 0.511464
268	0.00268279	50.0005	0.00968256	7500	2e+11 0.511464
269	0.00269289	50.0014	0.00968273	7500	2e+11 0.511405
270	0.00270299	50.002	0.00968284	7500	2e+11 0.51144
271	0.00271309	50.0023	0.0096829	7500	2e+11 0.511464
272	0.00272318	50.0025	0.00968294	7500	2e+11 0.511464
273	0.00273328	50.0025	0.00968295	7500	2e+11 0.511417
274	0.00274338	50.0026	0.00968296	7500	2e+11 0.51144
275	0.00275347	50.0026	0.00968296	7500	2e+11 0.51144
276	0.00276357	50.0026	0.00968296	7500	2e+11 0.511405
277	0.00277367	50.0026	0.00968296	7500	2e+11 0.511417
278	0.00278377	50.0026	0.00968296	7500	2e+11 0.51144
279	0.00279386	50.0026	0.00968296	7500	2e+11 0.51144
280	0.00280396	50.0026	0.00968296	7500	2e+11 0.51144
281	0.00281406	50.0026	0.00968296	7500	2e+11 0.511428
282	0.00282415	50.0026	0.00968296	7500	2e+11 0.51144
283	0.00283425	50.0026	0.00968296	7500	2e+11 0.51144
284	0.00284435	50.0026	0.00968296	7500	2e+11 0.511476
285	0.00285444	50.0026	0.00968296	7500	2e+11 0.511476
286	0.00286454	50.0026	0.00968296	7500	2e+11 0.511417
287	0.00287464	50.0026	0.00968296	7500	2e+11 0.511428
288	0.00288474	50.0026	0.00968296	7500	2e+11 0.51144
289	0.00289483	50.0026	0.00968296	7500	2e+11 0.51144
290	0.00290493	50.0026	0.00968296	7500	2e+11 0.51144
291	0.00291503	50.0026	0.00968296	7500	2e+11 0.51144
292	0.00292513	50.0026	0.00968296	7500	2e+11 0.51144
293	0.00293522	50.0026	0.00968296	7500	2e+11 0.51144
294	0.00294532	50.0026	0.00968296	7500	2e+11 0.511464
295	0.00295542	50.0026	0.00968296	7500	2e+11 0.511464
296	0.00296552	50.0026	0.00968296	7500	2e+11 0.511476
297	0.00297561	50.0026	0.00968296	7500	2e+11 0.511476
298	0.00298571	50.0026	0.00968296	7500	2e+11 0.511452
299	0.00299581	50.0026	0.00968296	7500	2e+11 0.511452
300	0.0030059	50.0026	0.00968296	7500	2e+11 0.511487
301	0.003016	50.0026	0.00968296	7500	2e+11 0.511487
302	0.0030261	50.0026	0.00968296	7500	2e+11 0.511428
303	0.0030362	50.0026	0.00968296	7500	2e+11 0.51144
304	0.00304629	50.0026	0.00968295	7500	2e+11 0.51144
305	0.00305639	50.0025	0.00968295	7500	2e+11 0.511464
306	0.00306649	50.0025	0.00968295	7500	2e+11 0.511464
307	0.00307658	50.0025	0.00968295	7500	2e+11 0.511417
308	0.00308668	50.0025	0.00968295	7500	2e+11 0.51144
309	0.00309678	50.0025	0.00968294	7500	2e+11 0.51144
310	0.00310688	50.0025	0.00968294	7500	2e+11 0.511428
311	0.00311697	50.0025	0.00968294	7500	2e+11 0.511428
312	0.00312707	50.0025	0.00968294	7500	2e+11 0.511476
313	0.00313717	50.0025	0.00968294	7500	2e+11 0.511476
314	0.00314726	50.0025	0.00968294	7500	2e+11 0.511428
315	0.00315736	50.0025	0.00968294	7500	2e+11 0.511428
316	0.00316746	50.0025	0.00968294	7500	2e+11 0.511476
317	0.00317756	50.0025	0.00968294	7500	2e+11 0.511476
318	0.00318765	50.0025	0.00968294	7500	2e+11 0.511417
319	0.00319775	50.0025	0.00968294	7500	2e+11 0.511464
320	0.00320785	50.0025	0.00968294	7500	2e+11 0.511464
321	0.00321794	50.0024	0.00968293	7500	2e+11 0.511428
322	0.00322804	50.0024	0.00968292	7500	2e+11 0.51144
323	0.00323814	50.0022	0.00968289	7500	2e+11 0.51144
324	0.00324824	50.0017	0.00968279	7500	2e+11 0.511464
325	0.00325833	50.0005	0.00968255	7500	2e+11 0.511464
326	0.00326843	49.9973	0.00968193	7500	2e+11 0.51144
327	0.00327853	49.9879	0.00968011	7500	2e+11 0.511452
328	0.00328862	49.956	0.00967394	7500	2e+11 0.511452
329	0.00329872	49.8758	0.0096584	7500	2e+11 0.511476
330	0.00330882	49.6723	0.009619	7500	2e+11 0.511499
331	0.00331891	49.1557	0.00951895	7500	2e+11 0.511523
332	0.00332901	47.515	0.00920123	7500	2e+11 0.5117
333	0.0033391	44.7904	0.00867363	7500	2e+11 0.512066
334	0.00334919	41.1653	0.00797163	7500	2e+11 0.512338
335	0.00335927	36.9168	0.00714891	7500	2e+11 0.512836
336	0.00336934	32.3379	0.00626221	7500	2e+11 0.513275
337	0.0033794	27.7054	0.00536514	7500	2e+11 0.513762
338	0.00338945	23.2482	0.00450199	7500	2e+11 0.514227
339	0.00339949	19.1356	0.0037056	7500	2e+11 0.514561
340	0.00340953	15.4673	0.00299523	7500	2e+11 0.514919
341	0.00341955	12.2954	0.00238099	7500	2e+11 0.515194
342	0.00342958	9.62249	0.00186339	7500	2e+11 0.515506
343	0.00343959	7.42102	0.00143708	7500	2e+11 0.515673
344	0.00344961	5.64378	0.00109291	7500	2e+11 0.515913
345	0.00345962	4.23644	0.000820384	7500	2e+11 0.515985
346	0.00346963	3.14001	0.00060806	7500	2e+11 0.516081
347	0.00347963	2.29977	0.000445348	7500	2e+11 0.516141
348	0.00348964	1.66548	0.000322519	7500	2e+11 0.516298
349	0.00349964	1.19235	0.000230898	7500	2e+11 0.516298
350	0.00350964	0.844472	0.000163531	7500	2e+11 0.516322
351	0.00351964	0.591968	0.000114634	7500	2e+11 0.516394
352	0.00352964	0.410564	7.95054e-05	7500	2e+11 0.516394
353	0.00353964	0.281877	5.45852e-05	7500	2e+11 0.516382
354	0.00354965	0.191682	3.71191e-05	7500	2e+11 0.516382
355	0.00355965	0.129006	2.49819e-05	7500	2e+11 0.516382
356	0.00356965	0.0859734	1.66487e-05	7500	2e+11 0.51643
357	0.00357965	0.0567267	1.09851e-05	7500	2e+11 0.51643
358	0.00358965	0.0370645	7.17751e-06	7500	2e+11 0.516466
359	0.00359965	0.0239993	4.64745e-06	7500	2e+11 0.516466
360	0.00360965	0.0153992	2.98205e-06	7500	2e+11 0.516406
361	0.00361965	0.00978118	1.89412e-06	7500	2e+11 0.516406
362	0.00362965	0.00615595	1.19209e-06	7500	2e+11 0.51643
363	0.00363965	0.00384086	7.43779e-07	7500	2e+11 0.51643
364	0.00364965	0.00237349	4.59625e-07	7500	2e+11 0.516418
365	0.00365965	0.00145348	2.81464e-07	7500	2e+11 0.51643
366	0.00366965	0.000881819	1.70764e-07	7500	2e+11 0.51643
367	0.00367965	0.000530097	1.02653e-07	7500	2e+11 0.516502
368	0.00368965	0.000315984	6.11901e-08	7500	2e+11 0.516502
369	0.00369965	0.000186799	3.61734e-08	7500	2e+11 0.516382
370	0.00370965	0.000109437	2.11924e-08	7500	2e+11 0.51643
371	0.00371965	6.35638e-05	1.23091e-08	7500	2e+11 0.51643
372	0.00372965	3.66334e-05	7.09402e-09	7500	2e+11 0.516406
373	0.00373965	2.09338e-05	4.05382e-09	7500	2e+11 0.51637
374	0.00374965	1.186e-05	2.29667e-09	7500	2e+11 0.516442
375	0.00375965	6.65762e-06	1.28924e-09	7500	2e+11 0.516442
376	0.00376965	3.70514e-06	7.17497e-10	7500	2e+11 0.516442
377	0.00377965	2.04425e-06	3.95867e-10	7500	2e+11 0.516442
378	0.00378965	1.11838e-06	2.16574e-10	7500	2e+11 0.516394
379	0.00379965	6.07514e-07	1.17645e-10	7500	2e+11 0.516442
380	0.00380965	3.27618e-07	6.3443e-11	7500	2e+11 0.516442
381	0.00381965	1.75036e-07	3.38957e-11	7500	2e+11 0.516454
382	0.00382965	9.27777e-08	1.79663e-11	7500	2e+11 0.516454
383	0.00383965	4.87422e-08	9.43889e-12	7500	2e+11 0.516394
384	0.00384965	2.5437e-08	4.92585e-12	7500	2e+11 0.516442
385	0.00385965	1.31722e-08	2.55078e-12	7500	2e+11 0.516442
386	0.00386965	6.76284e-09	1.30962e-12	7500	2e+11 0.516394
387	0.00387965	3.44425e-09	6.66977e-13	7500	2e+11 0.516394
388	0.00388965	1.74051e-09	3.37048e-13	7500	2e+11 0.516382
389	0.00389965	8.73184e-10	1.69091e-13	7500	2e+11 0.516947
390	0.00390964	4.34331e-10	8.41079e-14	7500	2e+11 0.517551
391	0.00391962	2.14495e-10	4.15367e-14	7500	2e+11 0.517551
392	0.00392961	1.05042e-10	2.03413e-14	7500	2e+11 0.516514
393	0.00393962	5.10557e-11	9.88689e-15	7500	2e+11 0.51649
394	0.00394961	2.46729e-11	4.77788e-15	7500	2e+11 0.51649
395	0.00395962	1.18521e-11	2.29514e-15	7500	2e+11 0.51637
396	0.00396962	5.62783e-12	1.08982e-15	7500	2e+11 0.51637
397	0.00397962	2.64825e-12	5.12832e-16	7500	2e+11 0.516466
398	0.00398962	1.24146e-12	2.40407e-16	7500	2e+11 0.516466
399	0.00399962	5.75807e-13	1.11505e-16	7500	2e+11 0.516466
400	0.00400962	2.65642e-13	5.14414e-17	7500	2e+11 0.51649
401	0.00401961	1.2162e-13	2.35517e-17	7500	2e+11 0.51649
402	0.00402961	5.54162e-14	1.07313e-17	7500	2e+11 0.51637
403	0.00403962	2.50032e-14	4.84185e-18	7500	2e+11 0.51649
404	0.00404961	1.11764e-14	2.1643e-18	7500	2e+11 0.51649
405	0.00405961	4.95148e-15	9.58849e-19	7500	2e+11 0.516442
406	0.00406962	2.18254e-15	4.22647e-19	7500	2e+11 0.516466
407	0.00407961	9.57233e-16	1.85367e-19	7500	2e+11 0.516466
408	0.00408961	4.15767e-16	8.05129e-20	7500	2e+11 0.516394
409	0.00409961	1.78841e-16	3.46324e-20	7500	2e+11 0.516394
410	0.00410962	7.68219e-17	1.48765e-20	7500	2e+11 0.516394
411	0.00411962	3.28555e-17	6.36244e-21	7500	2e+11 0.516394
412	0.00412962	1.39614e-17	2.70362e-21	7500	2e+11 0.516442
413	0.00413961	5.86032e-18	1.13485e-21	7500	2e+11 0.516442
414	0.00414962	2.43292e-18	4.71132e-22	7500	2e+11 0.516394
415	0.00415962	1.00367e-18	1.9436e-22	7500	2e+11 0.516394
416	0.00416962	4.11477e-19	7.96822e-23	7500	2e+11 0.516418
417	0.00417962	1.68132e-19	3.25587e-23	7500	2e+11 0.516514
418	0.00418961	6.83959e-20	1.32448e-23	7500	2e+11 0.516514
419	0.00419961	2.74381e-20	5.31336e-24	7500	2e+11 0.51637
420	0.00420962	1.08869e-20	2.10825e-24	7500	2e+11 0.516346
421	0.00421962	4.29275e-21	8.31287e-25	7500	2e+11 0.51649
422	0.00422961	1.6847e-21	3.26241e-25	7500	2e+11 0.51649
423	0.00423962	6.54427e-22	1.26729e-25	7500	2e+11 0.516394
424	0.00424962	2.53586e-22	4.91068e-26	7500	2e+11 0.516418
425	0.00425962	9.76542e-23	1.89106e-26	7500	2e+11 0.516418
426	0.00426962	3.72554e-23	7.21447e-27	7500	2e+11 0.516442
427	0.00427962	1.41208e-23	2.73447e-27	7500	2e+11 0.516442
428	0.00428962	5.31662e-24	1.02956e-27	7500	2e+11 0.516418
429	0.00429962	1.98288e-24	3.83984e-28	7500	2e+11 0.516394
430	0.00430962	7.39444e-25	1.43193e-28	7500	2e+11 0.516562
431	0.00431961	2.73188e-25	5.29027e-29	7500	2e+11 0.516562
432	0.00432961	9.96271e-26	1.92927e-29	7500	2e+11 0.51637
433	0.00433961	3.61928e-26	7.0087e-30	7500	2e+11 0.51637
434	0.00434962	1.30608e-26	2.52922e-30	7500	2e+11 0.516394
435	0.00435962	4.68302e-27	9.06862e-31	7500	2e+11 0.516394
436	0.00436962	1.67197e-27	3.23776e-31	7500	2e+11 0.516466
437	0.00437961	5.93097e-28	1.14853e-31	7500	2e+11 0.516466
438	0.00438961	2.08971e-28	4.04671e-32	7500	2e+11 0.51637
439	0.00439962	7.30052e-29	1.41374e-32	7500	2e+11 0.516514
440	0.00440961	2.51938e-29	4.87876e-33	7500	2e+11 0.516514
441	0.00441961	8.66047e-30	1.67709e-33	7500	2e+11 0.516394
442	0.00442961	2.96222e-30	5.73631e-34	7500	2e+11 0.516418
443	0.00443961	1.00377e-30	1.94378e-34	7500	2e+11 0.516418
444	0.00444962	3.36154e-31	6.50959e-35	7500	2e+11 0.516418
445	0.00445962	1.11367e-31	2.15661e-35	7500	2e+11 0.516418
446	0.00446962	3.69337e-32	7.15217e-36	7500	2e+11 0.516394
447	0.00447962	1.21822e-32	2.35907e-36	7500	2e+11 0.51649
448	0.00448962	3.98331e-33	7.71364e-37	7500	2e+11 0.51649
449	0.00449961	1.2939e-33	2.50563e-37	7500	2e+11 0.516418
450	0.00450962	4.19642e-34	8.12632e-38	7500	2e+11 0.516514
451	0.00451961	1.34425e-34	2.60313e-38	7500	2e+11 0.516514
452	0.00452961	4.27566e-35	8.27978e-39	7500	2e+11 0.516418
453	0.00453962	1.3531e-35	2.62028e-39	7500	2e+11 0.516466
454	0.00454961	4.25795e-36	8.24548e-40	7500	2e+11 0.516514
455	0.00455961	1.3255e-36	2.56683e-40	7500	2e+11 0.516514
456	0.00456962	4.11614e-37	7.97087e-41	7500	2e+11 0.516442
457	0.00457962	1.2712e-37	2.46166e-41	7500	2e+11 0.516442
458	0.00458962	3.91265e-38	7.57682e-42	7500	2e+11 0.516394
459	0.00459962	1.18385e-38	2.29252e-42	7500	2e+11 0.51649
460	0.00460961	3.50959e-39	6.7963e-43	7500	2e+11 0.51649
461	0.00461961	1.01308e-39	1.96182e-43	7500	2e+11 0.516442
462	0.00462962	2.74978e-40	5.32493e-44	7500	2e+11 0.516394
463	0.00463962	6.51267e-41	1.26117e-44	7500	2e+11 0.51649
464	0.00464961	7.23631e-42	1.4013e-45	7500	2e+11 0.51649
465	0.00465961	0	0	7500	2e+11 0.516442
466	0.00466961	0	0	7500	2e+11 0.516394
467	0.00467961	0	0	7500	2e+11 0.516466
468	0.00468961	0	0	7500	2e+11 0.516466
469	0.00469962	0	0	7500	2e+11 0.516466
470	0.00470961	0	0	7500	2e+11 0.516466
471	0.00471962	0	0	7500	2e+11 0.516346
472	0.00472962	0	0	7500	2e+11 0.51661
473	0.00473961	0	0	7500	2e+11 0.51661
474	0.00474961	0	0	7500	2e+11 0.516394
475	0.00475961	0	0	7500	2e+11 0.516346
476	0.00476961	0	0	7500	2e+11 0.516394
477	0.00477961	0	0	7500	2e+11 0.516538
478	0.00478961	0	0	7500	2e+11 0.516538
479	0.00479961	0	0	7500	2e+11 0.516346
480	0.00480961	0	0	7500	2e+11 0.516442
481	0.00481961	0	0	7500	2e+11 0.516442
482	0.00482961	0	0	7500	2e+11 0.516418
483	0.00483961	0	0	7500	2e+11 0.516442
484	0.00484961	0	0	7500	2e+11 0.516442
485	0.00485961	0	0	7500	2e+11 0.516442
486	0.00486961	0	0	7500	2e+11 0.516442
487	0.00487961	0	0	7500	2e+11 0.516466
488	0.00488961	0	0	7500	2e+11 0.516466
489	0.00489962	0	0	7500	2e+11 0.516442
490	0.00490962	0	0	7500	2e+11 0.51649
491	0.00491961	0	0	7500	2e+11 0.51649
492	0.00492961	0	0	7500	2e+11 0.516418
493	0.00493961	0	0	7500	2e+11 0.516418
494	0.00494961	0	0	7500	2e+11 0.516418
495	0.00495961	0	0	7500	2e+11 0.516538
496	0.00496961	0	0	7500	2e+11 0.516538
497	0.00497961	0	0	7500	2e+11 0.516442
498	0.00498961	0	0	7500	2e+11 0.516394
499	0.00499961	0	0	7500	2e+11 0.516418
500	0.00500961	0	0	7500	2e+11 0.516442
501	0.00501961	0	0	7500	2e+11 0.516442
502	0.00502961	0	0	7500	2e+11 0.516418
503	0.00503961	0	0	7500	2e+11 0.516418
504	0.00504961	0	0	7500	2e+11 0.516418
505	0.00505961	0	0	7500	2e+11 0.516418
506	0.00506961	0	0	7500	2e+11 0.516586
507	0.00507961	0	0	7500	2e+11 0.516586
508	0.00508961	0	0	7500	2e+11 0.51637
509	0.00509961	0	0	7500	2e+11 0.516394
510	0.00510961	0	0	7500	2e+11 0.516394
511	0.00511961	0	0	7500	2e+11 0.516442
512	0.00512961	0	0	7500	2e+11 0.516442
513	0.00513961	0	0	7500	2e+11 0.516466
514	0.00514961	0	0	7500	2e+11 0.516466
515	0.00515961	0	0	7500	2e+11 0.516514
516	0.00516961	0	0	7500	2e+11 0.516514
517	0.00517961	0	0	7500	2e+11 0.516418
518	0.00518961	0	0	7500	2e+11 0.516394
519	0.00519961	0	0	7500	2e+11 0.516442
520	0.00520961	0	0	7500	2e+11 0.51649
521	0.00521961	0	0	7500	2e+11 0.51649
522	0.00522961	0	0	7500	2e+11 0.516418
523	0.00523961	0	0	7500	2e+11 0.516418
524	0.00524961	0	0	7500	2e+11 0.51649
525	0.00525961	0	0	7500	2e+11 0.51649
526	0.00526961	0	0	7500	2e+11 0.516418
527	0.00527961	0	0	7500	2e+11 0.516562
528	0.00528961	0	0	7500	2e+11 0.516562
529	0.00529961	0	0	7500	2e+11 0.516466
530	0.00530961	0	0	7500	2e+11 0.516466
531	0.00531961	0	0	7500	2e+11 0.516442
532	0.00532961	0	0	7500	2e+11 0.516442
533	0.00533961	0	0	7500	2e+11 0.516394
534	0.00534961	0	0	7500	2e+11 0.516466
535	0.00535961	0	0	7500	2e+11 0.516466
536	0.00536961	0	0	7500	2e+11 0.516418
537	0.00537961	0	0	7500	2e+11 0.516466
538	0.00538961	0	0	7500	2e+11 0.516466
539	0.00539961	0	0	7500	2e+11 0.516466
540	0.00540961	0	0	7500	2e+11 0.516466
541	0.00541961	0	0	7500	2e+11 0.516394
542	0.00542961	0	0	7500	2e+11 0.51649
543	0.00543961	0	0	7500	2e+11 0.51649
544	0.00544961	0	0	7500	2e+11 0.51637
545	0.00545961	0	0	7500	2e+11 0.51649
546	0.00546961	0	0	7500	2e+11 0.51649
547	0.00547961	0	0	7500	2e+11 0.516418
548	0.00548961	0	0	7500	2e+11 0.516418
549	0.00549961	0	0	7500	2e+11 0.516538
550	0.00550961	0	0	7500	2e+11 0.516538
551	0.00551961	0	0	7500	2e+11 0.516394
552	0.00552961	0	0	7500	2e+11 0.516442
553	0.00553961	0	0	7500	2e+11 0.516442
554	0.00554961	0	0	7500	2e+11 0.51637
555	0.00555961	0	0	7500	2e+11 0.516418
556	0.00556961	0	0	7500	2e+11 0.516418
557	0.00557961	0	0	7500	2e+11 0.516466
558	0.00558961	0	0	7500	2e+11 0.516466
559	0.00559961	0	0	7500	2e+11 0.516514
560	0.0056096	0	0	7500	2e+11 0.516514
561	0.0056196	0	0	7500	2e+11 0.516418
562	0.00562961	0	0	7500	2e+11 0.516346
563	0.00563961	0	0	7500	2e+11 0.51649
564	0.00564961	0	0	7500	2e+11 0.51649
565	0.00565961	0	0	7500	2e+11 0.516466
566	0.0056696	0	0	7500	2e+11 0.516466
567	0.0056796	0	0	7500	2e+11 0.516442
568	0.00568961	0	0	7500	2e+11 0.516442
569	0.0056996	0	0	7500	2e+11 0.516466
570	0.0057096	0	0	7500	2e+11 0.516514
571	0.0057196	0	0	7500	2e+11 0.516514
572	0.0057296	0	0	7500	2e+11 0.51637
573	0.0057396	0	0	7500	2e+11 0.516514
574	0.0057496	0	0	7500	2e+11 0.516514
575	0.0057596	0	0	7500	2e+11 0.516418
576	0.0057696	0	0	7500	2e+11 0.516514
577	0.0057796	0	0	7500	2e+11 0.516514
578	0.0057896	0	0	7500	2e+11 0.516394
579	0.0057996	0	0	7500	2e+11 0.51649
580	0.0058096	0	0	7500	2e+11 0.51649
581	0.0058196	0	0	7500	2e+11 0.516394
582	0.0058296	0	0	7500	2e+11 0.516418
583	0.0058396	0	0	7500	2e+11 0.516418
584	0.0058496	0	0	7500	2e+11 0.516394
585	0.0058596	0	0	7500	2e+11 0.51637
586	0.0058696	0	0	7500	2e+11 0.516442
587	0.0058796	0	0	7500	2e+11 0.516538
588	0.0058896	0	0	7500	2e+11 0.516538
589	0.0058996	0	0	7500	2e+11 0.51649
590	0.0059096	0	0	7500	2e+11 0.51649
591	0.0059196	0	0	7500	2e+11 0.516418
592	0.0059296	0	0	7500	2e+11 0.516418
593	0.0059396	0	0	7500	2e+11 0.516466
594	0.0059496	0	0	7500	2e+11 0.51649
595	0.0059596	0	0	7500	2e+11 0.51649
596	0.0059696	0	0	7500	2e+11 0.516394
597	0.0059796	0	0	7500	2e+11 0.51649
598	0.0059896	0	0	7500	2e+11 0.51649
599	0.0059996	0	0	7500	2e+11 0.516394
600	0.0060096	0	0	7500	2e+11 0.51649
601	0.00601959	0	0	7500	2e+11 0.51649
602	0.00602959	0	0	7500	2e+11 0.51649
603	0.00603959	0	0	7500	2e+11 0.51649
604	0.00604959	0	0	7500	2e+11 0.516442
605	0.00605959	0	0	7500	2e+11 0.516466
606	0.00606959	0	0	7500	2e+11 0.516466
607	0.00607959	0	0	7500	2e+11 0.51649
608	0.00608959	0	0	7500	2e+11 0.51649
609	0.00609959	0	0	7500	2e+11 0.51649
610	0.00610959	0	0	7500	2e+11 0.51649
611	0.00611959	0	0	7500	2e+11 0.516418
612	0.00612959	0	0	7500	2e+11 0.516418
613	0.00613959	0	0	7500	2e+11 0.51649
614	0.00614959	0	0	7500	2e+11 0.51649
615	0.00615959	0	0	7500	2e+11 0.516466
616	0.00616959	0	0	7500	2e+11 0.516466
617	0.00617959	0	0	7500	2e+11 0.516418
618	0.00618958	0	0	7500	2e+11 0.516538
619	0.00619958	0	0	7500	2e+11 0.516538
620	0.00620958	0	0	7500	2e+11 0.516442
621	0.00621958	0	0	7500	2e+11 0.516442
622	0.00622958	0	0	7500	2e+11 0.516514
623	0.00623958	0	0	7500	2e+11 0.516514
624	0.00624958	0	0	7500	2e+11 0.516442
625	0.00625958	0	0	7500	2e+11 0.516442
626	0.00626958	0	0	7500	2e+11 0.51649
627	0.00627958	0	0	7500	2e+11 0.51649
628	0.00628958	0	0	7500	2e+11 0.516418
629	0.00629958	0	0	7500	2e+11 0.516466
630	0.00630957	0	0	7500	2e+11 0.516514
631	0.00631957	0	0	7500	2e+11 0.516514
632	0.00632957	0	0	7500	2e+11 0.51661
633	0.00633957	0	0	7500	2e+11 0.51661
634	0.00634957	0	0	7500	2e+11 0.516514
635	0.00635957	0	0	7500	2e+11 0.516514
636	0.00636957	0	0	7500	2e+11 0.516514
637	0.00637956	0	0	7500	2e+11 0.516538
638	0.00638956	0	0	7500	2e+11 0.516538
639	0.00639956	0	0	7500	2e+11 0.516586
640	0.00640956	0	0	7500	2e+11 0.516586
641	0.00641956	0	0	7500	2e+11 0.516562
642	0.00642955	0	0	7500	2e+11 0.516731
643	0.00643955	0	0	7500	2e+11 0.516731
644	0.00644955	0	0	7500	2e+11 0.516707
645	0.00645954	0	0	7500	2e+11 0.516707
646	0.00646954	0	0	7500	2e+11 0.516731
647	0.00647953	0	0	7500	2e+11 0.516731
648	0.00648952	0	0	7500	2e+11 0.516851
649	0.00649952	0	0	7500	2e+11 0.517164
650	0.0065095	0	0	7500	2e+11 0.517164
651	0.00651956	0	0	7500	2e+11 0.51702
652	0.00652955	0	0	7500	2e+11 0.51702
653	0.00653954	0	0	7500	2e+11 0.516779
654	0.00654954	0	0	7500	2e+11 0.516658
655	0.00655953	0	0	7500	2e+11 0.516634
656	0.00656953	0	0	7500	2e+11 0.516634
657	0.00657953	0	0	7500	2e+11 0.516538
658	0.00658952	0	0	7500	2e+11 0.516658
659	0.00659952	0	0	7500	2e+11 0.516658
660	0.00660952	0	0	7500	2e+11 0.516538
661	0.00661952	0	0	7500	2e+11 0.516538
662	0.00662951	0	0	7500	2e+11 0.516514
663	0.00663951	0	0	7500	2e+11 0.516514
664	0.00664951	0	0	7500	2e+11 0.51637
665	0.00665951	0	0	7500	2e+11 0.51637
666	0.00666951	0	0	7500	2e+11 0.516394
667	0.00667951	0	0	7500	2e+11 0.516562
668	0.00668951	0	0	7500	2e+11 0.516562
669	0.00669951	0	0	7500	2e+11 0.516418
670	0.00670951	0	0	7500	2e+11 0.51649
671	0.00671951	0	0	7500	2e+11 0.51649
672	0.00672951	0	0	7500	2e+11 0.51637
673	0.00673951	0	0	7500	2e+11 0.516538
674	0.00674951	0	0	7500	2e+11 0.516538
675	0.00675951	0	0	7500	2e+11 0.51637
676	0.00676951	0	0	7500	2e+11 0.51637
677	0.00677951	0	0	7500	2e+11 0.516442
678	0.00678951	0	0	7500	2e+11 0.516442
679	0.00679951	0	0	7500	2e+11 0.516442
680	0.00680951	0	0	7500	2e+11 0.516442
681	0.00681951	0	0	7500	2e+11 0.516394
682	0.00682951	0	0	7500	2e+11 0.516394
683	0.00683951	0	0	7500	2e+11 0.51637
684	0.00684952	0	0	7500	2e+11 0.516346
685	0.00685952	0	0	7500	2e+11 0.516346
686	0.00686952	0	0	7500	2e+11 0.51637
687	0.00687952	0	0	7500	2e+11 0.516442
688	0.00688952	0	0	7500	2e+11 0.516442
689	0.00689952	0	0	7500	2e+11 0.516418
690	0.00690952	0	0	7500	2e+11 0.516418
691	0.00691952	0	0	7500	2e+11 0.516442
692	0.00692952	0	0	7500	2e+11 0.516442
693	0.00693952	0	0	7500	2e+11 0.516466
694	0.00694952	0	0	7500	2e+11 0.516466
695	0.00695952	0	0	7500	2e+11 0.516466
696	0.00696952	0	0	7500	2e+11 0.516394
697	0.00697952	0	0	7500	2e+11 0.516418
698	0.00698952	0	0	7500	2e+11 0.516418
699	0.00699952	0	0	7500	2e+11 0.51649
700	0.00700952	0	0	7500	2e+11 0.51649
701	0.00701952	0	0	7500	2e+11 0.51637
702	0.00702952	0	0	7500	2e+11 0.51637
703	0.00703952	0	0	7500	2e+11 0.516466
704	0.00704952	0	0	7500	2e+11 0.516466
705	0.00705952	0	0	7500	2e+11 0.516442
706	0.00706952	0	0	7500	2e+11 0.516442
707	0.00707952	0	0	7500	2e+11 0.516442
708	0.00708952	0	0	7500	2e+11 0.516418
709	0.00709952	0	0	7500	2e+11 0.516538
710	0.00710952	0	0	7500	2e+11 0.516538
711	0.00711952	0	0	7500	2e+11 0.516442
712	0.00712952	0	0	7500	2e+11 0.516442
713	0.00713952	0	0	7500	2e+11 0.516442
714	0.00714952	0	0	7500	2e+11 0.516442
715	0.00715952	0	0	7500	2e+11 0.516394
716	0.00716952	0	0	7500	2e+11 0.516562
717	0.00717951	0	0	7500	2e+11 0.516562
718	0.00718951	0	0	7500	2e+11 0.516418
719	0.00719952	0	0	7500	2e+11 0.51649
720	0.00720951	0	0	7500	2e+11 0.51649
721	0.00721952	0	0	7500	2e+11 0.51649
722	0.00722951	0	0	7500	2e+11 0.51649
723	0.00723951	0	0	7500	2e+11 0.516442
724	0.00724951	0	0	7500	2e+11 0.516442
725	0.00725951	0	0	7500	2e+11 0.516442
726	0.00726951	0	0	7500	2e+11 0.516442
727	0.00727951	0	0	7500	2e+11 0.516442
728	0.00728951	0	0	7500	2e+11 0.516442
729	0.00729951	0	0	7500	2e+11 0.516418
730	0.00730951	0	0	7500	2e+11 0.516418
731	0.00731951	0	0	7500	2e+11 0.516514
732	0.00732951	0	0	7500	2e+11 0.516514
733	0.00733951	0	0	7500	2e+11 0.516322
734	0.00734952	0	0	7500	2e+11 0.51637
735	0.00735952	0	0	7500	2e+11 0.516418
736	0.00736952	0	0	7500	2e+11 0.51649
737	0.00737951	0	0	7500	2e+11 0.51649
738	0.00738952	0	0	7500	2e+11 0.516322
739	0.00739952	0	0	7500	2e+11 0.51637
740	0.00740952	0	0	7500	2e+11 0.51637
741	0.00741952	-3.35691e-38	-6.50062e-42	7500	2e+11 0.516346
742	0.00742952	-2.25439e-37	-4.36561e-41	7500	2e+11 0.516346
743	0.00743952	-5.20816e-37	-1.00856e-40	7500	2e+11 0.516274
744	0.00744953	-7.23316e-37	-1.4007e-40	7500	2e+11 0.516274
745	0.00745953	-7.23389e-37	-1.40084e-40	7500	2e+11 0.516226
746	0.00746953	-3.61609e-36	-7.00253e-40	7500	2e+11 0.516226
747	0.00747954	-9.07422e-36	-1.75721e-39	7500	2e+11 0.516105
748	0.00748955	-3.90556e-35	-7.56308e-39	7500	2e+11 0.516129
749	0.00749955	-1.17797e-34	-2.28112e-38	7500	2e+11 0.516129
750	0.00750956	-2.96385e-34	-5.73948e-38	7500	2e+11 0.519466
751	0.0075195	-8.93624e-34	-1.7305e-37	7500	2e+11 0.519466
752	0.00752952	-2.40997e-33	-4.6669e-37	7500	2e+11 0.515841
753	0.00753953	-6.30941e-33	-1.22181e-36	7500	2e+11 0.516274
754	0.00754953	-1.63129e-32	-3.15897e-36	7500	2e+11 0.516274
755	0.00755954	-5.3776e-32	-1.04137e-35	7500	2e+11 0.516033
756	0.00756954	-1.53581e-31	-2.97409e-35	7500	2e+11 0.516346
757	0.00757955	-4.48629e-31	-8.68767e-35	7500	2e+11 0.516346
758	0.00758955	-1.19147e-30	-2.30726e-34	7500	2e+11 0.516177
759	0.00759955	-3.26089e-30	-6.31468e-34	7500	2e+11 0.516177
760	0.00760956	-9.45353e-30	-1.83067e-33	7500	2e+11 0.516298
761	0.00761956	-2.64732e-29	-5.12651e-33	7500	2e+11 0.516298
762	0.00762957	-8.63709e-29	-1.67256e-32	7500	2e+11 0.516442
763	0.00763956	-2.25443e-28	-4.36569e-32	7500	2e+11 0.516442
764	0.00764957	-6.01237e-28	-1.16429e-31	7500	2e+11 0.516538
765	0.00765957	-1.2975e-27	-2.51259e-31	7500	2e+11 0.516538
766	0.00766957	-4.1904e-27	-8.11468e-31	7500	2e+11 0.516346
767	0.00767957	-1.18689e-26	-2.2984e-30	7500	2e+11 0.516346
768	0.00768957	-2.58079e-26	-4.99768e-30	7500	2e+11 0.516346
769	0.00769957	-8.48957e-26	-1.644e-29	7500	2e+11 0.516346
770	0.00770958	-2.03266e-25	-3.93623e-29	7500	2e+11 0.516442
771	0.00771958	-6.02856e-25	-1.16743e-28	7500	2e+11 0.516442
772	0.00772958	-1.68704e-24	-3.26693e-28	7500	2e+11 0.516346
773	0.00773958	-5.10729e-24	-9.89023e-28	7500	2e+11 0.516346
774	0.00774958	-1.32269e-23	-2.56137e-27	7500	2e+11 0.516394
775	0.00775958	-3.95974e-23	-7.668e-27	7500	2e+11 0.516394
776	0.00776958	-1.00402e-22	-1.94427e-26	7500	2e+11 0.51637
777	0.00777958	-2.81502e-22	-5.45126e-26	7500	2e+11 0.51637
778	0.00778959	-7.84953e-22	-1.52005e-25	7500	2e+11 0.51649
779	0.00779958	-2.31268e-21	-4.47848e-25	7500	2e+11 0.51649
780	0.00780959	-5.99063e-21	-1.16008e-24	7500	2e+11 0.516201
781	0.00781965	-1.70042e-20	-3.29284e-24	7500	2e+11 0.51541
782	0.00782966	-4.79281e-20	-9.28125e-24	7500	2e+11 0.51637
783	0.00783966	-1.34857e-19	-2.6115e-23	7500	2e+11 0.51637
784	0.00784967	-3.5992e-19	-6.96983e-23	7500	2e+11 0.516466
785	0.00785966	-9.41682e-19	-1.82356e-22	7500	2e+11 0.516466
786	0.00786967	-2.43196e-18	-4.70947e-22	7500	2e+11 0.516514
787	0.00787966	-6.50499e-18	-1.25969e-21	7500	2e+11 0.516514
788	0.00788967	-2.03204e-17	-3.93503e-21	7500	2e+11 0.516466
789	0.00789967	-4.92711e-17	-9.54131e-21	7500	2e+11 0.516466
790	0.00790967	-1.53431e-16	-2.97119e-20	7500	2e+11 0.51661
791	0.00791967	-3.93062e-16	-7.61161e-20	7500	2e+11 0.51661
792	0.00792967	-1.14029e-15	-2.20817e-19	7500	2e+11 0.516466
793	0.00793967	-2.40536e-15	-4.65795e-19	7500	2e+11 0.516466
794	0.00794967	-6.93127e-15	-1.34223e-18	7500	2e+11 0.51661
795	0.00795967	-2.20993e-14	-4.27952e-18	7500	2e+11 0.51661
796	0.00796967	-6.04823e-14	-1.17123e-17	7500	2e+11 0.516322
797	0.00797968	-1.43161e-13	-2.77229e-17	7500	2e+11 0.516514
798	0.00798967	-4.04768e-13	-7.83831e-17	7500	2e+11 0.516514
799	0.00799967	-1.17995e-12	-2.28497e-16	7500	2e+11 0.516514
800	0.00800967	-3.18984e-12	-6.1771e-16	7500	2e+11 0.516466
801	0.00801967	-9.19246e-12	-1.78011e-15	7500	2e+11 0.516514
802	0.00802967	-3.06224e-11	-5.93001e-15	7500	2e+11 0.516514
803	0.00803967	-7.29841e-11	-1.41333e-14	7500	2e+11 0.516274
804	0.00804968	-2.29765e-10	-4.44939e-14	7500	2e+11 0.516418
805	0.00805968	-6.76166e-10	-1.30939e-13	7500	2e+11 0.516466
806	0.00806968	-1.57751e-09	-3.05483e-13	7500	2e+11 0.516658
807	0.00807967	-5.28217e-09	-1.02289e-12	7500	2e+11 0.516658
808	0.00808967	-1.29087e-08	-2.49976e-12	7500	2e+11 0.51637
809	0.00809967	-3.62454e-08	-7.01889e-12	7500	2e+11 0.51637
810	0.00810968	-8.90841e-08	-1.72511e-11	7500	2e+11 0.516466
811	0.00811968	-2.20803e-07	-4.27584e-11	7500	2e+11 0.516466
812	0.00812968	-7.05006e-07	-1.36524e-10	7500	2e+11 0.51637
813	0.00813968	-2.02408e-06	-3.91961e-10	7500	2e+11 0.516322
814	0.00814968	-5.92524e-06	-1.14742e-09	7500	2e+11 0.51637
815	0.00815968	-1.26813e-05	-2.45572e-09	7500	2e+11 0.51637
816	0.00816968	-4.31306e-05	-8.35221e-09	7500	2e+11 0.516658
817	0.00817968	-0.000108573	-2.10251e-08	7500	2e+11 0.516658
818	0.00818968	-0.000231938	-4.49146e-08	7500	2e+11 0.516322
819	0.00819968	-0.00080699	-1.56273e-07	7500	2e+11 0.51637
820	0.00820968	-0.00251659	-4.87335e-07	7500	2e+11 0.51637
821	0.00821968	-0.00638828	-1.23709e-06	7500	2e+11 0.51661
822	0.00822968	-0.0150893	-2.92204e-06	7500	2e+11 0.51661
823	0.00823968	-0.0400083	-7.74758e-06	7500	2e+11 0.516514
824	0.00824968	-0.11406	-2.20876e-05	7500	2e+11 0.516514
825	0.00825968	-0.270703	-5.24214e-05	7500	2e+11 0.51637
826	0.00826968	-0.790509	-0.000153081	7500	2e+11 0.516658
827	0.00827968	-2.32464	-0.000450165	7500	2e+11 0.516755
828	0.00828967	-5.00456	-0.000969129	7500	2e+11 0.516755
829	0.00829966	-8.6097	-0.00166726	7500	2e+11 0.517382
830	0.00830965	-12.8724	-0.00249273	7500	2e+11 0.517623
831	0.00831962	-17.5079	-0.00339039	7500	2e+11 0.518252
832	0.00832959	-22.2006	-0.00429913	7500	2e+11 0.518688
833	0.00833954	-26.7055	-0.0051715	7500	2e+11 0.519077
834	0.00834949	-30.8773	-0.00597935	7500	2e+11 0.519758
835	0.00835943	-34.5589	-0.0066923	7500	2e+11 0.520197
836	0.00836935	-37.7222	-0.00730488	7500	2e+11 0.520197
837	0.00837928	-40.4207	-0.00782744	7500	2e+11 0.520734
838	0.0083892	-42.64	-0.00825719	7500	2e+11 0.520734
839	0.00839912	-44.4099	-0.00859994	7500	2e+11 0.520832
840	0.00840904	-45.8115	-0.00887136	7500	2e+11 0.521126
841	0.00841895	-46.8978	-0.00908173	7500	2e+11 0.521126
842	0.00842886	-47.7389	-0.00924459	7500	2e+11 0.521322
843	0.00843877	-48.3756	-0.00936789	7500	2e+11 0.521322
844	0.00844867	-48.8424	-0.00945828	7500	2e+11 0.521273
845	0.00845858	-49.1822	-0.0095241	7500	2e+11 0.521371
846	0.00846848	-49.4275	-0.0095716	7500	2e+11 0.521371
847	0.00847839	-49.6018	-0.00960536	7500	2e+11 0.521322
848	0.0084883	-49.7266	-0.00962951	7500	2e+11 0.521322
849	0.0084982	-49.8135	-0.00964635	7500	2e+11 0.52142
850	0.00850811	-49.8742	-0.0096581	7500	2e+11 0.52142
851	0.00851801	-49.9159	-0.00966617	7500	2e+11 0.521518
852	0.00852791	-49.944	-0.00967162	7500	2e+11 0.521518
853	0.00853782	-49.9625	-0.0096752	7500	2e+11 0.521567
854	0.00854772	-49.9749	-0.0096776	7500	2e+11 0.521567
855	0.00855762	-49.983	-0.00967917	7500	2e+11 0.521518
856	0.00856753	-49.9883	-0.00968019	7500	2e+11 0.521518
857	0.00857743	-49.9917	-0.00968086	7500	2e+11 0.521371
858	0.00858734	-49.9939	-0.00968128	7500	2e+11 0.52142
859	0.00859724	-49.9953	-0.00968154	7500	2e+11 0.521469
860	0.00860714	-49.9961	-0.0096817	7500	2e+11 0.521518
861	0.00861705	-49.9966	-0.00968181	7500	2e+11 0.521518
862	0.00862695	-49.9969	-0.00968187	7500	2e+11 0.521469
863	0.00863685	-49.9971	-0.0096819	7500	2e+11 0.52142
864	0.00864676	-49.9972	-0.00968192	7500	2e+11 0.52142
865	0.00865666	-49.9973	-0.00968194	7500	2e+11 0.52142
866	0.00866657	-49.9973	-0.00968194	7500	2e+11 0.521518
867	0.00867647	-49.9974	-0.00968195	7500	2e+11 0.521518
868	0.00868637	-49.9974	-0.00968195	7500	2e+11 0.521518
869	0.00869627	-49.9974	-0.00968195	7500	2e+11 0.521469
870	0.00870618	-49.9974	-0.00968195	7500	2e+11 0.521469
871	0.00871608	-49.9974	-0.00968195	7500	2e+11 0.521469
872	0.00872599	-49.9974	-0.00968195	7500	2e+11 0.521567
873	0.00873589	-49.9974	-0.00968195	7500	2e+11 0.521616
874	0.00874579	-49.9974	-0.00968195	7500	2e+11 0.521616
875	0.00875569	-49.9974	-0.00968195	7500	2e+11 0.521469
876	0.0087656	-49.9974	-0.00968195	7500	2e+11 0.521469
877	0.0087755	-49.9974	-0.00968195	7500	2e+11 0.521616
878	0.0087854	-49.9974	-0.00968195	7500	2e+11 0.521616
879	0.00879531	-49.9974	-0.00968195	7500	2e+11 0.521371
880	0.00880521	-49.9974	-0.00968195	7500	2e+11 0.521371
881	0.00881512	-49.9974	-0.00968195	7500	2e+11 0.521371
882	0.00882503	-49.9974	-0.00968195	7500	2e+11 0.521861
883	0.00883492	-49.9974	-0.00968195	7500	2e+11 0.521861
884	0.00884482	-49.9974	-0.00968195	7500	2e+11 0.521469
885	0.00885473	-49.9974	-0.00968195	7500	2e+11 0.521469
886	0.00886463	-49.9974	-0.00968195	7500	2e+11 0.521469
887	0.00887454	-49.9974	-0.00968195	7500	2e+11 0.521322
888	0.00888444	-49.9974	-0.00968195	7500	2e+11 0.521616
889	0.00889434	-49.9974	-0.00968195	7500	2e+11 0.521616
890	0.00890425	-49.9974	-0.00968195	7500	2e+11 0.521469
891	0.00891415	-49.9974	-0.00968195	7500	2e+11 0.521371
892	0.00892406	-49.9974	-0.00968195	7500	2e+11 0.521469
893	0.00893396	-49.9974	-0.00968195	7500	2e+11 0.521665
894	0.00894386	-49.9974	-0.00968195	7500	2e+11 0.521665
895	0.00895376	-49.9974	-0.00968195	7500	2e+11 0.521469
896	0.00896367	-49.9974	-0.00968195	7500	2e+11 0.521469
897	0.00897358	-49.9974	-0.00968195	7500	2e+11 0.521273
898	0.00898348	-49.9974	-0.00968195	7500	2e+11 0.521469
899	0.00899339	-49.9974	-0.00968195	7500	2e+11 0.521469
900	0.00900329	-49.9974	-0.00968195	7500	2e+11 0.521616
901	0.00901319	-49.9974	-0.00968195	7500	2e+11 0.521665
902	0.00902309	-49.9974	-0.00968195	7500	2e+11 0.521665
903	0.00903299	-49.9974	-0.00968195	7500	2e+11 0.521518
904	0.0090429	-49.9974	-0.00968195	7500	2e+11 0.521616
905	0.0090528	-49.9974	-0.00968195	7500	2e+11 0.521616
906	0.0090627	-49.9974	-0.00968195	7500	2e+11 0.521371
907	0.00907261	-49.9974	-0.00968195	7500	2e+11 0.521322
908	0.00908251	-49.9974	-0.00968195	7500	2e+11 0.521567
909	0.00909241	-49.9974	-0.00968195	7500	2e+11 0.521567
910	0.00910232	-49.9974	-0.00968195	7500	2e+11 0.521518
911	0.00911222	-49.9974	-0.00968195	7500	2e+11 0.521518
912	0.00912213	-49.9974	-0.00968195	7500	2e+11 0.521371
913	0.00913203	-49.9973	-0.00968195	7500	2e+11 0.521469
914	0.00914194	-49.9973	-0.00968194	7500	2e+11 0.521469
915	0.00915184	-49.9973	-0.00968193	7500	2e+11 0.521616
916	0.00916174	-49.9972	-0.00968191	7500	2e+11 0.521616
917	0.00917165	-49.9969	-0.00968185	7500	2e+11 0.521322
918	0.00918155	-49.996	-0.00968168	7500	2e+11 0.521518
919	0.00919145	-49.9935	-0.00968121	7500	2e+11 0.521518
920	0.00920136	-49.9873	-0.00968	7500	2e+11 0.521518
921	0.00921126	-49.9711	-0.00967686	7500	2e+11 0.521469
922	0.00922116	-49.9141	-0.00966583	7500	2e+11 0.521665
923	0.00923106	-49.7936	-0.00964249	7500	2e+11 0.521665
924	0.00924097	-49.5162	-0.00958878	7500	2e+11 0.521322
925	0.00925087	-48.5725	-0.00940602	7500	2e+11 0.521322
926	0.00926078	-47.0098	-0.00910342	7500	2e+11 0.521273
927	0.00927069	-44.9228	-0.00869926	7500	2e+11 0.520979
928	0.00928061	-42.3504	-0.00820112	7500	2e+11 0.520685
929	0.00929053	-39.421	-0.00763384	7500	2e+11 0.520685
930	0.00930046	-36.2367	-0.0070172	7500	2e+11 0.520148
931	0.00931039	-32.8984	-0.00637074	7500	2e+11 0.519953
932	0.00932033	-29.503	-0.00571323	7500	2e+11 0.519612
933	0.00933027	-26.1288	-0.00505981	7500	2e+11 0.51932
934	0.00934022	-22.8478	-0.00442445	7500	2e+11 0.519028
935	0.00935018	-19.7222	-0.00381918	7500	2e+11 0.518397
936	0.00936014	-16.7998	-0.00325327	7500	2e+11 0.518397
937	0.00937011	-14.1224	-0.0027348	7500	2e+11 0.51801
938	0.00938008	-11.7378	-0.00227302	7500	2e+11 0.517865
939	0.00939006	-9.6363	-0.00186606	7500	2e+11 0.51743
940	0.00940005	-7.81614	-0.00151359	7500	2e+11 0.517189
941	0.00941003	-6.2534	-0.00121097	7500	2e+11 0.51714
942	0.00942002	-4.93708	-0.000956062	7500	2e+11 0.517092
943	0.00943001	-3.85623	-0.000746755	7500	2e+11 0.516947
944	0.00944	-2.96753	-0.000574659	7500	2e+11 0.516947
945	0.00945	-2.25031	-0.00043577	7500	2e+11 0.516658
946	0.00946	-1.6879	-0.000326861	7500	2e+11 0.516466
947	0.00947	-1.25355	-0.00024275	7500	2e+11 0.516562
948	0.00947999	-0.918371	-0.000177842	7500	2e+11 0.516562
949	0.00948999	-0.66314	-0.000128416	7500	2e+11 0.516514
950	0.00949999	-0.472681	-9.15343e-05	7500	2e+11 0.51637
951	0.00950999	-0.333436	-6.45695e-05	7500	2e+11 0.51661
952	0.00951999	-0.233302	-4.51788e-05	7500	2e+11 0.51661
953	0.00952999	-0.161219	-3.12199e-05	7500	2e+11 0.51637
954	0.00954	-0.110229	-2.13457e-05	7500	2e+11 0.516755
955	0.00954999	-0.0746791	-1.44615e-05	7500	2e+11 0.516755
956	0.00955999	-0.0501074	-9.70327e-06	7500	2e+11 0.51661
957	0.00956999	-0.0332504	-6.43891e-06	7500	2e+11 0.51661
958	0.00957999	-0.0218309	-4.22753e-06	7500	2e+11 0.51637
959	0.00959	-0.01418	-2.74595e-06	7500	2e+11 0.516562
960	0.00959999	-0.00911362	-1.76484e-06	7500	2e+11 0.516562
961	0.00960999	-0.00580403	-1.12394e-06	7500	2e+11 0.516322
962	0.00962	-0.00365451	-7.07692e-07	7500	2e+11 0.51661
963	0.00962999	-0.00227717	-4.40972e-07	7500	2e+11 0.51661
964	0.00963999	-0.00141598	-2.74203e-07	7500	2e+11 0.516514
965	0.00964999	-0.000877856	-1.69996e-07	7500	2e+11 0.516514
966	0.00966	-0.000537004	-1.0399e-07	7500	2e+11 0.516514
967	0.00967	-0.000325393	-6.30122e-08	7500	2e+11 0.516514
968	0.00968	-0.000197058	-3.81601e-08	7500	2e+11 0.516755
969	0.00968999	-0.000117725	-2.27973e-08	7500	2e+11 0.516755
970	0.0097	-6.91019e-05	-1.33815e-08	7500	2e+11 0.51637
971	0.00971	-3.95204e-05	-7.65309e-09	7500	2e+11 0.51661
972	0.00971999	-2.21026e-05	-4.28014e-09	7500	2e+11 0.51661
973	0.00972999	-1.19431e-05	-2.31277e-09	7500	2e+11 0.516466
974	0.00974	-6.22803e-06	-1.20605e-09	7500	2e+11 0.516755
975	0.00974999	-3.11044e-06	-6.02335e-10	7500	2e+11 0.516755
976	0.00976	-1.49053e-06	-2.88641e-10	7500	2e+11 0.516562
977	0.00976999	-6.80791e-07	-1.31835e-10	7500	2e+11 0.516562
978	0.00978	-2.97556e-07	-5.76215e-11	7500	2e+11 0.516226
979	0.00979	-1.25679e-07	-2.43376e-11	7500	2e+11 0.516466
980	0.0098	-4.96011e-08	-9.60521e-12	7500	2e+11 0.516466
981	0.00981	-1.85564e-08	-3.59342e-12	7500	2e+11 0.516418
982	0.00982	-6.52969e-09	-1.26447e-12	7500	2e+11 0.51637
983	0.00983	-2.25409e-09	-4.36502e-13	7500	2e+11 0.516562
984	0.00984	-7.28631e-10	-1.41099e-13	7500	2e+11 0.516562
985	0.00985	-2.21693e-10	-4.29307e-14	7500	2e+11 0.516274
986	0.00986001	-6.55152e-11	-1.2687e-14	7500	2e+11 0.516947
987	0.00987	-1.88677e-11	-3.65372e-15	7500	2e+11 0.516947
988	0.00987999	-5.22669e-12	-1.01214e-15	7500	2e+11 0.516803
989	0.00988999	-1.35158e-12	-2.61733e-16	7500	2e+11 0.516803
990	0.0099	-3.40758e-13	-6.59875e-17	7500	2e+11 0.516418
991	0.00991	-7.90879e-14	-1.53153e-17	7500	2e+11 0.516418
992	0.00992	-1.77319e-14	-3.43376e-18	7500	2e+11 0.51661
993	0.00993	-3.65615e-15	-7.08011e-19	7500	2e+11 0.516658
994	0.00993999	-7.57173e-16	-1.46626e-19	7500	2e+11 0.516658
995	0.00995	-1.50392e-16	-2.91232e-20	7500	2e+11 0.516322
996	0.00996	-2.79371e-17	-5.40999e-21	7500	2e+11 0.51661
997	0.00996999	-4.73872e-18	-9.1765e-22	7500	2e+11 0.51661
998	0.00998	-7.63099e-19	-1.47775e-22	7500	2e+11 0.516514
999	0.00999	-1.30593e-19	-2.53021e-23	7500	2e+11 0.516514
1000	0.01	0	-1.23008e-25	7500	2e+11 0.516322
