0	0	0	0	1	1
1	0.01	0	0	1	1
2	0.02	0	0	1	1
3	0.03	0	0	1	1
4	0.04	0	0	1	1
5	0.05	0	0	1	1
6	0.06	0	0	1	1
7	0.07	0	0	1	1
8	0.08	0	0	1	1
9	0.09	0	0	1	1
10	0.1	0	0	1	1
11	0.11	0	0	1	1
12	0.12	0	0	1	1
13	0.13	0	0	1	1
14	0.14	0	0	1	1
15	0.15	0	0	1	1
16	0.16	0	0	1	1
17	0.17	0	0	1	1
18	0.18	0	0	1	1
19	0.19	0	0	1	1
20	0.2	0	0	1	1
21	0.21	0	0	1	1
22	0.22	0	0	1	1
23	0.23	0	0	1	1
24	0.24	0	0	1	1
25	0.25	0	0	1	1
26	0.26	0	0	1	1
27	0.27	0	0	1	1
28	0.28	0	0	1	1
29	0.29	0	0	1	1
30	0.3	0	0	1	1
31	0.31	0	0	1	1
32	0.32	0	0	1	1
33	0.33	0	0	1	1
34	0.34	0	0	1	1
35	0.35	0	0	1	1
36	0.36	0	0	1	1
37	0.37	0	0	1	1
38	0.38	0	0	1	1
39	0.39	0	0	1	1
40	0.4	0	0	1	1
41	0.409049	-4.35026e-06	4.35026e-06	1	1
42	0.418097	-4.91976e-05	4.91976e-05	1	1
43	0.427148	-0.000280656	0.000280656	1	1
44	0.436206	-0.00107759	0.00107759	1	1
45	0.445282	-0.00313439	0.00313439	1	1
46	0.454397	-0.00736937	0.00736937	1	1
47	0.463578	-0.0145851	0.0145851	1	1
48	0.472855	-0.0249944	0.0249944	1	1
49	0.482253	-0.0379065	0.0379065	1	1
50	-1.39002	-50.9489	16.1115	0.1	1
51	-0.0125407	-15.9964	5.0585	0.1	1
52	0.223786	-10.0676	3.18366	0.1	1
53	0.328715	-7.46013	2.3591	0.1	1
54	0.392735	-5.88613	1.86136	0.1	1
55	0.438036	-4.78667	1.51368	0.1	1
56	0.472888	-3.95436	1.25048	0.1	1
57	0.501174	-3.29259	1.04121	0.1	1
58	0.525007	-2.7495	0.869469	0.1	1
59	0.545653	-2.29478	0.725673	0.1	1
60	0.563936	-1.90954	0.60385	0.1	1
61	0.580418	-1.58163	0.500155	0.1	1
62	0.595514	-1.30294	0.412025	0.1	1
63	0.60953	-1.06801	0.337733	0.1	1
64	0.622707	-0.872816	0.276009	0.1	1
65	0.635239	-0.713985	0.225782	0.1	1
66	0.647282	-0.588095	0.185972	0.1	1
67	0.658962	-0.491169	0.155321	0.1	1
68	0.670378	-0.418541	0.132354	0.1	1
69	0.681601	-0.365014	0.115428	0.1	1
70	0.692684	-0.325316	0.102874	0.1	1
71	0.703661	-0.294669	0.0931826	0.1	1
72	0.714549	-0.269237	0.0851402	0.1	1
73	0.725359	-0.246293	0.0778846	0.1	1
74	0.736094	-0.224186	0.0708937	0.1	1
75	0.746754	-0.202125	0.0639174	0.1	1
76	0.757339	-0.179934	0.0569002	0.1	1
77	0.767851	-0.157813	0.0499048	0.1	1
78	0.778291	-0.13616	0.0430576	0.1	1
79	0.788663	-0.115434	0.0365034	0.1	1
80	0.798971	-0.0960692	0.0303798	0.1	1
81	0.809222	-0.0784239	0.0247998	0.1	1
82	0.819422	-0.06275	0.0198433	0.1	1
83	0.82958	-0.0491807	0.0155523	0.1	1
84	0.839699	-0.037736	0.0119332	0.1	1
85	0.849789	-0.0283325	0.00895954	0.1	1
86	0.859855	-0.0208078	0.00658	0.1	1
87	0.869903	-0.0149436	0.00472559	0.1	1
88	0.879936	-0.0104934	0.0033183	0.1	1
89	0.889959	-0.007204	0.00227811	0.1	1
90	0.899974	-0.00483553	0.00152914	0.1	1
91	0.909984	-0.00317377	0.00100367	0.1	1
92	0.919991	-0.0020372	0.000644284	0.1	1
93	0.929995	-0.00127905	0.000404609	0.1	1
94	0.939997	-0.000785524	0.000248698	0.1	1
95	0.949999	-0.000471688	0.000149767	0.1	1
96	0.96	-0.000276326	8.86112e-05	0.1	1
97	0.97	-0.000156581	5.19617e-05	0.1	1
98	0.98	-8.30728e-05	3.10487e-05	0.1	1
99	0.99	-3.56838e-05	2.04422e-05	0.1	1
100	1	0	1.72138e-05	0.1	1
