0	0	0	0	1	1
1	0.01	0	0	1	1
2	0.02	0	0	1	1
3	0.03	0	0	1	1
4	0.04	0	0	1	1
5	0.05	0	0	1	1
6	0.06	0	0	1	1
7	0.07	0	0	1	1
8	0.08	0	0	1	1
9	0.09	0	0	1	1
10	0.1	0	0	1	1
11	0.11	0	0	1	1
12	0.12	0	0	1	1
13	0.13	0	0	1	1
14	0.14	0	0	1	1
15	0.15	0	0	1	1
16	0.16	0	0	1	1
17	0.17	0	0	1	1
18	0.18	0	0	1	1
19	0.19	0	0	1	1
20	0.2	0	0	1	1
21	0.21	0	0	1	1
22	0.22	0	0	1	1
23	0.23	0	0	1	1
24	0.24	0	0	1	1
25	0.25	0	0	1	1
26	0.26	0	0	1	1
27	0.27	0	0	1	1
28	0.28	0	0	1	1
29	0.29	0	0	1	1
30	0.3	0	0	1	1
31	0.31	0	0	1	1
32	0.32	0	0	1	1
33	0.33	0	0	1	1
34	0.34	0	0	1	1
35	0.35	0	0	1	1
36	0.36	0	0	1	1
37	0.37	0	0	1	1
38	0.38	0	0	1	1
39	0.39	0	0	1	1
40	0.4	0	0	1	1
41	0.409049	-2.94164e-05	2.94164e-05	1	1
42	0.418099	-0.000276161	0.000276161	1	1
43	0.427159	-0.00131171	0.00131171	1	1
44	0.436246	-0.00420638	0.00420638	1	1
45	0.445387	-0.0102451	0.0102451	1	1
46	0.45462	-0.0202166	0.0202166	1	1
47	0.463978	-0.0337036	0.0337036	1	1
48	0.47348	-0.0489984	0.0489984	1	1
49	0.483125	-0.0638233	0.0638233	1	1
50	-0.528923	-49.0043	15.4965	0.1	1
51	0.24839	-14.1839	4.48535	0.1	1
52	0.382938	-8.28331	2.61941	0.1	1
53	0.4432	-5.70348	1.8036	0.1	1
54	0.480362	-4.16335	1.31657	0.1	1
55	0.507023	-3.10755	0.982692	0.1	1
56	0.527905	-2.33218	0.7375	0.1	1
57	0.545253	-1.7444	0.551628	0.1	1
58	0.560313	-1.29602	0.409837	0.1	1
59	0.573854	-0.959131	0.303304	0.1	1
60	0.586388	-0.714611	0.22598	0.1	1
61	0.598271	-0.545978	0.172653	0.1	1
62	0.609752	-0.436578	0.138058	0.1	1
63	0.620991	-0.369519	0.116852	0.1	1
64	0.632089	-0.329299	0.104134	0.1	1
65	0.643097	-0.303603	0.0960078	0.1	1
66	0.654036	-0.284024	0.0898161	0.1	1
67	0.664912	-0.265657	0.0840082	0.1	1
68	0.675722	-0.246158	0.077842	0.1	1
69	0.686459	-0.224781	0.0710821	0.1	1
70	0.697117	-0.201686	0.0637786	0.1	1
71	0.707694	-0.177488	0.0561265	0.1	1
72	0.71819	-0.152998	0.0483823	0.1	1
73	0.728607	-0.129053	0.0408102	0.1	1
74	0.738949	-0.106418	0.0336523	0.1	1
75	0.749224	-0.0857125	0.0271047	0.1	1
76	0.759439	-0.0673744	0.0213057	0.1	1
77	0.769604	-0.0516466	0.0163321	0.1	1
78	0.779726	-0.0385845	0.0122015	0.1	1
79	0.789815	-0.0280786	0.00887922	0.1	1
80	0.799879	-0.0198959	0.00629163	0.1	1
81	0.809922	-0.0137239	0.00433989	0.1	1
82	0.819951	-0.00921474	0.00291396	0.1	1
83	0.82997	-0.00602276	0.00190456	0.1	1
84	0.839983	-0.00383254	0.00121195	0.1	1
85	0.84999	-0.00237499	0.000751039	0.1	1
86	0.859995	-0.00143374	0.000453387	0.1	1
87	0.869997	-0.000843457	0.000266724	0.1	1
88	0.879999	-0.000483753	0.000152976	0.1	1
89	0.89	-0.000270609	8.55742e-05	0.1	1
90	0.9	-0.00014771	4.67101e-05	0.1	1
91	0.91	-7.8704e-05	2.48884e-05	0.1	1
92	0.92	-4.09536e-05	1.29507e-05	0.1	1
93	0.93	-2.08199e-05	6.58395e-06	0.1	1
94	0.94	-1.0345e-05	3.27168e-06	0.1	1
95	0.95	-5.02542e-06	1.58991e-06	0.1	1
96	0.96	-2.38607e-06	7.564e-07	0.1	1
97	0.97	-1.10382e-06	3.53661e-07	0.1	1
98	0.98	-4.88177e-07	1.65563e-07	0.1	1
99	0.99	-1.83379e-07	8.46545e-08	0.1	1
100	1	0	6.23012e-08	0.1	1
