0	0	0	2.8763e-34	2	1 -1.43815e-34 1.43815e-34
1	0.01	9.87036e-34	1.42443e-33	2	1 -1.42748e-35 1.41016e-33
2	0.02	9.51429e-33	1.3458e-32	2	1 -1.37979e-36 1.34566e-32
3	0.03	8.83636e-32	1.24965e-31	2	1 -1.28836e-37 1.24965e-31
4	0.04	7.9852e-31	1.12928e-30	2	1 0 1.12928e-30
5	0.05	7.02151e-30	9.92991e-30	2	1 0 9.92991e-30
6	0.06	6.00731e-29	8.49562e-29	2	1 0 8.49562e-29
7	0.07	5.00042e-28	7.07166e-28	2	1 0 7.07166e-28
8	0.08	4.04932e-27	5.7266e-27	2	1 0 5.7266e-27
9	0.09	3.1899e-26	4.5112e-26	2	1 0 4.5112e-26
10	0.1	2.44437e-25	3.45687e-25	2	1 0 3.45687e-25
11	0.11	1.82191e-24	2.57657e-24	2	1 0 2.57657e-24
12	0.12	1.32079e-23	1.86789e-23	2	1 0 1.86789e-23
13	0.13	9.31268e-23	1.31701e-22	2	1 0 1.31701e-22
14	0.14	6.38608e-22	9.03128e-22	2	1 0 9.03128e-22
15	0.15	4.25903e-21	6.02317e-21	2	1 0 6.02317e-21
16	0.16	2.76256e-20	3.90684e-20	2	1 0 3.90684e-20
17	0.17	1.74283e-19	2.46473e-19	2	1 0 2.46473e-19
18	0.18	1.06949e-18	1.51249e-18	2	1 0 1.51249e-18
19	0.19	6.38458e-18	9.02916e-18	2	1 0 9.02916e-18
20	0.2	3.7085e-17	5.24462e-17	2	1 0 5.24462e-17
21	0.21	2.09645e-16	2.96483e-16	2	1 0 2.96483e-16
22	0.22	1.1538e-15	1.63172e-15	2	1 0 1.63172e-15
23	0.23	6.1847e-15	8.74648e-15	2	1 0 8.74648e-15
24	0.24	3.23058e-14	4.56873e-14	2	1 0 4.56873e-14
25	0.25	1.64551e-13	2.3271e-13	2	1 0 2.3271e-13
26	0.26	8.17944e-13	1.15675e-12	2	1 0 1.15675e-12
27	0.27	3.9715e-12	5.61656e-12	2	1 0 5.61656e-12
28	0.28	1.88565e-11	2.66672e-11	2	1 0 2.66672e-11
29	0.29	8.76493e-11	1.23955e-10	2	1 0 1.23955e-10
30	0.3	3.99326e-10	5.64732e-10	2	1 0 5.64732e-10
31	0.31	1.78504e-09	2.52443e-09	2	1 0 2.52443e-09
32	0.32	7.83397e-09	1.10789e-08	2	1 0 1.10789e-08
33	0.33	3.37499e-08	4.77295e-08	2	1 0 4.77295e-08
34	0.34	1.42541e-07	2.01583e-07	2	1 0 2.01583e-07
35	0.35	5.88418e-07	8.32149e-07	2	1 0 8.32149e-07
36	0.36	2.36251e-06	3.3411e-06	2	1 0 3.3411e-06
37	0.37	9.16175e-06	1.29567e-05	2	1 0 1.29567e-05
38	0.38	3.40142e-05	4.81034e-05	2	1 0 4.81034e-05
39	0.390001	0.000119654	0.000169216	2	1 0 0.000169216
40	0.400002	0.000394252	0.000557557	2	1 0 0.000557557
41	0.410008	0.00120194	0.0016998	2	1 0 0.0016998
42	0.420025	0.00334744	0.004734	2	1 0 0.004734
43	0.430072	0.00840851	0.0118914	2	1 0 0.0118914
44	0.440192	0.018819	0.026614	2	1 0 0.026614
45	0.450462	0.0371028	0.0524712	2	1 0 0.0524712
46	0.461	0.0636886	0.0900693	2	1 0 0.0900693
47	0.471941	0.0935591	0.132313	2	1 0 0.132313
48	0.483353	0.11376	0.160881	2	1 0 0.160881
49	0.495095	0.107693	0.152301	2	1 0 0.152301
50	0.506732	0.0743597	0.105161	2	1 0 0.105161
51	0.522653	0.0627844	-0.0868058	5	1 0.113598 0.0267921
52	0.526389	0.0843337	-0.125899	5	1 0.157237 0.0313385
53	0.534608	0.122163	-0.179452	5	1 0.226308 0.0468563
54	0.543138	0.121682	-0.138929	5	1 0.20551 0.0665804
55	0.552571	0.0959986	-0.0350572	5	1 0.124858 0.0898011
56	0.562928	0.0752403	0.059065	5	1 0.0545887 0.113654
57	0.573926	0.0683268	0.115685	5	1 0.0185491 0.134234
58	0.585303	0.0686078	0.143043	5	1 0.00518443 0.148227
59	0.596885	0.0694675	0.152855	5	1 0.00123942 0.154095
60	0.608546	0.068128	0.151817	5	1 0.000261146 0.152078
61	0.620921	0.0637	0.141823	5	1 0.000307252 0.14213
62	0.631339	0.0569421	0.124934	5	1 0.00119609 0.12613
63	0.641565	0.0478403	0.0996014	5	1 0.00368635 0.103288
64	0.651514	0.0375793	0.0670625	5	1 0.00848371 0.0755462
65	0.66112	0.028287	0.0320445	5	1 0.0156036 0.0476481
66	0.670382	0.0220187	0.000706406	5	1 0.0242645 0.0249709
67	0.679355	0.019539	-0.0228868	5	1 0.0332887 0.0104019
68	0.688125	0.020037	-0.0383766	5	1 0.0415903 0.0032137
69	0.696772	0.0219542	-0.0478124	5	1 0.0484518 0.000639319
70	0.705353	0.0239907	-0.0535402	5	1 0.0535925 5.23228e-05
71	0.713383	0.0254672	-0.0569465	5	1 0.0569465 0
72	0.72281	0.0263877	-0.0590047	5	1 0.0590047 0
73	0.732237	0.0263626	-0.0589486	5	1 0.0589486 0
74	0.741691	0.0251075	-0.0561422	5	1 0.0561422 0
75	0.751202	0.0224145	-0.0501203	5	1 0.0501203 0
76	0.760798	0.0184681	-0.041296	5	1 0.041296 0
77	0.770492	0.0139035	-0.0310891	5	1 0.0310891 0
78	0.780281	0.00952627	-0.0213014	5	1 0.0213014 0
79	0.790149	0.00594509	-0.0132936	5	1 0.0132936 0
80	0.800073	0.00339126	-0.0075831	5	1 0.0075831 0
81	0.810033	0.00177614	-0.00397158	5	1 0.00397158 0
82	0.820014	0.000858009	-0.00191857	5	1 0.00191857 0
83	0.830005	0.00038392	-0.000858471	5	1 0.000858471 0
84	0.840002	0.000159718	-0.000357141	5	1 0.000357141 0
85	0.850001	6.19875e-05	-0.000138608	5	1 0.000138608 0
86	0.86	2.25123e-05	-5.03391e-05	5	1 5.03391e-05 0
87	0.87	7.67215e-06	-1.71555e-05	5	1 1.71555e-05 0
88	0.88	2.45993e-06	-5.50057e-06	5	1 5.50057e-06 0
89	0.89	7.43809e-07	-1.66321e-06	5	1 1.66321e-06 0
90	0.9	2.12559e-07	-4.75297e-07	5	1 4.75297e-07 0
91	0.91	5.75247e-08	-1.28629e-07	5	1 1.28629e-07 0
92	0.92	1.47704e-08	-3.30277e-08	5	1 3.30277e-08 0
93	0.93	3.60449e-09	-8.05988e-09	5	1 8.05988e-09 0
94	0.94	8.37336e-10	-1.87234e-09	5	1 1.87234e-09 0
95	0.95	1.8544e-10	-4.14656e-10	5	1 4.14656e-10 0
96	0.96	3.92054e-11	-8.76661e-11	5	1 8.7666e-11 -7.75792e-17
97	0.97	7.92269e-12	-1.77167e-11	5	1 1.77162e-11 -4.97477e-16
98	0.98	1.53085e-12	-3.42939e-12	5	1 3.42623e-12 -3.15347e-15
99	0.99	2.75296e-13	-6.54064e-13	5	1 6.34823e-13 -1.92418e-14
100	1	0	-2.25607e-13	5	1 1.12803e-13 -1.12803e-13
