0	0	0	0	7500	2e+11 0.516398
1	1e-05	0	0	7500	2e+11 0.516398
2	2e-05	0	0	7500	2e+11 0.516398
3	3e-05	0	0	7500	2e+11 0.516398
4	4e-05	0	0	7500	2e+11 0.516398
5	5e-05	0	0	7500	2e+11 0.516398
6	6e-05	0	0	7500	2e+11 0.516398
7	7e-05	0	0	7500	2e+11 0.516398
8	8e-05	0	0	7500	2e+11 0.516398
9	9e-05	0	0	7500	2e+11 0.516398
10	0.0001	0	0	7500	2e+11 0.516398
11	0.00011	0	0	7500	2e+11 0.516398
12	0.00012	0	0	7500	2e+11 0.516398
13	0.00013	0	0	7500	2e+11 0.516398
14	0.00014	0	0	7500	2e+11 0.516398
15	0.00015	0	0	7500	2e+11 0.516398
16	0.00016	0	0	7500	2e+11 0.516398
17	0.00017	0	0	7500	2e+11 0.516398
18	0.00018	0	0	7500	2e+11 0.516398
19	0.00019	0	0	7500	2e+11 0.516398
20	0.0002	0	0	7500	2e+11 0.516398
21	0.00021	0	0	7500	2e+11 0.516398
22	0.00022	0	0	7500	2e+11 0.516398
23	0.00023	0	0	7500	2e+11 0.516398
24	0.00024	0	0	7500	2e+11 0.516398
25	0.00025	0	0	7500	2e+11 0.516398
26	0.00026	0	0	7500	2e+11 0.516398
27	0.00027	0	0	7500	2e+11 0.516398
28	0.00028	0	0	7500	2e+11 0.516398
29	0.00029	0	0	7500	2e+11 0.516398
30	0.0003	0	0	7500	2e+11 0.516398
31	0.00031	0	0	7500	2e+11 0.516398
32	0.00032	0	0	7500	2e+11 0.516398
33	0.00033	0	0	7500	2e+11 0.516398
34	0.00034	0	0	7500	2e+11 0.516398
35	0.00035	0	0	7500	2e+11 0.516398
36	0.00036	0	0	7500	2e+11 0.516398
37	0.00037	0	0	7500	2e+11 0.516398
38	0.00038	0	0	7500	2e+11 0.516398
39	0.00039	0	0	7500	2e+11 0.516398
40	0.0004	0	0	7500	2e+11 0.516398
41	0.00041	0	0	7500	2e+11 0.516398
42	0.00042	0	0	7500	2e+11 0.516398
43	0.00043	0	0	7500	2e+11 0.516398
44	0.00044	0	0	7500	2e+11 0.516398
45	0.00045	0	0	7500	2e+11 0.516398
46	0.00046	0	0	7500	2e+11 0.516398
47	0.00047	0	0	7500	2e+11 0.516398
48	0.00048	0	0	7500	2e+11 0.516398
49	0.00049	0	0	7500	2e+11 0.5164
50	0.0005	0	0	7500	2e+11 0.5164
51	0.00051	0	0	7500	2e+11 0.516397
52	0.00052	0	0	7500	2e+11 0.5164
53	0.00053	0	0	7500	2e+11 0.5164
54	0.00054	0	0	7500	2e+11 0.516397
55	0.00055	0	0	7500	2e+11 0.5164
56	0.00056	0	0	7500	2e+11 0.5164
57	0.00057	0	0	7500	2e+11 0.516397
58	0.00058	0	0	7500	2e+11 0.516397
59	0.00059	0	0	7500	2e+11 0.5164
60	0.0006	0	0	7500	2e+11 0.5164
61	0.00061	0	0	7500	2e+11 0.516397
62	0.00062	0	0	7500	2e+11 0.5164
63	0.00063	0	0	7500	2e+11 0.5164
64	0.00064	0	0	7500	2e+11 0.516397
65	0.00065	0	0	7500	2e+11 0.5164
66	0.00066	0	0	7500	2e+11 0.5164
67	0.00067	0	0	7500	2e+11 0.516397
68	0.00068	0	0	7500	2e+11 0.5164
69	0.00069	0	0	7500	2e+11 0.5164
70	0.0007	0	0	7500	2e+11 0.516397
71	0.00071	0	0	7500	2e+11 0.516397
72	0.00072	0	0	7500	2e+11 0.5164
73	0.00073	0	0	7500	2e+11 0.5164
74	0.00074	0	0	7500	2e+11 0.516397
75	0.00075	0	0	7500	2e+11 0.5164
76	0.00076	0	0	7500	2e+11 0.5164
77	0.00077	0	0	7500	2e+11 0.516397
78	0.00078	0	0	7500	2e+11 0.5164
79	0.00079	0	0	7500	2e+11 0.5164
80	0.0008	0	0	7500	2e+11 0.516397
81	0.00081	0	0	7500	2e+11 0.5164
82	0.00082	0	0	7500	2e+11 0.5164
83	0.00083	0	0	7500	2e+11 0.516397
84	0.00084	0	0	7500	2e+11 0.5164
85	0.00085	0	0	7500	2e+11 0.5164
86	0.00086	0	0	7500	2e+11 0.516397
87	0.00087	0	0	7500	2e+11 0.5164
88	0.00088	0	0	7500	2e+11 0.5164
89	0.00089	0	0	7500	2e+11 0.516397
90	0.0009	0	0	7500	2e+11 0.516397
91	0.00091	0	0	7500	2e+11 0.5164
92	0.00092	0	0	7500	2e+11 0.5164
93	0.00093	0	0	7500	2e+11 0.516397
94	0.00094	0	0	7500	2e+11 0.5164
95	0.00095	0	0	7500	2e+11 0.5164
96	0.00096	0	0	7500	2e+11 0.516397
97	0.00097	0	0	7500	2e+11 0.516397
98	0.00098	0	0	7500	2e+11 0.5164
99	0.00099	0	0	7500	2e+11 0.5164
100	0.001	0	0	7500	2e+11 0.5164
101	0.00101	0	0	7500	2e+11 0.5164
102	0.00102	0	0	7500	2e+11 0.5164
103	0.00103	0	0	7500	2e+11 0.5164
104	0.00104	0	0	7500	2e+11 0.5164
105	0.00105	0	0	7500	2e+11 0.5164
106	0.00106	0	0	7500	2e+11 0.5164
107	0.00107	0	0	7500	2e+11 0.5164
108	0.00108	0	0	7500	2e+11 0.5164
109	0.00109	0	0	7500	2e+11 0.5164
110	0.0011	0	0	7500	2e+11 0.5164
111	0.00111	0	0	7500	2e+11 0.5164
112	0.00112	0	0	7500	2e+11 0.5164
113	0.00113	0	0	7500	2e+11 0.5164
114	0.00114	0	0	7500	2e+11 0.5164
115	0.00115	0	0	7500	2e+11 0.5164
116	0.00116	0	0	7500	2e+11 0.5164
117	0.00117	0	0	7500	2e+11 0.5164
118	0.00118	0	0	7500	2e+11 0.5164
119	0.00119	0	0	7500	2e+11 0.5164
120	0.0012	0	0	7500	2e+11 0.5164
121	0.00121	0	0	7500	2e+11 0.5164
122	0.00122	0	0	7500	2e+11 0.5164
123	0.00123	0	0	7500	2e+11 0.5164
124	0.00124	0	0	7500	2e+11 0.5164
125	0.00125	0	0	7500	2e+11 0.5164
126	0.00126	0	0	7500	2e+11 0.5164
127	0.00127	0	0	7500	2e+11 0.5164
128	0.00128	0	0	7500	2e+11 0.5164
129	0.00129	0	0	7500	2e+11 0.5164
130	0.0013	0	0	7500	2e+11 0.5164
131	0.00131	0	0	7500	2e+11 0.5164
132	0.00132	0	0	7500	2e+11 0.5164
133	0.00133	0	0	7500	2e+11 0.5164
134	0.00134	0	0	7500	2e+11 0.5164
135	0.00135	0	0	7500	2e+11 0.5164
136	0.00136	0	0	7500	2e+11 0.5164
137	0.00137	0	0	7500	2e+11 0.5164
138	0.00138	0	0	7500	2e+11 0.5164
139	0.00139	0	0	7500	2e+11 0.5164
140	0.0014	0	0	7500	2e+11 0.5164
141	0.00141	0	0	7500	2e+11 0.5164
142	0.00142	0	0	7500	2e+11 0.5164
143	0.00143	0	0	7500	2e+11 0.5164
144	0.00144	0	0	7500	2e+11 0.5164
145	0.00145	0	0	7500	2e+11 0.5164
146	0.00146	0	0	7500	2e+11 0.5164
147	0.00147	0	0	7500	2e+11 0.5164
148	0.00148	0	0	7500	2e+11 0.5164
149	0.00149	0	0	7500	2e+11 0.5164
150	0.0015	0	0	7500	2e+11 0.5164
151	0.00151	0	0	7500	2e+11 0.5164
152	0.00152	0	0	7500	2e+11 0.5164
153	0.00153	0	0	7500	2e+11 0.5164
154	0.00154	0	0	7500	2e+11 0.5164
155	0.00155	0	0	7500	2e+11 0.5164
156	0.00156	0	0	7500	2e+11 0.5164
157	0.00157	0	0	7500	2e+11 0.5164
158	0.00158	0	0	7500	2e+11 0.5164
159	0.00159	0	0	7500	2e+11 0.5164
160	0.0016	0	0	7500	2e+11 0.5164
161	0.00161	0	0	7500	2e+11 0.5164
162	0.00162	0	0	7500	2e+11 0.5164
163	0.00163	0	0	7500	2e+11 0.5164
164	0.00164	0	0	7500	2e+11 0.5164
165	0.00165	0	0	7500	2e+11 0.5164
166	0.00166	0	0	7500	2e+11 0.5164
167	0.00167	0	0	7500	2e+11 0.5164
168	0.00168	0	0	7500	2e+11 0.5164
169	0.00169	0	0	7500	2e+11 0.5164
170	0.0017	0	0	7500	2e+11 0.5164
171	0.00171	0	0	7500	2e+11 0.5164
172	0.00172	0	0	7500	2e+11 0.5164
173	0.00173	0	0	7500	2e+11 0.5164
174	0.00174	0	0	7500	2e+11 0.5164
175	0.00175	0	0	7500	2e+11 0.5164
176	0.00176	0	0	7500	2e+11 0.5164
177	0.00177	0	0	7500	2e+11 0.5164
178	0.00178	0	0	7500	2e+11 0.5164
179	0.00179	0	0	7500	2e+11 0.5164
180	0.0018	0	0	7500	2e+11 0.5164
181	0.00181	0	0	7500	2e+11 0.5164
182	0.00182	0	0	7500	2e+11 0.5164
183	0.00183	0	0	7500	2e+11 0.5164
184	0.00184	0	0	7500	2e+11 0.5164
185	0.00185	0	0	7500	2e+11 0.5164
186	0.00186	0	0	7500	2e+11 0.5164
187	0.00187	0	0	7500	2e+11 0.5164
188	0.00188	0	0	7500	2e+11 0.5164
189	0.00189	0	0	7500	2e+11 0.5164
190	0.0019	0	0	7500	2e+11 0.5164
191	0.00191	0	0	7500	2e+11 0.5164
192	0.00192	0	0	7500	2e+11 0.5164
193	0.00193	0	0	7500	2e+11 0.5164
194	0.00194	0	0	7500	2e+11 0.5164
195	0.00195	0	0	7500	2e+11 0.5164
196	0.00196	0	0	7500	2e+11 0.516406
197	0.00197	0	0	7500	2e+11 0.516406
198	0.00198	0	0	7500	2e+11 0.516394
199	0.00199	0	0	7500	2e+11 0.516406
200	0.002	0	0	7500	2e+11 0.516406
201	0.00201	0	0	7500	2e+11 0.516394
202	0.00202	0	0	7500	2e+11 0.516406
203	0.00203	0	0	7500	2e+11 0.516406
204	0.00204	0	0	7500	2e+11 0.516394
205	0.00205	0	0	7500	2e+11 0.516406
206	0.00206	0	0	7500	2e+11 0.516406
207	0.00207	0	0	7500	2e+11 0.516394
208	0.00208	0	0	7500	2e+11 0.516406
209	0.00209	0	0	7500	2e+11 0.516406
210	0.0021	0	0	7500	2e+11 0.516394
211	0.00211	0	0	7500	2e+11 0.516406
212	0.00212	0	0	7500	2e+11 0.516406
213	0.00213	0	0	7500	2e+11 0.516394
214	0.00214	0	0	7500	2e+11 0.516406
215	0.00215	0	0	7500	2e+11 0.516406
216	0.00216	0	0	7500	2e+11 0.516394
217	0.00217	0	0	7500	2e+11 0.516406
218	0.00218	0	0	7500	2e+11 0.516406
219	0.00219	0	0	7500	2e+11 0.516394
220	0.0022	0	0	7500	2e+11 0.516406
221	0.00221	0	0	7500	2e+11 0.516406
222	0.00222	0	0	7500	2e+11 0.516394
223	0.00223	0	0	7500	2e+11 0.516406
224	0.00224	0	0	7500	2e+11 0.516406
225	0.00225	0	0	7500	2e+11 0.516394
226	0.00226	0	0	7500	2e+11 0.516394
227	0.00227	0	0	7500	2e+11 0.516406
228	0.00228	0	0	7500	2e+11 0.516406
229	0.00229	0	0	7500	2e+11 0.516394
230	0.0023	0	0	7500	2e+11 0.516406
231	0.00231	0	0	7500	2e+11 0.516406
232	0.00232	0	0	7500	2e+11 0.516394
233	0.00233	0	0	7500	2e+11 0.516406
234	0.00234	0	0	7500	2e+11 0.516406
235	0.00235	0	0	7500	2e+11 0.516394
236	0.00236	0	0	7500	2e+11 0.516406
237	0.00237	0	0	7500	2e+11 0.516406
238	0.00238	0	0	7500	2e+11 0.516394
239	0.00239	0	0	7500	2e+11 0.516406
240	0.0024	0	0	7500	2e+11 0.516406
241	0.00241	0	0	7500	2e+11 0.516394
242	0.00242	0	0	7500	2e+11 0.516406
243	0.00243	0	0	7500	2e+11 0.516406
244	0.00244	0	0	7500	2e+11 0.516394
245	0.00245	0	0	7500	2e+11 0.516406
246	0.00246	0	0	7500	2e+11 0.516406
247	0.00247	0	0	7500	2e+11 0.516394
248	0.00248	0	0	7500	2e+11 0.516406
249	0.00249	0	0	7500	2e+11 0.516406
250	0.0025	0	0	7500	2e+11 0.516394
251	0.00251	0	0	7500	2e+11 0.516406
252	0.00252	0	0	7500	2e+11 0.516406
253	0.00253	0	0	7500	2e+11 0.516394
254	0.00254	0	0	7500	2e+11 0.516406
255	0.00255	0	0	7500	2e+11 0.516406
256	0.00256	0	0	7500	2e+11 0.516394
257	0.00257	0	0	7500	2e+11 0.516406
258	0.00258	0	0	7500	2e+11 0.516406
259	0.00259	0	0	7500	2e+11 0.516394
260	0.0026	0	0	7500	2e+11 0.516406
261	0.00261	0	0	7500	2e+11 0.516406
262	0.00262	0	0	7500	2e+11 0.516394
263	0.00263	0	0	7500	2e+11 0.516406
264	0.00264	0	0	7500	2e+11 0.516406
265	0.00265	0	0	7500	2e+11 0.516394
266	0.00266	0	0	7500	2e+11 0.516406
267	0.00267	0	0	7500	2e+11 0.516406
268	0.00268	0	0	7500	2e+11 0.516394
269	0.00269	0	0	7500	2e+11 0.516406
270	0.0027	0	0	7500	2e+11 0.516406
271	0.00271	0	0	7500	2e+11 0.516394
272	0.00272	0	0	7500	2e+11 0.516406
273	0.00273	0	0	7500	2e+11 0.516406
274	0.00274	0	0	7500	2e+11 0.516394
275	0.00275	0	0	7500	2e+11 0.516406
276	0.00276	0	0	7500	2e+11 0.516406
277	0.00277	0	0	7500	2e+11 0.516394
278	0.00278	0	0	7500	2e+11 0.516406
279	0.00279	0	0	7500	2e+11 0.516406
280	0.0028	0	0	7500	2e+11 0.516394
281	0.00281	0	0	7500	2e+11 0.516406
282	0.00282	0	0	7500	2e+11 0.516406
283	0.00283	0	0	7500	2e+11 0.516394
284	0.00284	0	0	7500	2e+11 0.516406
285	0.00285	0	0	7500	2e+11 0.516406
286	0.00286	0	0	7500	2e+11 0.516394
287	0.00287	0	0	7500	2e+11 0.516394
288	0.00288	0	0	7500	2e+11 0.516406
289	0.00289	0	0	7500	2e+11 0.516406
290	0.0029	0	0	7500	2e+11 0.516394
291	0.00291	0	0	7500	2e+11 0.516406
292	0.00292	0	0	7500	2e+11 0.516406
293	0.00293	0	0	7500	2e+11 0.516394
294	0.00294	0	0	7500	2e+11 0.516406
295	0.00295	0	0	7500	2e+11 0.516406
296	0.00296	0	0	7500	2e+11 0.516394
297	0.00297	0	0	7500	2e+11 0.516406
298	0.00298	0	0	7500	2e+11 0.516406
299	0.00299	0	0	7500	2e+11 0.516394
300	0.003	0	0	7500	2e+11 0.516406
301	0.00301	0	0	7500	2e+11 0.516406
302	0.00302	0	0	7500	2e+11 0.516394
303	0.00303	0	0	7500	2e+11 0.516406
304	0.00304	0	0	7500	2e+11 0.516406
305	0.00305	0	0	7500	2e+11 0.516394
306	0.00306	0	0	7500	2e+11 0.516406
307	0.00307	0	0	7500	2e+11 0.516406
308	0.00308	0	0	7500	2e+11 0.516394
309	0.00309	0	0	7500	2e+11 0.516406
310	0.0031	0	0	7500	2e+11 0.516406
311	0.00311	0	0	7500	2e+11 0.516394
312	0.00312	0	0	7500	2e+11 0.516406
313	0.00313	0	0	7500	2e+11 0.516406
314	0.00314	0	0	7500	2e+11 0.516394
315	0.00315	0	0	7500	2e+11 0.516406
316	0.00316	0	0	7500	2e+11 0.516406
317	0.00317	0	0	7500	2e+11 0.516394
318	0.00318	0	0	7500	2e+11 0.516406
319	0.00319	0	0	7500	2e+11 0.516406
320	0.0032	0	0	7500	2e+11 0.516394
321	0.00321	0	0	7500	2e+11 0.516406
322	0.00322	0	0	7500	2e+11 0.516406
323	0.00323	0	0	7500	2e+11 0.516394
324	0.00324	0	0	7500	2e+11 0.516406
325	0.00325	0	0	7500	2e+11 0.516406
326	0.00326	0	0	7500	2e+11 0.516394
327	0.00327	0	0	7500	2e+11 0.516406
328	0.00328	0	0	7500	2e+11 0.516406
329	0.00329	0	0	7500	2e+11 0.516394
330	0.0033	0	0	7500	2e+11 0.516406
331	0.00331	0	0	7500	2e+11 0.516406
332	0.00332	0	0	7500	2e+11 0.516394
333	0.00333	0	0	7500	2e+11 0.516406
334	0.00334	0	0	7500	2e+11 0.516406
335	0.00335	0	0	7500	2e+11 0.516394
336	0.00336	0	0	7500	2e+11 0.516406
337	0.00337	0	0	7500	2e+11 0.516406
338	0.00338	0	0	7500	2e+11 0.516394
339	0.00339	0	0	7500	2e+11 0.516406
340	0.0034	0	0	7500	2e+11 0.516406
341	0.00341	0	0	7500	2e+11 0.516394
342	0.00342	0	0	7500	2e+11 0.516406
343	0.00343	0	0	7500	2e+11 0.516406
344	0.00344	0	0	7500	2e+11 0.516394
345	0.00345	0	0	7500	2e+11 0.516406
346	0.00346	0	0	7500	2e+11 0.516406
347	0.00347	0	0	7500	2e+11 0.516394
348	0.00348	0	0	7500	2e+11 0.516406
349	0.00349	0	0	7500	2e+11 0.516406
350	0.0035	0	0	7500	2e+11 0.516394
351	0.00351	0	0	7500	2e+11 0.516406
352	0.00352	0	0	7500	2e+11 0.516406
353	0.00353	0	0	7500	2e+11 0.516394
354	0.00354	0	0	7500	2e+11 0.516394
355	0.00355	0	0	7500	2e+11 0.516406
356	0.00356	0	0	7500	2e+11 0.516406
357	0.00357	0	0	7500	2e+11 0.516394
358	0.00358	0	0	7500	2e+11 0.516406
359	0.00359	0	0	7500	2e+11 0.516406
360	0.0036	0	0	7500	2e+11 0.516394
361	0.00361	0	0	7500	2e+11 0.516406
362	0.00362	0	0	7500	2e+11 0.516406
363	0.00363	0	0	7500	2e+11 0.516394
364	0.00364	0	0	7500	2e+11 0.516406
365	0.00365	0	0	7500	2e+11 0.516406
366	0.00366	0	0	7500	2e+11 0.516394
367	0.00367	0	0	7500	2e+11 0.516406
368	0.00368	0	0	7500	2e+11 0.516406
369	0.00369	0	0	7500	2e+11 0.516394
370	0.0037	0	0	7500	2e+11 0.516406
371	0.00371	0	0	7500	2e+11 0.516406
372	0.00372	0	0	7500	2e+11 0.516394
373	0.00373	0	0	7500	2e+11 0.516406
374	0.00374	0	0	7500	2e+11 0.516406
375	0.00375	0	0	7500	2e+11 0.516394
376	0.00376	0	0	7500	2e+11 0.516406
377	0.00377	0	0	7500	2e+11 0.516406
378	0.00378	0	0	7500	2e+11 0.516394
379	0.00379	0	0	7500	2e+11 0.516406
380	0.0038	0	0	7500	2e+11 0.516406
381	0.00381	0	0	7500	2e+11 0.516394
382	0.00382	0	0	7500	2e+11 0.516406
383	0.00383	0	0	7500	2e+11 0.516406
384	0.00384	0	0	7500	2e+11 0.516394
385	0.00385	0	0	7500	2e+11 0.516406
386	0.00386	0	0	7500	2e+11 0.516406
387	0.00387	0	0	7500	2e+11 0.516394
388	0.00388	0	0	7500	2e+11 0.516406
389	0.00389	0	0	7500	2e+11 0.516406
390	0.0039	0	0	7500	2e+11 0.516394
391	0.00391	0	0	7500	2e+11 0.516394
392	0.00392	0	0	7500	2e+11 0.516394
393	0.00393	0	0	7500	2e+11 0.516418
394	0.00394	0	0	7500	2e+11 0.516418
395	0.00395	0	0	7500	2e+11 0.516394
396	0.00396	0	0	7500	2e+11 0.516394
397	0.00397	0	0	7500	2e+11 0.516394
398	0.00398	0	0	7500	2e+11 0.516394
399	0.00399	0	0	7500	2e+11 0.516418
400	0.004	0	0	7500	2e+11 0.516418
401	0.00401	0	0	7500	2e+11 0.516394
402	0.00402	0	0	7500	2e+11 0.516394
403	0.00403	0	0	7500	2e+11 0.516394
404	0.00404	0	0	7500	2e+11 0.516394
405	0.00405	0	0	7500	2e+11 0.516418
406	0.00406	0	0	7500	2e+11 0.516418
407	0.00407	0	0	7500	2e+11 0.516394
408	0.00408	0	0	7500	2e+11 0.516394
409	0.00409	0	0	7500	2e+11 0.516394
410	0.0041	0	0	7500	2e+11 0.516394
411	0.00411	0	0	7500	2e+11 0.516418
412	0.00412	0	0	7500	2e+11 0.516418
413	0.00413	0	0	7500	2e+11 0.516394
414	0.00414	0	0	7500	2e+11 0.516394
415	0.00415	0	0	7500	2e+11 0.516394
416	0.00416	0	0	7500	2e+11 0.516394
417	0.00417	0	0	7500	2e+11 0.516418
418	0.00418	0	0	7500	2e+11 0.516418
419	0.00419	0	0	7500	2e+11 0.516394
420	0.0042	0	0	7500	2e+11 0.516394
421	0.00421	0	0	7500	2e+11 0.516394
422	0.00422	0	0	7500	2e+11 0.516394
423	0.00423	0	0	7500	2e+11 0.516418
424	0.00424	0	0	7500	2e+11 0.516418
425	0.00425	0	0	7500	2e+11 0.516394
426	0.00426	0	0	7500	2e+11 0.516394
427	0.00427	0	0	7500	2e+11 0.516394
428	0.00428	0	0	7500	2e+11 0.516394
429	0.00429	0	0	7500	2e+11 0.516418
430	0.0043	0	0	7500	2e+11 0.516418
431	0.00431	0	0	7500	2e+11 0.516394
432	0.00432	0	0	7500	2e+11 0.516394
433	0.00433	0	0	7500	2e+11 0.516394
434	0.00434	0	0	7500	2e+11 0.516394
435	0.00435	0	0	7500	2e+11 0.516418
436	0.00436	0	0	7500	2e+11 0.516418
437	0.00437	0	0	7500	2e+11 0.516394
438	0.00438	0	0	7500	2e+11 0.516394
439	0.00439	0	0	7500	2e+11 0.516394
440	0.0044	0	0	7500	2e+11 0.516394
441	0.00441	0	0	7500	2e+11 0.516418
442	0.00442	0	0	7500	2e+11 0.516418
443	0.00443	0	0	7500	2e+11 0.516394
444	0.00444	0	0	7500	2e+11 0.516394
445	0.00445	0	0	7500	2e+11 0.516394
446	0.00446	0	0	7500	2e+11 0.516394
447	0.00447	0	0	7500	2e+11 0.516418
448	0.00448	0	0	7500	2e+11 0.516418
449	0.00449	0	0	7500	2e+11 0.516394
450	0.0045	0	0	7500	2e+11 0.516394
451	0.00451	0	0	7500	2e+11 0.516394
452	0.00452	0	0	7500	2e+11 0.516394
453	0.00453	0	0	7500	2e+11 0.516394
454	0.00454	0	0	7500	2e+11 0.516418
455	0.00455	0	0	7500	2e+11 0.516418
456	0.00456	0	0	7500	2e+11 0.516394
457	0.00457	0	0	7500	2e+11 0.516394
458	0.00458	0	0	7500	2e+11 0.516394
459	0.00459	0	0	7500	2e+11 0.516394
460	0.0046	0	0	7500	2e+11 0.516418
461	0.00461	0	0	7500	2e+11 0.516418
462	0.00462	0	0	7500	2e+11 0.516394
463	0.00463	0	0	7500	2e+11 0.516394
464	0.00464	0	0	7500	2e+11 0.516394
465	0.00465	0	0	7500	2e+11 0.516394
466	0.00466	0	0	7500	2e+11 0.516418
467	0.00467	0	0	7500	2e+11 0.516418
468	0.00468	0	0	7500	2e+11 0.516394
469	0.00469	0	0	7500	2e+11 0.516394
470	0.0047	0	0	7500	2e+11 0.516394
471	0.00471	0	0	7500	2e+11 0.516394
472	0.00472	0	0	7500	2e+11 0.516418
473	0.00473	0	0	7500	2e+11 0.516418
474	0.00474	0	0	7500	2e+11 0.516394
475	0.00475	0	0	7500	2e+11 0.516394
476	0.00476	0	0	7500	2e+11 0.516394
477	0.00477	0	0	7500	2e+11 0.516394
478	0.00478	0	0	7500	2e+11 0.516418
479	0.00479	0	0	7500	2e+11 0.516418
480	0.0048	0	0	7500	2e+11 0.516394
481	0.00481	0	0	7500	2e+11 0.516394
482	0.00482	0	0	7500	2e+11 0.516394
483	0.00483	0	0	7500	2e+11 0.516394
484	0.00484	0	0	7500	2e+11 0.516418
485	0.00485	0	0	7500	2e+11 0.516418
486	0.00486	0	0	7500	2e+11 0.516394
487	0.00487	0	0	7500	2e+11 0.516394
488	0.00488	0	0	7500	2e+11 0.516394
489	0.00489	0	0	7500	2e+11 0.516394
490	0.0049	0	0	7500	2e+11 0.516418
491	0.00491	0	0	7500	2e+11 0.516418
492	0.00492	0	0	7500	2e+11 0.516394
493	0.00493	0	0	7500	2e+11 0.516394
494	0.00494	0	0	7500	2e+11 0.516394
495	0.00495	0	0	7500	2e+11 0.516394
496	0.00496	0	0	7500	2e+11 0.516418
497	0.00497	0	0	7500	2e+11 0.516418
498	0.00498	0	0	7500	2e+11 0.516394
499	0.00499	0	0	7500	2e+11 0.516394
500	0.005	0	0	7500	2e+11 0.516394
501	0.00501	0	0	7500	2e+11 0.516394
502	0.00502	0	0	7500	2e+11 0.516418
503	0.00503	0	0	7500	2e+11 0.516418
504	0.00504	0	0	7500	2e+11 0.516394
505	0.00505	0	0	7500	2e+11 0.516394
506	0.00506	0	0	7500	2e+11 0.516394
507	0.00507	0	0	7500	2e+11 0.516394
508	0.00508	0	0	7500	2e+11 0.516418
509	0.00509	0	0	7500	2e+11 0.516418
510	0.0051	0	0	7500	2e+11 0.516394
511	0.00511	0	0	7500	2e+11 0.516394
512	0.00512	0	0	7500	2e+11 0.516394
513	0.00513	0	0	7500	2e+11 0.516394
514	0.00514	0	0	7500	2e+11 0.516394
515	0.00515	0	0	7500	2e+11 0.516418
516	0.00516	0	0	7500	2e+11 0.516418
517	0.00517	0	0	7500	2e+11 0.516394
518	0.00518	0	0	7500	2e+11 0.516394
519	0.00519	0	0	7500	2e+11 0.516394
520	0.0052	0	0	7500	2e+11 0.516394
521	0.00521	0	0	7500	2e+11 0.516418
522	0.00522	0	0	7500	2e+11 0.516418
523	0.00523	0	0	7500	2e+11 0.516394
524	0.00524	0	0	7500	2e+11 0.516394
525	0.00525	0	0	7500	2e+11 0.516394
526	0.00526	0	0	7500	2e+11 0.516394
527	0.00527	0	0	7500	2e+11 0.516418
528	0.00528	0	0	7500	2e+11 0.516418
529	0.00529	0	0	7500	2e+11 0.516394
530	0.0053	0	0	7500	2e+11 0.516394
531	0.00531	0	0	7500	2e+11 0.516394
532	0.00532	0	0	7500	2e+11 0.516394
533	0.00533	0	0	7500	2e+11 0.516418
534	0.00534	0	0	7500	2e+11 0.516418
535	0.00535	0	0	7500	2e+11 0.516394
536	0.00536	0	0	7500	2e+11 0.516394
537	0.00537	0	0	7500	2e+11 0.516394
538	0.00538	0	0	7500	2e+11 0.516394
539	0.00539	0	0	7500	2e+11 0.516418
540	0.0054	0	0	7500	2e+11 0.516418
541	0.00541	0	0	7500	2e+11 0.516394
542	0.00542	1.71843e-30	3.32772e-34	7500	2e+11 0.516394
543	0.00543	1.82362e-28	3.53142e-32	7500	2e+11 0.516394
544	0.00544	9.49141e-27	1.838e-30	7500	2e+11 0.516394
545	0.00545	3.23109e-25	6.25698e-29	7500	2e+11 0.516418
546	0.00546	8.03215e-24	1.55542e-27	7500	2e+11 0.516418
547	0.00547	1.51174e-22	2.92748e-26	7500	2e+11 0.516394
548	0.00548	2.19232e-21	4.24541e-25	7500	2e+11 0.516394
549	0.00549	2.51287e-20	4.86616e-24	7500	2e+11 0.516394
550	0.0055	2.16149e-19	4.18571e-23	7500	2e+11 0.516394
551	0.00551	1.35214e-18	2.61841e-22	7500	2e+11 0.516418
552	0.00552	6.44943e-18	1.24893e-21	7500	2e+11 0.516418
553	0.00553	2.02168e-17	3.91496e-21	7500	2e+11 0.516394
554	0.00554	8.3209e-17	1.61134e-20	7500	2e+11 0.516394
555	0.00555	2.4666e-16	4.77656e-20	7500	2e+11 0.516394
556	0.00556	9.66063e-16	1.87077e-19	7500	2e+11 0.516394
557	0.00557	3.1172e-15	6.03642e-19	7500	2e+11 0.516418
558	0.00558	8.0451e-15	1.55793e-18	7500	2e+11 0.516418
559	0.00559	2.62677e-14	5.08672e-18	7500	2e+11 0.516394
560	0.0056	1.00957e-13	1.95502e-17	7500	2e+11 0.516394
561	0.00561	2.71474e-13	5.25707e-17	7500	2e+11 0.516394
562	0.00562	8.0842e-13	1.5655e-16	7500	2e+11 0.516394
563	0.00563	2.34678e-12	4.54451e-16	7500	2e+11 0.516418
564	0.00564	7.15447e-12	1.38546e-15	7500	2e+11 0.516418
565	0.00565	1.53061e-11	2.96402e-15	7500	2e+11 0.516394
566	0.00566	4.44197e-11	8.60185e-15	7500	2e+11 0.516394
567	0.00567	1.30869e-10	2.53426e-14	7500	2e+11 0.516394
568	0.00568	4.11843e-10	7.9753e-14	7500	2e+11 0.516394
569	0.00569	1.17748e-09	2.28018e-13	7500	2e+11 0.516418
570	0.0057	2.90879e-09	5.63286e-13	7500	2e+11 0.516418
571	0.00571	8.34603e-09	1.6162e-12	7500	2e+11 0.516394
572	0.00572	2.51465e-08	4.86959e-12	7500	2e+11 0.516394
573	0.00573	8.01161e-08	1.55144e-11	7500	2e+11 0.516394
574	0.00574	2.36258e-07	4.57512e-11	7500	2e+11 0.516394
575	0.00575	6.1864e-07	1.19799e-10	7500	2e+11 0.516394
576	0.00576	1.75303e-06	3.39473e-10	7500	2e+11 0.516418
577	0.00577	5.6889e-06	1.10165e-09	7500	2e+11 0.516418
578	0.00578	1.66097e-05	3.21646e-09	7500	2e+11 0.516394
579	0.00579	4.65142e-05	9.00744e-09	7500	2e+11 0.516394
580	0.0058	0.000105574	2.04443e-08	7500	2e+11 0.516394
581	0.00581	0.000410319	7.94578e-08	7500	2e+11 0.516394
582	0.00582	0.00111099	2.15142e-07	7500	2e+11 0.516418
583	0.00583	0.0026232	5.0798e-07	7500	2e+11 0.516418
584	0.00584	0.0109583	2.12207e-06	7500	2e+11 0.516394
585	0.00585	0.0283909	5.49788e-06	7500	2e+11 0.516394
586	0.00586	0.0875176	1.69477e-05	7500	2e+11 0.516394
587	0.00587	0.250549	4.85186e-05	7500	2e+11 0.516394
588	0.00588	0.643632	0.000124639	7500	2e+11 0.51637
589	0.00589	1.88346	0.000364731	7500	2e+11 0.516322
590	0.00590001	5.35462	0.00103692	7500	2e+11 0.516153
591	0.00591002	11.1194	0.00215326	7500	2e+11 0.515769
592	0.00592004	18.1712	0.00351885	7500	2e+11 0.515146
593	0.00593008	25.448	0.00492799	7500	2e+11 0.51443
594	0.00594013	32.1719	0.00623007	7500	2e+11 0.513715
595	0.0059502	37.7735	0.0073148	7500	2e+11 0.513192
596	0.00596027	42.0534	0.0081436	7500	2e+11 0.512551
597	0.00597035	45.1271	0.00873883	7500	2e+11 0.512149
598	0.00598044	47.1813	0.00913662	7500	2e+11 0.511912
599	0.00599053	48.4555	0.00938336	7500	2e+11 0.511723
600	0.00600063	49.1946	0.0095265	7500	2e+11 0.511582
601	0.00601072	49.5993	0.00960487	7500	2e+11 0.511558
602	0.00602082	49.8114	0.00964594	7500	2e+11 0.511535
603	0.00603091	49.9171	0.00966641	7500	2e+11 0.511558
604	0.00604101	49.9661	0.0096759	7500	2e+11 0.511558
605	0.00605111	49.9877	0.00968008	7500	2e+11 0.511487
606	0.0060612	49.9968	0.00968184	7500	2e+11 0.511511
607	0.0060713	50.0005	0.00968255	7500	2e+11 0.511535
608	0.00608139	50.0018	0.00968281	7500	2e+11 0.511535
609	0.00609149	50.0023	0.00968291	7500	2e+11 0.511558
610	0.00610158	50.0025	0.00968294	7500	2e+11 0.511558
611	0.00611168	50.0026	0.00968295	7500	2e+11 0.511487
612	0.00612178	50.0026	0.00968296	7500	2e+11 0.511487
613	0.00613187	50.0026	0.00968296	7500	2e+11 0.511535
614	0.00614197	50.0026	0.00968296	7500	2e+11 0.511535
615	0.00615206	50.0026	0.00968296	7500	2e+11 0.511511
616	0.00616216	50.0026	0.00968296	7500	2e+11 0.511511
617	0.00617226	50.0026	0.00968296	7500	2e+11 0.511511
618	0.00618235	50.0026	0.00968296	7500	2e+11 0.511535
619	0.00619245	50.0026	0.00968296	7500	2e+11 0.511535
620	0.00620254	50.0026	0.00968296	7500	2e+11 0.511511
621	0.00621264	50.0026	0.00968296	7500	2e+11 0.511487
622	0.00622274	50.0026	0.00968296	7500	2e+11 0.511558
623	0.00623283	50.0026	0.00968296	7500	2e+11 0.511558
624	0.00624293	50.0026	0.00968296	7500	2e+11 0.511511
625	0.00625302	50.0026	0.00968296	7500	2e+11 0.511558
626	0.00626312	50.0026	0.00968296	7500	2e+11 0.511558
627	0.00627321	50.0026	0.00968296	7500	2e+11 0.511535
628	0.00628331	50.0026	0.00968296	7500	2e+11 0.511511
629	0.0062934	50.0026	0.00968296	7500	2e+11 0.511511
630	0.0063035	50.0026	0.00968296	7500	2e+11 0.511558
631	0.00631359	50.0026	0.00968296	7500	2e+11 0.511558
632	0.00632369	50.0026	0.00968296	7500	2e+11 0.511605
633	0.00633378	50.0026	0.00968296	7500	2e+11 0.511605
634	0.00634388	50.0026	0.00968296	7500	2e+11 0.511558
635	0.00635397	50.0026	0.00968296	7500	2e+11 0.511558
636	0.00636407	50.0026	0.00968296	7500	2e+11 0.511558
637	0.00637416	50.0026	0.00968296	7500	2e+11 0.511605
638	0.00638426	50.0026	0.00968296	7500	2e+11 0.511605
639	0.00639435	50.0026	0.00968296	7500	2e+11 0.511605
640	0.00640445	50.0026	0.00968296	7500	2e+11 0.511605
641	0.00641454	50.0026	0.00968296	7500	2e+11 0.511605
642	0.00642464	50.0026	0.00968296	7500	2e+11 0.511747
643	0.00643473	50.0026	0.00968296	7500	2e+11 0.511747
644	0.00644482	50.0026	0.00968296	7500	2e+11 0.511747
645	0.00645491	50.0026	0.00968296	7500	2e+11 0.511747
646	0.006465	50.0026	0.00968296	7500	2e+11 0.511794
647	0.00647509	50.0026	0.00968296	7500	2e+11 0.511794
648	0.00648518	50.0026	0.00968296	7500	2e+11 0.511912
649	0.00649527	50.0026	0.00968296	7500	2e+11 0.512172
650	0.00650535	50.0026	0.00968296	7500	2e+11 0.512172
651	0.00651551	50.0026	0.00968296	7500	2e+11 0.512054
652	0.0065256	50.0026	0.00968296	7500	2e+11 0.512054
653	0.00653568	50.0026	0.00968296	7500	2e+11 0.511889
654	0.00654578	50.0026	0.00968296	7500	2e+11 0.511747
655	0.00655587	50.0026	0.00968296	7500	2e+11 0.511747
656	0.00656596	50.0026	0.00968296	7500	2e+11 0.5117
657	0.00657605	50.0026	0.00968296	7500	2e+11 0.511653
658	0.00658615	50.0026	0.00968296	7500	2e+11 0.511653
659	0.00659624	50.0026	0.00968296	7500	2e+11 0.511653
660	0.00660633	50.0026	0.00968296	7500	2e+11 0.511558
661	0.00661643	50.0026	0.00968296	7500	2e+11 0.511605
662	0.00662652	50.0026	0.00968296	7500	2e+11 0.511605
663	0.00663662	50.0026	0.00968296	7500	2e+11 0.511487
664	0.00664671	50.0026	0.00968296	7500	2e+11 0.511487
665	0.00665681	50.0026	0.00968296	7500	2e+11 0.511487
666	0.00666691	50.0026	0.00968296	7500	2e+11 0.511487
667	0.006677	50.0026	0.00968296	7500	2e+11 0.511558
668	0.0066871	50.0026	0.00968296	7500	2e+11 0.511558
669	0.00669719	50.0026	0.00968296	7500	2e+11 0.511487
670	0.00670729	50.0026	0.00968296	7500	2e+11 0.511535
671	0.00671739	50.0026	0.00968296	7500	2e+11 0.511535
672	0.00672748	50.0026	0.00968296	7500	2e+11 0.51144
673	0.00673758	50.0026	0.00968296	7500	2e+11 0.511582
674	0.00674767	50.0026	0.00968296	7500	2e+11 0.511582
675	0.00675777	50.0026	0.00968296	7500	2e+11 0.51144
676	0.00676787	50.0026	0.00968296	7500	2e+11 0.511417
677	0.00677797	50.0026	0.00968296	7500	2e+11 0.511464
678	0.00678806	50.0026	0.00968295	7500	2e+11 0.511487
679	0.00679816	50.0025	0.00968295	7500	2e+11 0.511487
680	0.00680825	50.0024	0.00968292	7500	2e+11 0.511511
681	0.00681835	50.0022	0.00968288	7500	2e+11 0.511511
682	0.00682845	50.0014	0.00968272	7500	2e+11 0.51144
683	0.00683854	49.9986	0.00968219	7500	2e+11 0.51144
684	0.00684864	49.9915	0.00968081	7500	2e+11 0.51144
685	0.00685874	49.9694	0.00967654	7500	2e+11 0.511487
686	0.00686884	49.9244	0.00966782	7500	2e+11 0.511487
687	0.00687893	49.7354	0.00963122	7500	2e+11 0.511511
688	0.00688903	49.2716	0.0095414	7500	2e+11 0.511511
689	0.00689912	47.9351	0.0092826	7500	2e+11 0.511771
690	0.00690921	43.601	0.0084433	7500	2e+11 0.512125
691	0.0069193	36.8225	0.00713062	7500	2e+11 0.51293
692	0.00692937	28.9241	0.00560104	7500	2e+11 0.513619
693	0.00693942	21.1745	0.00410014	7500	2e+11 0.514477
694	0.00694946	14.4831	0.00280383	7500	2e+11 0.515146
695	0.00695948	9.31797	0.00180222	7500	2e+11 0.51553
696	0.0069695	5.6648	0.00109134	7500	2e+11 0.515889
697	0.00697951	3.2734	0.000619983	7500	2e+11 0.516129
698	0.00698951	1.8414	0.000323956	7500	2e+11 0.516129
699	0.00699952	1.09201	0.000138726	7500	2e+11 0.516442
700	0.00700952	0.840484	8.0901e-06	7500	2e+11 0.516442
701	0.00701952	1.0099	-0.000116642	7500	2e+11 0.51649
702	0.00702952	1.62725	-0.000280132	7500	2e+11 0.51661
703	0.00703951	2.81606	-0.000530569	7500	2e+11 0.516875
704	0.0070495	4.80124	-0.00092381	7500	2e+11 0.517164
705	0.00705949	7.81069	-0.00151027	7500	2e+11 0.517502
706	0.00706947	12.0397	-0.00233066	7500	2e+11 0.518058
707	0.00707943	17.534	-0.00339516	7500	2e+11 0.518688
708	0.00708939	24.1499	-0.00467652	7500	2e+11 0.519296
709	0.00709933	31.413	-0.00608308	7500	2e+11 0.520221
710	0.00710926	38.4935	-0.00745422	7500	2e+11 0.520685
711	0.00711918	44.3777	-0.00859371	7500	2e+11 0.52115
712	0.00712909	48.125	-0.00931936	7500	2e+11 0.521224
713	0.00713899	49.3493	-0.00955645	7500	2e+11 0.52142
714	0.0071489	49.8215	-0.00964789	7500	2e+11 0.52142
715	0.0071588	49.9314	-0.00966917	7500	2e+11 0.521395
716	0.00716871	49.9714	-0.00967691	7500	2e+11 0.521444
717	0.00717861	49.9889	-0.0096803	7500	2e+11 0.521444
718	0.00718851	49.9943	-0.00968136	7500	2e+11 0.521395
719	0.00719842	49.9961	-0.00968171	7500	2e+11 0.521444
720	0.00720832	49.9971	-0.00968189	7500	2e+11 0.521444
721	0.00721823	49.9973	-0.00968193	7500	2e+11 0.521444
722	0.00722813	49.9974	-0.00968195	7500	2e+11 0.521444
723	0.00723804	49.9974	-0.00968196	7500	2e+11 0.521395
724	0.00724794	49.9974	-0.00968196	7500	2e+11 0.521346
725	0.00725785	49.9974	-0.00968196	7500	2e+11 0.521469
726	0.00726775	49.9974	-0.00968196	7500	2e+11 0.521469
727	0.00727765	49.9974	-0.00968196	7500	2e+11 0.52142
728	0.00728756	49.9974	-0.00968196	7500	2e+11 0.52142
729	0.00729746	49.9974	-0.00968196	7500	2e+11 0.521395
730	0.00730737	49.9974	-0.00968196	7500	2e+11 0.521395
731	0.00731727	49.9974	-0.00968196	7500	2e+11 0.521444
732	0.00732718	49.9974	-0.00968196	7500	2e+11 0.521444
733	0.00733708	49.9974	-0.00968196	7500	2e+11 0.521297
734	0.00734699	49.9974	-0.00968196	7500	2e+11 0.521371
735	0.00735689	49.9974	-0.00968196	7500	2e+11 0.521371
736	0.0073668	49.9974	-0.00968196	7500	2e+11 0.52142
737	0.0073767	49.9974	-0.00968196	7500	2e+11 0.52142
738	0.00738661	49.9974	-0.00968196	7500	2e+11 0.521395
739	0.00739651	49.9974	-0.00968196	7500	2e+11 0.521395
740	0.00740642	49.9974	-0.00968196	7500	2e+11 0.521273
741	0.00741633	49.9974	-0.00968196	7500	2e+11 0.521322
742	0.00742623	49.9974	-0.00968196	7500	2e+11 0.521322
743	0.00743614	49.9974	-0.00968196	7500	2e+11 0.521273
744	0.00744605	49.9974	-0.00968196	7500	2e+11 0.521224
745	0.00745595	49.9974	-0.00968196	7500	2e+11 0.521224
746	0.00746586	49.9974	-0.00968196	7500	2e+11 0.52115
747	0.00747577	49.9974	-0.00968196	7500	2e+11 0.52115
748	0.00748568	49.9974	-0.00968196	7500	2e+11 0.521003
749	0.00749559	49.9974	-0.00968196	7500	2e+11 0.521003
750	0.00750551	49.9974	-0.00968196	7500	2e+11 0.524527
751	0.00751536	49.9974	-0.00968196	7500	2e+11 0.524527
752	0.00752527	49.9974	-0.00968196	7500	2e+11 0.520905
753	0.00753519	49.9974	-0.00968196	7500	2e+11 0.521175
754	0.00754509	49.9974	-0.00968196	7500	2e+11 0.521175
755	0.007555	49.9974	-0.00968196	7500	2e+11 0.521028
756	0.00756492	49.9974	-0.00968196	7500	2e+11 0.521199
757	0.00757482	49.9974	-0.00968196	7500	2e+11 0.521224
758	0.00758473	49.9974	-0.00968196	7500	2e+11 0.521224
759	0.00759464	49.9974	-0.00968196	7500	2e+11 0.521199
760	0.00760455	49.9974	-0.00968196	7500	2e+11 0.521224
761	0.00761446	49.9974	-0.00968196	7500	2e+11 0.521224
762	0.00762436	49.9974	-0.00968196	7500	2e+11 0.521395
763	0.00763427	49.9974	-0.00968196	7500	2e+11 0.521395
764	0.00764418	49.9974	-0.00968196	7500	2e+11 0.52142
765	0.00765408	49.9974	-0.00968196	7500	2e+11 0.52142
766	0.00766399	49.9974	-0.00968196	7500	2e+11 0.521297
767	0.00767389	49.9974	-0.00968196	7500	2e+11 0.521297
768	0.0076838	49.9974	-0.00968196	7500	2e+11 0.521322
769	0.0076937	49.9974	-0.00968196	7500	2e+11 0.521322
770	0.00770361	49.9974	-0.00968196	7500	2e+11 0.521371
771	0.00771352	49.9974	-0.00968196	7500	2e+11 0.521371
772	0.00772342	49.9974	-0.00968196	7500	2e+11 0.521297
773	0.00773333	49.9974	-0.00968196	7500	2e+11 0.521395
774	0.00774323	49.9974	-0.00968196	7500	2e+11 0.521395
775	0.00775314	49.9974	-0.00968196	7500	2e+11 0.521346
776	0.00776304	49.9974	-0.00968196	7500	2e+11 0.521346
777	0.00777295	49.9974	-0.00968196	7500	2e+11 0.521322
778	0.00778285	49.9974	-0.00968196	7500	2e+11 0.521371
779	0.00779276	49.9974	-0.00968196	7500	2e+11 0.521371
780	0.00780266	49.9974	-0.00968196	7500	2e+11 0.521346
781	0.00781257	49.9974	-0.00968196	7500	2e+11 0.521273
782	0.00782249	49.9974	-0.00968196	7500	2e+11 0.521469
783	0.00783239	49.9974	-0.00968196	7500	2e+11 0.521469
784	0.0078423	49.9974	-0.00968196	7500	2e+11 0.521518
785	0.0078522	49.9974	-0.00968196	7500	2e+11 0.521518
786	0.00786211	49.9974	-0.00968196	7500	2e+11 0.52142
787	0.00787201	49.9974	-0.00968196	7500	2e+11 0.52142
788	0.00788192	49.9974	-0.00968196	7500	2e+11 0.521518
789	0.00789182	49.9974	-0.00968196	7500	2e+11 0.521518
790	0.00790173	49.9974	-0.00968196	7500	2e+11 0.521518
791	0.00791163	49.9974	-0.00968195	7500	2e+11 0.521518
792	0.00792153	49.9973	-0.00968194	7500	2e+11 0.521469
793	0.00793143	49.9972	-0.00968191	7500	2e+11 0.521469
794	0.00794134	49.9967	-0.00968181	7500	2e+11 0.521567
795	0.00795124	49.9953	-0.00968155	7500	2e+11 0.521567
796	0.00796115	49.9917	-0.00968084	7500	2e+11 0.521371
797	0.00797105	49.9825	-0.00967907	7500	2e+11 0.521469
798	0.00798096	49.9605	-0.00967481	7500	2e+11 0.521469
799	0.00799086	49.9094	-0.00966491	7500	2e+11 0.52142
800	0.00800076	49.7985	-0.00964344	7500	2e+11 0.521371
801	0.00801067	49.5742	-0.00960001	7500	2e+11 0.521469
802	0.00802057	49.1357	-0.00951509	7500	2e+11 0.521469
803	0.00803049	48.3155	-0.00935625	7500	2e+11 0.521126
804	0.0080404	46.8672	-0.00907579	7500	2e+11 0.521126
805	0.00805031	44.5132	-0.00861994	7500	2e+11 0.52093
806	0.00806023	40.9646	-0.00793275	7500	2e+11 0.520588
807	0.00807016	35.92	-0.00695588	7500	2e+11 0.520099
808	0.0080801	29.3476	-0.00568314	7500	2e+11 0.519417
809	0.00809005	21.7047	-0.0042031	7500	2e+11 0.518737
810	0.00810002	13.8979	-0.00269132	7500	2e+11 0.517913
811	0.00811001	7.07891	-0.00137083	7500	2e+11 0.517237
812	0.00812	2.47691	-0.000479652	7500	2e+11 0.516755
813	0.00813	0.896167	-0.000173542	7500	2e+11 0.516466
814	0.00814	0.32253	-6.24577e-05	7500	2e+11 0.516466
815	0.00815	0.104647	-2.02649e-05	7500	2e+11 0.516418
816	0.00816	0.04139	-8.01514e-06	7500	2e+11 0.516418
817	0.00817	0.0120068	-2.3251e-06	7500	2e+11 0.516418
818	0.00818	0.0039067	-7.5653e-07	7500	2e+11 0.516418
819	0.00819	0.00163744	-3.1709e-07	7500	2e+11 0.516418
820	0.0082	0.000470282	-9.10698e-08	7500	2e+11 0.516418
821	0.00821	0.000181656	-3.51775e-08	7500	2e+11 0.516418
822	0.00822	6.71474e-05	-1.3003e-08	7500	2e+11 0.516418
823	0.00823	2.08399e-05	-4.03562e-09	7500	2e+11 0.516418
824	0.00824	8.67283e-06	-1.67949e-09	7500	2e+11 0.516418
825	0.00825	3.2418e-06	-6.27773e-10	7500	2e+11 0.516418
826	0.00826	1.06928e-06	-2.07065e-10	7500	2e+11 0.516418
827	0.00827	4.33348e-07	-8.39174e-11	7500	2e+11 0.516418
828	0.00828	1.36855e-07	-2.65018e-11	7500	2e+11 0.516418
829	0.00829	4.97886e-08	-9.64153e-12	7500	2e+11 0.516418
830	0.0083	1.7761e-08	-3.43941e-12	7500	2e+11 0.516418
831	0.00831	5.89964e-09	-1.14246e-12	7500	2e+11 0.516418
832	0.00832	2.09371e-09	-4.05445e-13	7500	2e+11 0.516418
833	0.00833	7.76972e-10	-1.5046e-13	7500	2e+11 0.516418
834	0.00834	2.50202e-10	-4.84514e-14	7500	2e+11 0.516418
835	0.00835	8.32813e-11	-1.61273e-14	7500	2e+11 0.516418
836	0.00836	2.90524e-11	-5.62598e-15	7500	2e+11 0.516418
837	0.00837	8.41111e-12	-1.6288e-15	7500	2e+11 0.516418
838	0.00838	3.42682e-12	-6.636e-16	7500	2e+11 0.516418
839	0.00839	1.13132e-12	-2.1908e-16	7500	2e+11 0.516418
840	0.0084	2.99137e-13	-5.79276e-17	7500	2e+11 0.516418
841	0.00841	9.48179e-14	-1.83614e-17	7500	2e+11 0.516418
842	0.00842	2.74859e-14	-5.32262e-18	7500	2e+11 0.516418
843	0.00843	1.07965e-14	-2.09074e-18	7500	2e+11 0.516418
844	0.00844	2.72605e-15	-5.27898e-19	7500	2e+11 0.516418
845	0.00845	1.08769e-15	-2.10631e-19	7500	2e+11 0.516418
846	0.00846	2.48538e-16	-4.81291e-20	7500	2e+11 0.516418
847	0.00847	8.69921e-17	-1.68459e-20	7500	2e+11 0.516418
848	0.00848	1.65028e-17	-3.19575e-21	7500	2e+11 0.516418
849	0.00849	5.27934e-18	-1.02234e-21	7500	2e+11 0.516418
850	0.0085	1.30834e-18	-2.53359e-22	7500	2e+11 0.516418
851	0.00851	1.94914e-19	-3.77449e-23	7500	2e+11 0.516418
852	0.00852	2.28293e-20	-4.42088e-24	7500	2e+11 0.516418
853	0.00853	2.00054e-21	-3.87403e-25	7500	2e+11 0.516418
854	0.00854	1.38427e-22	-2.68062e-26	7500	2e+11 0.516418
855	0.00855	7.58493e-24	-1.46882e-27	7500	2e+11 0.516418
856	0.00856	3.19696e-25	-6.19088e-29	7500	2e+11 0.516418
857	0.00857	9.83408e-27	-1.90436e-30	7500	2e+11 0.516418
858	0.00858	1.94879e-28	-3.77381e-32	7500	2e+11 0.516418
859	0.00859	1.83761e-30	-3.55851e-34	7500	2e+11 0.516418
860	0.0086	0	0	7500	2e+11 0.516418
861	0.00861	0	0	7500	2e+11 0.516418
862	0.00862	0	0	7500	2e+11 0.516418
863	0.00863	0	0	7500	2e+11 0.516418
864	0.00864	0	0	7500	2e+11 0.516418
865	0.00865	0	0	7500	2e+11 0.516418
866	0.00866	0	0	7500	2e+11 0.516418
867	0.00867	0	0	7500	2e+11 0.516418
868	0.00868	0	0	7500	2e+11 0.516418
869	0.00869	0	0	7500	2e+11 0.516418
870	0.0087	0	0	7500	2e+11 0.516418
871	0.00871	0	0	7500	2e+11 0.516418
872	0.00872	0	0	7500	2e+11 0.516418
873	0.00873	0	0	7500	2e+11 0.516418
874	0.00874	0	0	7500	2e+11 0.516418
875	0.00875	0	0	7500	2e+11 0.516418
876	0.00876	0	0	7500	2e+11 0.516418
877	0.00877	0	0	7500	2e+11 0.516418
878	0.00878	0	0	7500	2e+11 0.516418
879	0.00879	0	0	7500	2e+11 0.516418
880	0.0088	0	0	7500	2e+11 0.516418
881	0.00881	0	0	7500	2e+11 0.516418
882	0.00882	0	0	7500	2e+11 0.516418
883	0.00883	0	0	7500	2e+11 0.516418
884	0.00884	0	0	7500	2e+11 0.516418
885	0.00885	0	0	7500	2e+11 0.516418
886	0.00886	0	0	7500	2e+11 0.516418
887	0.00887	0	0	7500	2e+11 0.516418
888	0.00888	0	0	7500	2e+11 0.516418
889	0.00889	0	0	7500	2e+11 0.516418
890	0.0089	0	0	7500	2e+11 0.516418
891	0.00891	0	0	7500	2e+11 0.516418
892	0.00892	0	0	7500	2e+11 0.516418
893	0.00893	0	0	7500	2e+11 0.516418
894	0.00894	0	0	7500	2e+11 0.516418
895	0.00895	0	0	7500	2e+11 0.516418
896	0.00896	0	0	7500	2e+11 0.516418
897	0.00897	0	0	7500	2e+11 0.516418
898	0.00898	0	0	7500	2e+11 0.516418
899	0.00899	0	0	7500	2e+11 0.516418
900	0.009	0	0	7500	2e+11 0.516418
901	0.00901	0	0	7500	2e+11 0.516418
902	0.00902	0	0	7500	2e+11 0.516418
903	0.00903	0	0	7500	2e+11 0.516418
904	0.00904	0	0	7500	2e+11 0.516418
905	0.00905	0	0	7500	2e+11 0.516418
906	0.00906	0	0	7500	2e+11 0.516418
907	0.00907	0	0	7500	2e+11 0.516418
908	0.00908	0	0	7500	2e+11 0.516418
909	0.00909	0	0	7500	2e+11 0.516418
910	0.0091	0	0	7500	2e+11 0.516418
911	0.00911	0	0	7500	2e+11 0.516418
912	0.00912	0	0	7500	2e+11 0.516418
913	0.00913	0	0	7500	2e+11 0.516418
914	0.00914	0	0	7500	2e+11 0.516418
915	0.00915	0	0	7500	2e+11 0.516418
916	0.00916	0	0	7500	2e+11 0.516418
917	0.00917	0	0	7500	2e+11 0.516418
918	0.00918	0	0	7500	2e+11 0.516418
919	0.00919	0	0	7500	2e+11 0.516418
920	0.0092	0	0	7500	2e+11 0.516418
921	0.00921	0	0	7500	2e+11 0.516418
922	0.00922	0	0	7500	2e+11 0.516418
923	0.00923	0	0	7500	2e+11 0.516418
924	0.00924	0	0	7500	2e+11 0.516418
925	0.00925	0	0	7500	2e+11 0.516418
926	0.00926	0	0	7500	2e+11 0.516418
927	0.00927	0	0	7500	2e+11 0.516418
928	0.00928	0	0	7500	2e+11 0.516418
929	0.00929	0	0	7500	2e+11 0.516418
930	0.0093	0	0	7500	2e+11 0.516418
931	0.00931	0	0	7500	2e+11 0.516418
932	0.00932	0	0	7500	2e+11 0.516418
933	0.00933	0	0	7500	2e+11 0.516418
934	0.00934	0	0	7500	2e+11 0.516418
935	0.00935	0	0	7500	2e+11 0.516418
936	0.00936	0	0	7500	2e+11 0.516418
937	0.00937	0	0	7500	2e+11 0.516418
938	0.00938	0	0	7500	2e+11 0.516418
939	0.00939	0	0	7500	2e+11 0.516418
940	0.0094	0	0	7500	2e+11 0.516418
941	0.00941	0	0	7500	2e+11 0.516418
942	0.00942	0	0	7500	2e+11 0.516418
943	0.00943	0	0	7500	2e+11 0.516418
944	0.00944	0	0	7500	2e+11 0.516418
945	0.00945	0	0	7500	2e+11 0.516418
946	0.00946	0	0	7500	2e+11 0.516418
947	0.00947	0	0	7500	2e+11 0.516418
948	0.00948	0	0	7500	2e+11 0.516418
949	0.00949	0	0	7500	2e+11 0.516418
950	0.0095	0	0	7500	2e+11 0.516418
951	0.00951	0	0	7500	2e+11 0.516418
952	0.00952	0	0	7500	2e+11 0.516418
953	0.00953	0	0	7500	2e+11 0.516418
954	0.00954	0	0	7500	2e+11 0.516418
955	0.00955	0	0	7500	2e+11 0.516418
956	0.00956	0	0	7500	2e+11 0.516418
957	0.00957	0	0	7500	2e+11 0.516418
958	0.00958	0	0	7500	2e+11 0.516418
959	0.00959	0	0	7500	2e+11 0.516418
960	0.0096	0	0	7500	2e+11 0.516418
961	0.00961	0	0	7500	2e+11 0.516418
962	0.00962	0	0	7500	2e+11 0.516418
963	0.00963	0	0	7500	2e+11 0.516418
964	0.00964	0	0	7500	2e+11 0.516418
965	0.00965	0	0	7500	2e+11 0.516418
966	0.00966	0	0	7500	2e+11 0.516418
967	0.00967	0	0	7500	2e+11 0.516418
968	0.00968	0	0	7500	2e+11 0.516418
969	0.00969	0	0	7500	2e+11 0.516418
970	0.0097	0	0	7500	2e+11 0.516418
971	0.00971	0	0	7500	2e+11 0.516418
972	0.00972	0	0	7500	2e+11 0.516418
973	0.00973	0	0	7500	2e+11 0.516418
974	0.00974	0	0	7500	2e+11 0.516418
975	0.00975	0	0	7500	2e+11 0.516418
976	0.00976	0	0	7500	2e+11 0.516418
977	0.00977	0	0	7500	2e+11 0.516418
978	0.00978	0	0	7500	2e+11 0.516418
979	0.00979	0	0	7500	2e+11 0.516418
980	0.0098	0	0	7500	2e+11 0.516418
981	0.00981	0	0	7500	2e+11 0.516418
982	0.00982	0	0	7500	2e+11 0.516418
983	0.00983	0	0	7500	2e+11 0.516418
984	0.00984	0	0	7500	2e+11 0.516418
985	0.00985	0	0	7500	2e+11 0.516418
986	0.00986	0	0	7500	2e+11 0.516418
987	0.00987	0	0	7500	2e+11 0.516418
988	0.00988	0	0	7500	2e+11 0.516418
989	0.00989	0	0	7500	2e+11 0.516418
990	0.0099	0	0	7500	2e+11 0.516418
991	0.00991	0	0	7500	2e+11 0.516418
992	0.00992	0	0	7500	2e+11 0.516418
993	0.00993	0	0	7500	2e+11 0.516418
994	0.00994	0	0	7500	2e+11 0.516418
995	0.00995	0	0	7500	2e+11 0.516418
996	0.00996	0	0	7500	2e+11 0.516418
997	0.00997	0	0	7500	2e+11 0.516418
998	0.00998	0	0	7500	2e+11 0.516418
999	0.00999	0	0	7500	2e+11 0.516418
1000	0.01	0	-0	7500	2e+11 0.516418
