0	0	0	0	7500	2e+11 0.516398
1	1e-05	0	0	7500	2e+11 0.516398
2	2e-05	0	0	7500	2e+11 0.516398
3	3e-05	0	0	7500	2e+11 0.516398
4	4e-05	0	0	7500	2e+11 0.516398
5	5e-05	0	0	7500	2e+11 0.516398
6	6e-05	0	0	7500	2e+11 0.516398
7	7e-05	0	0	7500	2e+11 0.516398
8	8e-05	0	0	7500	2e+11 0.516398
9	9e-05	0	0	7500	2e+11 0.516398
10	0.0001	0	0	7500	2e+11 0.516398
11	0.00011	0	0	7500	2e+11 0.516398
12	0.00012	0	0	7500	2e+11 0.516398
13	0.00013	0	0	7500	2e+11 0.516398
14	0.00014	0	0	7500	2e+11 0.516398
15	0.00015	0	0	7500	2e+11 0.516398
16	0.00016	0	0	7500	2e+11 0.516398
17	0.00017	0	0	7500	2e+11 0.516398
18	0.00018	0	0	7500	2e+11 0.516398
19	0.00019	0	0	7500	2e+11 0.516398
20	0.0002	0	0	7500	2e+11 0.516398
21	0.00021	0	0	7500	2e+11 0.516398
22	0.00022	0	0	7500	2e+11 0.516398
23	0.00023	0	0	7500	2e+11 0.516398
24	0.00024	0	0	7500	2e+11 0.516398
25	0.00025	0	0	7500	2e+11 0.516398
26	0.00026	0	0	7500	2e+11 0.516398
27	0.00027	0	0	7500	2e+11 0.516398
28	0.00028	0	0	7500	2e+11 0.516398
29	0.00029	0	0	7500	2e+11 0.516398
30	0.0003	0	0	7500	2e+11 0.516398
31	0.00031	0	0	7500	2e+11 0.516398
32	0.00032	0	0	7500	2e+11 0.516398
33	0.00033	0	0	7500	2e+11 0.516398
34	0.00034	0	0	7500	2e+11 0.516398
35	0.00035	0	0	7500	2e+11 0.516398
36	0.00036	0	0	7500	2e+11 0.516398
37	0.00037	0	0	7500	2e+11 0.516398
38	0.00038	0	0	7500	2e+11 0.516398
39	0.00039	0	0	7500	2e+11 0.516398
40	0.0004	0	0	7500	2e+11 0.516398
41	0.00041	0	0	7500	2e+11 0.516398
42	0.00042	0	0	7500	2e+11 0.516398
43	0.00043	0	0	7500	2e+11 0.516398
44	0.00044	0	0	7500	2e+11 0.516398
45	0.00045	0	0	7500	2e+11 0.516398
46	0.00046	0	0	7500	2e+11 0.516398
47	0.00047	0	0	7500	2e+11 0.516398
48	0.00048	0	0	7500	2e+11 0.516398
49	0.00049	0	0	7500	2e+11 0.5164
50	0.0005	0	0	7500	2e+11 0.5164
51	0.00051	0	0	7500	2e+11 0.516397
52	0.00052	0	0	7500	2e+11 0.5164
53	0.00053	0	0	7500	2e+11 0.5164
54	0.00054	0	0	7500	2e+11 0.516397
55	0.00055	0	0	7500	2e+11 0.5164
56	0.00056	0	0	7500	2e+11 0.5164
57	0.00057	0	0	7500	2e+11 0.516397
58	0.00058	0	0	7500	2e+11 0.516397
59	0.00059	0	0	7500	2e+11 0.5164
60	0.0006	0	0	7500	2e+11 0.5164
61	0.00061	0	0	7500	2e+11 0.516397
62	0.00062	0	0	7500	2e+11 0.5164
63	0.00063	0	0	7500	2e+11 0.5164
64	0.00064	0	0	7500	2e+11 0.516397
65	0.00065	0	0	7500	2e+11 0.5164
66	0.00066	0	0	7500	2e+11 0.5164
67	0.00067	0	0	7500	2e+11 0.516397
68	0.00068	0	0	7500	2e+11 0.5164
69	0.00069	0	0	7500	2e+11 0.5164
70	0.0007	0	0	7500	2e+11 0.516397
71	0.00071	0	0	7500	2e+11 0.516397
72	0.00072	0	0	7500	2e+11 0.5164
73	0.00073	0	0	7500	2e+11 0.5164
74	0.00074	0	0	7500	2e+11 0.516397
75	0.00075	0	0	7500	2e+11 0.5164
76	0.00076	0	0	7500	2e+11 0.5164
77	0.00077	0	0	7500	2e+11 0.516397
78	0.00078	0	0	7500	2e+11 0.5164
79	0.00079	0	0	7500	2e+11 0.5164
80	0.0008	0	0	7500	2e+11 0.516397
81	0.00081	0	0	7500	2e+11 0.5164
82	0.00082	0	0	7500	2e+11 0.5164
83	0.00083	0	0	7500	2e+11 0.516397
84	0.00084	0	0	7500	2e+11 0.5164
85	0.00085	0	0	7500	2e+11 0.5164
86	0.00086	0	0	7500	2e+11 0.516397
87	0.00087	0	0	7500	2e+11 0.5164
88	0.00088	0	0	7500	2e+11 0.5164
89	0.00089	0	0	7500	2e+11 0.516397
90	0.0009	0	0	7500	2e+11 0.516397
91	0.00091	0	0	7500	2e+11 0.5164
92	0.00092	0	0	7500	2e+11 0.5164
93	0.00093	0	0	7500	2e+11 0.516397
94	0.00094	0	0	7500	2e+11 0.5164
95	0.00095	0	0	7500	2e+11 0.5164
96	0.00096	0	0	7500	2e+11 0.516397
97	0.00097	0	0	7500	2e+11 0.516397
98	0.00098	0	0	7500	2e+11 0.5164
99	0.00099	0	0	7500	2e+11 0.5164
100	0.001	0	0	7500	2e+11 0.5164
101	0.00101	0	0	7500	2e+11 0.5164
102	0.00102	0	0	7500	2e+11 0.5164
103	0.00103	0	0	7500	2e+11 0.5164
104	0.00104	0	0	7500	2e+11 0.5164
105	0.00105	0	0	7500	2e+11 0.5164
106	0.00106	0	0	7500	2e+11 0.5164
107	0.00107	0	0	7500	2e+11 0.5164
108	0.00108	0	0	7500	2e+11 0.5164
109	0.00109	0	0	7500	2e+11 0.5164
110	0.0011	0	0	7500	2e+11 0.5164
111	0.00111	0	0	7500	2e+11 0.5164
112	0.00112	0	0	7500	2e+11 0.5164
113	0.00113	0	0	7500	2e+11 0.5164
114	0.00114	0	0	7500	2e+11 0.5164
115	0.00115	0	0	7500	2e+11 0.5164
116	0.00116	0	0	7500	2e+11 0.5164
117	0.00117	0	0	7500	2e+11 0.5164
118	0.00118	0	0	7500	2e+11 0.5164
119	0.00119	0	0	7500	2e+11 0.5164
120	0.0012	0	0	7500	2e+11 0.5164
121	0.00121	0	0	7500	2e+11 0.5164
122	0.00122	0	0	7500	2e+11 0.5164
123	0.00123	0	0	7500	2e+11 0.5164
124	0.00124	0	0	7500	2e+11 0.5164
125	0.00125	0	0	7500	2e+11 0.5164
126	0.00126	0	0	7500	2e+11 0.5164
127	0.00127	0	0	7500	2e+11 0.5164
128	0.00128	0	0	7500	2e+11 0.5164
129	0.00129	0	0	7500	2e+11 0.5164
130	0.0013	0	0	7500	2e+11 0.5164
131	0.00131	0	0	7500	2e+11 0.5164
132	0.00132	0	0	7500	2e+11 0.5164
133	0.00133	0	0	7500	2e+11 0.5164
134	0.00134	0	0	7500	2e+11 0.5164
135	0.00135	0	0	7500	2e+11 0.5164
136	0.00136	0	0	7500	2e+11 0.5164
137	0.00137	0	0	7500	2e+11 0.5164
138	0.00138	0	0	7500	2e+11 0.5164
139	0.00139	0	0	7500	2e+11 0.5164
140	0.0014	0	0	7500	2e+11 0.5164
141	0.00141	0	0	7500	2e+11 0.5164
142	0.00142	0	0	7500	2e+11 0.5164
143	0.00143	0	0	7500	2e+11 0.5164
144	0.00144	0	0	7500	2e+11 0.5164
145	0.00145	0	0	7500	2e+11 0.5164
146	0.00146	0	0	7500	2e+11 0.5164
147	0.00147	0	0	7500	2e+11 0.5164
148	0.00148	0	0	7500	2e+11 0.5164
149	0.00149	0	0	7500	2e+11 0.5164
150	0.0015	0	0	7500	2e+11 0.5164
151	0.00151	0	0	7500	2e+11 0.5164
152	0.00152	0	0	7500	2e+11 0.5164
153	0.00153	0	0	7500	2e+11 0.5164
154	0.00154	0	0	7500	2e+11 0.5164
155	0.00155	0	0	7500	2e+11 0.5164
156	0.00156	0	0	7500	2e+11 0.5164
157	0.00157	0	0	7500	2e+11 0.5164
158	0.00158	0	0	7500	2e+11 0.5164
159	0.00159	0	0	7500	2e+11 0.5164
160	0.0016	0	0	7500	2e+11 0.5164
161	0.00161	0	0	7500	2e+11 0.5164
162	0.00162	0	0	7500	2e+11 0.5164
163	0.00163	0	0	7500	2e+11 0.5164
164	0.00164	0	0	7500	2e+11 0.5164
165	0.00165	0	0	7500	2e+11 0.5164
166	0.00166	0	0	7500	2e+11 0.5164
167	0.00167	0	0	7500	2e+11 0.5164
168	0.00168	0	0	7500	2e+11 0.5164
169	0.00169	0	0	7500	2e+11 0.5164
170	0.0017	0	0	7500	2e+11 0.5164
171	0.00171	0	0	7500	2e+11 0.5164
172	0.00172	0	0	7500	2e+11 0.5164
173	0.00173	0	0	7500	2e+11 0.5164
174	0.00174	0	0	7500	2e+11 0.5164
175	0.00175	0	0	7500	2e+11 0.5164
176	0.00176	0	0	7500	2e+11 0.5164
177	0.00177	0	0	7500	2e+11 0.5164
178	0.00178	0	0	7500	2e+11 0.5164
179	0.00179	0	0	7500	2e+11 0.5164
180	0.0018	0	0	7500	2e+11 0.5164
181	0.00181	0	0	7500	2e+11 0.5164
182	0.00182	0	0	7500	2e+11 0.5164
183	0.00183	0	0	7500	2e+11 0.5164
184	0.00184	0	0	7500	2e+11 0.5164
185	0.00185	0	0	7500	2e+11 0.5164
186	0.00186	0	0	7500	2e+11 0.5164
187	0.00187	0	0	7500	2e+11 0.5164
188	0.00188	0	0	7500	2e+11 0.5164
189	0.00189	0	0	7500	2e+11 0.5164
190	0.0019	0	0	7500	2e+11 0.5164
191	0.00191	0	0	7500	2e+11 0.5164
192	0.00192	0	0	7500	2e+11 0.5164
193	0.00193	0	0	7500	2e+11 0.5164
194	0.00194	0	0	7500	2e+11 0.5164
195	0.00195	0	0	7500	2e+11 0.5164
196	0.00196	0	0	7500	2e+11 0.516406
197	0.00197	0	0	7500	2e+11 0.516406
198	0.00198	0	0	7500	2e+11 0.516394
199	0.00199	0	0	7500	2e+11 0.516406
200	0.002	0	0	7500	2e+11 0.516406
201	0.00201	0	0	7500	2e+11 0.516394
202	0.00202	0	0	7500	2e+11 0.516406
203	0.00203	0	0	7500	2e+11 0.516406
204	0.00204	0	0	7500	2e+11 0.516394
205	0.00205	0	0	7500	2e+11 0.516406
206	0.00206	0	0	7500	2e+11 0.516406
207	0.00207	0	0	7500	2e+11 0.516394
208	0.00208	0	0	7500	2e+11 0.516406
209	0.00209	0	0	7500	2e+11 0.516406
210	0.0021	0	0	7500	2e+11 0.516394
211	0.00211	0	0	7500	2e+11 0.516406
212	0.00212	0	0	7500	2e+11 0.516406
213	0.00213	0	0	7500	2e+11 0.516394
214	0.00214	0	0	7500	2e+11 0.516406
215	0.00215	0	0	7500	2e+11 0.516406
216	0.00216	0	0	7500	2e+11 0.516394
217	0.00217	0	0	7500	2e+11 0.516406
218	0.00218	5.69133e-38	1.10212e-41	7500	2e+11 0.516406
219	0.00219	1.53561e-37	2.9737e-41	7500	2e+11 0.516394
220	0.0022	2.76093e-37	5.34651e-41	7500	2e+11 0.516406
221	0.00221	4.08314e-37	7.90697e-41	7500	2e+11 0.516406
222	0.00222	5.36678e-37	1.03927e-40	7500	2e+11 0.516394
223	0.00223	6.42907e-37	1.24498e-40	7500	2e+11 0.516406
224	0.00224	7.08069e-37	1.37117e-40	7500	2e+11 0.516406
225	0.00225	7.2362e-37	1.40128e-40	7500	2e+11 0.516394
226	0.00226	1.44724e-36	2.80257e-40	7500	2e+11 0.516394
227	0.00227	5.21281e-36	1.00946e-39	7500	2e+11 0.516406
228	0.00228	1.67711e-35	3.24771e-39	7500	2e+11 0.516406
229	0.00229	5.13772e-35	9.94914e-39	7500	2e+11 0.516394
230	0.0023	1.42557e-34	2.7606e-38	7500	2e+11 0.516406
231	0.00231	3.65629e-34	7.08038e-38	7500	2e+11 0.516406
232	0.00232	1.09484e-33	2.12015e-37	7500	2e+11 0.516394
233	0.00233	2.54288e-33	4.92427e-37	7500	2e+11 0.516406
234	0.00234	6.9507e-33	1.346e-36	7500	2e+11 0.516406
235	0.00235	1.78738e-32	3.46124e-36	7500	2e+11 0.516394
236	0.00236	5.9609e-32	1.15432e-35	7500	2e+11 0.516406
237	0.00237	1.31387e-31	2.5443e-35	7500	2e+11 0.516406
238	0.00238	4.35412e-31	8.43173e-35	7500	2e+11 0.516394
239	0.00239	1.04921e-30	2.03179e-34	7500	2e+11 0.516406
240	0.0024	2.53171e-30	4.90264e-34	7500	2e+11 0.516406
241	0.00241	7.15752e-30	1.38605e-33	7500	2e+11 0.516394
242	0.00242	1.84968e-29	3.58188e-33	7500	2e+11 0.516406
243	0.00243	5.16255e-29	9.99724e-33	7500	2e+11 0.516406
244	0.00244	1.46676e-28	2.84037e-32	7500	2e+11 0.516394
245	0.00245	4.09479e-28	7.92953e-32	7500	2e+11 0.516406
246	0.00246	1.21973e-27	2.36199e-31	7500	2e+11 0.516406
247	0.00247	3.3637e-27	6.51377e-31	7500	2e+11 0.516394
248	0.00248	8.94195e-27	1.7316e-30	7500	2e+11 0.516406
249	0.00249	2.9433e-26	5.69967e-30	7500	2e+11 0.516406
250	0.0025	7.90607e-26	1.531e-29	7500	2e+11 0.516394
251	0.00251	2.8127e-25	5.44677e-29	7500	2e+11 0.516406
252	0.00252	7.44157e-25	1.44105e-28	7500	2e+11 0.516406
253	0.00253	1.98797e-24	3.84969e-28	7500	2e+11 0.516394
254	0.00254	4.95979e-24	9.60459e-28	7500	2e+11 0.516406
255	0.00255	1.48254e-23	2.87092e-27	7500	2e+11 0.516406
256	0.00256	4.18782e-23	8.10968e-27	7500	2e+11 0.516394
257	0.00257	1.20868e-22	2.34059e-26	7500	2e+11 0.516406
258	0.00258	2.61827e-22	5.07026e-26	7500	2e+11 0.516406
259	0.00259	7.49559e-22	1.45151e-25	7500	2e+11 0.516394
260	0.0026	2.48254e-21	4.80743e-25	7500	2e+11 0.516406
261	0.00261	6.62428e-21	1.28279e-24	7500	2e+11 0.516406
262	0.00262	1.71942e-20	3.32965e-24	7500	2e+11 0.516394
263	0.00263	5.25827e-20	1.01826e-23	7500	2e+11 0.516406
264	0.00264	1.25661e-19	2.43341e-23	7500	2e+11 0.516406
265	0.00265	3.84431e-19	7.44447e-23	7500	2e+11 0.516394
266	0.00266	1.12861e-18	2.18554e-22	7500	2e+11 0.516406
267	0.00267	2.51631e-18	4.87281e-22	7500	2e+11 0.516406
268	0.00268	7.47479e-18	1.44749e-21	7500	2e+11 0.516394
269	0.00269	2.56691e-17	4.97079e-21	7500	2e+11 0.516406
270	0.0027	6.8171e-17	1.32013e-20	7500	2e+11 0.516406
271	0.00271	1.8558e-16	3.59375e-20	7500	2e+11 0.516394
272	0.00272	4.58354e-16	8.87598e-20	7500	2e+11 0.516406
273	0.00273	1.41275e-15	2.73578e-19	7500	2e+11 0.516406
274	0.00274	3.79477e-15	7.34853e-19	7500	2e+11 0.516394
275	0.00275	1.0722e-14	2.0763e-18	7500	2e+11 0.516406
276	0.00276	2.40806e-14	4.66318e-18	7500	2e+11 0.516406
277	0.00277	7.92259e-14	1.5342e-17	7500	2e+11 0.516394
278	0.00278	2.30995e-13	4.47319e-17	7500	2e+11 0.516406
279	0.00279	5.10366e-13	9.8832e-17	7500	2e+11 0.516406
280	0.0028	1.5837e-12	3.06683e-16	7500	2e+11 0.516394
281	0.00281	4.18708e-12	8.10824e-16	7500	2e+11 0.516406
282	0.00282	1.27521e-11	2.46944e-15	7500	2e+11 0.516406
283	0.00283	3.31761e-11	6.42453e-15	7500	2e+11 0.516394
284	0.00284	8.00797e-11	1.55074e-14	7500	2e+11 0.516406
285	0.00285	2.75195e-10	5.32912e-14	7500	2e+11 0.516406
286	0.00286	8.56644e-10	1.65888e-13	7500	2e+11 0.516394
287	0.00287	2.53918e-09	4.9171e-13	7500	2e+11 0.516394
288	0.00288	6.0454e-09	1.17069e-12	7500	2e+11 0.516406
289	0.00289	1.96033e-08	3.79617e-12	7500	2e+11 0.516406
290	0.0029	4.92416e-08	9.5356e-12	7500	2e+11 0.516394
291	0.00291	1.37322e-07	2.65922e-11	7500	2e+11 0.516406
292	0.00292	3.86545e-07	7.48541e-11	7500	2e+11 0.516406
293	0.00293	1.08415e-06	2.09945e-10	7500	2e+11 0.516394
294	0.00294	2.41413e-06	4.67494e-10	7500	2e+11 0.516406
295	0.00295	6.51247e-06	1.26113e-09	7500	2e+11 0.516406
296	0.00296	1.84645e-05	3.57563e-09	7500	2e+11 0.516394
297	0.00297	5.60268e-05	1.08495e-08	7500	2e+11 0.516406
298	0.00298	0.000151809	2.93976e-08	7500	2e+11 0.516406
299	0.00299	0.00045967	8.90146e-08	7500	2e+11 0.516394
300	0.003	0.00129214	2.50222e-07	7500	2e+11 0.516406
301	0.00301	0.00331611	6.42161e-07	7500	2e+11 0.516406
302	0.00302	0.00943643	1.82736e-06	7500	2e+11 0.516394
303	0.00303	0.0299701	5.80369e-06	7500	2e+11 0.516406
304	0.00304	0.0820584	1.58905e-05	7500	2e+11 0.516406
305	0.00305	0.212658	4.11811e-05	7500	2e+11 0.516382
306	0.00306	0.543771	0.000105301	7500	2e+11 0.516382
307	0.00307	1.59949	0.000309739	7500	2e+11 0.516322
308	0.00308001	3.37444	0.000653457	7500	2e+11 0.516201
309	0.00309001	5.79055	0.00112134	7500	2e+11 0.516009
310	0.00310003	8.72647	0.00168987	7500	2e+11 0.515745
311	0.00311004	12.0503	0.00233352	7500	2e+11 0.515482
312	0.00312007	15.6275	0.00302625	7500	2e+11 0.515087
313	0.0031301	19.328	0.00374284	7500	2e+11 0.514752
314	0.00314014	23.0339	0.0044605	7500	2e+11 0.514406
315	0.00315019	26.6381	0.00515845	7500	2e+11 0.514012
316	0.00316024	30.0562	0.00582035	7500	2e+11 0.513655
317	0.0031703	33.2236	0.00643372	7500	2e+11 0.51337
318	0.00318036	36.0964	0.00699004	7500	2e+11 0.513002
319	0.00319044	38.6475	0.00748406	7500	2e+11 0.512764
320	0.00320051	40.8683	0.00791411	7500	2e+11 0.512516
321	0.00321059	42.7643	0.00828127	7500	2e+11 0.512303
322	0.00322068	44.352	0.00858873	7500	2e+11 0.51209
323	0.00323076	45.6562	0.00884128	7500	2e+11 0.511995
324	0.00324085	46.709	0.00904515	7500	2e+11 0.511794
325	0.00325094	47.5427	0.0092066	7500	2e+11 0.511771
326	0.00326103	48.1907	0.00933209	7500	2e+11 0.511641
327	0.00327113	48.6869	0.00942818	7500	2e+11 0.511617
328	0.00328122	49.0608	0.00950059	7500	2e+11 0.511582
329	0.00329132	49.3379	0.00955424	7500	2e+11 0.511523
330	0.00330141	49.5397	0.00959333	7500	2e+11 0.511523
331	0.00331151	49.6845	0.00962136	7500	2e+11 0.511511
332	0.00332161	49.7868	0.00964118	7500	2e+11 0.511452
333	0.0033317	49.8581	0.00965498	7500	2e+11 0.511487
334	0.0033418	49.9071	0.00966446	7500	2e+11 0.511487
335	0.0033519	49.9402	0.00967088	7500	2e+11 0.51144
336	0.00336199	49.9623	0.00967516	7500	2e+11 0.51144
337	0.00337209	49.9769	0.00967799	7500	2e+11 0.51144
338	0.00338219	49.9864	0.00967983	7500	2e+11 0.511476
339	0.00339228	49.9925	0.00968102	7500	2e+11 0.511476
340	0.00340238	49.9965	0.00968177	7500	2e+11 0.511428
341	0.00341248	49.9989	0.00968225	7500	2e+11 0.511405
342	0.00342258	50.0005	0.00968255	7500	2e+11 0.511499
343	0.00343267	50.0014	0.00968273	7500	2e+11 0.511499
344	0.00344277	50.002	0.00968284	7500	2e+11 0.511476
345	0.00345287	50.0023	0.00968291	7500	2e+11 0.511476
346	0.00346297	50.0025	0.00968294	7500	2e+11 0.511452
347	0.00347306	50.0026	0.00968296	7500	2e+11 0.511452
348	0.00348316	50.0026	0.00968296	7500	2e+11 0.511476
349	0.00349326	50.0026	0.00968296	7500	2e+11 0.511476
350	0.00350335	50.0026	0.00968296	7500	2e+11 0.51144
351	0.00351345	50.0026	0.00968296	7500	2e+11 0.51144
352	0.00352355	50.0026	0.00968296	7500	2e+11 0.511452
353	0.00353365	50.0026	0.00968296	7500	2e+11 0.511452
354	0.00354374	50.0026	0.00968296	7500	2e+11 0.511428
355	0.00355384	50.0026	0.00968296	7500	2e+11 0.511511
356	0.00356394	50.0026	0.00968296	7500	2e+11 0.511511
357	0.00357403	50.0026	0.00968296	7500	2e+11 0.511417
358	0.00358413	50.0026	0.00968296	7500	2e+11 0.511452
359	0.00359423	50.0026	0.00968296	7500	2e+11 0.511452
360	0.00360433	50.0026	0.00968296	7500	2e+11 0.51144
361	0.00361442	50.0026	0.00968296	7500	2e+11 0.511452
362	0.00362452	50.0026	0.00968296	7500	2e+11 0.511452
363	0.00363462	50.0026	0.00968296	7500	2e+11 0.511452
364	0.00364471	50.0026	0.00968296	7500	2e+11 0.511452
365	0.00365481	50.0026	0.00968296	7500	2e+11 0.511464
366	0.00366491	50.0026	0.00968296	7500	2e+11 0.511464
367	0.00367501	50.0026	0.00968296	7500	2e+11 0.511511
368	0.0036851	50.0026	0.00968296	7500	2e+11 0.511511
369	0.0036952	50.0026	0.00968296	7500	2e+11 0.511417
370	0.0037053	50.0026	0.00968296	7500	2e+11 0.511452
371	0.00371539	50.0026	0.00968296	7500	2e+11 0.511452
372	0.00372549	50.0026	0.00968296	7500	2e+11 0.51144
373	0.00373559	50.0026	0.00968296	7500	2e+11 0.51144
374	0.00374569	50.0026	0.00968296	7500	2e+11 0.511464
375	0.00375578	50.0026	0.00968296	7500	2e+11 0.511464
376	0.00376588	50.0026	0.00968296	7500	2e+11 0.51144
377	0.00377598	50.0026	0.00968296	7500	2e+11 0.51144
378	0.00378607	50.0026	0.00968295	7500	2e+11 0.51144
379	0.00379617	50.0025	0.00968295	7500	2e+11 0.511464
380	0.00380627	50.0025	0.00968295	7500	2e+11 0.511464
381	0.00381637	50.0025	0.00968295	7500	2e+11 0.511476
382	0.00382646	50.0025	0.00968295	7500	2e+11 0.511476
383	0.00383656	50.0025	0.00968295	7500	2e+11 0.511417
384	0.00384666	50.0025	0.00968295	7500	2e+11 0.511452
385	0.00385675	50.0025	0.00968295	7500	2e+11 0.511452
386	0.00386685	50.0025	0.00968295	7500	2e+11 0.511476
387	0.00387695	50.0025	0.00968295	7500	2e+11 0.511476
388	0.00388705	50.0025	0.00968295	7500	2e+11 0.511452
389	0.00389714	50.0025	0.00968295	7500	2e+11 0.511664
390	0.00390724	50.0025	0.00968294	7500	2e+11 0.512551
391	0.00391731	50.0025	0.00968294	7500	2e+11 0.512551
392	0.00392741	50.0025	0.00968294	7500	2e+11 0.511464
393	0.00393751	50.0025	0.00968294	7500	2e+11 0.511464
394	0.0039476	50.0025	0.00968294	7500	2e+11 0.511464
395	0.0039577	50.0025	0.00968294	7500	2e+11 0.511487
396	0.0039678	50.0025	0.00968294	7500	2e+11 0.511487
397	0.00397789	50.0025	0.00968294	7500	2e+11 0.511487
398	0.00398799	50.0024	0.00968293	7500	2e+11 0.511487
399	0.00399809	50.0023	0.00968291	7500	2e+11 0.511487
400	0.00400818	50.0021	0.00968287	7500	2e+11 0.511487
401	0.00401828	50.0013	0.00968272	7500	2e+11 0.511487
402	0.00402837	49.9997	0.00968239	7500	2e+11 0.511487
403	0.00403847	49.995	0.00968149	7500	2e+11 0.511464
404	0.00404857	49.9826	0.00967908	7500	2e+11 0.511511
405	0.00405866	49.9515	0.00967306	7500	2e+11 0.511511
406	0.00406876	49.8335	0.00965022	7500	2e+11 0.511417
407	0.00407886	49.5157	0.00958868	7500	2e+11 0.511511
408	0.00408895	48.6511	0.00942125	7500	2e+11 0.511558
409	0.00409905	46.4661	0.00899812	7500	2e+11 0.511865
410	0.00410914	43.1583	0.00835757	7500	2e+11 0.512196
411	0.00411922	38.9987	0.00755206	7500	2e+11 0.512599
412	0.00412929	34.3204	0.00664612	7500	2e+11 0.51312
413	0.00413936	29.4505	0.00570307	7500	2e+11 0.513548
414	0.00414941	24.6732	0.00477794	7500	2e+11 0.514072
415	0.00415946	20.2142	0.00391446	7500	2e+11 0.514453
416	0.0041695	16.217	0.00314042	7500	2e+11 0.514835
417	0.00417953	12.7569	0.00247036	7500	2e+11 0.51529
418	0.00418955	9.86117	0.00190961	7500	2e+11 0.515434
419	0.00419957	7.49264	0.00145094	7500	2e+11 0.515625
420	0.00420958	5.6027	0.00108496	7500	2e+11 0.515865
421	0.00421959	4.12714	0.000799217	7500	2e+11 0.516081
422	0.0042296	2.9992	0.000580792	7500	2e+11 0.516081
423	0.00423961	2.14842	0.000416039	7500	2e+11 0.516177
424	0.00424961	1.51747	0.000293857	7500	2e+11 0.516274
425	0.00425961	1.0581	0.0002049	7500	2e+11 0.516322
426	0.00426961	0.728953	0.000141161	7500	2e+11 0.51637
427	0.00427961	0.495501	9.59534e-05	7500	2e+11 0.51637
428	0.00428961	0.332997	6.44846e-05	7500	2e+11 0.51637
429	0.00429962	0.221138	4.28233e-05	7500	2e+11 0.51637
430	0.00430962	0.145255	2.81285e-05	7500	2e+11 0.516562
431	0.00431961	0.0942842	1.82581e-05	7500	2e+11 0.516562
432	0.00432961	0.0604338	1.1703e-05	7500	2e+11 0.51637
433	0.00433961	0.0383184	7.42032e-06	7500	2e+11 0.51637
434	0.00434962	0.0240261	4.65263e-06	7500	2e+11 0.516394
435	0.00435962	0.0149001	2.88538e-06	7500	2e+11 0.516394
436	0.00436962	0.00914467	1.77086e-06	7500	2e+11 0.516466
437	0.00437961	0.00555265	1.07527e-06	7500	2e+11 0.516466
438	0.00438961	0.0033355	6.45917e-07	7500	2e+11 0.51637
439	0.00439962	0.0019816	3.83734e-07	7500	2e+11 0.516514
440	0.00440961	0.00116355	2.2532e-07	7500	2e+11 0.516514
441	0.00441961	0.000676536	1.31011e-07	7500	2e+11 0.516394
442	0.00442961	0.000389464	7.54194e-08	7500	2e+11 0.516418
443	0.00443961	0.000221763	4.29442e-08	7500	2e+11 0.516418
444	0.00444962	0.000124815	2.41703e-08	7500	2e+11 0.516418
445	0.00445962	6.94717e-05	1.34531e-08	7500	2e+11 0.516418
446	0.00446962	3.83595e-05	7.42829e-09	7500	2e+11 0.516394
447	0.00447962	2.09764e-05	4.06206e-09	7500	2e+11 0.51649
448	0.00448962	1.13522e-05	2.19835e-09	7500	2e+11 0.51649
449	0.00449961	6.08392e-06	1.17815e-09	7500	2e+11 0.516418
450	0.00450962	3.23329e-06	6.26124e-10	7500	2e+11 0.516514
451	0.00451961	1.69908e-06	3.29026e-10	7500	2e+11 0.516514
452	0.00452961	8.84164e-07	1.71218e-10	7500	2e+11 0.516418
453	0.00453962	4.55927e-07	8.82899e-11	7500	2e+11 0.516466
454	0.00454961	2.32963e-07	4.51131e-11	7500	2e+11 0.516514
455	0.00455961	1.17772e-07	2.28065e-11	7500	2e+11 0.516514
456	0.00456962	5.90552e-08	1.1436e-11	7500	2e+11 0.516442
457	0.00457962	2.93552e-08	5.6846e-12	7500	2e+11 0.516442
458	0.00458962	1.44732e-08	2.80272e-12	7500	2e+11 0.516394
459	0.00459962	7.04736e-09	1.36472e-12	7500	2e+11 0.51649
460	0.00460961	3.38939e-09	6.56353e-13	7500	2e+11 0.51649
461	0.00461961	1.61471e-09	3.12687e-13	7500	2e+11 0.516442
462	0.00462962	7.63001e-10	1.47755e-13	7500	2e+11 0.516394
463	0.00463962	3.58564e-10	6.94356e-14	7500	2e+11 0.51649
464	0.00464961	1.67317e-10	3.24009e-14	7500	2e+11 0.51649
465	0.00465961	7.70513e-11	1.49209e-14	7500	2e+11 0.516442
466	0.00466961	3.52021e-11	6.81686e-15	7500	2e+11 0.516394
467	0.00467961	1.5929e-11	3.08464e-15	7500	2e+11 0.516466
468	0.00468961	7.13273e-12	1.38125e-15	7500	2e+11 0.516466
469	0.00469962	3.16703e-12	6.13293e-16	7500	2e+11 0.516466
470	0.00470961	1.39553e-12	2.70243e-16	7500	2e+11 0.516466
471	0.00471962	6.07717e-13	1.17684e-16	7500	2e+11 0.516346
472	0.00472962	2.6211e-13	5.07575e-17	7500	2e+11 0.51661
473	0.00473961	1.11922e-13	2.16736e-17	7500	2e+11 0.51661
474	0.00474961	4.72955e-14	9.15873e-18	7500	2e+11 0.516394
475	0.00475961	1.99392e-14	3.8612e-18	7500	2e+11 0.516346
476	0.00476961	8.30362e-15	1.60799e-18	7500	2e+11 0.516394
477	0.00477961	3.42216e-15	6.62698e-19	7500	2e+11 0.516538
478	0.00478961	1.39759e-15	2.70642e-19	7500	2e+11 0.516538
479	0.00479961	5.66905e-16	1.09781e-19	7500	2e+11 0.516346
480	0.00480961	2.29179e-16	4.43803e-20	7500	2e+11 0.516442
481	0.00481961	9.14311e-17	1.77056e-20	7500	2e+11 0.516442
482	0.00482961	3.59927e-17	6.96996e-21	7500	2e+11 0.516418
483	0.00483961	1.41062e-17	2.73165e-21	7500	2e+11 0.516442
484	0.00484961	5.46251e-18	1.05781e-21	7500	2e+11 0.516442
485	0.00485961	2.10369e-18	4.07378e-22	7500	2e+11 0.516442
486	0.00486961	8.01549e-19	1.55219e-22	7500	2e+11 0.516442
487	0.00487961	3.04291e-19	5.89257e-23	7500	2e+11 0.516466
488	0.00488961	1.13878e-19	2.20524e-23	7500	2e+11 0.516466
489	0.00489962	4.23774e-20	8.20634e-24	7500	2e+11 0.516442
490	0.00490962	1.56593e-20	3.03241e-24	7500	2e+11 0.51649
491	0.00491961	5.72261e-21	1.10818e-24	7500	2e+11 0.51649
492	0.00492961	2.08251e-21	4.03276e-25	7500	2e+11 0.516418
493	0.00493961	7.46924e-22	1.44641e-25	7500	2e+11 0.516418
494	0.00494961	2.66415e-22	5.1591e-26	7500	2e+11 0.516418
495	0.00495961	9.3845e-23	1.8173e-26	7500	2e+11 0.516538
496	0.00496961	3.28116e-23	6.35393e-27	7500	2e+11 0.516538
497	0.00497961	1.14313e-23	2.21367e-27	7500	2e+11 0.516442
498	0.00498961	3.9235e-24	7.59783e-28	7500	2e+11 0.516394
499	0.00499961	1.33488e-24	2.58499e-28	7500	2e+11 0.516418
500	0.00500961	4.496e-25	8.70646e-29	7500	2e+11 0.516442
501	0.00501961	1.50904e-25	2.92225e-29	7500	2e+11 0.516442
502	0.00502961	5.02133e-26	9.72376e-30	7500	2e+11 0.516418
503	0.00503961	1.65498e-26	3.20485e-30	7500	2e+11 0.516418
504	0.00504961	5.39793e-27	1.0453e-30	7500	2e+11 0.516418
505	0.00505961	1.74735e-27	3.38373e-31	7500	2e+11 0.516418
506	0.00506961	5.5892e-28	1.08234e-31	7500	2e+11 0.516586
507	0.00507961	1.78106e-28	3.449e-32	7500	2e+11 0.516586
508	0.00508961	5.64579e-29	1.0933e-32	7500	2e+11 0.51637
509	0.00509961	1.77323e-29	3.43385e-33	7500	2e+11 0.516394
510	0.00510961	5.50341e-30	1.06573e-33	7500	2e+11 0.516394
511	0.00511961	1.67882e-30	3.25102e-34	7500	2e+11 0.516442
512	0.00512961	5.06903e-31	9.81613e-35	7500	2e+11 0.516442
513	0.00513961	1.51802e-31	2.93964e-35	7500	2e+11 0.516466
514	0.00514961	4.493e-32	8.70065e-36	7500	2e+11 0.516466
515	0.00515961	1.32446e-32	2.56481e-36	7500	2e+11 0.516514
516	0.00516961	3.90363e-33	7.55935e-37	7500	2e+11 0.516514
517	0.00517961	1.13748e-33	2.20272e-37	7500	2e+11 0.516418
518	0.00518961	3.29025e-34	6.37155e-38	7500	2e+11 0.516394
519	0.00519961	9.35965e-35	1.81249e-38	7500	2e+11 0.516442
520	0.00520961	2.65654e-35	5.14437e-39	7500	2e+11 0.51649
521	0.00521961	7.50847e-36	1.45401e-39	7500	2e+11 0.51649
522	0.00522961	2.10292e-36	4.07229e-40	7500	2e+11 0.516418
523	0.00523961	5.85357e-37	1.13354e-40	7500	2e+11 0.516418
524	0.00524961	1.60645e-37	3.11088e-41	7500	2e+11 0.51649
525	0.00525961	4.38808e-38	8.49747e-42	7500	2e+11 0.51649
526	0.00526961	1.17662e-38	2.27851e-42	7500	2e+11 0.516418
527	0.00527961	3.12607e-39	6.05361e-43	7500	2e+11 0.516562
528	0.00528961	8.17698e-40	1.58347e-43	7500	2e+11 0.516562
529	0.00529961	2.02615e-40	3.92364e-44	7500	2e+11 0.516466
530	0.00530961	3.61815e-41	7.00649e-45	7500	2e+11 0.516466
531	0.00531961	0	0	7500	2e+11 0.516442
532	0.00532961	0	0	7500	2e+11 0.516442
533	0.00533961	0	0	7500	2e+11 0.516394
534	0.00534961	0	0	7500	2e+11 0.516466
535	0.00535961	0	0	7500	2e+11 0.516466
536	0.00536961	0	0	7500	2e+11 0.516418
537	0.00537961	0	0	7500	2e+11 0.516466
538	0.00538961	0	0	7500	2e+11 0.516466
539	0.00539961	0	0	7500	2e+11 0.516466
540	0.00540961	0	0	7500	2e+11 0.516466
541	0.00541961	0	0	7500	2e+11 0.516394
542	0.00542961	0	0	7500	2e+11 0.51649
543	0.00543961	0	0	7500	2e+11 0.51649
544	0.00544961	0	0	7500	2e+11 0.51637
545	0.00545961	0	0	7500	2e+11 0.51649
546	0.00546961	0	0	7500	2e+11 0.51649
547	0.00547961	0	0	7500	2e+11 0.516418
548	0.00548961	0	0	7500	2e+11 0.516418
549	0.00549961	0	0	7500	2e+11 0.516538
550	0.00550961	0	0	7500	2e+11 0.516538
551	0.00551961	0	0	7500	2e+11 0.516394
552	0.00552961	0	0	7500	2e+11 0.516442
553	0.00553961	0	0	7500	2e+11 0.516442
554	0.00554961	0	0	7500	2e+11 0.51637
555	0.00555961	0	0	7500	2e+11 0.516418
556	0.00556961	0	0	7500	2e+11 0.516418
557	0.00557961	0	0	7500	2e+11 0.516466
558	0.00558961	0	0	7500	2e+11 0.516466
559	0.00559961	0	0	7500	2e+11 0.516514
560	0.0056096	0	0	7500	2e+11 0.516514
561	0.0056196	0	0	7500	2e+11 0.516418
562	0.00562961	0	0	7500	2e+11 0.516346
563	0.00563961	0	0	7500	2e+11 0.51649
564	0.00564961	0	0	7500	2e+11 0.51649
565	0.00565961	0	0	7500	2e+11 0.516466
566	0.0056696	0	0	7500	2e+11 0.516466
567	0.0056796	0	0	7500	2e+11 0.516442
568	0.00568961	0	0	7500	2e+11 0.516442
569	0.0056996	0	0	7500	2e+11 0.516466
570	0.0057096	0	0	7500	2e+11 0.516514
571	0.0057196	0	0	7500	2e+11 0.516514
572	0.0057296	0	0	7500	2e+11 0.51637
573	0.0057396	0	0	7500	2e+11 0.516514
574	0.0057496	0	0	7500	2e+11 0.516514
575	0.0057596	0	0	7500	2e+11 0.516418
576	0.0057696	0	0	7500	2e+11 0.516514
577	0.0057796	0	0	7500	2e+11 0.516514
578	0.0057896	0	0	7500	2e+11 0.516394
579	0.0057996	0	0	7500	2e+11 0.51649
580	0.0058096	0	0	7500	2e+11 0.51649
581	0.0058196	0	0	7500	2e+11 0.516394
582	0.0058296	0	0	7500	2e+11 0.516418
583	0.0058396	0	0	7500	2e+11 0.516418
584	0.0058496	0	0	7500	2e+11 0.516394
585	0.0058596	0	0	7500	2e+11 0.51637
586	0.0058696	0	0	7500	2e+11 0.516442
587	0.0058796	0	0	7500	2e+11 0.516538
588	0.0058896	0	0	7500	2e+11 0.516538
589	0.0058996	0	0	7500	2e+11 0.51649
590	0.0059096	0	0	7500	2e+11 0.51649
591	0.0059196	0	0	7500	2e+11 0.516418
592	0.0059296	0	0	7500	2e+11 0.516418
593	0.0059396	0	0	7500	2e+11 0.516466
594	0.0059496	0	0	7500	2e+11 0.51649
595	0.0059596	0	0	7500	2e+11 0.51649
596	0.0059696	0	0	7500	2e+11 0.516394
597	0.0059796	0	0	7500	2e+11 0.51649
598	0.0059896	0	0	7500	2e+11 0.51649
599	0.0059996	0	0	7500	2e+11 0.516394
600	0.0060096	0	0	7500	2e+11 0.51649
601	0.00601959	0	0	7500	2e+11 0.51649
602	0.00602959	0	0	7500	2e+11 0.51649
603	0.00603959	0	0	7500	2e+11 0.51649
604	0.00604959	0	0	7500	2e+11 0.516442
605	0.00605959	0	0	7500	2e+11 0.516466
606	0.00606959	0	0	7500	2e+11 0.516466
607	0.00607959	0	0	7500	2e+11 0.51649
608	0.00608959	0	0	7500	2e+11 0.51649
609	0.00609959	0	0	7500	2e+11 0.51649
610	0.00610959	0	0	7500	2e+11 0.51649
611	0.00611959	0	0	7500	2e+11 0.516418
612	0.00612959	0	0	7500	2e+11 0.516418
613	0.00613959	0	0	7500	2e+11 0.51649
614	0.00614959	0	0	7500	2e+11 0.51649
615	0.00615959	0	0	7500	2e+11 0.516466
616	0.00616959	0	0	7500	2e+11 0.516466
617	0.00617959	0	0	7500	2e+11 0.516418
618	0.00618958	0	0	7500	2e+11 0.516538
619	0.00619958	0	0	7500	2e+11 0.516538
620	0.00620958	0	0	7500	2e+11 0.516442
621	0.00621958	0	0	7500	2e+11 0.516442
622	0.00622958	0	0	7500	2e+11 0.516514
623	0.00623958	0	0	7500	2e+11 0.516514
624	0.00624958	0	0	7500	2e+11 0.516442
625	0.00625958	0	0	7500	2e+11 0.516442
626	0.00626958	0	0	7500	2e+11 0.51649
627	0.00627958	0	0	7500	2e+11 0.51649
628	0.00628958	0	0	7500	2e+11 0.516418
629	0.00629958	0	0	7500	2e+11 0.516466
630	0.00630957	0	0	7500	2e+11 0.516514
631	0.00631957	0	0	7500	2e+11 0.516514
632	0.00632957	0	0	7500	2e+11 0.51661
633	0.00633957	0	0	7500	2e+11 0.51661
634	0.00634957	0	0	7500	2e+11 0.516514
635	0.00635957	0	0	7500	2e+11 0.516514
636	0.00636957	0	0	7500	2e+11 0.516514
637	0.00637956	0	0	7500	2e+11 0.516538
638	0.00638956	0	0	7500	2e+11 0.516538
639	0.00639956	0	0	7500	2e+11 0.516586
640	0.00640956	0	0	7500	2e+11 0.516586
641	0.00641956	0	0	7500	2e+11 0.516562
642	0.00642955	0	0	7500	2e+11 0.516731
643	0.00643955	0	0	7500	2e+11 0.516731
644	0.00644955	0	0	7500	2e+11 0.516707
645	0.00645954	0	0	7500	2e+11 0.516707
646	0.00646954	0	0	7500	2e+11 0.516731
647	0.00647953	0	0	7500	2e+11 0.516731
648	0.00648952	0	0	7500	2e+11 0.516851
649	0.00649952	0	0	7500	2e+11 0.517164
650	0.0065095	0	0	7500	2e+11 0.517164
651	0.00651956	0	0	7500	2e+11 0.51702
652	0.00652955	0	0	7500	2e+11 0.51702
653	0.00653954	0	0	7500	2e+11 0.516779
654	0.00654954	0	0	7500	2e+11 0.516658
655	0.00655953	0	0	7500	2e+11 0.516634
656	0.00656953	0	0	7500	2e+11 0.516634
657	0.00657953	0	0	7500	2e+11 0.516538
658	0.00658952	0	0	7500	2e+11 0.516658
659	0.00659952	0	0	7500	2e+11 0.516658
660	0.00660952	0	0	7500	2e+11 0.516538
661	0.00661952	0	0	7500	2e+11 0.516538
662	0.00662951	0	0	7500	2e+11 0.516514
663	0.00663951	0	0	7500	2e+11 0.516514
664	0.00664951	0	0	7500	2e+11 0.51637
665	0.00665951	0	0	7500	2e+11 0.51637
666	0.00666951	0	0	7500	2e+11 0.516394
667	0.00667951	0	0	7500	2e+11 0.516562
668	0.00668951	0	0	7500	2e+11 0.516562
669	0.00669951	0	0	7500	2e+11 0.516418
670	0.00670951	0	0	7500	2e+11 0.51649
671	0.00671951	0	0	7500	2e+11 0.51649
672	0.00672951	0	0	7500	2e+11 0.51637
673	0.00673951	0	0	7500	2e+11 0.516538
674	0.00674951	0	0	7500	2e+11 0.516538
675	0.00675951	0	0	7500	2e+11 0.51637
676	0.00676951	0	0	7500	2e+11 0.51637
677	0.00677951	0	0	7500	2e+11 0.516442
678	0.00678951	0	0	7500	2e+11 0.516442
679	0.00679951	0	0	7500	2e+11 0.516442
680	0.00680951	0	0	7500	2e+11 0.516442
681	0.00681951	0	0	7500	2e+11 0.516394
682	0.00682951	0	0	7500	2e+11 0.516394
683	0.00683951	0	0	7500	2e+11 0.51637
684	0.00684952	0	0	7500	2e+11 0.516346
685	0.00685952	0	0	7500	2e+11 0.516346
686	0.00686952	0	0	7500	2e+11 0.51637
687	0.00687952	0	0	7500	2e+11 0.516442
688	0.00688952	0	0	7500	2e+11 0.516442
689	0.00689952	0	0	7500	2e+11 0.516418
690	0.00690952	0	0	7500	2e+11 0.516418
691	0.00691952	0	0	7500	2e+11 0.516442
692	0.00692952	0	0	7500	2e+11 0.516442
693	0.00693952	0	0	7500	2e+11 0.516466
694	0.00694952	0	0	7500	2e+11 0.516466
695	0.00695952	0	0	7500	2e+11 0.516466
696	0.00696952	0	0	7500	2e+11 0.516394
697	0.00697952	0	0	7500	2e+11 0.516418
698	0.00698952	0	0	7500	2e+11 0.516418
699	0.00699952	0	0	7500	2e+11 0.51649
700	0.00700952	0	0	7500	2e+11 0.51649
701	0.00701952	0	0	7500	2e+11 0.51637
702	0.00702952	0	0	7500	2e+11 0.51637
703	0.00703952	0	0	7500	2e+11 0.516466
704	0.00704952	0	0	7500	2e+11 0.516466
705	0.00705952	0	0	7500	2e+11 0.516442
706	0.00706952	0	0	7500	2e+11 0.516442
707	0.00707952	0	0	7500	2e+11 0.516442
708	0.00708952	0	0	7500	2e+11 0.516418
709	0.00709952	0	0	7500	2e+11 0.516538
710	0.00710952	0	0	7500	2e+11 0.516538
711	0.00711952	0	0	7500	2e+11 0.516442
712	0.00712952	0	0	7500	2e+11 0.516442
713	0.00713952	0	0	7500	2e+11 0.516442
714	0.00714952	0	0	7500	2e+11 0.516442
715	0.00715952	0	0	7500	2e+11 0.516394
716	0.00716952	0	0	7500	2e+11 0.516562
717	0.00717951	0	0	7500	2e+11 0.516562
718	0.00718951	0	0	7500	2e+11 0.516418
719	0.00719952	0	0	7500	2e+11 0.51649
720	0.00720951	0	0	7500	2e+11 0.51649
721	0.00721952	0	0	7500	2e+11 0.51649
722	0.00722951	0	0	7500	2e+11 0.51649
723	0.00723951	0	0	7500	2e+11 0.516442
724	0.00724951	0	0	7500	2e+11 0.516442
725	0.00725951	0	0	7500	2e+11 0.516442
726	0.00726951	0	0	7500	2e+11 0.516442
727	0.00727951	0	0	7500	2e+11 0.516442
728	0.00728951	0	0	7500	2e+11 0.516442
729	0.00729951	0	0	7500	2e+11 0.516418
730	0.00730951	0	0	7500	2e+11 0.516418
731	0.00731951	0	0	7500	2e+11 0.516514
732	0.00732951	0	0	7500	2e+11 0.516514
733	0.00733951	0	0	7500	2e+11 0.516322
734	0.00734952	0	0	7500	2e+11 0.51637
735	0.00735952	0	0	7500	2e+11 0.516418
736	0.00736952	0	0	7500	2e+11 0.51649
737	0.00737951	0	0	7500	2e+11 0.51649
738	0.00738952	0	0	7500	2e+11 0.516322
739	0.00739952	0	0	7500	2e+11 0.51637
740	0.00740952	0	0	7500	2e+11 0.51637
741	0.00741952	0	0	7500	2e+11 0.516346
742	0.00742952	0	0	7500	2e+11 0.516346
743	0.00743952	0	0	7500	2e+11 0.516274
744	0.00744953	0	0	7500	2e+11 0.516274
745	0.00745953	0	0	7500	2e+11 0.516226
746	0.00746953	0	0	7500	2e+11 0.516226
747	0.00747954	0	0	7500	2e+11 0.516105
748	0.00748955	0	0	7500	2e+11 0.516129
749	0.00749955	0	0	7500	2e+11 0.516129
750	0.00750956	0	0	7500	2e+11 0.519466
751	0.0075195	0	0	7500	2e+11 0.519466
752	0.00752952	0	0	7500	2e+11 0.515841
753	0.00753953	0	0	7500	2e+11 0.516274
754	0.00754953	0	0	7500	2e+11 0.516274
755	0.00755954	0	0	7500	2e+11 0.516033
756	0.00756954	0	0	7500	2e+11 0.516346
757	0.00757955	0	0	7500	2e+11 0.516346
758	0.00758955	0	0	7500	2e+11 0.516177
759	0.00759955	0	0	7500	2e+11 0.516177
760	0.00760956	0	0	7500	2e+11 0.516298
761	0.00761956	0	0	7500	2e+11 0.516298
762	0.00762957	0	0	7500	2e+11 0.516442
763	0.00763956	0	0	7500	2e+11 0.516442
764	0.00764957	0	0	7500	2e+11 0.516538
765	0.00765957	0	0	7500	2e+11 0.516538
766	0.00766957	0	0	7500	2e+11 0.516346
767	0.00767957	0	0	7500	2e+11 0.516346
768	0.00768957	0	0	7500	2e+11 0.516346
769	0.00769957	0	0	7500	2e+11 0.516346
770	0.00770958	0	0	7500	2e+11 0.516442
771	0.00771958	0	0	7500	2e+11 0.516442
772	0.00772958	0	0	7500	2e+11 0.516346
773	0.00773958	0	0	7500	2e+11 0.516346
774	0.00774958	0	0	7500	2e+11 0.516394
775	0.00775958	0	0	7500	2e+11 0.516394
776	0.00776958	0	0	7500	2e+11 0.51637
777	0.00777958	0	0	7500	2e+11 0.51637
778	0.00778959	0	0	7500	2e+11 0.51649
779	0.00779958	0	0	7500	2e+11 0.51649
780	0.00780959	0	0	7500	2e+11 0.516201
781	0.00781965	0	0	7500	2e+11 0.51541
782	0.00782966	0	0	7500	2e+11 0.51637
783	0.00783966	0	0	7500	2e+11 0.51637
784	0.00784967	0	0	7500	2e+11 0.516466
785	0.00785966	0	0	7500	2e+11 0.516466
786	0.00786967	0	0	7500	2e+11 0.516514
787	0.00787966	0	0	7500	2e+11 0.516514
788	0.00788967	0	0	7500	2e+11 0.516466
789	0.00789967	0	0	7500	2e+11 0.516466
790	0.00790967	0	0	7500	2e+11 0.51661
791	0.00791967	0	0	7500	2e+11 0.51661
792	0.00792967	0	0	7500	2e+11 0.516466
793	0.00793967	0	0	7500	2e+11 0.516466
794	0.00794967	0	0	7500	2e+11 0.51661
795	0.00795967	0	0	7500	2e+11 0.51661
796	0.00796967	0	0	7500	2e+11 0.516322
797	0.00797968	0	0	7500	2e+11 0.516514
798	0.00798967	0	0	7500	2e+11 0.516514
799	0.00799967	0	0	7500	2e+11 0.516514
800	0.00800967	0	0	7500	2e+11 0.516466
801	0.00801967	0	0	7500	2e+11 0.516514
802	0.00802967	0	0	7500	2e+11 0.516514
803	0.00803967	0	0	7500	2e+11 0.516274
804	0.00804968	0	0	7500	2e+11 0.516418
805	0.00805968	0	0	7500	2e+11 0.516466
806	0.00806968	0	0	7500	2e+11 0.516658
807	0.00807967	0	0	7500	2e+11 0.516658
808	0.00808967	0	0	7500	2e+11 0.51637
809	0.00809967	0	0	7500	2e+11 0.51637
810	0.00810968	0	0	7500	2e+11 0.516466
811	0.00811968	0	0	7500	2e+11 0.516466
812	0.00812968	0	0	7500	2e+11 0.51637
813	0.00813968	0	0	7500	2e+11 0.516322
814	0.00814968	0	0	7500	2e+11 0.51637
815	0.00815968	0	0	7500	2e+11 0.51637
816	0.00816968	0	0	7500	2e+11 0.516658
817	0.00817968	0	0	7500	2e+11 0.516658
818	0.00818968	0	0	7500	2e+11 0.516322
819	0.00819968	0	0	7500	2e+11 0.51637
820	0.00820968	0	0	7500	2e+11 0.51637
821	0.00821968	0	0	7500	2e+11 0.51661
822	0.00822968	0	0	7500	2e+11 0.51661
823	0.00823968	0	0	7500	2e+11 0.516514
824	0.00824968	0	0	7500	2e+11 0.516514
825	0.00825968	0	0	7500	2e+11 0.51637
826	0.00826968	0	0	7500	2e+11 0.516562
827	0.00827968	0	0	7500	2e+11 0.516562
828	0.00828968	0	0	7500	2e+11 0.516514
829	0.00829968	0	0	7500	2e+11 0.516466
830	0.00830968	0	0	7500	2e+11 0.516466
831	0.00831969	0	0	7500	2e+11 0.51637
832	0.00832969	0	0	7500	2e+11 0.51637
833	0.00833969	0	0	7500	2e+11 0.51637
834	0.00834969	0	0	7500	2e+11 0.51661
835	0.00835968	0	0	7500	2e+11 0.51661
836	0.00836968	0	0	7500	2e+11 0.51661
837	0.00837968	0	0	7500	2e+11 0.516466
838	0.00838968	0	0	7500	2e+11 0.516466
839	0.00839969	0	0	7500	2e+11 0.516418
840	0.00840969	0	0	7500	2e+11 0.516418
841	0.00841969	0	0	7500	2e+11 0.516418
842	0.00842969	0	0	7500	2e+11 0.516418
843	0.00843969	0	0	7500	2e+11 0.516418
844	0.00844969	0	0	7500	2e+11 0.516418
845	0.00845969	0	0	7500	2e+11 0.516466
846	0.00846968	0	0	7500	2e+11 0.516466
847	0.00847969	0	0	7500	2e+11 0.516322
848	0.00848969	-4.61563e-32	-8.93814e-36	7500	2e+11 0.516322
849	0.00849969	-3.68484e-30	-7.13566e-34	7500	2e+11 0.51637
850	0.00850969	-1.37796e-28	-2.66841e-32	7500	2e+11 0.51637
851	0.00851969	-3.25047e-27	-6.29451e-31	7500	2e+11 0.51661
852	0.00852969	-5.45857e-26	-1.05705e-29	7500	2e+11 0.51661
853	0.00853969	-6.80692e-25	-1.31815e-28	7500	2e+11 0.51661
854	0.00854969	-6.56574e-24	-1.27145e-27	7500	2e+11 0.51661
855	0.00855969	-2.52988e-23	-4.89909e-27	7500	2e+11 0.516466
856	0.00856969	-1.16261e-22	-2.25138e-26	7500	2e+11 0.516466
857	0.00857969	-3.96887e-22	-7.68568e-26	7500	2e+11 0.51637
858	0.00858969	-2.14628e-21	-4.15626e-25	7500	2e+11 0.516466
859	0.00859969	-7.10272e-21	-1.37544e-24	7500	2e+11 0.516466
860	0.00860969	-2.07634e-20	-4.02081e-24	7500	2e+11 0.51637
861	0.00861969	-8.06863e-20	-1.56248e-23	7500	2e+11 0.516466
862	0.00862969	-2.59203e-19	-5.01944e-23	7500	2e+11 0.516466
863	0.00863969	-8.10308e-19	-1.56915e-22	7500	2e+11 0.516418
864	0.00864969	-2.46405e-18	-4.77162e-22	7500	2e+11 0.51637
865	0.00865969	-5.74476e-18	-1.11247e-21	7500	2e+11 0.51637
866	0.00866969	-2.25123e-17	-4.35949e-21	7500	2e+11 0.516418
867	0.00867969	-7.00734e-17	-1.35696e-20	7500	2e+11 0.516418
868	0.00868969	-2.22873e-16	-4.31591e-20	7500	2e+11 0.516418
869	0.00869969	-6.37561e-16	-1.23463e-19	7500	2e+11 0.516466
870	0.00870969	-1.82586e-15	-3.53577e-19	7500	2e+11 0.516466
871	0.00871969	-4.85429e-15	-9.40029e-19	7500	2e+11 0.51637
872	0.00872969	-1.40795e-14	-2.72648e-18	7500	2e+11 0.516466
873	0.00873969	-3.81778e-14	-7.39309e-18	7500	2e+11 0.51661
874	0.00874969	-1.28907e-13	-2.49627e-17	7500	2e+11 0.51661
875	0.00875969	-3.07814e-13	-5.9608e-17	7500	2e+11 0.51637
876	0.00876969	-9.9777e-13	-1.93217e-16	7500	2e+11 0.51637
877	0.00877969	-2.55407e-12	-4.94593e-16	7500	2e+11 0.51661
878	0.00878969	-6.79687e-12	-1.31621e-15	7500	2e+11 0.51661
879	0.00879969	-1.97088e-11	-3.81659e-15	7500	2e+11 0.516322
880	0.00880969	-4.89532e-11	-9.47975e-15	7500	2e+11 0.516322
881	0.0088197	-9.80776e-11	-1.89927e-14	7500	2e+11 0.516274
882	0.0088297	-2.77807e-10	-5.3797e-14	7500	2e+11 0.516707
883	0.00883969	-7.67642e-10	-1.48653e-13	7500	2e+11 0.516707
884	0.00884969	-2.38551e-09	-4.61951e-13	7500	2e+11 0.516418
885	0.00885969	-6.50225e-09	-1.25916e-12	7500	2e+11 0.516418
886	0.00886969	-1.54539e-08	-2.99263e-12	7500	2e+11 0.51637
887	0.00887969	-5.29194e-08	-1.02478e-11	7500	2e+11 0.51637
888	0.0088897	-1.32547e-07	-2.56676e-11	7500	2e+11 0.516466
889	0.0088997	-4.05491e-07	-7.85231e-11	7500	2e+11 0.516466
890	0.0089097	-1.01254e-06	-1.96078e-10	7500	2e+11 0.516418
891	0.0089197	-2.62707e-06	-5.08731e-10	7500	2e+11 0.51637
892	0.0089297	-5.85136e-06	-1.13311e-09	7500	2e+11 0.516418
893	0.0089397	-2.04254e-05	-3.95536e-09	7500	2e+11 0.516562
894	0.00894969	-6.17204e-05	-1.19521e-08	7500	2e+11 0.516562
895	0.0089597	-0.000148438	-2.87449e-08	7500	2e+11 0.51637
896	0.0089697	-0.000503202	-9.74446e-08	7500	2e+11 0.51637
897	0.0089797	-0.00112859	-2.1855e-07	7500	2e+11 0.516322
898	0.0089897	-0.00344054	-6.66257e-07	7500	2e+11 0.51637
899	0.0089997	-0.0107397	-2.07973e-06	7500	2e+11 0.516418
900	0.0090097	-0.0259329	-5.02188e-06	7500	2e+11 0.516418
901	0.0090197	-0.0700682	-1.35686e-05	7500	2e+11 0.51661
902	0.0090297	-0.181494	-3.51462e-05	7500	2e+11 0.51661
903	0.0090397	-0.470833	-9.11764e-05	7500	2e+11 0.516514
904	0.00904969	-1.63923	-0.000317436	7500	2e+11 0.516803
905	0.00905969	-4.08931	-0.000791891	7500	2e+11 0.516803
906	0.00906968	-7.62346	-0.00147628	7500	2e+11 0.51714
907	0.00907967	-11.9366	-0.00231151	7500	2e+11 0.517575
908	0.00908964	-16.7102	-0.00323592	7500	2e+11 0.518252
909	0.00909961	-21.6363	-0.00418985	7500	2e+11 0.518591
910	0.00910957	-26.4207	-0.00511634	7500	2e+11 0.51932
911	0.00911951	-30.8136	-0.00596703	7500	2e+11 0.519417
912	0.00912945	-34.7035	-0.0067203	7500	2e+11 0.519904
913	0.00913938	-38.0464	-0.00736765	7500	2e+11 0.520246
914	0.00914931	-40.8377	-0.00790819	7500	2e+11 0.520441
915	0.00915923	-43.0857	-0.00834351	7500	2e+11 0.520881
916	0.00916915	-44.8603	-0.00868717	7500	2e+11 0.520881
917	0.00917906	-46.2387	-0.00895409	7500	2e+11 0.52093
918	0.00918898	-47.2851	-0.00915672	7500	2e+11 0.521273
919	0.00919888	-48.0675	-0.00930822	7500	2e+11 0.521322
920	0.00920879	-48.6415	-0.00941938	7500	2e+11 0.521322
921	0.00921869	-49.057	-0.00949984	7500	2e+11 0.521371
922	0.0092286	-49.3553	-0.00955761	7500	2e+11 0.521567
923	0.0092385	-49.5647	-0.00959817	7500	2e+11 0.521567
924	0.00924841	-49.7096	-0.00962623	7500	2e+11 0.521322
925	0.00925831	-49.8076	-0.00964519	7500	2e+11 0.52142
926	0.00926822	-49.8734	-0.00965794	7500	2e+11 0.52142
927	0.00927812	-49.9171	-0.00966641	7500	2e+11 0.521371
928	0.00928803	-49.9465	-0.0096721	7500	2e+11 0.521567
929	0.00929793	-49.9655	-0.00967577	7500	2e+11 0.521567
930	0.00930784	-49.9775	-0.0096781	7500	2e+11 0.52142
931	0.00931774	-49.9852	-0.00967958	7500	2e+11 0.521518
932	0.00932764	-49.99	-0.00968052	7500	2e+11 0.521518
933	0.00933755	-49.993	-0.00968109	7500	2e+11 0.521616
934	0.00934745	-49.9948	-0.00968145	7500	2e+11 0.521616
935	0.00935735	-49.9959	-0.00968166	7500	2e+11 0.521469
936	0.00936726	-49.9966	-0.00968179	7500	2e+11 0.521469
937	0.00937716	-49.9969	-0.00968186	7500	2e+11 0.521469
938	0.00938706	-49.9971	-0.00968191	7500	2e+11 0.521469
939	0.00939696	-49.9973	-0.00968193	7500	2e+11 0.52142
940	0.00940687	-49.9973	-0.00968194	7500	2e+11 0.52142
941	0.00941677	-49.9974	-0.00968195	7500	2e+11 0.521518
942	0.00942668	-49.9974	-0.00968195	7500	2e+11 0.521518
943	0.00943658	-49.9974	-0.00968195	7500	2e+11 0.521567
944	0.00944648	-49.9974	-0.00968195	7500	2e+11 0.521567
945	0.00945638	-49.9974	-0.00968195	7500	2e+11 0.52142
946	0.00946629	-49.9974	-0.00968195	7500	2e+11 0.521322
947	0.0094762	-49.9974	-0.00968195	7500	2e+11 0.521665
948	0.0094861	-49.9974	-0.00968195	7500	2e+11 0.521665
949	0.009496	-49.9974	-0.00968195	7500	2e+11 0.521322
950	0.00950591	-49.9974	-0.00968195	7500	2e+11 0.52142
951	0.00951581	-49.9974	-0.00968195	7500	2e+11 0.521567
952	0.00952571	-49.9974	-0.00968195	7500	2e+11 0.521567
953	0.00953562	-49.9973	-0.00968195	7500	2e+11 0.521518
954	0.00954552	-49.9973	-0.00968195	7500	2e+11 0.521763
955	0.00955542	-49.9973	-0.00968196	7500	2e+11 0.521763
956	0.00956533	-49.9973	-0.00968197	7500	2e+11 0.521665
957	0.00957523	-49.9972	-0.00968199	7500	2e+11 0.521665
958	0.00958513	-49.9971	-0.00968202	7500	2e+11 0.52142
959	0.00959504	-49.9969	-0.00968206	7500	2e+11 0.521665
960	0.00960494	-49.9966	-0.00968212	7500	2e+11 0.521665
961	0.00961485	-49.996	-0.00968224	7500	2e+11 0.521469
962	0.00962475	-49.995	-0.00968242	7500	2e+11 0.521469
963	0.00963465	-49.9934	-0.00968273	7500	2e+11 0.521469
964	0.00964456	-49.9909	-0.00968322	7500	2e+11 0.521665
965	0.00965446	-49.9868	-0.00968399	7500	2e+11 0.521665
966	0.00966437	-49.9805	-0.00968522	7500	2e+11 0.521616
967	0.00967427	-49.9707	-0.00968712	7500	2e+11 0.521616
968	0.00968417	-49.9559	-0.00968998	7500	2e+11 0.521616
969	0.00969407	-49.9336	-0.0096943	7500	2e+11 0.521616
970	0.00970398	-49.9001	-0.00970079	7500	2e+11 0.52142
971	0.00971389	-49.8508	-0.00971034	7500	2e+11 0.521812
972	0.00972378	-49.7794	-0.00972415	7500	2e+11 0.521812
973	0.00973368	-49.677	-0.00974399	7500	2e+11 0.521567
974	0.00974359	-49.532	-0.00977207	7500	2e+11 0.521812
975	0.00975349	-49.3334	-0.00981052	7500	2e+11 0.521812
976	0.00976339	-49.0635	-0.0098628	7500	2e+11 0.521763
977	0.00977329	-48.6965	-0.00993386	7500	2e+11 0.521763
978	0.00978319	-48.2065	-0.0100288	7500	2e+11 0.521763
979	0.00979309	-47.5659	-0.0101528	7500	2e+11 0.521763
980	0.00980299	-46.7496	-0.0103109	7500	2e+11 0.521763
981	0.00981288	-45.7184	-0.0105106	7500	2e+11 0.52196
982	0.00982278	-44.4395	-0.0107582	7500	2e+11 0.522206
983	0.00983267	-42.8777	-0.0110607	7500	2e+11 0.522599
984	0.00984255	-41.0198	-0.0114204	7500	2e+11 0.522599
985	0.00985243	-38.8472	-0.0118412	7500	2e+11 0.522649
986	0.00986231	-36.3322	-0.0123282	7500	2e+11 0.523092
987	0.00987218	-33.4975	-0.0128771	7500	2e+11 0.523438
988	0.00988205	-30.3671	-0.0134833	7500	2e+11 0.523933
989	0.00989191	-26.9839	-0.0141385	7500	2e+11 0.523933
990	0.00990177	-23.4037	-0.0148318	7500	2e+11 0.524478
991	0.00991162	-19.7175	-0.0155456	7500	2e+11 0.524627
992	0.00992146	-16.0383	-0.0162581	7500	2e+11 0.525322
993	0.00993129	-12.4787	-0.0169474	7500	2e+11 0.525621
994	0.00994112	-9.14136	-0.0175936	7500	2e+11 0.525721
995	0.00995094	-6.15217	-0.0181723	7500	2e+11 0.52612
996	0.00996075	-3.66083	-0.0186543	7500	2e+11 0.52617
997	0.00997057	-1.80777	-0.0190123	7500	2e+11 0.52642
998	0.00998038	-0.631696	-0.0192364	7500	2e+11 0.52642
999	0.00999019	-0.200708	-0.0193118	7500	2e+11 0.52642
1000	0.01	0	-0.019335	7500	2e+11 0.52642
