0	0	0	0	7500	2e+11 0.516398
1	1e-05	0	0	7500	2e+11 0.516398
2	2e-05	0	0	7500	2e+11 0.516398
3	3e-05	0	0	7500	2e+11 0.516398
4	4e-05	0	0	7500	2e+11 0.516398
5	5e-05	0	0	7500	2e+11 0.516398
6	6e-05	0	0	7500	2e+11 0.516398
7	7e-05	0	0	7500	2e+11 0.516398
8	8e-05	0	0	7500	2e+11 0.516398
9	9e-05	0	0	7500	2e+11 0.516398
10	0.0001	0	0	7500	2e+11 0.516398
11	0.00011	0	0	7500	2e+11 0.516398
12	0.00012	0	0	7500	2e+11 0.516398
13	0.00013	0	0	7500	2e+11 0.516398
14	0.00014	0	0	7500	2e+11 0.516398
15	0.00015	0	0	7500	2e+11 0.516398
16	0.00016	0	0	7500	2e+11 0.516398
17	0.00017	0	0	7500	2e+11 0.516398
18	0.00018	0	0	7500	2e+11 0.516398
19	0.00019	0	0	7500	2e+11 0.516398
20	0.0002	0	0	7500	2e+11 0.516398
21	0.00021	0	0	7500	2e+11 0.516398
22	0.00022	0	0	7500	2e+11 0.516398
23	0.00023	0	0	7500	2e+11 0.516398
24	0.00024	0	0	7500	2e+11 0.516398
25	0.00025	0	0	7500	2e+11 0.516398
26	0.00026	0	0	7500	2e+11 0.516398
27	0.00027	0	0	7500	2e+11 0.516398
28	0.00028	0	0	7500	2e+11 0.516398
29	0.00029	0	0	7500	2e+11 0.516398
30	0.0003	0	0	7500	2e+11 0.516398
31	0.00031	0	0	7500	2e+11 0.516398
32	0.00032	0	0	7500	2e+11 0.516398
33	0.00033	0	0	7500	2e+11 0.516398
34	0.00034	0	0	7500	2e+11 0.516398
35	0.00035	0	0	7500	2e+11 0.516398
36	0.00036	0	0	7500	2e+11 0.516398
37	0.00037	0	0	7500	2e+11 0.516398
38	0.00038	0	0	7500	2e+11 0.516398
39	0.00039	0	0	7500	2e+11 0.516398
40	0.0004	0	0	7500	2e+11 0.516398
41	0.00041	0	0	7500	2e+11 0.516398
42	0.00042	0	0	7500	2e+11 0.516398
43	0.00043	0	0	7500	2e+11 0.516398
44	0.00044	0	0	7500	2e+11 0.516398
45	0.00045	0	0	7500	2e+11 0.516398
46	0.00046	0	0	7500	2e+11 0.516398
47	0.00047	0	0	7500	2e+11 0.516398
48	0.00048	0	0	7500	2e+11 0.516398
49	0.00049	0	0	7500	2e+11 0.5164
50	0.0005	0	0	7500	2e+11 0.5164
51	0.00051	0	0	7500	2e+11 0.516397
52	0.00052	0	0	7500	2e+11 0.5164
53	0.00053	0	0	7500	2e+11 0.5164
54	0.00054	0	0	7500	2e+11 0.516397
55	0.00055	0	0	7500	2e+11 0.5164
56	0.00056	0	0	7500	2e+11 0.5164
57	0.00057	0	0	7500	2e+11 0.516397
58	0.00058	0	0	7500	2e+11 0.516397
59	0.00059	0	0	7500	2e+11 0.5164
60	0.0006	0	0	7500	2e+11 0.5164
61	0.00061	0	0	7500	2e+11 0.516397
62	0.00062	0	0	7500	2e+11 0.5164
63	0.00063	0	0	7500	2e+11 0.5164
64	0.00064	0	0	7500	2e+11 0.516397
65	0.00065	0	0	7500	2e+11 0.5164
66	0.00066	0	0	7500	2e+11 0.5164
67	0.00067	0	0	7500	2e+11 0.516397
68	0.00068	0	0	7500	2e+11 0.5164
69	0.00069	0	0	7500	2e+11 0.5164
70	0.0007	0	0	7500	2e+11 0.516397
71	0.00071	0	0	7500	2e+11 0.516397
72	0.00072	0	0	7500	2e+11 0.5164
73	0.00073	0	0	7500	2e+11 0.5164
74	0.00074	0	0	7500	2e+11 0.516397
75	0.00075	0	0	7500	2e+11 0.5164
76	0.00076	0	0	7500	2e+11 0.5164
77	0.00077	0	0	7500	2e+11 0.516397
78	0.00078	0	0	7500	2e+11 0.5164
79	0.00079	0	0	7500	2e+11 0.5164
80	0.0008	0	0	7500	2e+11 0.516397
81	0.00081	0	0	7500	2e+11 0.5164
82	0.00082	0	0	7500	2e+11 0.5164
83	0.00083	0	0	7500	2e+11 0.516397
84	0.00084	0	0	7500	2e+11 0.5164
85	0.00085	0	0	7500	2e+11 0.5164
86	0.00086	0	0	7500	2e+11 0.516397
87	0.00087	0	0	7500	2e+11 0.5164
88	0.00088	0	0	7500	2e+11 0.5164
89	0.00089	0	0	7500	2e+11 0.516397
90	0.0009	0	0	7500	2e+11 0.516397
91	0.00091	0	0	7500	2e+11 0.5164
92	0.00092	0	0	7500	2e+11 0.5164
93	0.00093	0	0	7500	2e+11 0.516397
94	0.00094	0	0	7500	2e+11 0.5164
95	0.00095	0	0	7500	2e+11 0.5164
96	0.00096	0	0	7500	2e+11 0.516397
97	0.00097	0	0	7500	2e+11 0.516397
98	0.00098	0	0	7500	2e+11 0.5164
99	0.00099	0	0	7500	2e+11 0.5164
100	0.001	0	0	7500	2e+11 0.5164
101	0.00101	0	0	7500	2e+11 0.5164
102	0.00102	0	0	7500	2e+11 0.5164
103	0.00103	0	0	7500	2e+11 0.5164
104	0.00104	0	0	7500	2e+11 0.5164
105	0.00105	0	0	7500	2e+11 0.5164
106	0.00106	0	0	7500	2e+11 0.5164
107	0.00107	0	0	7500	2e+11 0.5164
108	0.00108	0	0	7500	2e+11 0.5164
109	0.00109	0	0	7500	2e+11 0.5164
110	0.0011	0	0	7500	2e+11 0.5164
111	0.00111	0	0	7500	2e+11 0.5164
112	0.00112	0	0	7500	2e+11 0.5164
113	0.00113	0	0	7500	2e+11 0.5164
114	0.00114	0	0	7500	2e+11 0.5164
115	0.00115	0	0	7500	2e+11 0.5164
116	0.00116	0	0	7500	2e+11 0.5164
117	0.00117	0	0	7500	2e+11 0.5164
118	0.00118	0	0	7500	2e+11 0.5164
119	0.00119	0	0	7500	2e+11 0.5164
120	0.0012	0	0	7500	2e+11 0.5164
121	0.00121	0	0	7500	2e+11 0.5164
122	0.00122	0	0	7500	2e+11 0.5164
123	0.00123	0	0	7500	2e+11 0.5164
124	0.00124	0	0	7500	2e+11 0.5164
125	0.00125	0	0	7500	2e+11 0.5164
126	0.00126	0	0	7500	2e+11 0.5164
127	0.00127	0	0	7500	2e+11 0.5164
128	0.00128	0	0	7500	2e+11 0.5164
129	0.00129	0	0	7500	2e+11 0.5164
130	0.0013	0	0	7500	2e+11 0.5164
131	0.00131	0	0	7500	2e+11 0.5164
132	0.00132	0	0	7500	2e+11 0.5164
133	0.00133	0	0	7500	2e+11 0.5164
134	0.00134	0	0	7500	2e+11 0.5164
135	0.00135	0	0	7500	2e+11 0.5164
136	0.00136	0	0	7500	2e+11 0.5164
137	0.00137	0	0	7500	2e+11 0.5164
138	0.00138	0	0	7500	2e+11 0.5164
139	0.00139	0	0	7500	2e+11 0.5164
140	0.0014	0	0	7500	2e+11 0.5164
141	0.00141	0	0	7500	2e+11 0.5164
142	0.00142	0	0	7500	2e+11 0.5164
143	0.00143	0	0	7500	2e+11 0.5164
144	0.00144	0	0	7500	2e+11 0.5164
145	0.00145	0	0	7500	2e+11 0.5164
146	0.00146	0	0	7500	2e+11 0.5164
147	0.00147	0	0	7500	2e+11 0.5164
148	0.00148	0	0	7500	2e+11 0.5164
149	0.00149	0	0	7500	2e+11 0.5164
150	0.0015	0	0	7500	2e+11 0.5164
151	0.00151	0	0	7500	2e+11 0.5164
152	0.00152	0	0	7500	2e+11 0.5164
153	0.00153	0	0	7500	2e+11 0.5164
154	0.00154	0	0	7500	2e+11 0.5164
155	0.00155	0	0	7500	2e+11 0.5164
156	0.00156	0	0	7500	2e+11 0.5164
157	0.00157	1.00222e-38	1.9408e-42	7500	2e+11 0.5164
158	0.00158	5.78106e-38	1.1195e-41	7500	2e+11 0.5164
159	0.00159	1.39313e-37	2.69778e-41	7500	2e+11 0.5164
160	0.0016	2.47321e-37	4.78936e-41	7500	2e+11 0.5164
161	0.00161	3.69426e-37	7.15391e-41	7500	2e+11 0.5164
162	0.00162	4.88448e-37	9.45876e-41	7500	2e+11 0.5164
163	0.00163	5.8857e-37	1.13976e-40	7500	2e+11 0.5164
164	0.00164	6.6099e-37	1.28e-40	7500	2e+11 0.5164
165	0.00165	7.04755e-37	1.36475e-40	7500	2e+11 0.5164
166	0.00166	7.23627e-37	1.4013e-40	7500	2e+11 0.5164
167	0.00167	7.2362e-37	1.40128e-40	7500	2e+11 0.5164
168	0.00168	4.48105e-36	8.67751e-40	7500	2e+11 0.5164
169	0.00169	1.46651e-35	2.83988e-39	7500	2e+11 0.5164
170	0.0017	5.64425e-35	1.093e-38	7500	2e+11 0.5164
171	0.00171	1.46535e-34	2.83765e-38	7500	2e+11 0.5164
172	0.00172	4.26218e-34	8.25368e-38	7500	2e+11 0.5164
173	0.00173	1.05777e-33	2.04836e-37	7500	2e+11 0.5164
174	0.00174	4.1985e-33	8.13037e-37	7500	2e+11 0.5164
175	0.00175	1.05453e-32	2.04209e-36	7500	2e+11 0.5164
176	0.00176	3.35652e-32	6.49987e-36	7500	2e+11 0.5164
177	0.00177	7.74859e-32	1.50051e-35	7500	2e+11 0.5164
178	0.00178	2.36718e-31	4.58402e-35	7500	2e+11 0.5164
179	0.00179	6.05929e-31	1.17338e-34	7500	2e+11 0.5164
180	0.0018	1.99517e-30	3.86364e-34	7500	2e+11 0.5164
181	0.00181	5.17702e-30	1.00253e-33	7500	2e+11 0.5164
182	0.00182	1.4313e-29	2.77169e-33	7500	2e+11 0.5164
183	0.00183	3.41743e-29	6.61783e-33	7500	2e+11 0.5164
184	0.00184	1.28439e-28	2.48721e-32	7500	2e+11 0.5164
185	0.00185	3.68329e-28	7.13267e-32	7500	2e+11 0.5164
186	0.00186	1.09218e-27	2.115e-31	7500	2e+11 0.5164
187	0.00187	2.38132e-27	4.6114e-31	7500	2e+11 0.5164
188	0.00188	8.51828e-27	1.64956e-30	7500	2e+11 0.5164
189	0.00189	2.47441e-26	4.79167e-30	7500	2e+11 0.5164
190	0.0019	5.54335e-26	1.07347e-29	7500	2e+11 0.5164
191	0.00191	1.77745e-25	3.44201e-29	7500	2e+11 0.5164
192	0.00192	4.5849e-25	8.87861e-29	7500	2e+11 0.5164
193	0.00193	1.26859e-24	2.45662e-28	7500	2e+11 0.5164
194	0.00194	2.62003e-24	5.07368e-28	7500	2e+11 0.5164
195	0.00195	8.34969e-24	1.61691e-27	7500	2e+11 0.5164
196	0.00196	2.33758e-23	4.52671e-27	7500	2e+11 0.516406
197	0.00197	5.27193e-23	1.0209e-26	7500	2e+11 0.516406
198	0.00198	1.8185e-22	3.52151e-26	7500	2e+11 0.516394
199	0.00199	5.28452e-22	1.02334e-25	7500	2e+11 0.516406
200	0.002	1.31052e-21	2.53781e-25	7500	2e+11 0.516406
201	0.00201	3.72041e-21	7.20454e-25	7500	2e+11 0.516394
202	0.00202	9.11346e-21	1.76481e-24	7500	2e+11 0.516406
203	0.00203	2.55115e-20	4.94027e-24	7500	2e+11 0.516406
204	0.00204	8.67517e-20	1.67994e-23	7500	2e+11 0.516394
205	0.00205	2.32315e-19	4.49876e-23	7500	2e+11 0.516406
206	0.00206	7.79464e-19	1.50943e-22	7500	2e+11 0.516406
207	0.00207	2.14217e-18	4.1483e-22	7500	2e+11 0.516394
208	0.00208	6.47456e-18	1.25379e-21	7500	2e+11 0.516406
209	0.00209	1.60223e-17	3.1027e-21	7500	2e+11 0.516406
210	0.0021	4.75873e-17	9.21525e-21	7500	2e+11 0.516394
211	0.00211	1.23732e-16	2.39605e-20	7500	2e+11 0.516406
212	0.00212	3.76887e-16	7.29839e-20	7500	2e+11 0.516406
213	0.00213	8.45439e-16	1.63719e-19	7500	2e+11 0.516394
214	0.00214	2.30185e-15	4.45751e-19	7500	2e+11 0.516406
215	0.00215	6.45757e-15	1.2505e-18	7500	2e+11 0.516406
216	0.00216	1.6023e-14	3.10284e-18	7500	2e+11 0.516394
217	0.00217	4.74835e-14	9.19514e-18	7500	2e+11 0.516406
218	0.00218	1.3106e-13	2.53797e-17	7500	2e+11 0.516406
219	0.00219	3.39134e-13	6.5673e-17	7500	2e+11 0.516394
220	0.0022	9.68933e-13	1.87633e-16	7500	2e+11 0.516406
221	0.00221	2.74595e-12	5.3175e-16	7500	2e+11 0.516406
222	0.00222	6.71317e-12	1.3e-15	7500	2e+11 0.516394
223	0.00223	2.00793e-11	3.88834e-15	7500	2e+11 0.516406
224	0.00224	5.7556e-11	1.11457e-14	7500	2e+11 0.516406
225	0.00225	1.55025e-10	3.00205e-14	7500	2e+11 0.516394
226	0.00226	3.99707e-10	7.74029e-14	7500	2e+11 0.516394
227	0.00227	1.03449e-09	2.00328e-13	7500	2e+11 0.516406
228	0.00228	2.47642e-09	4.79556e-13	7500	2e+11 0.516406
229	0.00229	7.58931e-09	1.46966e-12	7500	2e+11 0.516394
230	0.0023	2.06048e-08	3.9901e-12	7500	2e+11 0.516406
231	0.00231	6.62259e-08	1.28246e-11	7500	2e+11 0.516406
232	0.00232	1.78644e-07	3.45943e-11	7500	2e+11 0.516394
233	0.00233	4.39941e-07	8.51942e-11	7500	2e+11 0.516406
234	0.00234	1.14469e-06	2.21669e-10	7500	2e+11 0.516406
235	0.00235	3.50182e-06	6.78124e-10	7500	2e+11 0.516394
236	0.00236	8.62115e-06	1.66948e-09	7500	2e+11 0.516406
237	0.00237	2.81359e-05	5.4485e-09	7500	2e+11 0.516406
238	0.00238	8.67539e-05	1.67998e-08	7500	2e+11 0.516394
239	0.00239	0.0002245	4.34742e-08	7500	2e+11 0.516406
240	0.0024	0.000596964	1.15602e-07	7500	2e+11 0.516406
241	0.00241	0.00166351	3.22137e-07	7500	2e+11 0.516394
242	0.00242	0.00492702	9.54114e-07	7500	2e+11 0.516406
243	0.00243	0.0138786	2.68757e-06	7500	2e+11 0.516406
244	0.00244	0.0315736	6.1142e-06	7500	2e+11 0.516394
245	0.00245	0.0847185	1.64057e-05	7500	2e+11 0.516394
246	0.00246	0.238198	4.61269e-05	7500	2e+11 0.516394
247	0.00247	0.798671	0.000154662	7500	2e+11 0.516358
248	0.00248	1.989	0.000385168	7500	2e+11 0.516286
249	0.00249001	3.80302	0.000736451	7500	2e+11 0.516177
250	0.00250002	6.15527	0.00119196	7500	2e+11 0.515949
251	0.00251003	8.94317	0.00173184	7500	2e+11 0.515709
252	0.00252005	12.0579	0.002335	7500	2e+11 0.515446
253	0.00253007	15.3899	0.00298025	7500	2e+11 0.515134
254	0.0025401	18.8349	0.00364737	7500	2e+11 0.514752
255	0.00255014	22.295	0.00431741	7500	2e+11 0.514513
256	0.00256019	25.6864	0.00497416	7500	2e+11 0.514048
257	0.00257024	28.9362	0.00560348	7500	2e+11 0.513798
258	0.00258029	31.9877	0.0061944	7500	2e+11 0.513453
259	0.00259036	34.7982	0.00673864	7500	2e+11 0.513144
260	0.00260043	37.3382	0.00723051	7500	2e+11 0.512871
261	0.0026105	39.5926	0.00766708	7500	2e+11 0.512622
262	0.00262058	41.558	0.00804768	7500	2e+11 0.512445
263	0.00263066	43.2429	0.00837395	7500	2e+11 0.512196
264	0.00264074	44.6623	0.00864882	7500	2e+11 0.51209
265	0.00265083	45.8383	0.00887655	7500	2e+11 0.511936
266	0.00266092	46.7981	0.00906242	7500	2e+11 0.511782
267	0.00267101	47.5688	0.00921165	7500	2e+11 0.511747
268	0.0026811	48.1775	0.00932954	7500	2e+11 0.5117
269	0.0026912	48.6516	0.00942135	7500	2e+11 0.51157
270	0.00270129	49.0152	0.00949175	7500	2e+11 0.511535
271	0.00271139	49.2896	0.0095449	7500	2e+11 0.511535
272	0.00272148	49.494	0.00958447	7500	2e+11 0.511535
273	0.00273158	49.644	0.00961352	7500	2e+11 0.511464
274	0.00274168	49.7526	0.00963454	7500	2e+11 0.511464
275	0.00275177	49.8303	0.0096496	7500	2e+11 0.511464
276	0.00276187	49.8853	0.00966024	7500	2e+11 0.511428
277	0.00277197	49.9236	0.00966766	7500	2e+11 0.51144
278	0.00278206	49.95	0.00967277	7500	2e+11 0.51144
279	0.00279216	49.9679	0.00967625	7500	2e+11 0.51144
280	0.00280226	49.98	0.00967859	7500	2e+11 0.51144
281	0.00281236	49.9881	0.00968015	7500	2e+11 0.511428
282	0.00282245	49.9934	0.00968118	7500	2e+11 0.51144
283	0.00283255	49.9969	0.00968185	7500	2e+11 0.51144
284	0.00284265	49.9991	0.00968228	7500	2e+11 0.511476
285	0.00285274	50.0005	0.00968256	7500	2e+11 0.511476
286	0.00286284	50.0014	0.00968273	7500	2e+11 0.511417
287	0.00287294	50.002	0.00968284	7500	2e+11 0.511428
288	0.00288304	50.0023	0.0096829	7500	2e+11 0.51144
289	0.00289313	50.0025	0.00968294	7500	2e+11 0.51144
290	0.00290323	50.0025	0.00968295	7500	2e+11 0.51144
291	0.00291333	50.0026	0.00968296	7500	2e+11 0.51144
292	0.00292342	50.0026	0.00968296	7500	2e+11 0.51144
293	0.00293352	50.0026	0.00968296	7500	2e+11 0.51144
294	0.00294362	50.0026	0.00968296	7500	2e+11 0.511464
295	0.00295372	50.0026	0.00968296	7500	2e+11 0.511464
296	0.00296381	50.0026	0.00968296	7500	2e+11 0.511476
297	0.00297391	50.0026	0.00968296	7500	2e+11 0.511476
298	0.00298401	50.0026	0.00968296	7500	2e+11 0.511452
299	0.0029941	50.0026	0.00968296	7500	2e+11 0.511452
300	0.0030042	50.0026	0.00968296	7500	2e+11 0.511487
301	0.0030143	50.0026	0.00968296	7500	2e+11 0.511487
302	0.0030244	50.0026	0.00968296	7500	2e+11 0.511428
303	0.00303449	50.0026	0.00968296	7500	2e+11 0.51144
304	0.00304459	50.0026	0.00968296	7500	2e+11 0.51144
305	0.00305469	50.0026	0.00968296	7500	2e+11 0.511464
306	0.00306478	50.0026	0.00968296	7500	2e+11 0.511464
307	0.00307488	50.0026	0.00968296	7500	2e+11 0.511417
308	0.00308498	50.0026	0.00968296	7500	2e+11 0.51144
309	0.00309508	50.0026	0.00968296	7500	2e+11 0.51144
310	0.00310517	50.0026	0.00968296	7500	2e+11 0.511428
311	0.00311527	50.0026	0.00968296	7500	2e+11 0.511428
312	0.00312537	50.0026	0.00968296	7500	2e+11 0.511476
313	0.00313547	50.0026	0.00968296	7500	2e+11 0.511476
314	0.00314556	50.0026	0.00968296	7500	2e+11 0.511428
315	0.00315566	50.0026	0.00968296	7500	2e+11 0.511428
316	0.00316576	50.0026	0.00968296	7500	2e+11 0.511476
317	0.00317585	50.0026	0.00968296	7500	2e+11 0.511476
318	0.00318595	50.0026	0.00968296	7500	2e+11 0.511417
319	0.00319605	50.0026	0.00968296	7500	2e+11 0.511464
320	0.00320615	50.0026	0.00968296	7500	2e+11 0.511464
321	0.00321624	50.0026	0.00968295	7500	2e+11 0.511428
322	0.00322634	50.0025	0.00968295	7500	2e+11 0.51144
323	0.00323644	50.0025	0.00968295	7500	2e+11 0.51144
324	0.00324653	50.0025	0.00968295	7500	2e+11 0.511464
325	0.00325663	50.0025	0.00968295	7500	2e+11 0.511464
326	0.00326673	50.0025	0.00968295	7500	2e+11 0.51144
327	0.00327683	50.0025	0.00968295	7500	2e+11 0.511452
328	0.00328692	50.0025	0.00968295	7500	2e+11 0.511452
329	0.00329702	50.0025	0.00968295	7500	2e+11 0.511452
330	0.00330712	50.0025	0.00968295	7500	2e+11 0.511464
331	0.00331721	50.0025	0.00968295	7500	2e+11 0.511464
332	0.00332731	50.0025	0.00968295	7500	2e+11 0.511428
333	0.00333741	50.0025	0.00968294	7500	2e+11 0.511464
334	0.00334751	50.0025	0.00968294	7500	2e+11 0.511464
335	0.0033576	50.0025	0.00968294	7500	2e+11 0.511428
336	0.0033677	50.0025	0.00968294	7500	2e+11 0.51144
337	0.0033778	50.0025	0.00968294	7500	2e+11 0.51144
338	0.0033879	50.0025	0.00968293	7500	2e+11 0.511476
339	0.00339799	50.0024	0.00968293	7500	2e+11 0.511476
340	0.00340809	50.0023	0.00968291	7500	2e+11 0.511428
341	0.00341819	50.0021	0.00968287	7500	2e+11 0.511405
342	0.00342829	50.0015	0.00968276	7500	2e+11 0.511499
343	0.00343838	49.9992	0.00968231	7500	2e+11 0.511499
344	0.00344848	49.9947	0.00968144	7500	2e+11 0.511476
345	0.00345858	49.9786	0.00967832	7500	2e+11 0.511476
346	0.00346867	49.9335	0.00966959	7500	2e+11 0.511464
347	0.00347877	49.851	0.00965361	7500	2e+11 0.511464
348	0.00348887	49.4714	0.0095801	7500	2e+11 0.511535
349	0.00349896	48.6119	0.00941366	7500	2e+11 0.511582
350	0.00350906	46.5001	0.0090047	7500	2e+11 0.511865
351	0.00351914	43.3369	0.00839215	7500	2e+11 0.512172
352	0.00352923	39.3741	0.00762476	7500	2e+11 0.512587
353	0.0035393	34.9017	0.00675868	7500	2e+11 0.513014
354	0.00354937	30.2175	0.00585159	7500	2e+11 0.513501
355	0.00355942	25.5894	0.00495536	7500	2e+11 0.513988
356	0.00356947	21.2284	0.00411086	7500	2e+11 0.51437
357	0.00357951	17.2781	0.00334588	7500	2e+11 0.514692
358	0.00358954	13.815	0.00267527	7500	2e+11 0.515146
359	0.00359957	10.8618	0.00210338	7500	2e+11 0.515374
360	0.00360959	8.40929	0.00162845	7500	2e+11 0.515554
361	0.0036196	6.41663	0.00124257	7500	2e+11 0.515781
362	0.00362962	4.82774	0.000934888	7500	2e+11 0.515973
363	0.00363962	3.58346	0.000693935	7500	2e+11 0.516081
364	0.00364963	2.62714	0.000508743	7500	2e+11 0.516105
365	0.00365964	1.90312	0.000368537	7500	2e+11 0.51625
366	0.00366964	1.3629	0.000263924	7500	2e+11 0.51625
367	0.00367964	0.964812	0.000186835	7500	2e+11 0.516418
368	0.00368964	0.67552	0.000130814	7500	2e+11 0.516418
369	0.00369964	0.467757	9.05807e-05	7500	2e+11 0.516322
370	0.00370965	0.320664	6.20964e-05	7500	2e+11 0.516406
371	0.00371965	0.217554	4.21291e-05	7500	2e+11 0.516406
372	0.00372965	0.146092	2.82905e-05	7500	2e+11 0.516382
373	0.00373965	0.0971115	1.88056e-05	7500	2e+11 0.516358
374	0.00374965	0.0639087	1.23759e-05	7500	2e+11 0.516442
375	0.00375965	0.0416238	8.06041e-06	7500	2e+11 0.516442
376	0.00376965	0.0268364	5.19684e-06	7500	2e+11 0.516442
377	0.00377965	0.0171295	3.31711e-06	7500	2e+11 0.516442
378	0.00378965	0.010826	2.09644e-06	7500	2e+11 0.516394
379	0.00379965	0.00678029	1.313e-06	7500	2e+11 0.516442
380	0.00380965	0.00420827	8.14928e-07	7500	2e+11 0.516442
381	0.00381965	0.00258536	5.00653e-07	7500	2e+11 0.516454
382	0.00382965	0.00157359	3.04724e-07	7500	2e+11 0.516454
383	0.00383965	0.000948392	1.83655e-07	7500	2e+11 0.516394
384	0.00384965	0.000566777	1.09756e-07	7500	2e+11 0.516442
385	0.00385965	0.000335674	6.50029e-08	7500	2e+11 0.516442
386	0.00386965	0.000196919	3.81331e-08	7500	2e+11 0.516394
387	0.00387965	0.000114468	2.21666e-08	7500	2e+11 0.516394
388	0.00388965	6.59476e-05	1.27707e-08	7500	2e+11 0.516382
389	0.00389965	3.767e-05	7.29477e-09	7500	2e+11 0.516947
390	0.00390964	2.13195e-05	4.1285e-09	7500	2e+11 0.517551
391	0.00391962	1.19662e-05	2.31725e-09	7500	2e+11 0.517551
392	0.00392961	6.65364e-06	1.28847e-09	7500	2e+11 0.516514
393	0.00393962	3.66794e-06	7.10294e-10	7500	2e+11 0.51649
394	0.00394961	2.00732e-06	3.88716e-10	7500	2e+11 0.51649
395	0.00395962	1.0903e-06	2.11137e-10	7500	2e+11 0.51637
396	0.00396962	5.85585e-07	1.13398e-10	7500	2e+11 0.51637
397	0.00397962	3.11532e-07	6.03278e-11	7500	2e+11 0.516466
398	0.00398962	1.64773e-07	3.19081e-11	7500	2e+11 0.516466
399	0.00399962	8.62313e-08	1.66986e-11	7500	2e+11 0.516466
400	0.00400962	4.48206e-08	8.67947e-12	7500	2e+11 0.51649
401	0.00401961	2.31019e-08	4.47366e-12	7500	2e+11 0.51649
402	0.00402961	1.18315e-08	2.29116e-12	7500	2e+11 0.51637
403	0.00403962	5.9993e-09	1.16176e-12	7500	2e+11 0.51649
404	0.00404961	3.01308e-09	5.8348e-13	7500	2e+11 0.51649
405	0.00405961	1.49932e-09	2.90343e-13	7500	2e+11 0.516442
406	0.00406962	7.41264e-10	1.43545e-13	7500	2e+11 0.516466
407	0.00407961	3.64166e-10	7.05204e-14	7500	2e+11 0.516466
408	0.00408961	1.77155e-10	3.4306e-14	7500	2e+11 0.516394
409	0.00409961	8.53458e-11	1.65271e-14	7500	2e+11 0.516394
410	0.00410962	4.09704e-11	7.93388e-15	7500	2e+11 0.516394
411	0.00411962	1.95558e-11	3.78696e-15	7500	2e+11 0.516394
412	0.00412962	9.26643e-12	1.79444e-15	7500	2e+11 0.516442
413	0.00413961	4.33998e-12	8.40433e-16	7500	2e+11 0.516442
414	0.00414962	2.01098e-12	3.89425e-16	7500	2e+11 0.516394
415	0.00415962	9.25203e-13	1.79165e-16	7500	2e+11 0.516394
416	0.00416962	4.22683e-13	8.18522e-17	7500	2e+11 0.516418
417	0.00417962	1.92185e-13	3.72165e-17	7500	2e+11 0.516514
418	0.00418961	8.68923e-14	1.68266e-17	7500	2e+11 0.516514
419	0.00419961	3.87805e-14	7.50981e-18	7500	2e+11 0.51637
420	0.00420962	1.71245e-14	3.31614e-18	7500	2e+11 0.516346
421	0.00421962	7.50915e-15	1.45414e-18	7500	2e+11 0.51649
422	0.00422961	3.27392e-15	6.33993e-19	7500	2e+11 0.51649
423	0.00423962	1.41311e-15	2.73647e-19	7500	2e+11 0.516394
424	0.00424962	6.07532e-16	1.17648e-19	7500	2e+11 0.516418
425	0.00425962	2.59402e-16	5.02331e-20	7500	2e+11 0.516418
426	0.00426962	1.0973e-16	2.12491e-20	7500	2e+11 0.516442
427	0.00427962	4.60893e-17	8.92515e-21	7500	2e+11 0.516442
428	0.00428962	1.92197e-17	3.72189e-21	7500	2e+11 0.516418
429	0.00429962	7.94001e-18	1.53758e-21	7500	2e+11 0.516394
430	0.00430962	3.27367e-18	6.33943e-22	7500	2e+11 0.516562
431	0.00431961	1.33727e-18	2.58962e-22	7500	2e+11 0.516562
432	0.00432961	5.3963e-19	1.04499e-22	7500	2e+11 0.51637
433	0.00433961	2.16693e-19	4.19624e-23	7500	2e+11 0.51637
434	0.00434962	8.6397e-20	1.67307e-23	7500	2e+11 0.516394
435	0.00435962	3.42094e-20	6.62462e-24	7500	2e+11 0.516394
436	0.00436962	1.34756e-20	2.60953e-24	7500	2e+11 0.516466
437	0.00437961	5.27157e-21	1.02084e-24	7500	2e+11 0.516466
438	0.00438961	2.04742e-21	3.96482e-25	7500	2e+11 0.51637
439	0.00439962	7.88371e-22	1.52667e-25	7500	2e+11 0.516514
440	0.00440961	3.00061e-22	5.81066e-26	7500	2e+11 0.516514
441	0.00441961	1.13654e-22	2.2009e-26	7500	2e+11 0.516394
442	0.00442961	4.2802e-23	8.28856e-27	7500	2e+11 0.516418
443	0.00443961	1.59701e-23	3.09259e-27	7500	2e+11 0.516418
444	0.00444962	5.89172e-24	1.14093e-27	7500	2e+11 0.516418
445	0.00445962	2.15103e-24	4.16545e-28	7500	2e+11 0.516418
446	0.00446962	7.84741e-25	1.51965e-28	7500	2e+11 0.516394
447	0.00447962	2.84555e-25	5.51038e-29	7500	2e+11 0.51649
448	0.00448962	1.02285e-25	1.98075e-29	7500	2e+11 0.51649
449	0.00449961	3.65113e-26	7.07038e-30	7500	2e+11 0.516418
450	0.00450962	1.29955e-26	2.51656e-30	7500	2e+11 0.516514
451	0.00451961	4.57138e-27	8.85245e-31	7500	2e+11 0.516514
452	0.00452961	1.59618e-27	3.09099e-31	7500	2e+11 0.516418
453	0.00453962	5.54156e-28	1.07312e-31	7500	2e+11 0.516466
454	0.00454961	1.91199e-28	3.70255e-32	7500	2e+11 0.516514
455	0.00455961	6.52817e-29	1.26418e-32	7500	2e+11 0.516514
456	0.00456962	2.22099e-29	4.30093e-33	7500	2e+11 0.516442
457	0.00457962	7.51135e-30	1.45457e-33	7500	2e+11 0.516442
458	0.00458962	2.52991e-30	4.89914e-34	7500	2e+11 0.516394
459	0.00459962	8.3951e-31	1.6257e-34	7500	2e+11 0.51649
460	0.00460961	2.7448e-31	5.31528e-35	7500	2e+11 0.51649
461	0.00461961	8.90448e-32	1.72434e-35	7500	2e+11 0.516442
462	0.00462962	2.87522e-32	5.56784e-36	7500	2e+11 0.516394
463	0.00463962	9.29377e-33	1.79973e-36	7500	2e+11 0.51649
464	0.00464961	2.99655e-33	5.8028e-37	7500	2e+11 0.51649
465	0.00465961	9.49985e-34	1.83964e-37	7500	2e+11 0.516442
466	0.00466961	2.99778e-34	5.80518e-38	7500	2e+11 0.516394
467	0.00467961	9.37857e-35	1.81615e-38	7500	2e+11 0.516466
468	0.00468961	2.90267e-35	5.62099e-39	7500	2e+11 0.516466
469	0.00469962	8.92963e-36	1.72921e-39	7500	2e+11 0.516466
470	0.00470961	2.7348e-36	5.29593e-40	7500	2e+11 0.516466
471	0.00471962	8.26411e-37	1.60034e-40	7500	2e+11 0.516346
472	0.00472962	2.47538e-37	4.79356e-41	7500	2e+11 0.51661
473	0.00473961	7.3412e-38	1.42162e-41	7500	2e+11 0.51661
474	0.00474961	2.15352e-38	4.17026e-42	7500	2e+11 0.516394
475	0.00475961	6.34621e-39	1.22894e-42	7500	2e+11 0.516346
476	0.00476961	1.83801e-39	3.5593e-43	7500	2e+11 0.516394
477	0.00477961	5.21011e-40	1.00893e-43	7500	2e+11 0.516538
478	0.00478961	1.3749e-40	2.66247e-44	7500	2e+11 0.516538
479	0.00479961	2.89452e-41	5.60519e-45	7500	2e+11 0.516346
480	0.00480961	0	0	7500	2e+11 0.516442
481	0.00481961	0	0	7500	2e+11 0.516442
482	0.00482961	0	0	7500	2e+11 0.516418
483	0.00483961	0	0	7500	2e+11 0.516442
484	0.00484961	0	0	7500	2e+11 0.516442
485	0.00485961	0	0	7500	2e+11 0.516442
486	0.00486961	0	0	7500	2e+11 0.516442
487	0.00487961	0	0	7500	2e+11 0.516466
488	0.00488961	0	0	7500	2e+11 0.516466
489	0.00489962	0	0	7500	2e+11 0.516442
490	0.00490962	0	0	7500	2e+11 0.51649
491	0.00491961	0	0	7500	2e+11 0.51649
492	0.00492961	0	0	7500	2e+11 0.516418
493	0.00493961	0	0	7500	2e+11 0.516418
494	0.00494961	0	0	7500	2e+11 0.516418
495	0.00495961	0	0	7500	2e+11 0.516538
496	0.00496961	0	0	7500	2e+11 0.516538
497	0.00497961	0	0	7500	2e+11 0.516442
498	0.00498961	0	0	7500	2e+11 0.516394
499	0.00499961	0	0	7500	2e+11 0.516418
500	0.00500961	0	0	7500	2e+11 0.516442
501	0.00501961	0	0	7500	2e+11 0.516442
502	0.00502961	0	0	7500	2e+11 0.516418
503	0.00503961	0	0	7500	2e+11 0.516418
504	0.00504961	0	0	7500	2e+11 0.516418
505	0.00505961	0	0	7500	2e+11 0.516418
506	0.00506961	0	0	7500	2e+11 0.516586
507	0.00507961	0	0	7500	2e+11 0.516586
508	0.00508961	0	0	7500	2e+11 0.51637
509	0.00509961	0	0	7500	2e+11 0.516394
510	0.00510961	0	0	7500	2e+11 0.516394
511	0.00511961	0	0	7500	2e+11 0.516442
512	0.00512961	0	0	7500	2e+11 0.516442
513	0.00513961	0	0	7500	2e+11 0.516466
514	0.00514961	0	0	7500	2e+11 0.516466
515	0.00515961	0	0	7500	2e+11 0.516514
516	0.00516961	0	0	7500	2e+11 0.516514
517	0.00517961	0	0	7500	2e+11 0.516418
518	0.00518961	0	0	7500	2e+11 0.516394
519	0.00519961	0	0	7500	2e+11 0.516442
520	0.00520961	0	0	7500	2e+11 0.51649
521	0.00521961	0	0	7500	2e+11 0.51649
522	0.00522961	0	0	7500	2e+11 0.516418
523	0.00523961	0	0	7500	2e+11 0.516418
524	0.00524961	0	0	7500	2e+11 0.51649
525	0.00525961	0	0	7500	2e+11 0.51649
526	0.00526961	0	0	7500	2e+11 0.516418
527	0.00527961	0	0	7500	2e+11 0.516562
528	0.00528961	0	0	7500	2e+11 0.516562
529	0.00529961	0	0	7500	2e+11 0.516466
530	0.00530961	0	0	7500	2e+11 0.516466
531	0.00531961	0	0	7500	2e+11 0.516442
532	0.00532961	0	0	7500	2e+11 0.516442
533	0.00533961	0	0	7500	2e+11 0.516394
534	0.00534961	0	0	7500	2e+11 0.516466
535	0.00535961	0	0	7500	2e+11 0.516466
536	0.00536961	0	0	7500	2e+11 0.516418
537	0.00537961	0	0	7500	2e+11 0.516466
538	0.00538961	0	0	7500	2e+11 0.516466
539	0.00539961	0	0	7500	2e+11 0.516466
540	0.00540961	0	0	7500	2e+11 0.516466
541	0.00541961	0	0	7500	2e+11 0.516394
542	0.00542961	0	0	7500	2e+11 0.51649
543	0.00543961	0	0	7500	2e+11 0.51649
544	0.00544961	0	0	7500	2e+11 0.51637
545	0.00545961	0	0	7500	2e+11 0.51649
546	0.00546961	0	0	7500	2e+11 0.51649
547	0.00547961	0	0	7500	2e+11 0.516418
548	0.00548961	0	0	7500	2e+11 0.516418
549	0.00549961	0	0	7500	2e+11 0.516538
550	0.00550961	0	0	7500	2e+11 0.516538
551	0.00551961	0	0	7500	2e+11 0.516394
552	0.00552961	0	0	7500	2e+11 0.516442
553	0.00553961	0	0	7500	2e+11 0.516442
554	0.00554961	0	0	7500	2e+11 0.51637
555	0.00555961	0	0	7500	2e+11 0.516418
556	0.00556961	0	0	7500	2e+11 0.516418
557	0.00557961	0	0	7500	2e+11 0.516466
558	0.00558961	0	0	7500	2e+11 0.516466
559	0.00559961	0	0	7500	2e+11 0.516514
560	0.0056096	0	0	7500	2e+11 0.516514
561	0.0056196	0	0	7500	2e+11 0.516418
562	0.00562961	0	0	7500	2e+11 0.516346
563	0.00563961	0	0	7500	2e+11 0.51649
564	0.00564961	0	0	7500	2e+11 0.51649
565	0.00565961	0	0	7500	2e+11 0.516466
566	0.0056696	0	0	7500	2e+11 0.516466
567	0.0056796	0	0	7500	2e+11 0.516442
568	0.00568961	0	0	7500	2e+11 0.516442
569	0.0056996	0	0	7500	2e+11 0.516466
570	0.0057096	0	0	7500	2e+11 0.516514
571	0.0057196	0	0	7500	2e+11 0.516514
572	0.0057296	0	0	7500	2e+11 0.51637
573	0.0057396	0	0	7500	2e+11 0.516514
574	0.0057496	0	0	7500	2e+11 0.516514
575	0.0057596	0	0	7500	2e+11 0.516418
576	0.0057696	0	0	7500	2e+11 0.516514
577	0.0057796	0	0	7500	2e+11 0.516514
578	0.0057896	0	0	7500	2e+11 0.516394
579	0.0057996	0	0	7500	2e+11 0.51649
580	0.0058096	0	0	7500	2e+11 0.51649
581	0.0058196	0	0	7500	2e+11 0.516394
582	0.0058296	0	0	7500	2e+11 0.516418
583	0.0058396	0	0	7500	2e+11 0.516418
584	0.0058496	0	0	7500	2e+11 0.516394
585	0.0058596	0	0	7500	2e+11 0.51637
586	0.0058696	0	0	7500	2e+11 0.516442
587	0.0058796	0	0	7500	2e+11 0.516538
588	0.0058896	0	0	7500	2e+11 0.516538
589	0.0058996	0	0	7500	2e+11 0.51649
590	0.0059096	0	0	7500	2e+11 0.51649
591	0.0059196	0	0	7500	2e+11 0.516418
592	0.0059296	0	0	7500	2e+11 0.516418
593	0.0059396	0	0	7500	2e+11 0.516466
594	0.0059496	0	0	7500	2e+11 0.51649
595	0.0059596	0	0	7500	2e+11 0.51649
596	0.0059696	0	0	7500	2e+11 0.516394
597	0.0059796	0	0	7500	2e+11 0.51649
598	0.0059896	0	0	7500	2e+11 0.51649
599	0.0059996	0	0	7500	2e+11 0.516394
600	0.0060096	0	0	7500	2e+11 0.51649
601	0.00601959	0	0	7500	2e+11 0.51649
602	0.00602959	0	0	7500	2e+11 0.51649
603	0.00603959	0	0	7500	2e+11 0.51649
604	0.00604959	0	0	7500	2e+11 0.516442
605	0.00605959	0	0	7500	2e+11 0.516466
606	0.00606959	0	0	7500	2e+11 0.516466
607	0.00607959	0	0	7500	2e+11 0.51649
608	0.00608959	0	0	7500	2e+11 0.51649
609	0.00609959	0	0	7500	2e+11 0.51649
610	0.00610959	0	0	7500	2e+11 0.51649
611	0.00611959	0	0	7500	2e+11 0.516418
612	0.00612959	0	0	7500	2e+11 0.516418
613	0.00613959	0	0	7500	2e+11 0.51649
614	0.00614959	0	0	7500	2e+11 0.51649
615	0.00615959	0	0	7500	2e+11 0.516466
616	0.00616959	0	0	7500	2e+11 0.516466
617	0.00617959	0	0	7500	2e+11 0.516418
618	0.00618958	0	0	7500	2e+11 0.516538
619	0.00619958	0	0	7500	2e+11 0.516538
620	0.00620958	0	0	7500	2e+11 0.516442
621	0.00621958	0	0	7500	2e+11 0.516442
622	0.00622958	0	0	7500	2e+11 0.516514
623	0.00623958	0	0	7500	2e+11 0.516514
624	0.00624958	0	0	7500	2e+11 0.516442
625	0.00625958	0	0	7500	2e+11 0.516442
626	0.00626958	0	0	7500	2e+11 0.51649
627	0.00627958	0	0	7500	2e+11 0.51649
628	0.00628958	0	0	7500	2e+11 0.516418
629	0.00629958	0	0	7500	2e+11 0.516466
630	0.00630957	0	0	7500	2e+11 0.516514
631	0.00631957	0	0	7500	2e+11 0.516514
632	0.00632957	0	0	7500	2e+11 0.51661
633	0.00633957	0	0	7500	2e+11 0.51661
634	0.00634957	0	0	7500	2e+11 0.516514
635	0.00635957	0	0	7500	2e+11 0.516514
636	0.00636957	0	0	7500	2e+11 0.516514
637	0.00637956	0	0	7500	2e+11 0.516538
638	0.00638956	0	0	7500	2e+11 0.516538
639	0.00639956	0	0	7500	2e+11 0.516586
640	0.00640956	0	0	7500	2e+11 0.516586
641	0.00641956	0	0	7500	2e+11 0.516562
642	0.00642955	0	0	7500	2e+11 0.516731
643	0.00643955	0	0	7500	2e+11 0.516731
644	0.00644955	0	0	7500	2e+11 0.516707
645	0.00645954	0	0	7500	2e+11 0.516707
646	0.00646954	0	0	7500	2e+11 0.516731
647	0.00647953	0	0	7500	2e+11 0.516731
648	0.00648952	0	0	7500	2e+11 0.516851
649	0.00649952	0	0	7500	2e+11 0.517164
650	0.0065095	0	0	7500	2e+11 0.517164
651	0.00651956	0	0	7500	2e+11 0.51702
652	0.00652955	0	0	7500	2e+11 0.51702
653	0.00653954	0	0	7500	2e+11 0.516779
654	0.00654954	0	0	7500	2e+11 0.516658
655	0.00655953	0	0	7500	2e+11 0.516634
656	0.00656953	0	0	7500	2e+11 0.516634
657	0.00657953	0	0	7500	2e+11 0.516538
658	0.00658952	0	0	7500	2e+11 0.516658
659	0.00659952	0	0	7500	2e+11 0.516658
660	0.00660952	0	0	7500	2e+11 0.516538
661	0.00661952	0	0	7500	2e+11 0.516538
662	0.00662951	0	0	7500	2e+11 0.516514
663	0.00663951	0	0	7500	2e+11 0.516514
664	0.00664951	0	0	7500	2e+11 0.51637
665	0.00665951	0	0	7500	2e+11 0.51637
666	0.00666951	0	0	7500	2e+11 0.516394
667	0.00667951	0	0	7500	2e+11 0.516562
668	0.00668951	0	0	7500	2e+11 0.516562
669	0.00669951	0	0	7500	2e+11 0.516418
670	0.00670951	0	0	7500	2e+11 0.51649
671	0.00671951	0	0	7500	2e+11 0.51649
672	0.00672951	0	0	7500	2e+11 0.51637
673	0.00673951	0	0	7500	2e+11 0.516538
674	0.00674951	0	0	7500	2e+11 0.516538
675	0.00675951	0	0	7500	2e+11 0.51637
676	0.00676951	0	0	7500	2e+11 0.51637
677	0.00677951	0	0	7500	2e+11 0.516442
678	0.00678951	0	0	7500	2e+11 0.516442
679	0.00679951	0	0	7500	2e+11 0.516442
680	0.00680951	0	0	7500	2e+11 0.516442
681	0.00681951	0	0	7500	2e+11 0.516394
682	0.00682951	0	0	7500	2e+11 0.516394
683	0.00683951	0	0	7500	2e+11 0.51637
684	0.00684952	0	0	7500	2e+11 0.516346
685	0.00685952	0	0	7500	2e+11 0.516346
686	0.00686952	0	0	7500	2e+11 0.51637
687	0.00687952	0	0	7500	2e+11 0.516442
688	0.00688952	0	0	7500	2e+11 0.516442
689	0.00689952	0	0	7500	2e+11 0.516418
690	0.00690952	0	0	7500	2e+11 0.516418
691	0.00691952	0	0	7500	2e+11 0.516442
692	0.00692952	0	0	7500	2e+11 0.516442
693	0.00693952	0	0	7500	2e+11 0.516466
694	0.00694952	0	0	7500	2e+11 0.516466
695	0.00695952	0	0	7500	2e+11 0.516466
696	0.00696952	0	0	7500	2e+11 0.516394
697	0.00697952	0	0	7500	2e+11 0.516418
698	0.00698952	0	0	7500	2e+11 0.516418
699	0.00699952	0	0	7500	2e+11 0.51649
700	0.00700952	0	0	7500	2e+11 0.51649
701	0.00701952	0	0	7500	2e+11 0.51637
702	0.00702952	0	0	7500	2e+11 0.51637
703	0.00703952	0	0	7500	2e+11 0.516466
704	0.00704952	0	0	7500	2e+11 0.516466
705	0.00705952	0	0	7500	2e+11 0.516442
706	0.00706952	0	0	7500	2e+11 0.516442
707	0.00707952	0	0	7500	2e+11 0.516442
708	0.00708952	0	0	7500	2e+11 0.516418
709	0.00709952	0	0	7500	2e+11 0.516538
710	0.00710952	0	0	7500	2e+11 0.516538
711	0.00711952	0	0	7500	2e+11 0.516442
712	0.00712952	0	0	7500	2e+11 0.516442
713	0.00713952	0	0	7500	2e+11 0.516442
714	0.00714952	0	0	7500	2e+11 0.516442
715	0.00715952	0	0	7500	2e+11 0.516394
716	0.00716952	0	0	7500	2e+11 0.516562
717	0.00717951	0	0	7500	2e+11 0.516562
718	0.00718951	0	0	7500	2e+11 0.516418
719	0.00719952	0	0	7500	2e+11 0.51649
720	0.00720951	0	0	7500	2e+11 0.51649
721	0.00721952	0	0	7500	2e+11 0.51649
722	0.00722951	0	0	7500	2e+11 0.51649
723	0.00723951	0	0	7500	2e+11 0.516442
724	0.00724951	0	0	7500	2e+11 0.516442
725	0.00725951	0	0	7500	2e+11 0.516442
726	0.00726951	0	0	7500	2e+11 0.516442
727	0.00727951	0	0	7500	2e+11 0.516442
728	0.00728951	0	0	7500	2e+11 0.516442
729	0.00729951	0	0	7500	2e+11 0.516418
730	0.00730951	0	0	7500	2e+11 0.516418
731	0.00731951	0	0	7500	2e+11 0.516514
732	0.00732951	0	0	7500	2e+11 0.516514
733	0.00733951	0	0	7500	2e+11 0.516322
734	0.00734952	0	0	7500	2e+11 0.51637
735	0.00735952	0	0	7500	2e+11 0.516418
736	0.00736952	0	0	7500	2e+11 0.51649
737	0.00737951	0	0	7500	2e+11 0.51649
738	0.00738952	0	0	7500	2e+11 0.516322
739	0.00739952	0	0	7500	2e+11 0.51637
740	0.00740952	0	0	7500	2e+11 0.51637
741	0.00741952	0	0	7500	2e+11 0.516346
742	0.00742952	0	0	7500	2e+11 0.516346
743	0.00743952	0	0	7500	2e+11 0.516274
744	0.00744953	0	0	7500	2e+11 0.516274
745	0.00745953	0	0	7500	2e+11 0.516226
746	0.00746953	0	0	7500	2e+11 0.516226
747	0.00747954	0	0	7500	2e+11 0.516105
748	0.00748955	0	0	7500	2e+11 0.516129
749	0.00749955	0	0	7500	2e+11 0.516129
750	0.00750956	0	0	7500	2e+11 0.519466
751	0.0075195	0	0	7500	2e+11 0.519466
752	0.00752952	0	0	7500	2e+11 0.515841
753	0.00753953	0	0	7500	2e+11 0.516274
754	0.00754953	0	0	7500	2e+11 0.516274
755	0.00755954	0	0	7500	2e+11 0.516033
756	0.00756954	0	0	7500	2e+11 0.516346
757	0.00757955	0	0	7500	2e+11 0.516346
758	0.00758955	0	0	7500	2e+11 0.516177
759	0.00759955	0	0	7500	2e+11 0.516177
760	0.00760956	0	0	7500	2e+11 0.516298
761	0.00761956	-1.40746e-37	-2.72553e-41	7500	2e+11 0.516298
762	0.00762957	-4.88463e-37	-9.45904e-41	7500	2e+11 0.516442
763	0.00763956	-7.23186e-37	-1.40044e-40	7500	2e+11 0.516442
764	0.00764957	-2.8953e-36	-5.60672e-40	7500	2e+11 0.516538
765	0.00765957	-9.64909e-36	-1.86854e-39	7500	2e+11 0.516538
766	0.00766957	-3.11128e-35	-6.02498e-39	7500	2e+11 0.516346
767	0.00767957	-8.19603e-35	-1.58715e-38	7500	2e+11 0.516346
768	0.00768957	-2.69354e-34	-5.21603e-38	7500	2e+11 0.516346
769	0.00769957	-7.60314e-34	-1.47234e-37	7500	2e+11 0.516346
770	0.00770958	-2.10811e-33	-4.08233e-37	7500	2e+11 0.516442
771	0.00771958	-6.6109e-33	-1.28019e-36	7500	2e+11 0.516442
772	0.00772958	-1.72901e-32	-3.34821e-36	7500	2e+11 0.516346
773	0.00773958	-5.58507e-32	-1.08154e-35	7500	2e+11 0.516346
774	0.00774958	-1.41872e-31	-2.74735e-35	7500	2e+11 0.516394
775	0.00775958	-3.92079e-31	-7.59257e-35	7500	2e+11 0.516394
776	0.00776958	-1.01913e-30	-1.97354e-34	7500	2e+11 0.51637
777	0.00777958	-2.49277e-30	-4.82724e-34	7500	2e+11 0.51637
778	0.00778959	-8.02426e-30	-1.55389e-33	7500	2e+11 0.51649
779	0.00779958	-2.13729e-29	-4.13884e-33	7500	2e+11 0.51649
780	0.00780959	-7.00621e-29	-1.35675e-32	7500	2e+11 0.516201
781	0.00781965	-1.88019e-28	-3.64098e-32	7500	2e+11 0.51541
782	0.00782966	-7.1351e-28	-1.38171e-31	7500	2e+11 0.51637
783	0.00783966	-2.11209e-27	-4.09005e-31	7500	2e+11 0.51637
784	0.00784967	-6.24362e-27	-1.20907e-30	7500	2e+11 0.516466
785	0.00785966	-1.47661e-26	-2.85945e-30	7500	2e+11 0.516466
786	0.00786967	-5.25472e-26	-1.01757e-29	7500	2e+11 0.516514
787	0.00787966	-1.38407e-25	-2.68024e-29	7500	2e+11 0.516514
788	0.00788967	-3.93177e-25	-7.61384e-29	7500	2e+11 0.516466
789	0.00789967	-9.04434e-25	-1.75143e-28	7500	2e+11 0.516466
790	0.00790967	-3.22328e-24	-6.24186e-28	7500	2e+11 0.51661
791	0.00791967	-8.21045e-24	-1.58995e-27	7500	2e+11 0.51661
792	0.00792967	-1.77261e-23	-3.43264e-27	7500	2e+11 0.516466
793	0.00793967	-4.3396e-23	-8.40361e-27	7500	2e+11 0.516466
794	0.00794967	-1.17667e-22	-2.27862e-26	7500	2e+11 0.51661
795	0.00795967	-3.43729e-22	-6.65628e-26	7500	2e+11 0.51661
796	0.00796967	-9.00995e-22	-1.74477e-25	7500	2e+11 0.516322
797	0.00797968	-2.14697e-21	-4.15759e-25	7500	2e+11 0.516514
798	0.00798967	-6.1652e-21	-1.19389e-24	7500	2e+11 0.516514
799	0.00799967	-1.47397e-20	-2.85433e-24	7500	2e+11 0.516514
800	0.00800967	-5.00761e-20	-9.69719e-24	7500	2e+11 0.516466
801	0.00801967	-1.19596e-19	-2.31597e-23	7500	2e+11 0.516514
802	0.00802967	-3.70095e-19	-7.16686e-23	7500	2e+11 0.516514
803	0.00803967	-1.27445e-18	-2.46795e-22	7500	2e+11 0.516274
804	0.00804968	-2.97035e-18	-5.75206e-22	7500	2e+11 0.516418
805	0.00805968	-1.06965e-17	-2.07137e-21	7500	2e+11 0.516466
806	0.00806968	-2.9004e-17	-5.6166e-21	7500	2e+11 0.516658
807	0.00807967	-7.11561e-17	-1.37793e-20	7500	2e+11 0.516658
808	0.00808967	-1.99688e-16	-3.86694e-20	7500	2e+11 0.51637
809	0.00809967	-6.32735e-16	-1.22529e-19	7500	2e+11 0.51637
810	0.00810968	-1.33514e-15	-2.58548e-19	7500	2e+11 0.516466
811	0.00811968	-4.09974e-15	-7.93911e-19	7500	2e+11 0.516466
812	0.00812968	-1.04095e-14	-2.01578e-18	7500	2e+11 0.51637
813	0.00813968	-2.79756e-14	-5.41746e-18	7500	2e+11 0.516322
814	0.00814968	-7.80944e-14	-1.51229e-17	7500	2e+11 0.51637
815	0.00815968	-2.01864e-13	-3.90908e-17	7500	2e+11 0.51637
816	0.00816968	-5.24865e-13	-1.0164e-16	7500	2e+11 0.516658
817	0.00817968	-1.50123e-12	-2.90711e-16	7500	2e+11 0.516658
818	0.00818968	-4.08577e-12	-7.91205e-16	7500	2e+11 0.516322
819	0.00819968	-1.22864e-11	-2.37926e-15	7500	2e+11 0.51637
820	0.00820968	-2.88415e-11	-5.58513e-15	7500	2e+11 0.51637
821	0.00821968	-8.39737e-11	-1.62614e-14	7500	2e+11 0.51661
822	0.00822968	-2.05722e-10	-3.98379e-14	7500	2e+11 0.51661
823	0.00823968	-5.30782e-10	-1.02786e-13	7500	2e+11 0.516514
824	0.00824968	-1.5849e-09	-3.06914e-13	7500	2e+11 0.516514
825	0.00825968	-4.97893e-09	-9.64166e-13	7500	2e+11 0.51637
826	0.00826968	-1.22079e-08	-2.36405e-12	7500	2e+11 0.516562
827	0.00827968	-3.09656e-08	-5.99647e-12	7500	2e+11 0.516562
828	0.00828968	-7.53279e-08	-1.45872e-11	7500	2e+11 0.516514
829	0.00829968	-2.56339e-07	-4.96399e-11	7500	2e+11 0.516466
830	0.00830968	-7.84844e-07	-1.51984e-10	7500	2e+11 0.516466
831	0.00831969	-2.3696e-06	-4.58871e-10	7500	2e+11 0.51637
832	0.00832969	-6.87142e-06	-1.33064e-09	7500	2e+11 0.51637
833	0.00833969	-1.74485e-05	-3.37888e-09	7500	2e+11 0.51637
834	0.00834969	-5.66498e-05	-1.09702e-08	7500	2e+11 0.51661
835	0.00835968	-0.000138148	-2.67523e-08	7500	2e+11 0.51661
836	0.00836968	-0.000384306	-7.44205e-08	7500	2e+11 0.51661
837	0.00837968	-0.00095294	-1.84536e-07	7500	2e+11 0.516466
838	0.00838968	-0.00243687	-4.71898e-07	7500	2e+11 0.516466
839	0.00839969	-0.00710097	-1.3751e-06	7500	2e+11 0.516418
840	0.00840969	-0.0174087	-3.37117e-06	7500	2e+11 0.516418
841	0.00841969	-0.0467497	-9.05304e-06	7500	2e+11 0.516418
842	0.00842969	-0.116102	-2.24831e-05	7500	2e+11 0.516418
843	0.00843969	-0.377695	-7.31404e-05	7500	2e+11 0.516418
844	0.00844968	-1.01174	-0.000195922	7500	2e+11 0.516562
845	0.00845968	-2.8827	-0.000558232	7500	2e+11 0.516803
846	0.00846967	-5.84234	-0.00113136	7500	2e+11 0.516996
847	0.00847966	-9.66976	-0.00187254	7500	2e+11 0.51743
848	0.00848964	-14.0986	-0.00273019	7500	2e+11 0.517768
849	0.00849962	-18.8242	-0.00364529	7500	2e+11 0.518397
850	0.00850958	-23.5328	-0.00455712	7500	2e+11 0.51864
851	0.00851953	-28.0113	-0.00542436	7500	2e+11 0.519417
852	0.00852948	-32.0919	-0.00621457	7500	2e+11 0.519612
853	0.00853941	-35.6721	-0.00690788	7500	2e+11 0.520197
854	0.00854934	-38.7398	-0.00750193	7500	2e+11 0.520246
855	0.00855927	-41.279	-0.00799364	7500	2e+11 0.520685
856	0.00856918	-43.3461	-0.00839394	7500	2e+11 0.520685
857	0.0085791	-44.9985	-0.00871392	7500	2e+11 0.520832
858	0.00858902	-46.2766	-0.00896143	7500	2e+11 0.521028
859	0.00859893	-47.2652	-0.00915286	7500	2e+11 0.521175
860	0.00860884	-48.0243	-0.00929986	7500	2e+11 0.521371
861	0.00861874	-48.5893	-0.00940929	7500	2e+11 0.521371
862	0.00862865	-49.0024	-0.00948928	7500	2e+11 0.521322
863	0.00863855	-49.301	-0.0095471	7500	2e+11 0.521322
864	0.00864846	-49.5159	-0.00958872	7500	2e+11 0.521322
865	0.00865837	-49.6683	-0.00961822	7500	2e+11 0.521322
866	0.00866827	-49.7741	-0.00963871	7500	2e+11 0.52142
867	0.00867818	-49.8476	-0.00965294	7500	2e+11 0.521518
868	0.00868808	-49.8984	-0.00966279	7500	2e+11 0.521518
869	0.00869798	-49.9326	-0.0096694	7500	2e+11 0.521469
870	0.00870789	-49.9552	-0.00967378	7500	2e+11 0.521469
871	0.00871779	-49.9703	-0.0096767	7500	2e+11 0.521469
872	0.0087277	-49.9801	-0.0096786	7500	2e+11 0.521567
873	0.0087376	-49.9865	-0.00967984	7500	2e+11 0.521616
874	0.0087475	-49.9906	-0.00968064	7500	2e+11 0.521616
875	0.0087574	-49.9932	-0.00968114	7500	2e+11 0.521469
876	0.00876731	-49.9949	-0.00968147	7500	2e+11 0.521469
877	0.00877721	-49.9959	-0.00968166	7500	2e+11 0.521616
878	0.00878711	-49.9965	-0.00968178	7500	2e+11 0.521616
879	0.00879702	-49.9969	-0.00968185	7500	2e+11 0.521371
880	0.00880692	-49.9971	-0.0096819	7500	2e+11 0.521371
881	0.00881683	-49.9972	-0.00968192	7500	2e+11 0.521371
882	0.00882674	-49.9973	-0.00968194	7500	2e+11 0.521861
883	0.00883663	-49.9973	-0.00968194	7500	2e+11 0.521861
884	0.00884653	-49.9974	-0.00968195	7500	2e+11 0.521469
885	0.00885644	-49.9974	-0.00968195	7500	2e+11 0.521469
886	0.00886634	-49.9974	-0.00968195	7500	2e+11 0.521469
887	0.00887625	-49.9974	-0.00968195	7500	2e+11 0.521322
888	0.00888615	-49.9974	-0.00968195	7500	2e+11 0.521616
889	0.00889605	-49.9974	-0.00968195	7500	2e+11 0.521616
890	0.00890596	-49.9974	-0.00968195	7500	2e+11 0.521469
891	0.00891586	-49.9974	-0.00968195	7500	2e+11 0.521371
892	0.00892577	-49.9974	-0.00968195	7500	2e+11 0.521469
893	0.00893567	-49.9974	-0.00968195	7500	2e+11 0.521665
894	0.00894557	-49.9974	-0.00968195	7500	2e+11 0.521665
895	0.00895547	-49.9974	-0.00968195	7500	2e+11 0.521469
896	0.00896538	-49.9974	-0.00968195	7500	2e+11 0.521469
897	0.00897529	-49.9974	-0.00968195	7500	2e+11 0.521273
898	0.00898519	-49.9974	-0.00968195	7500	2e+11 0.521469
899	0.0089951	-49.9974	-0.00968195	7500	2e+11 0.521469
900	0.009005	-49.9974	-0.00968195	7500	2e+11 0.521616
901	0.0090149	-49.9974	-0.00968195	7500	2e+11 0.521665
902	0.0090248	-49.9974	-0.00968195	7500	2e+11 0.521665
903	0.0090347	-49.9974	-0.00968195	7500	2e+11 0.521518
904	0.00904461	-49.9974	-0.00968195	7500	2e+11 0.521616
905	0.00905451	-49.9974	-0.00968195	7500	2e+11 0.521616
906	0.00906441	-49.9974	-0.00968195	7500	2e+11 0.521371
907	0.00907432	-49.9974	-0.00968195	7500	2e+11 0.521322
908	0.00908422	-49.9974	-0.00968195	7500	2e+11 0.521567
909	0.00909412	-49.9974	-0.00968195	7500	2e+11 0.521567
910	0.00910403	-49.9974	-0.00968195	7500	2e+11 0.521518
911	0.00911393	-49.9974	-0.00968195	7500	2e+11 0.521518
912	0.00912384	-49.9974	-0.00968195	7500	2e+11 0.521371
913	0.00913374	-49.9974	-0.00968195	7500	2e+11 0.521469
914	0.00914364	-49.9974	-0.00968195	7500	2e+11 0.521469
915	0.00915355	-49.9974	-0.00968195	7500	2e+11 0.521616
916	0.00916345	-49.9974	-0.00968195	7500	2e+11 0.521616
917	0.00917336	-49.9974	-0.00968195	7500	2e+11 0.521322
918	0.00918326	-49.9974	-0.00968195	7500	2e+11 0.521518
919	0.00919316	-49.9974	-0.00968195	7500	2e+11 0.521518
920	0.00920307	-49.9974	-0.00968195	7500	2e+11 0.521518
921	0.00921297	-49.9974	-0.00968195	7500	2e+11 0.521469
922	0.00922287	-49.9974	-0.00968195	7500	2e+11 0.521665
923	0.00923277	-49.9974	-0.00968195	7500	2e+11 0.521665
924	0.00924268	-49.9974	-0.00968195	7500	2e+11 0.52142
925	0.00925258	-49.9974	-0.00968195	7500	2e+11 0.521469
926	0.00926248	-49.9974	-0.00968195	7500	2e+11 0.521469
927	0.00927239	-49.9974	-0.00968195	7500	2e+11 0.521371
928	0.0092823	-49.9974	-0.00968195	7500	2e+11 0.521567
929	0.0092922	-49.9974	-0.00968195	7500	2e+11 0.521567
930	0.0093021	-49.9974	-0.00968195	7500	2e+11 0.52142
931	0.00931201	-49.9974	-0.00968195	7500	2e+11 0.521518
932	0.00932191	-49.9973	-0.00968194	7500	2e+11 0.521518
933	0.00933181	-49.9973	-0.00968194	7500	2e+11 0.521616
934	0.00934171	-49.9972	-0.00968192	7500	2e+11 0.521616
935	0.00935162	-49.997	-0.00968187	7500	2e+11 0.521469
936	0.00936152	-49.9962	-0.00968172	7500	2e+11 0.521469
937	0.00937143	-49.9938	-0.00968127	7500	2e+11 0.521469
938	0.00938133	-49.9891	-0.00968035	7500	2e+11 0.521469
939	0.00939123	-49.9714	-0.00967692	7500	2e+11 0.52142
940	0.00940114	-49.9124	-0.00966549	7500	2e+11 0.52142
941	0.00941104	-49.7802	-0.0096399	7500	2e+11 0.52142
942	0.00942095	-49.3671	-0.0095599	7500	2e+11 0.52142
943	0.00943085	-48.3476	-0.00936248	7500	2e+11 0.521371
944	0.00944076	-46.6776	-0.00903909	7500	2e+11 0.521371
945	0.00945067	-44.4355	-0.0086049	7500	2e+11 0.520979
946	0.00946059	-41.7366	-0.00808225	7500	2e+11 0.520539
947	0.00947051	-38.6939	-0.00749304	7500	2e+11 0.520441
948	0.00948043	-35.4038	-0.00685591	7500	2e+11 0.520441
949	0.00949037	-31.9756	-0.00619205	7500	2e+11 0.519758
950	0.00950031	-28.5034	-0.00551967	7500	2e+11 0.519271
951	0.00951026	-25.0737	-0.0048555	7500	2e+11 0.519223
952	0.00952021	-21.7825	-0.00421817	7500	2e+11 0.519028
953	0.00953017	-18.6828	-0.00361791	7500	2e+11 0.518494
954	0.00954014	-15.8107	-0.00306172	7500	2e+11 0.5183
955	0.0095501	-13.2059	-0.00255731	7500	2e+11 0.5183
956	0.00956008	-10.8696	-0.00210488	7500	2e+11 0.51772
957	0.00957006	-8.8412	-0.00171209	7500	2e+11 0.51772
958	0.00958004	-7.09269	-0.00137349	7500	2e+11 0.517189
959	0.00959004	-5.61862	-0.00108804	7500	2e+11 0.517092
960	0.00960002	-4.3914	-0.000850391	7500	2e+11 0.517092
961	0.00961002	-3.39296	-0.000657043	7500	2e+11 0.516707
962	0.00962001	-2.58879	-0.000501318	7500	2e+11 0.516851
963	0.00963	-1.95175	-0.000377955	7500	2e+11 0.516851
964	0.00964	-1.44396	-0.000279622	7500	2e+11 0.516658
965	0.00965	-1.05479	-0.000204258	7500	2e+11 0.516658
966	0.00966	-0.762483	-0.000147654	7500	2e+11 0.51661
967	0.00967	-0.544133	-0.000105371	7500	2e+11 0.51661
968	0.00968	-0.384269	-7.44133e-05	7500	2e+11 0.516755
969	0.00968999	-0.268048	-5.19073e-05	7500	2e+11 0.516755
970	0.0097	-0.184849	-3.57958e-05	7500	2e+11 0.51637
971	0.00971	-0.125893	-2.4379e-05	7500	2e+11 0.51661
972	0.00971999	-0.085053	-1.64704e-05	7500	2e+11 0.51661
973	0.00972999	-0.0568068	-1.10006e-05	7500	2e+11 0.516466
974	0.00974	-0.0375548	-7.27246e-06	7500	2e+11 0.516755
975	0.00974999	-0.0245402	-4.75219e-06	7500	2e+11 0.516755
976	0.00976	-0.0158718	-3.07356e-06	7500	2e+11 0.516562
977	0.00976999	-0.010147	-1.96495e-06	7500	2e+11 0.516562
978	0.00978	-0.00642492	-1.24418e-06	7500	2e+11 0.516226
979	0.00979	-0.00404292	-7.82909e-07	7500	2e+11 0.516466
980	0.0098	-0.0025078	-4.85633e-07	7500	2e+11 0.516466
981	0.00981	-0.00154273	-2.98749e-07	7500	2e+11 0.516418
982	0.00982	-0.000941683	-1.82356e-07	7500	2e+11 0.51637
983	0.00983	-0.00057625	-1.1159e-07	7500	2e+11 0.516562
984	0.00984	-0.000350159	-6.7808e-08	7500	2e+11 0.516562
985	0.00985	-0.000211377	-4.09329e-08	7500	2e+11 0.516274
986	0.00986001	-0.000126936	-2.4581e-08	7500	2e+11 0.516947
987	0.00987	-7.5212e-05	-1.45647e-08	7500	2e+11 0.516947
988	0.00987999	-4.32948e-05	-8.38401e-09	7500	2e+11 0.516803
989	0.00988999	-2.37701e-05	-4.60306e-09	7500	2e+11 0.516803
990	0.0099	-1.23643e-05	-2.39435e-09	7500	2e+11 0.516418
991	0.00991	-5.99781e-06	-1.16147e-09	7500	2e+11 0.516418
992	0.00992	-2.73455e-06	-5.29543e-10	7500	2e+11 0.51661
993	0.00993	-1.16281e-06	-2.25177e-10	7500	2e+11 0.516658
994	0.00993999	-4.72404e-07	-9.14807e-11	7500	2e+11 0.516658
995	0.00995	-1.79557e-07	-3.47711e-11	7500	2e+11 0.516322
996	0.00996	-6.19935e-08	-1.2005e-11	7500	2e+11 0.51661
997	0.00996999	-1.96074e-08	-3.79745e-12	7500	2e+11 0.51661
998	0.00998	-5.30691e-09	-1.03186e-12	7500	2e+11 0.516514
999	0.00999	-1.38918e-09	-2.94557e-13	7500	2e+11 0.516514
1000	0.01	0	-1.24562e-13	7500	2e+11 0.516322
