0	0	0	0	1	1
1	0.01	0	0	1	1
2	0.02	0	0	1	1
3	0.03	0	0	1	1
4	0.04	0	0	1	1
5	0.05	0	0	1	1
6	0.06	0	0	1	1
7	0.07	0	0	1	1
8	0.08	0	0	1	1
9	0.09	0	0	1	1
10	0.1	0	0	1	1
11	0.11	0	0	1	1
12	0.12	0	0	1	1
13	0.13	0	0	1	1
14	0.14	0	0	1	1
15	0.15	0	0	1	1
16	0.16	0	0	1	1
17	0.17	0	0	1	1
18	0.18	0	0	1	1
19	0.19	0	0	1	1
20	0.2	0	0	1	1
21	0.21	0	0	1	1
22	0.22	0	0	1	1
23	0.23	0	0	1	1
24	0.24	0	0	1	1
25	0.25	0	0	1	1
26	0.26	0	0	1	1
27	0.27	0	0	1	1
28	0.28	0	0	1	1
29	0.29	0	0	1	1
30	0.3	0	0	1	1
31	0.31	0	0	1	1
32	0.32	0	0	1	1
33	0.33	0	0	1	1
34	0.34	0	0	1	1
35	0.35	0	0	1	1
36	0.36	0	0	1	1
37	0.37	0	0	1	1
38	0.38	0	0	1	1
39	0.39	0	0	1	1
40	0.4	0	0	1	1
41	0.409049	-6.93758e-06	6.93758e-06	1	1
42	0.418097	-7.52046e-05	7.52046e-05	1	1
43	0.427149	-0.000411504	0.000411504	1	1
44	0.436211	-0.00151649	0.00151649	1	1
45	0.445298	-0.0042363	0.0042363	1	1
46	0.454432	-0.00956998	0.00956998	1	1
47	0.463647	-0.0182071	0.0182071	1	1
48	0.472971	-0.0300204	0.0300204	1	1
49	0.482425	-0.043885	0.043885	1	1
50	-1.17684	-50.567	15.9907	0.1	1
51	0.0538911	-15.6397	4.9457	0.1	1
52	0.265326	-9.71518	3.07221	0.1	1
53	0.359311	-7.11136	2.24881	0.1	1
54	0.416729	-5.54148	1.75237	0.1	1
55	0.457422	-4.44704	1.40628	0.1	1
56	0.488791	-3.62098	1.14506	0.1	1
57	0.514314	-2.96708	0.938272	0.1	1
58	0.535886	-2.43393	0.769675	0.1	1
59	0.554647	-1.99173	0.62984	0.1	1
60	0.571343	-1.62216	0.512972	0.1	1
61	0.586487	-1.31355	0.415381	0.1	1
62	0.600459	-1.05812	0.334606	0.1	1
63	0.613543	-0.850307	0.268891	0.1	1
64	0.625962	-0.685398	0.216742	0.1	1
65	0.637894	-0.558579	0.176638	0.1	1
66	0.649475	-0.464349	0.14684	0.1	1
67	0.66081	-0.396401	0.125353	0.1	1
68	0.671975	-0.348067	0.110069	0.1	1
69	0.683015	-0.313	0.0989792	0.1	1
70	0.69396	-0.285842	0.0903912	0.1	1
71	0.704826	-0.262624	0.0830489	0.1	1
72	0.715617	-0.240799	0.0761473	0.1	1
73	0.726335	-0.219016	0.0692591	0.1	1
74	0.736977	-0.196804	0.0622349	0.1	1
75	0.747543	-0.174244	0.0551009	0.1	1
76	0.758034	-0.151731	0.0479816	0.1	1
77	0.768454	-0.129781	0.0410402	0.1	1
78	0.778804	-0.108927	0.0344458	0.1	1
79	0.789092	-0.0896339	0.0283447	0.1	1
80	0.799323	-0.0722566	0.0228495	0.1	1
81	0.809505	-0.057023	0.0180323	0.1	1
82	0.819645	-0.0440267	0.0139225	0.1	1
83	0.829751	-0.0332385	0.0105109	0.1	1
84	0.839828	-0.024527	0.00775611	0.1	1
85	0.849884	-0.0176838	0.0055921	0.1	1
86	0.859924	-0.0124553	0.0039387	0.1	1
87	0.869951	-0.00856893	0.00270973	0.1	1
88	0.879969	-0.00575846	0.00182099	0.1	1
89	0.889981	-0.00378036	0.00119545	0.1	1
90	0.899989	-0.0024248	0.00076679	0.1	1
91	0.909994	-0.00151997	0.000480664	0.1	1
92	0.919997	-0.000931378	0.000294542	0.1	1
93	0.929998	-0.000558033	0.000176496	0.1	1
94	0.94	-0.000326982	0.000103469	0.1	1
95	0.95	-0.000187352	5.9394e-05	0.1	1
96	0.96	-0.000104799	3.34558e-05	0.1	1
97	0.97	-5.68292e-05	1.86306e-05	0.1	1
98	0.98	-2.90138e-05	1.05279e-05	0.1	1
99	0.99	-1.21264e-05	6.55689e-06	0.1	1
100	1	0	5.37154e-06	0.1	1
