0	0	0	0	7500	2e+11 0.516398
1	1e-05	0	0	7500	2e+11 0.516398
2	2e-05	0	0	7500	2e+11 0.516398
3	3e-05	0	0	7500	2e+11 0.516398
4	4e-05	0	0	7500	2e+11 0.516398
5	5e-05	0	0	7500	2e+11 0.516398
6	6e-05	0	0	7500	2e+11 0.516398
7	7e-05	0	0	7500	2e+11 0.516398
8	8e-05	0	0	7500	2e+11 0.516398
9	9e-05	0	0	7500	2e+11 0.516398
10	0.0001	0	0	7500	2e+11 0.516398
11	0.00011	0	0	7500	2e+11 0.516398
12	0.00012	0	0	7500	2e+11 0.516398
13	0.00013	0	0	7500	2e+11 0.516398
14	0.00014	0	0	7500	2e+11 0.516398
15	0.00015	0	0	7500	2e+11 0.516398
16	0.00016	0	0	7500	2e+11 0.516398
17	0.00017	0	0	7500	2e+11 0.516398
18	0.00018	0	0	7500	2e+11 0.516398
19	0.00019	0	0	7500	2e+11 0.516398
20	0.0002	0	0	7500	2e+11 0.516398
21	0.00021	0	0	7500	2e+11 0.516398
22	0.00022	0	0	7500	2e+11 0.516398
23	0.00023	0	0	7500	2e+11 0.516398
24	0.00024	0	0	7500	2e+11 0.516398
25	0.00025	0	0	7500	2e+11 0.516398
26	0.00026	0	0	7500	2e+11 0.516398
27	0.00027	0	0	7500	2e+11 0.516398
28	0.00028	0	0	7500	2e+11 0.516398
29	0.00029	0	0	7500	2e+11 0.516398
30	0.0003	0	0	7500	2e+11 0.516398
31	0.00031	0	0	7500	2e+11 0.516398
32	0.00032	0	0	7500	2e+11 0.516398
33	0.00033	0	0	7500	2e+11 0.516398
34	0.00034	0	0	7500	2e+11 0.516398
35	0.00035	0	0	7500	2e+11 0.516398
36	0.00036	0	0	7500	2e+11 0.516398
37	0.00037	0	0	7500	2e+11 0.516398
38	0.00038	0	0	7500	2e+11 0.516398
39	0.00039	0	0	7500	2e+11 0.516398
40	0.0004	0	0	7500	2e+11 0.516398
41	0.00041	0	0	7500	2e+11 0.516398
42	0.00042	0	0	7500	2e+11 0.516398
43	0.00043	0	0	7500	2e+11 0.516398
44	0.00044	0	0	7500	2e+11 0.516398
45	0.00045	0	0	7500	2e+11 0.516398
46	0.00046	0	0	7500	2e+11 0.516398
47	0.00047	0	0	7500	2e+11 0.516398
48	0.00048	0	0	7500	2e+11 0.516398
49	0.00049	0	0	7500	2e+11 0.5164
50	0.0005	0	0	7500	2e+11 0.5164
51	0.00051	0	0	7500	2e+11 0.516397
52	0.00052	0	0	7500	2e+11 0.5164
53	0.00053	0	0	7500	2e+11 0.5164
54	0.00054	0	0	7500	2e+11 0.516397
55	0.00055	0	0	7500	2e+11 0.5164
56	0.00056	0	0	7500	2e+11 0.5164
57	0.00057	0	0	7500	2e+11 0.516397
58	0.00058	0	0	7500	2e+11 0.516397
59	0.00059	0	0	7500	2e+11 0.5164
60	0.0006	0	0	7500	2e+11 0.5164
61	0.00061	0	0	7500	2e+11 0.516397
62	0.00062	0	0	7500	2e+11 0.5164
63	0.00063	0	0	7500	2e+11 0.5164
64	0.00064	0	0	7500	2e+11 0.516397
65	0.00065	0	0	7500	2e+11 0.5164
66	0.00066	0	0	7500	2e+11 0.5164
67	0.00067	0	0	7500	2e+11 0.516397
68	0.00068	0	0	7500	2e+11 0.5164
69	0.00069	0	0	7500	2e+11 0.5164
70	0.0007	0	0	7500	2e+11 0.516397
71	0.00071	0	0	7500	2e+11 0.516397
72	0.00072	0	0	7500	2e+11 0.5164
73	0.00073	0	0	7500	2e+11 0.5164
74	0.00074	0	0	7500	2e+11 0.516397
75	0.00075	0	0	7500	2e+11 0.5164
76	0.00076	0	0	7500	2e+11 0.5164
77	0.00077	0	0	7500	2e+11 0.516397
78	0.00078	0	0	7500	2e+11 0.5164
79	0.00079	0	0	7500	2e+11 0.5164
80	0.0008	0	0	7500	2e+11 0.516397
81	0.00081	0	0	7500	2e+11 0.5164
82	0.00082	0	0	7500	2e+11 0.5164
83	0.00083	0	0	7500	2e+11 0.516397
84	0.00084	0	0	7500	2e+11 0.5164
85	0.00085	1.52685e-38	2.95674e-42	7500	2e+11 0.5164
86	0.00086	7.10385e-38	1.37565e-41	7500	2e+11 0.516397
87	0.00087	1.58952e-37	3.07809e-41	7500	2e+11 0.5164
88	0.00088	2.69334e-37	5.21563e-41	7500	2e+11 0.5164
89	0.00089	3.89398e-37	7.54067e-41	7500	2e+11 0.516397
90	0.0009	5.08442e-37	9.84594e-41	7500	2e+11 0.516397
91	0.00091	6.13462e-37	1.18796e-40	7500	2e+11 0.5164
92	0.00092	6.88343e-37	1.33297e-40	7500	2e+11 0.5164
93	0.00093	7.23627e-37	1.4013e-40	7500	2e+11 0.516397
94	0.00094	7.23627e-37	1.4013e-40	7500	2e+11 0.5164
95	0.00095	2.8945e-36	5.60518e-40	7500	2e+11 0.5164
96	0.00096	8.04237e-36	1.5574e-39	7500	2e+11 0.516397
97	0.00097	2.72307e-35	5.27321e-39	7500	2e+11 0.516397
98	0.00098	8.10464e-35	1.56946e-38	7500	2e+11 0.5164
99	0.00099	2.33009e-34	4.5122e-38	7500	2e+11 0.5164
100	0.001	5.19284e-34	1.00559e-37	7500	2e+11 0.5164
101	0.00101	1.62238e-33	3.14172e-37	7500	2e+11 0.5164
102	0.00102	4.23625e-33	8.20346e-37	7500	2e+11 0.5164
103	0.00103	1.0602e-32	2.05307e-36	7500	2e+11 0.5164
104	0.00104	2.3683e-32	4.58619e-36	7500	2e+11 0.5164
105	0.00105	6.39988e-32	1.23933e-35	7500	2e+11 0.5164
106	0.00106	1.88574e-31	3.65172e-35	7500	2e+11 0.5164
107	0.00107	5.12976e-31	9.93375e-35	7500	2e+11 0.5164
108	0.00108	1.38533e-30	2.68269e-34	7500	2e+11 0.5164
109	0.00109	4.0672e-30	7.8761e-34	7500	2e+11 0.5164
110	0.0011	1.24939e-29	2.41943e-33	7500	2e+11 0.5164
111	0.00111	3.22131e-29	6.23805e-33	7500	2e+11 0.5164
112	0.00112	6.71881e-29	1.30109e-32	7500	2e+11 0.5164
113	0.00113	2.56989e-28	4.97657e-32	7500	2e+11 0.5164
114	0.00114	7.63301e-28	1.47813e-31	7500	2e+11 0.5164
115	0.00115	2.16867e-27	4.19962e-31	7500	2e+11 0.5164
116	0.00116	5.31805e-27	1.02984e-30	7500	2e+11 0.5164
117	0.00117	1.85205e-26	3.58649e-30	7500	2e+11 0.5164
118	0.00118	4.58559e-26	8.87996e-30	7500	2e+11 0.5164
119	0.00119	1.37052e-25	2.654e-29	7500	2e+11 0.5164
120	0.0012	3.2321e-25	6.25894e-29	7500	2e+11 0.5164
121	0.00121	1.0388e-24	2.01162e-28	7500	2e+11 0.5164
122	0.00122	2.71724e-24	5.26191e-28	7500	2e+11 0.5164
123	0.00123	7.75585e-24	1.50191e-27	7500	2e+11 0.5164
124	0.00124	1.68027e-23	3.25383e-27	7500	2e+11 0.5164
125	0.00125	4.87718e-23	9.44462e-27	7500	2e+11 0.5164
126	0.00126	1.13487e-22	2.19766e-26	7500	2e+11 0.5164
127	0.00127	2.94657e-22	5.706e-26	7500	2e+11 0.5164
128	0.00128	7.82413e-22	1.51514e-25	7500	2e+11 0.5164
129	0.00129	2.46222e-21	4.76807e-25	7500	2e+11 0.5164
130	0.0013	6.28714e-21	1.2175e-24	7500	2e+11 0.5164
131	0.00131	1.9494e-20	3.775e-24	7500	2e+11 0.5164
132	0.00132	4.79336e-20	9.28231e-24	7500	2e+11 0.5164
133	0.00133	1.58038e-19	3.0604e-23	7500	2e+11 0.5164
134	0.00134	3.61387e-19	6.99823e-23	7500	2e+11 0.5164
135	0.00135	1.07714e-18	2.08587e-22	7500	2e+11 0.5164
136	0.00136	3.39346e-18	6.57141e-22	7500	2e+11 0.5164
137	0.00137	8.6025e-18	1.66587e-21	7500	2e+11 0.5164
138	0.00138	2.95704e-17	5.72629e-21	7500	2e+11 0.5164
139	0.00139	7.09204e-17	1.37337e-20	7500	2e+11 0.5164
140	0.0014	2.33571e-16	4.52308e-20	7500	2e+11 0.5164
141	0.00141	5.51822e-16	1.0686e-19	7500	2e+11 0.5164
142	0.00142	1.84212e-15	3.56725e-19	7500	2e+11 0.5164
143	0.00143	5.01169e-15	9.70509e-19	7500	2e+11 0.5164
144	0.00144	1.46384e-14	2.83472e-18	7500	2e+11 0.5164
145	0.00145	4.12584e-14	7.98966e-18	7500	2e+11 0.5164
146	0.00146	1.04862e-13	2.03064e-17	7500	2e+11 0.5164
147	0.00147	2.92032e-13	5.65517e-17	7500	2e+11 0.5164
148	0.00148	7.5571e-13	1.46343e-16	7500	2e+11 0.5164
149	0.00149	2.32804e-12	4.50823e-16	7500	2e+11 0.5164
150	0.0015	5.37593e-12	1.04104e-15	7500	2e+11 0.5164
151	0.00151	1.7223e-11	3.33522e-15	7500	2e+11 0.5164
152	0.00152	4.92931e-11	9.54556e-15	7500	2e+11 0.5164
153	0.00153	1.31763e-10	2.55158e-14	7500	2e+11 0.5164
154	0.00154	3.19994e-10	6.19665e-14	7500	2e+11 0.5164
155	0.00155	1.01736e-09	1.9701e-13	7500	2e+11 0.5164
156	0.00156	2.65573e-09	5.14279e-13	7500	2e+11 0.5164
157	0.00157	7.42015e-09	1.43691e-12	7500	2e+11 0.5164
158	0.00158	1.78239e-08	3.45158e-12	7500	2e+11 0.5164
159	0.00159	4.62255e-08	8.95153e-12	7500	2e+11 0.5164
160	0.0016	1.21919e-07	2.36094e-11	7500	2e+11 0.5164
161	0.00161	3.25734e-07	6.30781e-11	7500	2e+11 0.5164
162	0.00162	9.99819e-07	1.93614e-10	7500	2e+11 0.5164
163	0.00163	2.40264e-06	4.6527e-10	7500	2e+11 0.5164
164	0.00164	7.10852e-06	1.37656e-09	7500	2e+11 0.5164
165	0.00165	1.63071e-05	3.15785e-09	7500	2e+11 0.5164
166	0.00166	4.12774e-05	7.99334e-09	7500	2e+11 0.5164
167	0.00167	0.000113533	2.19856e-08	7500	2e+11 0.5164
168	0.00168	0.000414796	8.03248e-08	7500	2e+11 0.5164
169	0.00169	0.00106057	2.05378e-07	7500	2e+11 0.5164
170	0.0017	0.00263061	5.09415e-07	7500	2e+11 0.5164
171	0.00171	0.00870997	1.68668e-06	7500	2e+11 0.5164
172	0.00172	0.0231203	4.47723e-06	7500	2e+11 0.5164
173	0.00173	0.0627446	1.21504e-05	7500	2e+11 0.5164
174	0.00174	0.220852	4.27677e-05	7500	2e+11 0.516382
175	0.00175	0.589893	0.000114232	7500	2e+11 0.51637
176	0.00176	1.55094	0.000300338	7500	2e+11 0.516328
177	0.00177001	3.06287	0.000593122	7500	2e+11 0.516195
178	0.00178001	5.0651	0.000980852	7500	2e+11 0.516051
179	0.00179002	7.48083	0.00144866	7500	2e+11 0.515835
180	0.00180004	10.2247	0.00198001	7500	2e+11 0.515607
181	0.00181006	13.21	0.0025581	7500	2e+11 0.515308
182	0.00182009	16.35	0.00316617	7500	2e+11 0.514997
183	0.00183012	19.5634	0.00378844	7500	2e+11 0.514704
184	0.00184016	22.7755	0.00441046	7500	2e+11 0.514394
185	0.00185021	25.9201	0.00501941	7500	2e+11 0.514024
186	0.00186026	28.9397	0.00560415	7500	2e+11 0.513756
187	0.00187031	31.7886	0.00615583	7500	2e+11 0.513453
188	0.00188038	34.4318	0.00666768	7500	2e+11 0.513186
189	0.00189044	36.8443	0.00713486	7500	2e+11 0.512913
190	0.00190052	39.0119	0.00755461	7500	2e+11 0.512676
191	0.00191059	40.9288	0.00792582	7500	2e+11 0.51248
192	0.00192067	42.5989	0.00824923	7500	2e+11 0.512291
193	0.00193076	44.0319	0.00852674	7500	2e+11 0.512149
194	0.00194084	45.2438	0.00876142	7500	2e+11 0.511977
195	0.00195093	46.2541	0.00895707	7500	2e+11 0.511877
196	0.00196102	47.0837	0.00911773	7500	2e+11 0.511782
197	0.00197111	47.7559	0.00924789	7500	2e+11 0.511747
198	0.00198121	48.2933	0.00935195	7500	2e+11 0.511617
199	0.0019913	48.7165	0.0094339	7500	2e+11 0.511594
200	0.00200139	49.0456	0.00949764	7500	2e+11 0.511594
201	0.00201149	49.2983	0.00954657	7500	2e+11 0.511546
202	0.00202159	49.4897	0.00958364	7500	2e+11 0.511546
203	0.00203168	49.633	0.00961139	7500	2e+11 0.511464
204	0.00204178	49.7391	0.00963193	7500	2e+11 0.511476
205	0.00205188	49.8167	0.00964696	7500	2e+11 0.511476
206	0.00206197	49.8727	0.00965781	7500	2e+11 0.511464
207	0.00207207	49.9128	0.00966557	7500	2e+11 0.511476
208	0.00208217	49.9411	0.00967105	7500	2e+11 0.511476
209	0.00209226	49.9609	0.00967489	7500	2e+11 0.51144
210	0.00210236	49.9746	0.00967755	7500	2e+11 0.511405
211	0.00211246	49.9841	0.00967937	7500	2e+11 0.51144
212	0.00212255	49.9904	0.00968061	7500	2e+11 0.511464
213	0.00213265	49.9947	0.00968144	7500	2e+11 0.511464
214	0.00214275	49.9976	0.00968199	7500	2e+11 0.511428
215	0.00215285	49.9995	0.00968235	7500	2e+11 0.511428
216	0.00216294	50.0007	0.00968259	7500	2e+11 0.511452
217	0.00217304	50.0015	0.00968275	7500	2e+11 0.511452
218	0.00218314	50.002	0.00968284	7500	2e+11 0.511476
219	0.00219323	50.0023	0.0096829	7500	2e+11 0.511476
220	0.00220333	50.0025	0.00968294	7500	2e+11 0.51144
221	0.00221343	50.0025	0.00968295	7500	2e+11 0.51144
222	0.00222353	50.0026	0.00968296	7500	2e+11 0.51144
223	0.00223362	50.0026	0.00968296	7500	2e+11 0.511487
224	0.00224372	50.0026	0.00968296	7500	2e+11 0.511487
225	0.00225382	50.0026	0.00968296	7500	2e+11 0.511393
226	0.00226392	50.0026	0.00968296	7500	2e+11 0.511428
227	0.00227401	50.0026	0.00968296	7500	2e+11 0.511499
228	0.00228411	50.0026	0.00968296	7500	2e+11 0.511499
229	0.00229421	50.0026	0.00968296	7500	2e+11 0.511405
230	0.0023043	50.0026	0.00968296	7500	2e+11 0.511428
231	0.0023144	50.0026	0.00968296	7500	2e+11 0.511428
232	0.0023245	50.0026	0.00968296	7500	2e+11 0.511428
233	0.0023346	50.0026	0.00968296	7500	2e+11 0.511499
234	0.00234469	50.0026	0.00968296	7500	2e+11 0.511499
235	0.00235479	50.0026	0.00968296	7500	2e+11 0.511428
236	0.00236489	50.0026	0.00968296	7500	2e+11 0.511428
237	0.00237499	50.0026	0.00968296	7500	2e+11 0.511428
238	0.00238508	50.0026	0.00968296	7500	2e+11 0.51144
239	0.00239518	50.0026	0.00968296	7500	2e+11 0.51144
240	0.00240528	50.0026	0.00968296	7500	2e+11 0.511476
241	0.00241537	50.0026	0.00968296	7500	2e+11 0.511476
242	0.00242547	50.0026	0.00968296	7500	2e+11 0.511417
243	0.00243557	50.0026	0.00968296	7500	2e+11 0.511487
244	0.00244567	50.0026	0.00968296	7500	2e+11 0.511487
245	0.00245576	50.0026	0.00968296	7500	2e+11 0.511417
246	0.00246586	50.0026	0.00968296	7500	2e+11 0.51144
247	0.00247596	50.0026	0.00968296	7500	2e+11 0.51144
248	0.00248606	50.0026	0.00968296	7500	2e+11 0.511452
249	0.00249615	50.0026	0.00968296	7500	2e+11 0.511452
250	0.00250625	50.0026	0.00968296	7500	2e+11 0.511428
251	0.00251635	50.0026	0.00968296	7500	2e+11 0.51144
252	0.00252644	50.0026	0.00968295	7500	2e+11 0.51144
253	0.00253654	50.0025	0.00968295	7500	2e+11 0.511417
254	0.00254664	50.0025	0.00968295	7500	2e+11 0.511511
255	0.00255673	50.0025	0.00968295	7500	2e+11 0.511511
256	0.00256683	50.0025	0.00968295	7500	2e+11 0.511452
257	0.00257693	50.0025	0.00968294	7500	2e+11 0.511452
258	0.00258703	50.0025	0.00968294	7500	2e+11 0.51144
259	0.00259712	50.0025	0.00968294	7500	2e+11 0.51144
260	0.00260722	50.0025	0.00968294	7500	2e+11 0.511428
261	0.00261732	50.0025	0.00968294	7500	2e+11 0.511464
262	0.00262742	50.0025	0.00968294	7500	2e+11 0.511464
263	0.00263751	50.0025	0.00968294	7500	2e+11 0.511452
264	0.00264761	50.0025	0.00968294	7500	2e+11 0.511452
265	0.00265771	50.0025	0.00968294	7500	2e+11 0.511428
266	0.00266781	50.0025	0.00968294	7500	2e+11 0.51144
267	0.0026779	50.0025	0.00968294	7500	2e+11 0.511464
268	0.002688	50.0024	0.00968293	7500	2e+11 0.511464
269	0.0026981	50.0023	0.0096829	7500	2e+11 0.511405
270	0.00270819	50.0018	0.00968281	7500	2e+11 0.51144
271	0.00271829	50.0007	0.00968259	7500	2e+11 0.511464
272	0.00272839	49.998	0.00968206	7500	2e+11 0.511464
273	0.00273849	49.9912	0.00968075	7500	2e+11 0.511417
274	0.00274858	49.9664	0.00967596	7500	2e+11 0.51144
275	0.00275868	49.9198	0.00966692	7500	2e+11 0.51144
276	0.00276878	49.7633	0.00963663	7500	2e+11 0.51144
277	0.00277887	49.3333	0.00955335	7500	2e+11 0.511511
278	0.00278897	47.9829	0.00929185	7500	2e+11 0.5117
279	0.00279906	45.5499	0.0088207	7500	2e+11 0.51196
280	0.00280915	42.2207	0.00817601	7500	2e+11 0.512303
281	0.00281923	38.2309	0.00740337	7500	2e+11 0.512693
282	0.0028293	33.8493	0.00655488	7500	2e+11 0.513144
283	0.00283936	29.3377	0.00568123	7500	2e+11 0.51356
284	0.00284942	24.9252	0.00482675	7500	2e+11 0.514048
285	0.00285946	20.784	0.00402481	7500	2e+11 0.51437
286	0.0028695	17.0327	0.00329836	7500	2e+11 0.514752
287	0.00287954	13.7395	0.00266064	7500	2e+11 0.515099
288	0.00288956	10.9173	0.00211412	7500	2e+11 0.515326
289	0.00289958	8.55299	0.00165628	7500	2e+11 0.515601
290	0.0029096	6.61227	0.00128046	7500	2e+11 0.515757
291	0.00291961	5.04948	0.000977828	7500	2e+11 0.515901
292	0.00292962	3.81206	0.000738203	7500	2e+11 0.516069
293	0.00293963	2.84577	0.00055108	7500	2e+11 0.516153
294	0.00294963	2.10089	0.000406837	7500	2e+11 0.516262
295	0.00295963	1.53526	0.000297301	7500	2e+11 0.516262
296	0.00296964	1.11068	0.000215082	7500	2e+11 0.516358
297	0.00297964	0.795353	0.00015402	7500	2e+11 0.516382
298	0.00298964	0.564075	0.000109233	7500	2e+11 0.516382
299	0.00299964	0.396363	7.67553e-05	7500	2e+11 0.51637
300	0.00300964	0.275892	5.34263e-05	7500	2e+11 0.516406
301	0.00301964	0.190236	3.68391e-05	7500	2e+11 0.516406
302	0.00302964	0.130015	2.51774e-05	7500	2e+11 0.51637
303	0.00303964	0.0880593	1.70526e-05	7500	2e+11 0.51643
304	0.00304964	0.0591525	1.14548e-05	7500	2e+11 0.51643
305	0.00305965	0.0393997	7.62972e-06	7500	2e+11 0.516478
306	0.00306964	0.0260016	5.03519e-06	7500	2e+11 0.516478
307	0.00307964	0.0170148	3.29491e-06	7500	2e+11 0.51637
308	0.00308964	0.0110454	2.13893e-06	7500	2e+11 0.516442
309	0.00309964	0.00711037	1.37692e-06	7500	2e+11 0.516442
310	0.00310965	0.00453472	8.78145e-07	7500	2e+11 0.516454
311	0.00311964	0.00286947	5.5567e-07	7500	2e+11 0.516454
312	0.00312964	0.00180048	3.48662e-07	7500	2e+11 0.516442
313	0.00313964	0.00112081	2.17044e-07	7500	2e+11 0.516442
314	0.00314964	0.000692323	1.34068e-07	7500	2e+11 0.516382
315	0.00315964	0.000424013	8.21098e-08	7500	2e+11 0.516382
316	0.00316965	0.000257383	4.98421e-08	7500	2e+11 0.516406
317	0.00317964	0.000155155	3.00456e-08	7500	2e+11 0.516406
318	0.00318965	9.27684e-05	1.79645e-08	7500	2e+11 0.516394
319	0.00319965	5.4997e-05	1.06501e-08	7500	2e+11 0.51643
320	0.00320964	3.23731e-05	6.26903e-09	7500	2e+11 0.51643
321	0.00321964	1.89145e-05	3.66278e-09	7500	2e+11 0.516418
322	0.00322964	1.09683e-05	2.12399e-09	7500	2e+11 0.516382
323	0.00323964	6.31518e-06	1.22293e-09	7500	2e+11 0.516406
324	0.00324964	3.60733e-06	6.98556e-10	7500	2e+11 0.516406
325	0.00325964	2.04365e-06	3.95751e-10	7500	2e+11 0.516406
326	0.00326965	1.1484e-06	2.22387e-10	7500	2e+11 0.516454
327	0.00327964	6.41251e-07	1.24178e-10	7500	2e+11 0.516454
328	0.00328964	3.55389e-07	6.88208e-11	7500	2e+11 0.516382
329	0.00329965	1.95304e-07	3.78204e-11	7500	2e+11 0.516478
330	0.00330964	1.06611e-07	2.06451e-11	7500	2e+11 0.516478
331	0.00331964	5.77593e-08	1.1185e-11	7500	2e+11 0.51643
332	0.00332964	3.10509e-08	6.01298e-12	7500	2e+11 0.516346
333	0.00333965	1.65697e-08	3.20871e-12	7500	2e+11 0.516454
334	0.00334964	8.78856e-09	1.7019e-12	7500	2e+11 0.516454
335	0.00335965	4.62929e-09	8.96458e-13	7500	2e+11 0.516394
336	0.00336965	2.4218e-09	4.6898e-13	7500	2e+11 0.516394
337	0.00337965	1.25867e-09	2.43741e-13	7500	2e+11 0.516406
338	0.00338965	6.49799e-10	1.25833e-13	7500	2e+11 0.51649
339	0.00339964	3.32581e-10	6.4404e-14	7500	2e+11 0.51649
340	0.00340965	1.69195e-10	3.27644e-14	7500	2e+11 0.516382
341	0.00341965	8.55271e-11	1.65623e-14	7500	2e+11 0.516382
342	0.00342965	4.28623e-11	8.30025e-15	7500	2e+11 0.516418
343	0.00343965	2.13352e-11	4.13155e-15	7500	2e+11 0.516418
344	0.00344965	1.0553e-11	2.04359e-15	7500	2e+11 0.516454
345	0.00345964	5.1824e-12	1.00357e-15	7500	2e+11 0.516454
346	0.00346965	2.53067e-12	4.90063e-16	7500	2e+11 0.516382
347	0.00347965	1.22617e-12	2.37446e-16	7500	2e+11 0.516382
348	0.00348965	5.89355e-13	1.14128e-16	7500	2e+11 0.516442
349	0.00349965	2.81751e-13	5.45608e-17	7500	2e+11 0.516442
350	0.00350965	1.33875e-13	2.59249e-17	7500	2e+11 0.516406
351	0.00351965	6.32638e-14	1.2251e-17	7500	2e+11 0.516454
352	0.00352965	2.9681e-14	5.74771e-18	7500	2e+11 0.516454
353	0.00353965	1.38388e-14	2.67987e-18	7500	2e+11 0.516406
354	0.00354965	6.40581e-15	1.24048e-18	7500	2e+11 0.516406
355	0.00355965	2.94497e-15	5.70292e-19	7500	2e+11 0.516394
356	0.00356965	1.34542e-15	2.6054e-19	7500	2e+11 0.51643
357	0.00357965	6.09847e-16	1.18096e-19	7500	2e+11 0.51643
358	0.00358965	2.74546e-16	5.31656e-20	7500	2e+11 0.516466
359	0.00359965	1.22991e-16	2.38171e-20	7500	2e+11 0.516466
360	0.00360965	5.48222e-17	1.06163e-20	7500	2e+11 0.516406
361	0.00361965	2.42173e-17	4.68965e-21	7500	2e+11 0.516406
362	0.00362965	1.06323e-17	2.05894e-21	7500	2e+11 0.51643
363	0.00363965	4.64644e-18	8.9978e-22	7500	2e+11 0.51643
364	0.00364965	2.01462e-18	3.90129e-22	7500	2e+11 0.516418
365	0.00365965	8.68046e-19	1.68096e-22	7500	2e+11 0.51643
366	0.00366965	3.71253e-19	7.18928e-23	7500	2e+11 0.51643
367	0.00367965	1.5767e-19	3.05327e-23	7500	2e+11 0.516502
368	0.00368965	6.65983e-20	1.28967e-23	7500	2e+11 0.516502
369	0.00369965	2.79947e-20	5.42115e-24	7500	2e+11 0.516382
370	0.00370965	1.16831e-20	2.26243e-24	7500	2e+11 0.51643
371	0.00371965	4.84446e-21	9.38126e-25	7500	2e+11 0.51643
372	0.00372965	2.00038e-21	3.87371e-25	7500	2e+11 0.516406
373	0.00373965	8.20808e-22	1.58949e-25	7500	2e+11 0.51637
374	0.00374965	3.34567e-22	6.47886e-26	7500	2e+11 0.516442
375	0.00375965	1.35227e-22	2.61866e-26	7500	2e+11 0.516442
376	0.00376965	5.42829e-23	1.05118e-26	7500	2e+11 0.516442
377	0.00377965	2.16345e-23	4.1895e-27	7500	2e+11 0.516442
378	0.00378965	8.56424e-24	1.65846e-27	7500	2e+11 0.516394
379	0.00379965	3.37811e-24	6.54168e-28	7500	2e+11 0.516442
380	0.00380965	1.32686e-24	2.56946e-28	7500	2e+11 0.516442
381	0.00381965	5.16455e-25	1.00011e-28	7500	2e+11 0.516454
382	0.00382965	1.99826e-25	3.86962e-29	7500	2e+11 0.516454
383	0.00383965	7.66847e-26	1.48499e-29	7500	2e+11 0.516394
384	0.00384965	2.93329e-26	5.68028e-30	7500	2e+11 0.516442
385	0.00385965	1.11542e-26	2.16e-30	7500	2e+11 0.516442
386	0.00386965	4.20919e-27	8.15106e-31	7500	2e+11 0.516394
387	0.00387965	1.57777e-27	3.05533e-31	7500	2e+11 0.516394
388	0.00388965	5.8777e-28	1.13821e-31	7500	2e+11 0.516382
389	0.00389965	2.17874e-28	4.21912e-32	7500	2e+11 0.516947
390	0.00390964	8.00905e-29	1.55095e-32	7500	2e+11 0.517551
391	0.00391962	2.92757e-29	5.66921e-33	7500	2e+11 0.517551
392	0.00392961	1.06272e-29	2.05795e-33	7500	2e+11 0.516514
393	0.00393962	3.83536e-30	7.42715e-34	7500	2e+11 0.51649
394	0.00394961	1.38045e-30	2.67323e-34	7500	2e+11 0.51649
395	0.00395962	4.95507e-31	9.59545e-35	7500	2e+11 0.51637
396	0.00396962	1.75334e-31	3.39534e-35	7500	2e+11 0.51637
397	0.00397962	6.14689e-32	1.19034e-35	7500	2e+11 0.516466
398	0.00398962	2.15749e-32	4.17796e-36	7500	2e+11 0.516466
399	0.00399962	7.47879e-33	1.44826e-36	7500	2e+11 0.516466
400	0.00400962	2.58688e-33	5.00947e-37	7500	2e+11 0.51649
401	0.00401961	8.88796e-34	1.72115e-37	7500	2e+11 0.51649
402	0.00402961	3.05054e-34	5.90734e-38	7500	2e+11 0.51637
403	0.00403962	1.03578e-34	2.00577e-38	7500	2e+11 0.51649
404	0.00404961	3.4819e-35	6.74266e-39	7500	2e+11 0.51649
405	0.00405961	1.15977e-35	2.24588e-39	7500	2e+11 0.516442
406	0.00406962	3.85559e-36	7.46631e-40	7500	2e+11 0.516466
407	0.00407961	1.27923e-36	2.47722e-40	7500	2e+11 0.516466
408	0.00408961	4.19964e-37	8.13258e-41	7500	2e+11 0.516394
409	0.00409961	1.36368e-37	2.64075e-41	7500	2e+11 0.516394
410	0.00410962	4.44741e-38	8.61238e-42	7500	2e+11 0.516394
411	0.00411962	1.44798e-38	2.804e-42	7500	2e+11 0.516394
412	0.00412962	4.68187e-39	9.0664e-43	7500	2e+11 0.516442
413	0.00413961	1.48344e-39	2.87266e-43	7500	2e+11 0.516442
414	0.00414962	4.55886e-40	8.82818e-44	7500	2e+11 0.516394
415	0.00415962	1.30253e-40	2.52234e-44	7500	2e+11 0.516394
416	0.00416962	2.89452e-41	5.60519e-45	7500	2e+11 0.516418
417	0.00417962	0	0	7500	2e+11 0.516514
418	0.00418961	0	0	7500	2e+11 0.516514
419	0.00419961	0	0	7500	2e+11 0.51637
420	0.00420962	0	0	7500	2e+11 0.516346
421	0.00421962	0	0	7500	2e+11 0.51649
422	0.00422961	0	0	7500	2e+11 0.51649
423	0.00423962	0	0	7500	2e+11 0.516394
424	0.00424962	0	0	7500	2e+11 0.516418
425	0.00425962	0	0	7500	2e+11 0.516418
426	0.00426962	0	0	7500	2e+11 0.516442
427	0.00427962	0	0	7500	2e+11 0.516442
428	0.00428962	0	0	7500	2e+11 0.516418
429	0.00429962	0	0	7500	2e+11 0.516394
430	0.00430962	0	0	7500	2e+11 0.516562
431	0.00431961	0	0	7500	2e+11 0.516562
432	0.00432961	0	0	7500	2e+11 0.51637
433	0.00433961	0	0	7500	2e+11 0.51637
434	0.00434962	0	0	7500	2e+11 0.516394
435	0.00435962	0	0	7500	2e+11 0.516394
436	0.00436962	0	0	7500	2e+11 0.516466
437	0.00437961	0	0	7500	2e+11 0.516466
438	0.00438961	0	0	7500	2e+11 0.51637
439	0.00439962	0	0	7500	2e+11 0.516514
440	0.00440961	0	0	7500	2e+11 0.516514
441	0.00441961	0	0	7500	2e+11 0.516394
442	0.00442961	0	0	7500	2e+11 0.516418
443	0.00443961	0	0	7500	2e+11 0.516418
444	0.00444962	0	0	7500	2e+11 0.516418
445	0.00445962	0	0	7500	2e+11 0.516418
446	0.00446962	0	0	7500	2e+11 0.516394
447	0.00447962	0	0	7500	2e+11 0.51649
448	0.00448962	0	0	7500	2e+11 0.51649
449	0.00449961	0	0	7500	2e+11 0.516418
450	0.00450962	0	0	7500	2e+11 0.516514
451	0.00451961	0	0	7500	2e+11 0.516514
452	0.00452961	0	0	7500	2e+11 0.516418
453	0.00453962	0	0	7500	2e+11 0.516466
454	0.00454961	0	0	7500	2e+11 0.516514
455	0.00455961	0	0	7500	2e+11 0.516514
456	0.00456962	0	0	7500	2e+11 0.516442
457	0.00457962	0	0	7500	2e+11 0.516442
458	0.00458962	0	0	7500	2e+11 0.516394
459	0.00459962	0	0	7500	2e+11 0.51649
460	0.00460961	0	0	7500	2e+11 0.51649
461	0.00461961	0	0	7500	2e+11 0.516442
462	0.00462962	0	0	7500	2e+11 0.516394
463	0.00463962	0	0	7500	2e+11 0.51649
464	0.00464961	0	0	7500	2e+11 0.51649
465	0.00465961	0	0	7500	2e+11 0.516442
466	0.00466961	0	0	7500	2e+11 0.516394
467	0.00467961	0	0	7500	2e+11 0.516466
468	0.00468961	0	0	7500	2e+11 0.516466
469	0.00469962	0	0	7500	2e+11 0.516466
470	0.00470961	0	0	7500	2e+11 0.516466
471	0.00471962	0	0	7500	2e+11 0.516346
472	0.00472962	0	0	7500	2e+11 0.51661
473	0.00473961	0	0	7500	2e+11 0.51661
474	0.00474961	0	0	7500	2e+11 0.516394
475	0.00475961	0	0	7500	2e+11 0.516346
476	0.00476961	0	0	7500	2e+11 0.516394
477	0.00477961	0	0	7500	2e+11 0.516538
478	0.00478961	0	0	7500	2e+11 0.516538
479	0.00479961	0	0	7500	2e+11 0.516346
480	0.00480961	0	0	7500	2e+11 0.516442
481	0.00481961	0	0	7500	2e+11 0.516442
482	0.00482961	0	0	7500	2e+11 0.516418
483	0.00483961	0	0	7500	2e+11 0.516442
484	0.00484961	0	0	7500	2e+11 0.516442
485	0.00485961	0	0	7500	2e+11 0.516442
486	0.00486961	0	0	7500	2e+11 0.516442
487	0.00487961	0	0	7500	2e+11 0.516466
488	0.00488961	0	0	7500	2e+11 0.516466
489	0.00489962	0	0	7500	2e+11 0.516442
490	0.00490962	0	0	7500	2e+11 0.51649
491	0.00491961	0	0	7500	2e+11 0.51649
492	0.00492961	0	0	7500	2e+11 0.516418
493	0.00493961	0	0	7500	2e+11 0.516418
494	0.00494961	0	0	7500	2e+11 0.516418
495	0.00495961	0	0	7500	2e+11 0.516538
496	0.00496961	0	0	7500	2e+11 0.516538
497	0.00497961	0	0	7500	2e+11 0.516442
498	0.00498961	0	0	7500	2e+11 0.516394
499	0.00499961	0	0	7500	2e+11 0.516418
500	0.00500961	0	0	7500	2e+11 0.516442
501	0.00501961	0	0	7500	2e+11 0.516442
502	0.00502961	0	0	7500	2e+11 0.516418
503	0.00503961	0	0	7500	2e+11 0.516418
504	0.00504961	0	0	7500	2e+11 0.516418
505	0.00505961	0	0	7500	2e+11 0.516418
506	0.00506961	0	0	7500	2e+11 0.516586
507	0.00507961	0	0	7500	2e+11 0.516586
508	0.00508961	0	0	7500	2e+11 0.51637
509	0.00509961	0	0	7500	2e+11 0.516394
510	0.00510961	0	0	7500	2e+11 0.516394
511	0.00511961	0	0	7500	2e+11 0.516442
512	0.00512961	0	0	7500	2e+11 0.516442
513	0.00513961	0	0	7500	2e+11 0.516466
514	0.00514961	0	0	7500	2e+11 0.516466
515	0.00515961	0	0	7500	2e+11 0.516514
516	0.00516961	0	0	7500	2e+11 0.516514
517	0.00517961	0	0	7500	2e+11 0.516418
518	0.00518961	0	0	7500	2e+11 0.516394
519	0.00519961	0	0	7500	2e+11 0.516442
520	0.00520961	0	0	7500	2e+11 0.51649
521	0.00521961	0	0	7500	2e+11 0.51649
522	0.00522961	0	0	7500	2e+11 0.516418
523	0.00523961	0	0	7500	2e+11 0.516418
524	0.00524961	0	0	7500	2e+11 0.51649
525	0.00525961	0	0	7500	2e+11 0.51649
526	0.00526961	0	0	7500	2e+11 0.516418
527	0.00527961	0	0	7500	2e+11 0.516562
528	0.00528961	0	0	7500	2e+11 0.516562
529	0.00529961	0	0	7500	2e+11 0.516466
530	0.00530961	0	0	7500	2e+11 0.516466
531	0.00531961	0	0	7500	2e+11 0.516442
532	0.00532961	0	0	7500	2e+11 0.516442
533	0.00533961	0	0	7500	2e+11 0.516394
534	0.00534961	0	0	7500	2e+11 0.516466
535	0.00535961	0	0	7500	2e+11 0.516466
536	0.00536961	0	0	7500	2e+11 0.516418
537	0.00537961	0	0	7500	2e+11 0.516466
538	0.00538961	0	0	7500	2e+11 0.516466
539	0.00539961	0	0	7500	2e+11 0.516466
540	0.00540961	0	0	7500	2e+11 0.516466
541	0.00541961	0	0	7500	2e+11 0.516394
542	0.00542961	0	0	7500	2e+11 0.51649
543	0.00543961	0	0	7500	2e+11 0.51649
544	0.00544961	0	0	7500	2e+11 0.51637
545	0.00545961	0	0	7500	2e+11 0.51649
546	0.00546961	0	0	7500	2e+11 0.51649
547	0.00547961	0	0	7500	2e+11 0.516418
548	0.00548961	0	0	7500	2e+11 0.516418
549	0.00549961	0	0	7500	2e+11 0.516538
550	0.00550961	0	0	7500	2e+11 0.516538
551	0.00551961	0	0	7500	2e+11 0.516394
552	0.00552961	0	0	7500	2e+11 0.516442
553	0.00553961	0	0	7500	2e+11 0.516442
554	0.00554961	0	0	7500	2e+11 0.51637
555	0.00555961	0	0	7500	2e+11 0.516418
556	0.00556961	0	0	7500	2e+11 0.516418
557	0.00557961	0	0	7500	2e+11 0.516466
558	0.00558961	0	0	7500	2e+11 0.516466
559	0.00559961	0	0	7500	2e+11 0.516514
560	0.0056096	0	0	7500	2e+11 0.516514
561	0.0056196	0	0	7500	2e+11 0.516418
562	0.00562961	0	0	7500	2e+11 0.516346
563	0.00563961	0	0	7500	2e+11 0.51649
564	0.00564961	0	0	7500	2e+11 0.51649
565	0.00565961	0	0	7500	2e+11 0.516466
566	0.0056696	0	0	7500	2e+11 0.516466
567	0.0056796	0	0	7500	2e+11 0.516442
568	0.00568961	0	0	7500	2e+11 0.516442
569	0.0056996	0	0	7500	2e+11 0.516466
570	0.0057096	0	0	7500	2e+11 0.516514
571	0.0057196	0	0	7500	2e+11 0.516514
572	0.0057296	0	0	7500	2e+11 0.51637
573	0.0057396	0	0	7500	2e+11 0.516514
574	0.0057496	0	0	7500	2e+11 0.516514
575	0.0057596	0	0	7500	2e+11 0.516418
576	0.0057696	0	0	7500	2e+11 0.516514
577	0.0057796	0	0	7500	2e+11 0.516514
578	0.0057896	0	0	7500	2e+11 0.516394
579	0.0057996	0	0	7500	2e+11 0.51649
580	0.0058096	0	0	7500	2e+11 0.51649
581	0.0058196	0	0	7500	2e+11 0.516394
582	0.0058296	0	0	7500	2e+11 0.516418
583	0.0058396	0	0	7500	2e+11 0.516418
584	0.0058496	0	0	7500	2e+11 0.516394
585	0.0058596	0	0	7500	2e+11 0.51637
586	0.0058696	0	0	7500	2e+11 0.516442
587	0.0058796	0	0	7500	2e+11 0.516538
588	0.0058896	0	0	7500	2e+11 0.516538
589	0.0058996	0	0	7500	2e+11 0.51649
590	0.0059096	0	0	7500	2e+11 0.51649
591	0.0059196	0	0	7500	2e+11 0.516418
592	0.0059296	0	0	7500	2e+11 0.516418
593	0.0059396	0	0	7500	2e+11 0.516466
594	0.0059496	0	0	7500	2e+11 0.51649
595	0.0059596	0	0	7500	2e+11 0.51649
596	0.0059696	0	0	7500	2e+11 0.516394
597	0.0059796	0	0	7500	2e+11 0.51649
598	0.0059896	0	0	7500	2e+11 0.51649
599	0.0059996	0	0	7500	2e+11 0.516394
600	0.0060096	0	0	7500	2e+11 0.51649
601	0.00601959	0	0	7500	2e+11 0.51649
602	0.00602959	0	0	7500	2e+11 0.51649
603	0.00603959	0	0	7500	2e+11 0.51649
604	0.00604959	0	0	7500	2e+11 0.516442
605	0.00605959	0	0	7500	2e+11 0.516466
606	0.00606959	0	0	7500	2e+11 0.516466
607	0.00607959	0	0	7500	2e+11 0.51649
608	0.00608959	0	0	7500	2e+11 0.51649
609	0.00609959	0	0	7500	2e+11 0.51649
610	0.00610959	0	0	7500	2e+11 0.51649
611	0.00611959	0	0	7500	2e+11 0.516418
612	0.00612959	0	0	7500	2e+11 0.516418
613	0.00613959	0	0	7500	2e+11 0.51649
614	0.00614959	0	0	7500	2e+11 0.51649
615	0.00615959	0	0	7500	2e+11 0.516466
616	0.00616959	0	0	7500	2e+11 0.516466
617	0.00617959	0	0	7500	2e+11 0.516418
618	0.00618958	0	0	7500	2e+11 0.516538
619	0.00619958	0	0	7500	2e+11 0.516538
620	0.00620958	0	0	7500	2e+11 0.516442
621	0.00621958	0	0	7500	2e+11 0.516442
622	0.00622958	0	0	7500	2e+11 0.516514
623	0.00623958	0	0	7500	2e+11 0.516514
624	0.00624958	0	0	7500	2e+11 0.516442
625	0.00625958	0	0	7500	2e+11 0.516442
626	0.00626958	0	0	7500	2e+11 0.51649
627	0.00627958	0	0	7500	2e+11 0.51649
628	0.00628958	0	0	7500	2e+11 0.516418
629	0.00629958	0	0	7500	2e+11 0.516466
630	0.00630957	0	0	7500	2e+11 0.516514
631	0.00631957	0	0	7500	2e+11 0.516514
632	0.00632957	0	0	7500	2e+11 0.51661
633	0.00633957	0	0	7500	2e+11 0.51661
634	0.00634957	0	0	7500	2e+11 0.516514
635	0.00635957	0	0	7500	2e+11 0.516514
636	0.00636957	0	0	7500	2e+11 0.516514
637	0.00637956	0	0	7500	2e+11 0.516538
638	0.00638956	0	0	7500	2e+11 0.516538
639	0.00639956	0	0	7500	2e+11 0.516586
640	0.00640956	0	0	7500	2e+11 0.516586
641	0.00641956	0	0	7500	2e+11 0.516562
642	0.00642955	0	0	7500	2e+11 0.516731
643	0.00643955	0	0	7500	2e+11 0.516731
644	0.00644955	0	0	7500	2e+11 0.516707
645	0.00645954	0	0	7500	2e+11 0.516707
646	0.00646954	0	0	7500	2e+11 0.516731
647	0.00647953	0	0	7500	2e+11 0.516731
648	0.00648952	0	0	7500	2e+11 0.516851
649	0.00649952	0	0	7500	2e+11 0.517164
650	0.0065095	0	0	7500	2e+11 0.517164
651	0.00651956	0	0	7500	2e+11 0.51702
652	0.00652955	0	0	7500	2e+11 0.51702
653	0.00653954	0	0	7500	2e+11 0.516779
654	0.00654954	0	0	7500	2e+11 0.516658
655	0.00655953	0	0	7500	2e+11 0.516634
656	0.00656953	0	0	7500	2e+11 0.516634
657	0.00657953	0	0	7500	2e+11 0.516538
658	0.00658952	0	0	7500	2e+11 0.516658
659	0.00659952	0	0	7500	2e+11 0.516658
660	0.00660952	0	0	7500	2e+11 0.516538
661	0.00661952	0	0	7500	2e+11 0.516538
662	0.00662951	0	0	7500	2e+11 0.516514
663	0.00663951	0	0	7500	2e+11 0.516514
664	0.00664951	0	0	7500	2e+11 0.51637
665	0.00665951	0	0	7500	2e+11 0.51637
666	0.00666951	0	0	7500	2e+11 0.516394
667	0.00667951	0	0	7500	2e+11 0.516562
668	0.00668951	0	0	7500	2e+11 0.516562
669	0.00669951	0	0	7500	2e+11 0.516418
670	0.00670951	0	0	7500	2e+11 0.51649
671	0.00671951	0	0	7500	2e+11 0.51649
672	0.00672951	0	0	7500	2e+11 0.51637
673	0.00673951	0	0	7500	2e+11 0.516538
674	0.00674951	0	0	7500	2e+11 0.516538
675	0.00675951	0	0	7500	2e+11 0.51637
676	0.00676951	0	0	7500	2e+11 0.51637
677	0.00677951	0	0	7500	2e+11 0.516442
678	0.00678951	0	0	7500	2e+11 0.516442
679	0.00679951	0	0	7500	2e+11 0.516442
680	0.00680951	0	0	7500	2e+11 0.516442
681	0.00681951	0	0	7500	2e+11 0.516394
682	0.00682951	0	0	7500	2e+11 0.516394
683	0.00683951	0	0	7500	2e+11 0.51637
684	0.00684952	-2.15207e-38	-4.16746e-42	7500	2e+11 0.516346
685	0.00685952	-1.20527e-37	-2.334e-41	7500	2e+11 0.516346
686	0.00686952	-2.73915e-37	-5.30434e-41	7500	2e+11 0.51637
687	0.00687952	-4.4189e-37	-8.55717e-41	7500	2e+11 0.516442
688	0.00688952	-5.85284e-37	-1.1334e-40	7500	2e+11 0.516442
689	0.00689952	-6.80369e-37	-1.31753e-40	7500	2e+11 0.516418
690	0.00690952	-7.23555e-37	-1.40116e-40	7500	2e+11 0.516418
691	0.00691952	-7.23692e-37	-1.40142e-40	7500	2e+11 0.516442
692	0.00692952	-4.34072e-36	-8.40577e-40	7500	2e+11 0.516442
693	0.00693952	-1.338e-35	-2.59102e-39	7500	2e+11 0.516466
694	0.00694952	-3.83417e-35	-7.42484e-39	7500	2e+11 0.516466
695	0.00695952	-1.04593e-34	-2.02543e-38	7500	2e+11 0.516466
696	0.00696952	-2.98482e-34	-5.78008e-38	7500	2e+11 0.516394
697	0.00697952	-8.49572e-34	-1.64519e-37	7500	2e+11 0.516418
698	0.00698952	-2.12218e-33	-4.10958e-37	7500	2e+11 0.516418
699	0.00699952	-5.96014e-33	-1.15418e-36	7500	2e+11 0.51649
700	0.00700952	-1.38887e-32	-2.68953e-36	7500	2e+11 0.51649
701	0.00701952	-5.40187e-32	-1.04607e-35	7500	2e+11 0.51637
702	0.00702952	-1.27754e-31	-2.47395e-35	7500	2e+11 0.51637
703	0.00703952	-3.96612e-31	-7.68036e-35	7500	2e+11 0.516466
704	0.00704952	-1.26681e-30	-2.45317e-34	7500	2e+11 0.516466
705	0.00705952	-3.14809e-30	-6.09624e-34	7500	2e+11 0.516442
706	0.00706952	-9.14296e-30	-1.77053e-33	7500	2e+11 0.516442
707	0.00707952	-2.27067e-29	-4.39714e-33	7500	2e+11 0.516442
708	0.00708952	-6.91704e-29	-1.33948e-32	7500	2e+11 0.516418
709	0.00709952	-2.09964e-28	-4.06594e-32	7500	2e+11 0.516538
710	0.00710952	-5.45789e-28	-1.05692e-31	7500	2e+11 0.516538
711	0.00711952	-1.80482e-27	-3.49503e-31	7500	2e+11 0.516442
712	0.00712952	-4.48013e-27	-8.67573e-31	7500	2e+11 0.516442
713	0.00713952	-1.43576e-26	-2.78033e-30	7500	2e+11 0.516442
714	0.00714952	-3.39264e-26	-6.56982e-30	7500	2e+11 0.516442
715	0.00715952	-1.09425e-25	-2.119e-29	7500	2e+11 0.516394
716	0.00716952	-3.02158e-25	-5.85127e-29	7500	2e+11 0.516562
717	0.00717951	-8.03504e-25	-1.55598e-28	7500	2e+11 0.516562
718	0.00718951	-2.21653e-24	-4.29229e-28	7500	2e+11 0.516418
719	0.00719952	-5.81629e-24	-1.12632e-27	7500	2e+11 0.51649
720	0.00720951	-1.55752e-23	-3.01612e-27	7500	2e+11 0.51649
721	0.00721952	-4.57422e-23	-8.85793e-27	7500	2e+11 0.51649
722	0.00722951	-1.25224e-22	-2.42494e-26	7500	2e+11 0.51649
723	0.00723951	-3.54261e-22	-6.86024e-26	7500	2e+11 0.516442
724	0.00724951	-9.71751e-22	-1.88179e-25	7500	2e+11 0.516442
725	0.00725951	-2.47513e-21	-4.79306e-25	7500	2e+11 0.516442
726	0.00726951	-7.56179e-21	-1.46433e-24	7500	2e+11 0.516442
727	0.00727951	-1.73111e-20	-3.35228e-24	7500	2e+11 0.516442
728	0.00728951	-5.09983e-20	-9.87578e-24	7500	2e+11 0.516442
729	0.00729951	-1.40754e-19	-2.72569e-23	7500	2e+11 0.516418
730	0.00730951	-3.22004e-19	-6.23559e-23	7500	2e+11 0.516418
731	0.00731951	-9.71272e-19	-1.88086e-22	7500	2e+11 0.516514
732	0.00732951	-3.11647e-18	-6.03501e-22	7500	2e+11 0.516514
733	0.00733951	-8.35153e-18	-1.61727e-21	7500	2e+11 0.516322
734	0.00734952	-2.39224e-17	-4.63254e-21	7500	2e+11 0.51637
735	0.00735952	-5.59233e-17	-1.08295e-20	7500	2e+11 0.516418
736	0.00736952	-1.54996e-16	-3.00148e-20	7500	2e+11 0.51649
737	0.00737951	-5.11303e-16	-9.90134e-20	7500	2e+11 0.51649
738	0.00738952	-1.12773e-15	-2.18383e-19	7500	2e+11 0.516322
739	0.00739952	-3.361e-15	-6.50854e-19	7500	2e+11 0.51637
740	0.00740952	-1.03141e-14	-1.99731e-18	7500	2e+11 0.51637
741	0.00741952	-3.29421e-14	-6.3792e-18	7500	2e+11 0.516346
742	0.00742952	-8.82468e-14	-1.70889e-17	7500	2e+11 0.516346
743	0.00743952	-2.53926e-13	-4.91725e-17	7500	2e+11 0.516274
744	0.00744953	-6.0716e-13	-1.17576e-16	7500	2e+11 0.516274
745	0.00745953	-1.69461e-12	-3.2816e-16	7500	2e+11 0.516226
746	0.00746953	-4.0339e-12	-7.81161e-16	7500	2e+11 0.516226
747	0.00747954	-1.21527e-11	-2.35336e-15	7500	2e+11 0.516105
748	0.00748955	-4.65991e-11	-9.02387e-15	7500	2e+11 0.516129
749	0.00749955	-1.28283e-10	-2.48418e-14	7500	2e+11 0.516129
750	0.00750956	-3.8449e-10	-7.44562e-14	7500	2e+11 0.519466
751	0.0075195	-9.54887e-10	-1.84913e-13	7500	2e+11 0.519466
752	0.00752952	-2.66831e-09	-5.16715e-13	7500	2e+11 0.515841
753	0.00753953	-7.84282e-09	-1.51876e-12	7500	2e+11 0.516274
754	0.00754953	-1.9097e-08	-3.69813e-12	7500	2e+11 0.516274
755	0.00755954	-4.7826e-08	-9.26147e-12	7500	2e+11 0.516033
756	0.00756954	-1.30182e-07	-2.52097e-11	7500	2e+11 0.516346
757	0.00757955	-3.35607e-07	-6.499e-11	7500	2e+11 0.516346
758	0.00758955	-7.22497e-07	-1.39911e-10	7500	2e+11 0.516177
759	0.00759955	-1.67155e-06	-3.23694e-10	7500	2e+11 0.516177
760	0.00760956	-5.70899e-06	-1.10554e-09	7500	2e+11 0.516298
761	0.00761956	-1.43242e-05	-2.77388e-09	7500	2e+11 0.516298
762	0.00762957	-4.01099e-05	-7.76724e-09	7500	2e+11 0.516442
763	0.00763956	-0.000106121	-2.05503e-08	7500	2e+11 0.516442
764	0.00764957	-0.00028339	-5.48782e-08	7500	2e+11 0.516538
765	0.00765957	-0.000859547	-1.66451e-07	7500	2e+11 0.516538
766	0.00766957	-0.00217878	-4.21918e-07	7500	2e+11 0.516346
767	0.00767957	-0.00572933	-1.10948e-06	7500	2e+11 0.516346
768	0.00768957	-0.0156475	-3.03012e-06	7500	2e+11 0.516346
769	0.00769957	-0.0484645	-9.3851e-06	7500	2e+11 0.516346
770	0.00770958	-0.150707	-2.91842e-05	7500	2e+11 0.516442
771	0.00771958	-0.416841	-8.07209e-05	7500	2e+11 0.516442
772	0.00772958	-1.13283	-0.000219372	7500	2e+11 0.51649
773	0.00773958	-3.00343	-0.000581612	7500	2e+11 0.516683
774	0.00774957	-5.8879	-0.00114019	7500	2e+11 0.517068
775	0.00775956	-9.58694	-0.0018565	7500	2e+11 0.51743
776	0.00776954	-13.8397	-0.00268005	7500	2e+11 0.517816
777	0.00777951	-18.3573	-0.00355487	7500	2e+11 0.518204
778	0.00778948	-22.8892	-0.00443248	7500	2e+11 0.51898
779	0.00779943	-27.2098	-0.00526915	7500	2e+11 0.51898
780	0.00780938	-31.1721	-0.00603644	7500	2e+11 0.518955
781	0.00781938	-34.7196	-0.00672342	7500	2e+11 0.519077
782	0.00782933	-37.8102	-0.00732192	7500	2e+11 0.520246
783	0.00783925	-40.4107	-0.00782549	7500	2e+11 0.52049
784	0.00784917	-42.5677	-0.00824321	7500	2e+11 0.520783
785	0.00785909	-44.3095	-0.0085805	7500	2e+11 0.520832
786	0.007869	-45.6937	-0.00884856	7500	2e+11 0.52093
787	0.00787892	-46.7719	-0.00905735	7500	2e+11 0.52093
788	0.00788883	-47.6051	-0.00921869	7500	2e+11 0.521371
789	0.00789874	-48.2485	-0.00934328	7500	2e+11 0.521371
790	0.00790864	-48.7303	-0.00943659	7500	2e+11 0.52142
791	0.00791855	-49.0893	-0.00950611	7500	2e+11 0.52142
792	0.00792846	-49.3506	-0.00955669	7500	2e+11 0.52142
793	0.00793836	-49.5402	-0.00959342	7500	2e+11 0.52142
794	0.00794827	-49.6793	-0.00962036	7500	2e+11 0.521763
795	0.00795817	-49.7784	-0.00963955	7500	2e+11 0.521763
796	0.00796808	-49.8474	-0.0096529	7500	2e+11 0.521273
797	0.00797799	-49.8958	-0.00966229	7500	2e+11 0.521567
798	0.00798789	-49.9295	-0.00966881	7500	2e+11 0.521567
799	0.00799779	-49.9524	-0.00967325	7500	2e+11 0.521469
800	0.00800769	-49.9677	-0.0096762	7500	2e+11 0.521469
801	0.0080176	-49.9779	-0.00967819	7500	2e+11 0.521763
802	0.0080275	-49.9847	-0.0096795	7500	2e+11 0.521763
803	0.00803741	-49.9892	-0.00968037	7500	2e+11 0.521273
804	0.00804731	-49.9922	-0.00968095	7500	2e+11 0.521469
805	0.00805721	-49.9941	-0.00968132	7500	2e+11 0.521469
806	0.00806712	-49.9953	-0.00968156	7500	2e+11 0.521763
807	0.00807702	-49.9961	-0.00968171	7500	2e+11 0.521763
808	0.00808692	-49.9966	-0.0096818	7500	2e+11 0.521371
809	0.00809683	-49.9969	-0.00968185	7500	2e+11 0.521322
810	0.00810673	-49.997	-0.00968189	7500	2e+11 0.521469
811	0.00811663	-49.9972	-0.00968191	7500	2e+11 0.521469
812	0.00812654	-49.9972	-0.00968192	7500	2e+11 0.52142
813	0.00813644	-49.9973	-0.00968194	7500	2e+11 0.521371
814	0.00814635	-49.9973	-0.00968194	7500	2e+11 0.521371
815	0.00815625	-49.9974	-0.00968195	7500	2e+11 0.521371
816	0.00816616	-49.9974	-0.00968195	7500	2e+11 0.521812
817	0.00817605	-49.9974	-0.00968195	7500	2e+11 0.521812
818	0.00818596	-49.9974	-0.00968195	7500	2e+11 0.521322
819	0.00819587	-49.9974	-0.00968195	7500	2e+11 0.52142
820	0.00820577	-49.9974	-0.00968195	7500	2e+11 0.521518
821	0.00821567	-49.9974	-0.00968195	7500	2e+11 0.521665
822	0.00822557	-49.9974	-0.00968195	7500	2e+11 0.521665
823	0.00823548	-49.9974	-0.00968195	7500	2e+11 0.521616
824	0.00824538	-49.9974	-0.00968195	7500	2e+11 0.521616
825	0.00825528	-49.9974	-0.00968195	7500	2e+11 0.52142
826	0.00826519	-49.9974	-0.00968195	7500	2e+11 0.521567
827	0.00827509	-49.9974	-0.00968195	7500	2e+11 0.521567
828	0.008285	-49.9974	-0.00968195	7500	2e+11 0.52142
829	0.0082949	-49.9974	-0.00968195	7500	2e+11 0.521567
830	0.0083048	-49.9974	-0.00968195	7500	2e+11 0.521567
831	0.00831471	-49.9974	-0.00968195	7500	2e+11 0.521469
832	0.00832461	-49.9974	-0.00968195	7500	2e+11 0.521469
833	0.00833452	-49.9974	-0.00968195	7500	2e+11 0.521371
834	0.00834442	-49.9974	-0.00968195	7500	2e+11 0.521714
835	0.00835432	-49.9974	-0.00968195	7500	2e+11 0.521763
836	0.00836422	-49.9974	-0.00968195	7500	2e+11 0.521763
837	0.00837413	-49.9974	-0.00968195	7500	2e+11 0.521665
838	0.00838403	-49.9974	-0.00968195	7500	2e+11 0.521665
839	0.00839394	-49.9974	-0.00968195	7500	2e+11 0.521322
840	0.00840384	-49.9974	-0.00968195	7500	2e+11 0.521567
841	0.00841374	-49.9974	-0.00968195	7500	2e+11 0.521567
842	0.00842365	-49.9974	-0.00968195	7500	2e+11 0.521567
843	0.00843355	-49.9974	-0.00968195	7500	2e+11 0.521567
844	0.00844345	-49.9974	-0.00968195	7500	2e+11 0.52142
845	0.00845336	-49.9974	-0.00968195	7500	2e+11 0.521469
846	0.00846326	-49.9974	-0.00968195	7500	2e+11 0.521469
847	0.00847316	-49.9974	-0.00968195	7500	2e+11 0.52142
848	0.00848307	-49.9974	-0.00968195	7500	2e+11 0.52142
849	0.00849297	-49.9974	-0.00968195	7500	2e+11 0.521469
850	0.00850288	-49.9974	-0.00968195	7500	2e+11 0.521469
851	0.00851278	-49.9974	-0.00968195	7500	2e+11 0.521518
852	0.00852268	-49.9974	-0.00968195	7500	2e+11 0.521518
853	0.00853259	-49.9974	-0.00968195	7500	2e+11 0.521567
854	0.00854249	-49.9974	-0.00968195	7500	2e+11 0.521567
855	0.00855239	-49.9974	-0.00968195	7500	2e+11 0.521518
856	0.0085623	-49.9974	-0.00968195	7500	2e+11 0.521518
857	0.0085722	-49.9974	-0.00968195	7500	2e+11 0.521371
858	0.00858211	-49.9974	-0.00968195	7500	2e+11 0.52142
859	0.00859201	-49.9973	-0.00968195	7500	2e+11 0.521469
860	0.00860191	-49.9973	-0.00968194	7500	2e+11 0.521518
861	0.00861182	-49.9973	-0.00968193	7500	2e+11 0.521518
862	0.00862172	-49.9971	-0.00968189	7500	2e+11 0.521469
863	0.00863162	-49.9967	-0.00968181	7500	2e+11 0.52142
864	0.00864153	-49.9954	-0.00968158	7500	2e+11 0.52142
865	0.00865143	-49.9913	-0.00968078	7500	2e+11 0.52142
866	0.00866134	-49.9801	-0.00967861	7500	2e+11 0.521518
867	0.00867124	-49.9488	-0.00967255	7500	2e+11 0.521518
868	0.00868114	-49.8665	-0.0096566	7500	2e+11 0.521518
869	0.00869104	-49.6606	-0.00961674	7500	2e+11 0.521371
870	0.00870095	-49.0229	-0.00949325	7500	2e+11 0.521371
871	0.00871086	-47.8199	-0.00926029	7500	2e+11 0.521224
872	0.00872077	-46.0796	-0.00892328	7500	2e+11 0.521224
873	0.00873068	-43.8871	-0.0084987	7500	2e+11 0.521126
874	0.00874059	-41.3127	-0.00800018	7500	2e+11 0.52093
875	0.00875052	-38.4492	-0.00744565	7500	2e+11 0.520294
876	0.00876044	-35.3795	-0.00685121	7500	2e+11 0.520197
877	0.00877038	-32.1881	-0.00623319	7500	2e+11 0.519758
878	0.00878031	-28.9621	-0.00560848	7500	2e+11 0.519758
879	0.00879026	-25.7614	-0.00498867	7500	2e+11 0.519028
880	0.00880021	-22.6474	-0.00438566	7500	2e+11 0.518883
881	0.00881017	-19.6839	-0.00381177	7500	2e+11 0.518446
882	0.00882014	-16.9095	-0.00327452	7500	2e+11 0.518494
883	0.0088301	-14.3758	-0.00278386	7500	2e+11 0.518494
884	0.00884007	-12.085	-0.00234026	7500	2e+11 0.517962
885	0.00885006	-10.0405	-0.00194433	7500	2e+11 0.517333
886	0.00886004	-8.24087	-0.00159584	7500	2e+11 0.517333
887	0.00887002	-6.68863	-0.00129525	7500	2e+11 0.517092
888	0.00888001	-5.36251	-0.00103845	7500	2e+11 0.517092
889	0.00889	-4.25155	-0.000823308	7500	2e+11 0.517092
890	0.00889999	-3.33421	-0.000645666	7500	2e+11 0.516755
891	0.00890999	-2.58383	-0.000500356	7500	2e+11 0.516707
892	0.00891999	-1.97544	-0.000382542	7500	2e+11 0.51661
893	0.00892998	-1.49166	-0.000288859	7500	2e+11 0.516851
894	0.00893997	-1.11619	-0.00021615	7500	2e+11 0.516851
895	0.00894997	-0.823336	-0.000159438	7500	2e+11 0.516514
896	0.00895997	-0.600531	-0.000116292	7500	2e+11 0.516514
897	0.00896998	-0.432476	-8.37486e-05	7500	2e+11 0.516226
898	0.00897998	-0.308886	-5.98156e-05	7500	2e+11 0.516466
899	0.00898998	-0.218339	-4.22813e-05	7500	2e+11 0.516466
900	0.00899998	-0.152277	-2.94884e-05	7500	2e+11 0.516514
901	0.00900998	-0.105567	-2.04429e-05	7500	2e+11 0.51661
902	0.00901998	-0.0726743	-1.40733e-05	7500	2e+11 0.51661
903	0.00902997	-0.0494541	-9.57676e-06	7500	2e+11 0.516466
904	0.00903998	-0.0333469	-6.45759e-06	7500	2e+11 0.516658
905	0.00904997	-0.0222887	-4.3162e-06	7500	2e+11 0.516658
906	0.00905997	-0.014744	-2.85517e-06	7500	2e+11 0.516418
907	0.00906997	-0.00964313	-1.86738e-06	7500	2e+11 0.516322
908	0.00907998	-0.00625791	-1.21184e-06	7500	2e+11 0.516418
909	0.00908998	-0.00404439	-7.83192e-07	7500	2e+11 0.516418
910	0.00909998	-0.00257986	-4.99588e-07	7500	2e+11 0.516418
911	0.00910998	-0.00163339	-3.16305e-07	7500	2e+11 0.516418
912	0.00911998	-0.00103019	-1.99495e-07	7500	2e+11 0.516322
913	0.00912998	-0.00064393	-1.24696e-07	7500	2e+11 0.516466
914	0.00913998	-0.000400084	-7.74759e-08	7500	2e+11 0.516466
915	0.00914998	-0.000245276	-4.74975e-08	7500	2e+11 0.516514
916	0.00915998	-0.000149614	-2.89727e-08	7500	2e+11 0.516514
917	0.00916998	-9.00106e-05	-1.74305e-08	7500	2e+11 0.516274
918	0.00917999	-5.3493e-05	-1.03589e-08	7500	2e+11 0.516466
919	0.00918998	-3.13489e-05	-6.07069e-09	7500	2e+11 0.516466
920	0.00919998	-1.81632e-05	-3.51729e-09	7500	2e+11 0.516466
921	0.00920998	-1.03572e-05	-2.00566e-09	7500	2e+11 0.516466
922	0.00921998	-5.83331e-06	-1.12962e-09	7500	2e+11 0.516562
923	0.00922998	-3.21713e-06	-6.22995e-10	7500	2e+11 0.516562
924	0.00923998	-1.74208e-06	-3.37353e-10	7500	2e+11 0.516466
925	0.00924998	-9.25951e-07	-1.7931e-10	7500	2e+11 0.516466
926	0.00925998	-4.79551e-07	-9.28647e-11	7500	2e+11 0.516562
927	0.00926998	-2.41031e-07	-4.66754e-11	7500	2e+11 0.516562
928	0.00927998	-1.19183e-07	-2.30797e-11	7500	2e+11 0.516466
929	0.00928998	-5.79432e-08	-1.12206e-11	7500	2e+11 0.516466
930	0.00929999	-2.72831e-08	-5.28334e-12	7500	2e+11 0.516466
931	0.00930998	-1.2498e-08	-2.42022e-12	7500	2e+11 0.516466
932	0.00931998	-5.60889e-09	-1.08616e-12	7500	2e+11 0.516418
933	0.00932998	-2.4823e-09	-4.80694e-13	7500	2e+11 0.516514
934	0.00933998	-1.07687e-09	-2.08536e-13	7500	2e+11 0.516514
935	0.00934999	-4.55924e-10	-8.82894e-14	7500	2e+11 0.516466
936	0.00935999	-1.86306e-10	-3.60779e-14	7500	2e+11 0.516466
937	0.00936999	-7.30586e-11	-1.41477e-14	7500	2e+11 0.516514
938	0.00937998	-2.78156e-11	-5.38646e-15	7500	2e+11 0.516514
939	0.00938999	-1.02893e-11	-1.99252e-15	7500	2e+11 0.516322
940	0.00939999	-3.69774e-12	-7.16064e-16	7500	2e+11 0.516418
941	0.00940999	-1.3474e-12	-2.60922e-16	7500	2e+11 0.516514
942	0.00941999	-4.66801e-13	-9.03956e-17	7500	2e+11 0.516514
943	0.00942999	-1.57696e-13	-3.05377e-17	7500	2e+11 0.516562
944	0.00943998	-5.11514e-14	-9.90543e-18	7500	2e+11 0.516562
945	0.00944998	-1.63015e-14	-3.15676e-18	7500	2e+11 0.51637
946	0.00945999	-5.25013e-15	-1.01668e-18	7500	2e+11 0.516274
947	0.00946999	-1.63169e-15	-3.15976e-19	7500	2e+11 0.516466
948	0.00947999	-4.81852e-16	-9.33103e-20	7500	2e+11 0.516466
949	0.00948999	-1.40284e-16	-2.71659e-20	7500	2e+11 0.516466
950	0.00949999	-4.08152e-17	-7.90383e-21	7500	2e+11 0.516322
951	0.00950999	-1.17026e-17	-2.26619e-21	7500	2e+11 0.51661
952	0.00951999	-3.33687e-18	-6.46182e-22	7500	2e+11 0.51661
953	0.00952999	-8.98777e-19	-1.74047e-22	7500	2e+11 0.51637
954	0.00954	-2.36156e-19	-4.57314e-23	7500	2e+11 0.516755
955	0.00954999	-6.14545e-20	-1.19006e-23	7500	2e+11 0.516755
956	0.00955999	-1.58496e-20	-3.06927e-24	7500	2e+11 0.51661
957	0.00956999	-3.94799e-21	-7.64524e-25	7500	2e+11 0.51661
958	0.00957999	-9.5762e-22	-1.85442e-25	7500	2e+11 0.51637
959	0.00959	-2.259e-22	-4.37453e-26	7500	2e+11 0.516562
960	0.00959999	-5.1357e-23	-9.94524e-27	7500	2e+11 0.516562
961	0.00960999	-1.15009e-23	-2.22713e-27	7500	2e+11 0.516322
962	0.00962	-2.44806e-24	-4.74064e-28	7500	2e+11 0.51661
963	0.00962999	-4.90569e-25	-9.49984e-29	7500	2e+11 0.51661
964	0.00963999	-1.02541e-25	-1.98569e-29	7500	2e+11 0.516514
965	0.00964999	-2.19618e-26	-4.25288e-30	7500	2e+11 0.516514
966	0.00966	-4.22838e-27	-8.18822e-31	7500	2e+11 0.516514
967	0.00967	-7.56135e-28	-1.46425e-31	7500	2e+11 0.516514
968	0.00968	-1.47574e-28	-2.85777e-32	7500	2e+11 0.516755
969	0.00968999	-2.75824e-29	-5.34131e-33	7500	2e+11 0.516755
970	0.0097	-5.0692e-30	-9.81647e-34	7500	2e+11 0.51637
971	0.00971	-8.77685e-31	-1.69963e-34	7500	2e+11 0.51661
972	0.00971999	-1.60874e-31	-3.1153e-35	7500	2e+11 0.51661
973	0.00972999	-2.87583e-32	-5.56902e-36	7500	2e+11 0.516466
974	0.00974	-5.18995e-33	-1.00503e-36	7500	2e+11 0.516755
975	0.00974999	-8.99146e-34	-1.74119e-37	7500	2e+11 0.516755
976	0.00976	-1.56662e-34	-3.03375e-38	7500	2e+11 0.516562
977	0.00976999	-2.63708e-35	-5.10669e-39	7500	2e+11 0.516562
978	0.00978	-4.45665e-36	-8.63027e-40	7500	2e+11 0.516226
979	0.00979	-7.99044e-37	-1.54734e-40	7500	2e+11 0.516466
980	0.0098	-1.2848e-37	-2.48801e-41	7500	2e+11 0.516466
981	0.00981	-2.0182e-38	-3.90822e-42	7500	2e+11 0.516418
982	0.00982	-2.98858e-39	-5.78736e-43	7500	2e+11 0.51637
983	0.00983	-4.8483e-40	-9.3887e-44	7500	2e+11 0.516562
984	0.00984	-6.51267e-41	-1.26117e-44	7500	2e+11 0.516562
985	0.00985	-7.23631e-42	-1.4013e-45	7500	2e+11 0.516274
986	0.00986001	0	0	7500	2e+11 0.516947
987	0.00987	0	0	7500	2e+11 0.516947
988	0.00987999	0	0	7500	2e+11 0.516803
989	0.00988999	0	0	7500	2e+11 0.516803
990	0.0099	0	0	7500	2e+11 0.516418
991	0.00991	0	0	7500	2e+11 0.516418
992	0.00992	0	0	7500	2e+11 0.51661
993	0.00993	0	0	7500	2e+11 0.516658
994	0.00993999	0	0	7500	2e+11 0.516658
995	0.00995	0	0	7500	2e+11 0.516322
996	0.00996	0	0	7500	2e+11 0.51661
997	0.00996999	0	0	7500	2e+11 0.51661
998	0.00998	0	0	7500	2e+11 0.516514
999	0.00999	0	0	7500	2e+11 0.516514
1000	0.01	0	-0	7500	2e+11 0.516322
