0	0	0	0	7500	2e+11 0.516398
1	1e-05	0	0	7500	2e+11 0.516398
2	2e-05	0	0	7500	2e+11 0.516398
3	3e-05	0	0	7500	2e+11 0.516398
4	4e-05	0	0	7500	2e+11 0.516398
5	5e-05	0	0	7500	2e+11 0.516398
6	6e-05	0	0	7500	2e+11 0.516398
7	7e-05	0	0	7500	2e+11 0.516398
8	8e-05	0	0	7500	2e+11 0.516398
9	9e-05	0	0	7500	2e+11 0.516398
10	0.0001	0	0	7500	2e+11 0.516398
11	0.00011	0	0	7500	2e+11 0.516398
12	0.00012	0	0	7500	2e+11 0.516398
13	0.00013	0	0	7500	2e+11 0.516398
14	0.00014	0	0	7500	2e+11 0.516398
15	0.00015	0	0	7500	2e+11 0.516398
16	0.00016	0	0	7500	2e+11 0.516398
17	0.00017	0	0	7500	2e+11 0.516398
18	0.00018	0	0	7500	2e+11 0.516398
19	0.00019	0	0	7500	2e+11 0.516398
20	0.0002	0	0	7500	2e+11 0.516398
21	0.00021	0	0	7500	2e+11 0.516398
22	0.00022	0	0	7500	2e+11 0.516398
23	0.00023	0	0	7500	2e+11 0.516398
24	0.00024	0	0	7500	2e+11 0.516398
25	0.00025	0	0	7500	2e+11 0.516398
26	0.00026	0	0	7500	2e+11 0.516398
27	0.00027	0	0	7500	2e+11 0.516398
28	0.00028	0	0	7500	2e+11 0.516398
29	0.00029	0	0	7500	2e+11 0.516398
30	0.0003	0	0	7500	2e+11 0.516398
31	0.00031	0	0	7500	2e+11 0.516398
32	0.00032	0	0	7500	2e+11 0.516398
33	0.00033	0	0	7500	2e+11 0.516398
34	0.00034	0	0	7500	2e+11 0.516398
35	0.00035	0	0	7500	2e+11 0.516398
36	0.00036	0	0	7500	2e+11 0.516398
37	0.00037	0	0	7500	2e+11 0.516398
38	0.00038	0	0	7500	2e+11 0.516398
39	0.00039	0	0	7500	2e+11 0.516398
40	0.0004	0	0	7500	2e+11 0.516398
41	0.00041	0	0	7500	2e+11 0.516398
42	0.00042	0	0	7500	2e+11 0.516398
43	0.00043	0	0	7500	2e+11 0.516398
44	0.00044	0	0	7500	2e+11 0.516398
45	0.00045	0	0	7500	2e+11 0.516398
46	0.00046	0	0	7500	2e+11 0.516398
47	0.00047	0	0	7500	2e+11 0.516398
48	0.00048	0	0	7500	2e+11 0.516398
49	0.00049	0	0	7500	2e+11 0.5164
50	0.0005	0	0	7500	2e+11 0.5164
51	0.00051	0	0	7500	2e+11 0.516397
52	0.00052	0	0	7500	2e+11 0.5164
53	0.00053	0	0	7500	2e+11 0.5164
54	0.00054	0	0	7500	2e+11 0.516397
55	0.00055	0	0	7500	2e+11 0.5164
56	0.00056	0	0	7500	2e+11 0.5164
57	0.00057	0	0	7500	2e+11 0.516397
58	0.00058	0	0	7500	2e+11 0.516397
59	0.00059	0	0	7500	2e+11 0.5164
60	0.0006	0	0	7500	2e+11 0.5164
61	0.00061	0	0	7500	2e+11 0.516397
62	0.00062	0	0	7500	2e+11 0.5164
63	0.00063	0	0	7500	2e+11 0.5164
64	0.00064	0	0	7500	2e+11 0.516397
65	0.00065	0	0	7500	2e+11 0.5164
66	0.00066	0	0	7500	2e+11 0.5164
67	0.00067	0	0	7500	2e+11 0.516397
68	0.00068	0	0	7500	2e+11 0.5164
69	0.00069	0	0	7500	2e+11 0.5164
70	0.0007	0	0	7500	2e+11 0.516397
71	0.00071	0	0	7500	2e+11 0.516397
72	0.00072	0	0	7500	2e+11 0.5164
73	0.00073	0	0	7500	2e+11 0.5164
74	0.00074	0	0	7500	2e+11 0.516397
75	0.00075	0	0	7500	2e+11 0.5164
76	0.00076	0	0	7500	2e+11 0.5164
77	0.00077	0	0	7500	2e+11 0.516397
78	0.00078	0	0	7500	2e+11 0.5164
79	0.00079	0	0	7500	2e+11 0.5164
80	0.0008	0	0	7500	2e+11 0.516397
81	0.00081	0	0	7500	2e+11 0.5164
82	0.00082	0	0	7500	2e+11 0.5164
83	0.00083	0	0	7500	2e+11 0.516397
84	0.00084	0	0	7500	2e+11 0.5164
85	0.00085	0	0	7500	2e+11 0.5164
86	0.00086	0	0	7500	2e+11 0.516397
87	0.00087	0	0	7500	2e+11 0.5164
88	0.00088	0	0	7500	2e+11 0.5164
89	0.00089	0	0	7500	2e+11 0.516397
90	0.0009	0	0	7500	2e+11 0.516397
91	0.00091	0	0	7500	2e+11 0.5164
92	0.00092	0	0	7500	2e+11 0.5164
93	0.00093	0	0	7500	2e+11 0.516397
94	0.00094	0	0	7500	2e+11 0.5164
95	0.00095	0	0	7500	2e+11 0.5164
96	0.00096	0	0	7500	2e+11 0.516397
97	0.00097	0	0	7500	2e+11 0.516397
98	0.00098	0	0	7500	2e+11 0.5164
99	0.00099	0	0	7500	2e+11 0.5164
100	0.001	0	0	7500	2e+11 0.5164
101	0.00101	0	0	7500	2e+11 0.5164
102	0.00102	0	0	7500	2e+11 0.5164
103	0.00103	0	0	7500	2e+11 0.5164
104	0.00104	0	0	7500	2e+11 0.5164
105	0.00105	0	0	7500	2e+11 0.5164
106	0.00106	0	0	7500	2e+11 0.5164
107	0.00107	0	0	7500	2e+11 0.5164
108	0.00108	0	0	7500	2e+11 0.5164
109	0.00109	0	0	7500	2e+11 0.5164
110	0.0011	0	0	7500	2e+11 0.5164
111	0.00111	0	0	7500	2e+11 0.5164
112	0.00112	0	0	7500	2e+11 0.5164
113	0.00113	0	0	7500	2e+11 0.5164
114	0.00114	0	0	7500	2e+11 0.5164
115	0.00115	0	0	7500	2e+11 0.5164
116	0.00116	0	0	7500	2e+11 0.5164
117	0.00117	0	0	7500	2e+11 0.5164
118	0.00118	0	0	7500	2e+11 0.5164
119	0.00119	0	0	7500	2e+11 0.5164
120	0.0012	0	0	7500	2e+11 0.5164
121	0.00121	0	0	7500	2e+11 0.5164
122	0.00122	0	0	7500	2e+11 0.5164
123	0.00123	0	0	7500	2e+11 0.5164
124	0.00124	0	0	7500	2e+11 0.5164
125	0.00125	0	0	7500	2e+11 0.5164
126	0.00126	0	0	7500	2e+11 0.5164
127	0.00127	0	0	7500	2e+11 0.5164
128	0.00128	0	0	7500	2e+11 0.5164
129	0.00129	0	0	7500	2e+11 0.5164
130	0.0013	0	0	7500	2e+11 0.5164
131	0.00131	0	0	7500	2e+11 0.5164
132	0.00132	0	0	7500	2e+11 0.5164
133	0.00133	0	0	7500	2e+11 0.5164
134	0.00134	0	0	7500	2e+11 0.5164
135	0.00135	0	0	7500	2e+11 0.5164
136	0.00136	0	0	7500	2e+11 0.5164
137	0.00137	6.2449e-39	1.20932e-42	7500	2e+11 0.5164
138	0.00138	5.47352e-38	1.05994e-41	7500	2e+11 0.5164
139	0.00139	1.35326e-37	2.62057e-41	7500	2e+11 0.5164
140	0.0014	2.34752e-37	4.54595e-41	7500	2e+11 0.5164
141	0.00141	3.47283e-37	6.72511e-41	7500	2e+11 0.5164
142	0.00142	4.66067e-37	9.02534e-41	7500	2e+11 0.5164
143	0.00143	5.7697e-37	1.1173e-40	7500	2e+11 0.5164
144	0.00144	6.6264e-37	1.2832e-40	7500	2e+11 0.5164
145	0.00145	7.12129e-37	1.37903e-40	7500	2e+11 0.5164
146	0.00146	7.2362e-37	1.40128e-40	7500	2e+11 0.5164
147	0.00147	1.44726e-36	2.80261e-40	7500	2e+11 0.5164
148	0.00148	6.51268e-36	1.26117e-39	7500	2e+11 0.5164
149	0.00149	2.08798e-35	4.04336e-39	7500	2e+11 0.5164
150	0.0015	5.65077e-35	1.09427e-38	7500	2e+11 0.5164
151	0.00151	1.54242e-34	2.98689e-38	7500	2e+11 0.5164
152	0.00152	4.98575e-34	9.65487e-38	7500	2e+11 0.5164
153	0.00153	1.43351e-33	2.77598e-37	7500	2e+11 0.5164
154	0.00154	3.74294e-33	7.24818e-37	7500	2e+11 0.5164
155	0.00155	9.47886e-33	1.83557e-36	7500	2e+11 0.5164
156	0.00156	3.1365e-32	6.07381e-36	7500	2e+11 0.5164
157	0.00157	7.94801e-32	1.53913e-35	7500	2e+11 0.5164
158	0.00158	2.08346e-31	4.0346e-35	7500	2e+11 0.5164
159	0.00159	6.07789e-31	1.17698e-34	7500	2e+11 0.5164
160	0.0016	1.42141e-30	2.75256e-34	7500	2e+11 0.5164
161	0.00161	4.37555e-30	8.47321e-34	7500	2e+11 0.5164
162	0.00162	1.15206e-29	2.23095e-33	7500	2e+11 0.5164
163	0.00163	3.61856e-29	7.0073e-33	7500	2e+11 0.5164
164	0.00164	8.37472e-29	1.62176e-32	7500	2e+11 0.5164
165	0.00165	2.75495e-28	5.33495e-32	7500	2e+11 0.5164
166	0.00166	6.28521e-28	1.21713e-31	7500	2e+11 0.5164
167	0.00167	2.2069e-27	4.27364e-31	7500	2e+11 0.5164
168	0.00168	6.45366e-27	1.24975e-30	7500	2e+11 0.5164
169	0.00169	1.73108e-26	3.35223e-30	7500	2e+11 0.5164
170	0.0017	5.27678e-26	1.02184e-29	7500	2e+11 0.5164
171	0.00171	1.34126e-25	2.59733e-29	7500	2e+11 0.5164
172	0.00172	4.6696e-25	9.04264e-29	7500	2e+11 0.5164
173	0.00173	1.23753e-24	2.39648e-28	7500	2e+11 0.5164
174	0.00174	2.81124e-24	5.44394e-28	7500	2e+11 0.5164
175	0.00175	8.63247e-24	1.67167e-27	7500	2e+11 0.5164
176	0.00176	2.47243e-23	4.78784e-27	7500	2e+11 0.5164
177	0.00177	6.29846e-23	1.21969e-26	7500	2e+11 0.5164
178	0.00178	1.81097e-22	3.50692e-26	7500	2e+11 0.5164
179	0.00179	4.24205e-22	8.2147e-26	7500	2e+11 0.5164
180	0.0018	1.16733e-21	2.26052e-25	7500	2e+11 0.5164
181	0.00181	3.32645e-21	6.44164e-25	7500	2e+11 0.5164
182	0.00182	8.92402e-21	1.72813e-24	7500	2e+11 0.5164
183	0.00183	2.24368e-20	4.34487e-24	7500	2e+11 0.5164
184	0.00184	5.47776e-20	1.06076e-23	7500	2e+11 0.5164
185	0.00185	1.65886e-19	3.21237e-23	7500	2e+11 0.5164
186	0.00186	4.32857e-19	8.38224e-23	7500	2e+11 0.5164
187	0.00187	1.09676e-18	2.12387e-22	7500	2e+11 0.5164
188	0.00188	3.11641e-18	6.03491e-22	7500	2e+11 0.5164
189	0.00189	9.10715e-18	1.76359e-21	7500	2e+11 0.5164
190	0.0019	2.36602e-17	4.58177e-21	7500	2e+11 0.5164
191	0.00191	7.6085e-17	1.47338e-20	7500	2e+11 0.5164
192	0.00192	1.70071e-16	3.29342e-20	7500	2e+11 0.5164
193	0.00193	5.21017e-16	1.00894e-19	7500	2e+11 0.5164
194	0.00194	1.3121e-15	2.54088e-19	7500	2e+11 0.5164
195	0.00195	3.50877e-15	6.7947e-19	7500	2e+11 0.5164
196	0.00196	9.22248e-15	1.78593e-18	7500	2e+11 0.516406
197	0.00197	2.63182e-14	5.0965e-18	7500	2e+11 0.516406
198	0.00198	6.94005e-14	1.34394e-17	7500	2e+11 0.516394
199	0.00199	1.85723e-13	3.59651e-17	7500	2e+11 0.516406
200	0.002	7.2564e-13	1.4052e-16	7500	2e+11 0.516406
201	0.00201	1.89538e-12	3.67038e-16	7500	2e+11 0.516394
202	0.00202	4.9163e-12	9.52038e-16	7500	2e+11 0.516406
203	0.00203	1.57818e-11	3.05613e-15	7500	2e+11 0.516406
204	0.00204	3.95351e-11	7.65594e-15	7500	2e+11 0.516394
205	0.00205	1.03215e-10	1.99875e-14	7500	2e+11 0.516406
206	0.00206	2.97746e-10	5.76582e-14	7500	2e+11 0.516406
207	0.00207	8.21923e-10	1.59165e-13	7500	2e+11 0.516394
208	0.00208	2.30156e-09	4.45695e-13	7500	2e+11 0.516406
209	0.00209	6.05491e-09	1.17253e-12	7500	2e+11 0.516406
210	0.0021	2.08004e-08	4.02797e-12	7500	2e+11 0.516394
211	0.00211	5.25805e-08	1.01822e-11	7500	2e+11 0.516406
212	0.00212	1.44004e-07	2.78863e-11	7500	2e+11 0.516406
213	0.00213	3.25603e-07	6.30528e-11	7500	2e+11 0.516394
214	0.00214	1.16695e-06	2.2598e-10	7500	2e+11 0.516406
215	0.00215	3.09993e-06	6.003e-10	7500	2e+11 0.516406
216	0.00216	8.53552e-06	1.6529e-09	7500	2e+11 0.516394
217	0.00217	2.17899e-05	4.2196e-09	7500	2e+11 0.516406
218	0.00218	5.56082e-05	1.07685e-08	7500	2e+11 0.516406
219	0.00219	0.000158838	3.07589e-08	7500	2e+11 0.516394
220	0.0022	0.000517626	1.00238e-07	7500	2e+11 0.516406
221	0.00221	0.00120033	2.32444e-07	7500	2e+11 0.516406
222	0.00222	0.00356389	6.90143e-07	7500	2e+11 0.516394
223	0.00223	0.0089165	1.72667e-06	7500	2e+11 0.516406
224	0.00224	0.0272885	5.28439e-06	7500	2e+11 0.516406
225	0.00225	0.080705	1.56284e-05	7500	2e+11 0.516394
226	0.00226	0.219022	4.24135e-05	7500	2e+11 0.516394
227	0.00227	0.599127	0.00011602	7500	2e+11 0.51637
228	0.00228	1.62447	0.000314578	7500	2e+11 0.516334
229	0.00229001	3.25408	0.00063015	7500	2e+11 0.516189
230	0.00230001	5.41936	0.00104946	7500	2e+11 0.516009
231	0.00231002	8.03144	0.00155528	7500	2e+11 0.515817
232	0.00232004	10.9895	0.00212811	7500	2e+11 0.51553
233	0.00233006	14.1903	0.00274793	7500	2e+11 0.515194
234	0.00234009	17.5334	0.00339533	7500	2e+11 0.514943
235	0.00235013	20.9263	0.00405236	7500	2e+11 0.514573
236	0.00236017	24.2836	0.00470251	7500	2e+11 0.514239
237	0.00237022	27.5333	0.00533179	7500	2e+11 0.513893
238	0.00238027	30.6157	0.00592871	7500	2e+11 0.513596
239	0.00239033	33.4841	0.00648416	7500	2e+11 0.513298
240	0.0024004	36.1048	0.00699166	7500	2e+11 0.512978
241	0.00241047	38.4574	0.00744724	7500	2e+11 0.512812
242	0.00242055	40.534	0.00784938	7500	2e+11 0.512468
243	0.00243063	42.3358	0.00819829	7500	2e+11 0.512326
244	0.00244071	43.8732	0.008496	7500	2e+11 0.512184
245	0.0024508	45.1642	0.00874601	7500	2e+11 0.511983
246	0.00246088	46.2319	0.00895278	7500	2e+11 0.511889
247	0.00247097	47.1009	0.00912104	7500	2e+11 0.511794
248	0.00248107	47.7973	0.00925591	7500	2e+11 0.511688
249	0.00249116	48.3474	0.00936243	7500	2e+11 0.511664
250	0.00250125	48.7754	0.00944532	7500	2e+11 0.511558
251	0.00251135	49.1036	0.00950887	7500	2e+11 0.511546
252	0.00252144	49.3517	0.00955692	7500	2e+11 0.511535
253	0.00253154	49.5367	0.00959275	7500	2e+11 0.511487
254	0.00254164	49.673	0.00961913	7500	2e+11 0.511546
255	0.00255173	49.772	0.00963831	7500	2e+11 0.511546
256	0.00256183	49.8431	0.00965207	7500	2e+11 0.511476
257	0.00257192	49.8934	0.00966182	7500	2e+11 0.511476
258	0.00258202	49.9287	0.00966865	7500	2e+11 0.511464
259	0.00259212	49.9531	0.00967338	7500	2e+11 0.511464
260	0.00260221	49.9698	0.00967661	7500	2e+11 0.511428
261	0.00261231	49.9811	0.00967881	7500	2e+11 0.511464
262	0.00262241	49.9887	0.00968027	7500	2e+11 0.511464
263	0.00263251	49.9937	0.00968125	7500	2e+11 0.511452
264	0.0026426	49.997	0.00968189	7500	2e+11 0.511452
265	0.0026527	49.9992	0.0096823	7500	2e+11 0.511428
266	0.0026628	50.0006	0.00968257	7500	2e+11 0.51144
267	0.0026729	50.0014	0.00968274	7500	2e+11 0.511464
268	0.00268299	50.002	0.00968284	7500	2e+11 0.511464
269	0.00269309	50.0023	0.0096829	7500	2e+11 0.511405
270	0.00270319	50.0025	0.00968294	7500	2e+11 0.51144
271	0.00271329	50.0025	0.00968295	7500	2e+11 0.511464
272	0.00272338	50.0026	0.00968296	7500	2e+11 0.511464
273	0.00273348	50.0026	0.00968296	7500	2e+11 0.511417
274	0.00274358	50.0026	0.00968296	7500	2e+11 0.51144
275	0.00275367	50.0026	0.00968296	7500	2e+11 0.51144
276	0.00276377	50.0026	0.00968296	7500	2e+11 0.511405
277	0.00277387	50.0026	0.00968296	7500	2e+11 0.511417
278	0.00278397	50.0026	0.00968296	7500	2e+11 0.51144
279	0.00279406	50.0026	0.00968296	7500	2e+11 0.51144
280	0.00280416	50.0026	0.00968296	7500	2e+11 0.51144
281	0.00281426	50.0026	0.00968296	7500	2e+11 0.511428
282	0.00282435	50.0026	0.00968296	7500	2e+11 0.51144
283	0.00283445	50.0026	0.00968296	7500	2e+11 0.51144
284	0.00284455	50.0026	0.00968296	7500	2e+11 0.511476
285	0.00285464	50.0026	0.00968296	7500	2e+11 0.511476
286	0.00286474	50.0026	0.00968296	7500	2e+11 0.511417
287	0.00287484	50.0026	0.00968296	7500	2e+11 0.511428
288	0.00288494	50.0026	0.00968296	7500	2e+11 0.51144
289	0.00289503	50.0026	0.00968296	7500	2e+11 0.51144
290	0.00290513	50.0026	0.00968296	7500	2e+11 0.51144
291	0.00291523	50.0026	0.00968296	7500	2e+11 0.51144
292	0.00292533	50.0026	0.00968296	7500	2e+11 0.51144
293	0.00293542	50.0026	0.00968296	7500	2e+11 0.51144
294	0.00294552	50.0026	0.00968296	7500	2e+11 0.511464
295	0.00295562	50.0026	0.00968296	7500	2e+11 0.511464
296	0.00296572	50.0026	0.00968296	7500	2e+11 0.511476
297	0.00297581	50.0026	0.00968296	7500	2e+11 0.511476
298	0.00298591	50.0026	0.00968296	7500	2e+11 0.511452
299	0.00299601	50.0026	0.00968296	7500	2e+11 0.511452
300	0.0030061	50.0026	0.00968296	7500	2e+11 0.511487
301	0.0030162	50.0026	0.00968296	7500	2e+11 0.511487
302	0.0030263	50.0026	0.00968295	7500	2e+11 0.511428
303	0.0030364	50.0025	0.00968295	7500	2e+11 0.51144
304	0.00304649	50.0025	0.00968295	7500	2e+11 0.51144
305	0.00305659	50.0025	0.00968295	7500	2e+11 0.511464
306	0.00306669	50.0025	0.00968295	7500	2e+11 0.511464
307	0.00307678	50.0025	0.00968294	7500	2e+11 0.511417
308	0.00308688	50.0025	0.00968294	7500	2e+11 0.51144
309	0.00309698	50.0025	0.00968294	7500	2e+11 0.51144
310	0.00310708	50.0025	0.00968294	7500	2e+11 0.511428
311	0.00311717	50.0025	0.00968294	7500	2e+11 0.511428
312	0.00312727	50.0025	0.00968294	7500	2e+11 0.511476
313	0.00313737	50.0025	0.00968294	7500	2e+11 0.511476
314	0.00314746	50.0025	0.00968294	7500	2e+11 0.511428
315	0.00315756	50.0025	0.00968294	7500	2e+11 0.511428
316	0.00316766	50.0025	0.00968294	7500	2e+11 0.511476
317	0.00317776	50.0025	0.00968294	7500	2e+11 0.511476
318	0.00318785	50.0025	0.00968294	7500	2e+11 0.511417
319	0.00319795	50.0024	0.00968293	7500	2e+11 0.511464
320	0.00320805	50.0024	0.00968292	7500	2e+11 0.511464
321	0.00321814	50.0022	0.00968289	7500	2e+11 0.511428
322	0.00322824	50.0017	0.0096828	7500	2e+11 0.51144
323	0.00323834	50.0005	0.00968255	7500	2e+11 0.51144
324	0.00324844	49.9968	0.00968184	7500	2e+11 0.511464
325	0.00325853	49.9859	0.00967973	7500	2e+11 0.511464
326	0.00326863	49.9498	0.00967274	7500	2e+11 0.511452
327	0.00327873	49.861	0.00965555	7500	2e+11 0.511476
328	0.00328882	49.6305	0.00961091	7500	2e+11 0.511476
329	0.00329892	49.0684	0.00950206	7500	2e+11 0.511594
330	0.00330902	47.3625	0.00917171	7500	2e+11 0.511771
331	0.00331911	44.5708	0.00863111	7500	2e+11 0.512019
332	0.00332919	40.898	0.00791986	7500	2e+11 0.512397
333	0.00333927	36.6238	0.00709217	7500	2e+11 0.512883
334	0.00334934	32.0393	0.00620438	7500	2e+11 0.513251
335	0.0033594	27.4175	0.00530937	7500	2e+11 0.513786
336	0.00336945	22.9832	0.00445068	7500	2e+11 0.514191
337	0.00337949	18.8988	0.00365973	7500	2e+11 0.514609
338	0.00338953	15.2642	0.00295589	7500	2e+11 0.515003
339	0.00339955	12.125	0.002348	7500	2e+11 0.515254
340	0.00340958	9.48326	0.00183643	7500	2e+11 0.51547
341	0.0034196	7.31165	0.00141589	7500	2e+11 0.515673
342	0.00342961	5.55884	0.00107647	7500	2e+11 0.515889
343	0.00343962	4.17073	0.000807659	7500	2e+11 0.515985
344	0.00344963	3.09109	0.000598586	7500	2e+11 0.516165
345	0.00345963	2.26413	0.000438448	7500	2e+11 0.516165
346	0.00346964	1.63934	0.000317458	7500	2e+11 0.516226
347	0.00347964	1.17412	0.000227368	7500	2e+11 0.51625
348	0.00348964	0.831598	0.000161038	7500	2e+11 0.51637
349	0.00349964	0.582733	0.000112846	7500	2e+11 0.51637
350	0.00350964	0.404182	7.82694e-05	7500	2e+11 0.51637
351	0.00351965	0.277621	5.37611e-05	7500	2e+11 0.51643
352	0.00352964	0.188859	3.65723e-05	7500	2e+11 0.51643
353	0.00353965	0.127148	2.46221e-05	7500	2e+11 0.516394
354	0.00354965	0.0847475	1.64113e-05	7500	2e+11 0.516394
355	0.00355965	0.0559498	1.08346e-05	7500	2e+11 0.516394
356	0.00356965	0.0365892	7.08548e-06	7500	2e+11 0.51643
357	0.00357965	0.0236929	4.58812e-06	7500	2e+11 0.51643
358	0.00358965	0.0151961	2.94271e-06	7500	2e+11 0.516466
359	0.00359965	0.00966095	1.87083e-06	7500	2e+11 0.516466
360	0.00360965	0.00608784	1.1789e-06	7500	2e+11 0.516406
361	0.00361965	0.00379799	7.35477e-07	7500	2e+11 0.516406
362	0.00362965	0.00234825	4.54736e-07	7500	2e+11 0.51643
363	0.00363965	0.00143969	2.78795e-07	7500	2e+11 0.51643
364	0.00364965	0.000874358	1.69319e-07	7500	2e+11 0.516418
365	0.00365965	0.000526327	1.01923e-07	7500	2e+11 0.51643
366	0.00366965	0.000313938	6.07939e-08	7500	2e+11 0.51643
367	0.00367965	0.000185571	3.59356e-08	7500	2e+11 0.516502
368	0.00368965	0.000108791	2.10673e-08	7500	2e+11 0.516502
369	0.00369965	6.32651e-05	1.22512e-08	7500	2e+11 0.516382
370	0.00370965	3.64653e-05	7.06148e-09	7500	2e+11 0.51643
371	0.00371965	2.08409e-05	4.03582e-09	7500	2e+11 0.51643
372	0.00372965	1.18212e-05	2.28916e-09	7500	2e+11 0.516406
373	0.00373965	6.64928e-06	1.28763e-09	7500	2e+11 0.51637
374	0.00374965	3.70859e-06	7.18165e-10	7500	2e+11 0.516442
375	0.00375965	2.04967e-06	3.96916e-10	7500	2e+11 0.516442
376	0.00376965	1.12321e-06	2.17509e-10	7500	2e+11 0.516442
377	0.00377965	6.10284e-07	1.18181e-10	7500	2e+11 0.516442
378	0.00378965	3.28838e-07	6.36791e-11	7500	2e+11 0.516394
379	0.00379965	1.75963e-07	3.4075e-11	7500	2e+11 0.516442
380	0.00380965	9.34926e-08	1.81048e-11	7500	2e+11 0.516442
381	0.00381965	4.92163e-08	9.53069e-12	7500	2e+11 0.516454
382	0.00382965	2.57069e-08	4.97812e-12	7500	2e+11 0.516454
383	0.00383965	1.33097e-08	2.57742e-12	7500	2e+11 0.516394
384	0.00384965	6.84644e-09	1.32581e-12	7500	2e+11 0.516442
385	0.00385965	3.49497e-09	6.76798e-13	7500	2e+11 0.516442
386	0.00386965	1.76903e-09	3.42572e-13	7500	2e+11 0.516394
387	0.00387965	8.88312e-10	1.72021e-13	7500	2e+11 0.516394
388	0.00388965	4.42645e-10	8.57179e-14	7500	2e+11 0.516382
389	0.00389965	2.19004e-10	4.24099e-14	7500	2e+11 0.516947
390	0.00390964	1.07437e-10	2.08052e-14	7500	2e+11 0.517551
391	0.00391962	5.23341e-11	1.01345e-14	7500	2e+11 0.517551
392	0.00392961	2.52816e-11	4.89576e-15	7500	2e+11 0.516514
393	0.00393962	1.21229e-11	2.34758e-15	7500	2e+11 0.51649
394	0.00394961	5.78052e-12	1.11939e-15	7500	2e+11 0.51649
395	0.00395962	2.74029e-12	5.30655e-16	7500	2e+11 0.51637
396	0.00396962	1.28401e-12	2.48648e-16	7500	2e+11 0.51637
397	0.00397962	5.96249e-13	1.15463e-16	7500	2e+11 0.516466
398	0.00398962	2.75889e-13	5.34258e-17	7500	2e+11 0.516466
399	0.00399962	1.26299e-13	2.44577e-17	7500	2e+11 0.516466
400	0.00400962	5.75184e-14	1.11384e-17	7500	2e+11 0.51649
401	0.00401961	2.59975e-14	5.0344e-18	7500	2e+11 0.51649
402	0.00402961	1.16964e-14	2.26499e-18	7500	2e+11 0.51637
403	0.00403962	5.21069e-15	1.00905e-18	7500	2e+11 0.51649
404	0.00404961	2.2998e-15	4.45353e-19	7500	2e+11 0.51649
405	0.00405961	1.00605e-15	1.9482e-19	7500	2e+11 0.516442
406	0.00406962	4.37929e-16	8.48045e-20	7500	2e+11 0.516466
407	0.00407961	1.89704e-16	3.6736e-20	7500	2e+11 0.516466
408	0.00408961	8.1381e-17	1.57594e-20	7500	2e+11 0.516394
409	0.00409961	3.45737e-17	6.69518e-21	7500	2e+11 0.516394
410	0.00410962	1.46715e-17	2.84113e-21	7500	2e+11 0.516394
411	0.00411962	6.19969e-18	1.20056e-21	7500	2e+11 0.516394
412	0.00412962	2.60315e-18	5.04099e-22	7500	2e+11 0.516442
413	0.00413961	1.07959e-18	2.09062e-22	7500	2e+11 0.516442
414	0.00414962	4.42803e-19	8.57485e-23	7500	2e+11 0.516394
415	0.00415962	1.8049e-19	3.49518e-23	7500	2e+11 0.516394
416	0.00416962	7.31176e-20	1.41592e-23	7500	2e+11 0.516418
417	0.00417962	2.95263e-20	5.71774e-24	7500	2e+11 0.516514
418	0.00418961	1.1872e-20	2.299e-24	7500	2e+11 0.516514
419	0.00419961	4.70681e-21	9.11469e-25	7500	2e+11 0.51637
420	0.00420962	1.84559e-21	3.57396e-25	7500	2e+11 0.516346
421	0.00421962	7.19203e-22	1.39273e-25	7500	2e+11 0.51649
422	0.00422961	2.78981e-22	5.40244e-26	7500	2e+11 0.51649
423	0.00423962	1.07111e-22	2.0742e-26	7500	2e+11 0.516394
424	0.00424962	4.10291e-23	7.94525e-27	7500	2e+11 0.516418
425	0.00425962	1.56199e-23	3.02479e-27	7500	2e+11 0.516418
426	0.00426962	5.89106e-24	1.1408e-27	7500	2e+11 0.516442
427	0.00427962	2.20752e-24	4.27484e-28	7500	2e+11 0.516442
428	0.00428962	8.21764e-25	1.59134e-28	7500	2e+11 0.516418
429	0.00429962	3.03016e-25	5.86788e-29	7500	2e+11 0.516394
430	0.00430962	1.11744e-25	2.1639e-29	7500	2e+11 0.516562
431	0.00431961	4.08246e-26	7.90565e-30	7500	2e+11 0.516562
432	0.00432961	1.4721e-26	2.85071e-30	7500	2e+11 0.51637
433	0.00433961	5.2885e-27	1.02411e-30	7500	2e+11 0.51637
434	0.00434962	1.88736e-27	3.65485e-31	7500	2e+11 0.516394
435	0.00435962	6.69273e-28	1.29604e-31	7500	2e+11 0.516394
436	0.00436962	2.36344e-28	4.57679e-32	7500	2e+11 0.516466
437	0.00437961	8.29282e-29	1.6059e-32	7500	2e+11 0.516466
438	0.00438961	2.8903e-29	5.59704e-33	7500	2e+11 0.51637
439	0.00439962	9.98837e-30	1.93424e-33	7500	2e+11 0.516514
440	0.00440961	3.40944e-30	6.60235e-34	7500	2e+11 0.516514
441	0.00441961	1.15938e-30	2.24513e-34	7500	2e+11 0.516394
442	0.00442961	3.92313e-31	7.59712e-35	7500	2e+11 0.516418
443	0.00443961	1.31515e-31	2.54678e-35	7500	2e+11 0.516418
444	0.00444962	4.35696e-32	8.43722e-36	7500	2e+11 0.516418
445	0.00445962	1.42785e-32	2.76502e-36	7500	2e+11 0.516418
446	0.00446962	4.68512e-33	9.0727e-37	7500	2e+11 0.516394
447	0.00447962	1.52907e-33	2.96103e-37	7500	2e+11 0.51649
448	0.00448962	4.94707e-34	9.57996e-38	7500	2e+11 0.51649
449	0.00449961	1.59011e-34	3.07924e-38	7500	2e+11 0.516418
450	0.00450962	5.10379e-35	9.88344e-39	7500	2e+11 0.516514
451	0.00451961	1.61789e-35	3.13304e-39	7500	2e+11 0.516514
452	0.00452961	5.09264e-36	9.86186e-40	7500	2e+11 0.516418
453	0.00453962	1.59505e-36	3.0888e-40	7500	2e+11 0.516466
454	0.00454961	4.96792e-37	9.62033e-41	7500	2e+11 0.516514
455	0.00455961	1.53054e-37	2.96389e-41	7500	2e+11 0.516514
456	0.00456962	4.70358e-38	9.10844e-42	7500	2e+11 0.516442
457	0.00457962	1.4364e-38	2.78158e-42	7500	2e+11 0.516442
458	0.00458962	4.35624e-39	8.43582e-43	7500	2e+11 0.516394
459	0.00459962	1.28082e-39	2.4803e-43	7500	2e+11 0.51649
460	0.00460961	3.54578e-40	6.86636e-44	7500	2e+11 0.51649
461	0.00461961	7.95994e-41	1.54143e-44	7500	2e+11 0.516442
462	0.00462962	7.23631e-42	1.4013e-45	7500	2e+11 0.516394
463	0.00463962	0	0	7500	2e+11 0.51649
464	0.00464961	0	0	7500	2e+11 0.51649
465	0.00465961	0	0	7500	2e+11 0.516442
466	0.00466961	0	0	7500	2e+11 0.516394
467	0.00467961	0	0	7500	2e+11 0.516466
468	0.00468961	0	0	7500	2e+11 0.516466
469	0.00469962	0	0	7500	2e+11 0.516466
470	0.00470961	0	0	7500	2e+11 0.516466
471	0.00471962	0	0	7500	2e+11 0.516346
472	0.00472962	0	0	7500	2e+11 0.51661
473	0.00473961	0	0	7500	2e+11 0.51661
474	0.00474961	0	0	7500	2e+11 0.516394
475	0.00475961	0	0	7500	2e+11 0.516346
476	0.00476961	0	0	7500	2e+11 0.516394
477	0.00477961	0	0	7500	2e+11 0.516538
478	0.00478961	0	0	7500	2e+11 0.516538
479	0.00479961	0	0	7500	2e+11 0.516346
480	0.00480961	0	0	7500	2e+11 0.516442
481	0.00481961	0	0	7500	2e+11 0.516442
482	0.00482961	0	0	7500	2e+11 0.516418
483	0.00483961	0	0	7500	2e+11 0.516442
484	0.00484961	0	0	7500	2e+11 0.516442
485	0.00485961	0	0	7500	2e+11 0.516442
486	0.00486961	0	0	7500	2e+11 0.516442
487	0.00487961	0	0	7500	2e+11 0.516466
488	0.00488961	0	0	7500	2e+11 0.516466
489	0.00489962	0	0	7500	2e+11 0.516442
490	0.00490962	0	0	7500	2e+11 0.51649
491	0.00491961	0	0	7500	2e+11 0.51649
492	0.00492961	0	0	7500	2e+11 0.516418
493	0.00493961	0	0	7500	2e+11 0.516418
494	0.00494961	0	0	7500	2e+11 0.516418
495	0.00495961	0	0	7500	2e+11 0.516538
496	0.00496961	0	0	7500	2e+11 0.516538
497	0.00497961	0	0	7500	2e+11 0.516442
498	0.00498961	0	0	7500	2e+11 0.516394
499	0.00499961	0	0	7500	2e+11 0.516418
500	0.00500961	0	0	7500	2e+11 0.516442
501	0.00501961	0	0	7500	2e+11 0.516442
502	0.00502961	0	0	7500	2e+11 0.516418
503	0.00503961	0	0	7500	2e+11 0.516418
504	0.00504961	0	0	7500	2e+11 0.516418
505	0.00505961	0	0	7500	2e+11 0.516418
506	0.00506961	0	0	7500	2e+11 0.516586
507	0.00507961	0	0	7500	2e+11 0.516586
508	0.00508961	0	0	7500	2e+11 0.51637
509	0.00509961	0	0	7500	2e+11 0.516394
510	0.00510961	0	0	7500	2e+11 0.516394
511	0.00511961	0	0	7500	2e+11 0.516442
512	0.00512961	0	0	7500	2e+11 0.516442
513	0.00513961	0	0	7500	2e+11 0.516466
514	0.00514961	0	0	7500	2e+11 0.516466
515	0.00515961	0	0	7500	2e+11 0.516514
516	0.00516961	0	0	7500	2e+11 0.516514
517	0.00517961	0	0	7500	2e+11 0.516418
518	0.00518961	0	0	7500	2e+11 0.516394
519	0.00519961	0	0	7500	2e+11 0.516442
520	0.00520961	0	0	7500	2e+11 0.51649
521	0.00521961	0	0	7500	2e+11 0.51649
522	0.00522961	0	0	7500	2e+11 0.516418
523	0.00523961	0	0	7500	2e+11 0.516418
524	0.00524961	0	0	7500	2e+11 0.51649
525	0.00525961	0	0	7500	2e+11 0.51649
526	0.00526961	0	0	7500	2e+11 0.516418
527	0.00527961	0	0	7500	2e+11 0.516562
528	0.00528961	0	0	7500	2e+11 0.516562
529	0.00529961	0	0	7500	2e+11 0.516466
530	0.00530961	0	0	7500	2e+11 0.516466
531	0.00531961	0	0	7500	2e+11 0.516442
532	0.00532961	0	0	7500	2e+11 0.516442
533	0.00533961	0	0	7500	2e+11 0.516394
534	0.00534961	0	0	7500	2e+11 0.516466
535	0.00535961	0	0	7500	2e+11 0.516466
536	0.00536961	0	0	7500	2e+11 0.516418
537	0.00537961	0	0	7500	2e+11 0.516466
538	0.00538961	0	0	7500	2e+11 0.516466
539	0.00539961	0	0	7500	2e+11 0.516466
540	0.00540961	0	0	7500	2e+11 0.516466
541	0.00541961	0	0	7500	2e+11 0.516394
542	0.00542961	0	0	7500	2e+11 0.51649
543	0.00543961	0	0	7500	2e+11 0.51649
544	0.00544961	0	0	7500	2e+11 0.51637
545	0.00545961	0	0	7500	2e+11 0.51649
546	0.00546961	0	0	7500	2e+11 0.51649
547	0.00547961	0	0	7500	2e+11 0.516418
548	0.00548961	0	0	7500	2e+11 0.516418
549	0.00549961	0	0	7500	2e+11 0.516538
550	0.00550961	0	0	7500	2e+11 0.516538
551	0.00551961	0	0	7500	2e+11 0.516394
552	0.00552961	0	0	7500	2e+11 0.516442
553	0.00553961	0	0	7500	2e+11 0.516442
554	0.00554961	0	0	7500	2e+11 0.51637
555	0.00555961	0	0	7500	2e+11 0.516418
556	0.00556961	0	0	7500	2e+11 0.516418
557	0.00557961	0	0	7500	2e+11 0.516466
558	0.00558961	0	0	7500	2e+11 0.516466
559	0.00559961	0	0	7500	2e+11 0.516514
560	0.0056096	0	0	7500	2e+11 0.516514
561	0.0056196	0	0	7500	2e+11 0.516418
562	0.00562961	0	0	7500	2e+11 0.516346
563	0.00563961	0	0	7500	2e+11 0.51649
564	0.00564961	0	0	7500	2e+11 0.51649
565	0.00565961	0	0	7500	2e+11 0.516466
566	0.0056696	0	0	7500	2e+11 0.516466
567	0.0056796	0	0	7500	2e+11 0.516442
568	0.00568961	0	0	7500	2e+11 0.516442
569	0.0056996	0	0	7500	2e+11 0.516466
570	0.0057096	0	0	7500	2e+11 0.516514
571	0.0057196	0	0	7500	2e+11 0.516514
572	0.0057296	0	0	7500	2e+11 0.51637
573	0.0057396	0	0	7500	2e+11 0.516514
574	0.0057496	0	0	7500	2e+11 0.516514
575	0.0057596	0	0	7500	2e+11 0.516418
576	0.0057696	0	0	7500	2e+11 0.516514
577	0.0057796	0	0	7500	2e+11 0.516514
578	0.0057896	0	0	7500	2e+11 0.516394
579	0.0057996	0	0	7500	2e+11 0.51649
580	0.0058096	0	0	7500	2e+11 0.51649
581	0.0058196	0	0	7500	2e+11 0.516394
582	0.0058296	0	0	7500	2e+11 0.516418
583	0.0058396	0	0	7500	2e+11 0.516418
584	0.0058496	0	0	7500	2e+11 0.516394
585	0.0058596	0	0	7500	2e+11 0.51637
586	0.0058696	0	0	7500	2e+11 0.516442
587	0.0058796	0	0	7500	2e+11 0.516538
588	0.0058896	0	0	7500	2e+11 0.516538
589	0.0058996	0	0	7500	2e+11 0.51649
590	0.0059096	0	0	7500	2e+11 0.51649
591	0.0059196	0	0	7500	2e+11 0.516418
592	0.0059296	0	0	7500	2e+11 0.516418
593	0.0059396	0	0	7500	2e+11 0.516466
594	0.0059496	0	0	7500	2e+11 0.51649
595	0.0059596	0	0	7500	2e+11 0.51649
596	0.0059696	0	0	7500	2e+11 0.516394
597	0.0059796	0	0	7500	2e+11 0.51649
598	0.0059896	0	0	7500	2e+11 0.51649
599	0.0059996	0	0	7500	2e+11 0.516394
600	0.0060096	0	0	7500	2e+11 0.51649
601	0.00601959	0	0	7500	2e+11 0.51649
602	0.00602959	0	0	7500	2e+11 0.51649
603	0.00603959	0	0	7500	2e+11 0.51649
604	0.00604959	0	0	7500	2e+11 0.516442
605	0.00605959	0	0	7500	2e+11 0.516466
606	0.00606959	0	0	7500	2e+11 0.516466
607	0.00607959	0	0	7500	2e+11 0.51649
608	0.00608959	0	0	7500	2e+11 0.51649
609	0.00609959	0	0	7500	2e+11 0.51649
610	0.00610959	0	0	7500	2e+11 0.51649
611	0.00611959	0	0	7500	2e+11 0.516418
612	0.00612959	0	0	7500	2e+11 0.516418
613	0.00613959	0	0	7500	2e+11 0.51649
614	0.00614959	0	0	7500	2e+11 0.51649
615	0.00615959	0	0	7500	2e+11 0.516466
616	0.00616959	0	0	7500	2e+11 0.516466
617	0.00617959	0	0	7500	2e+11 0.516418
618	0.00618958	0	0	7500	2e+11 0.516538
619	0.00619958	0	0	7500	2e+11 0.516538
620	0.00620958	0	0	7500	2e+11 0.516442
621	0.00621958	0	0	7500	2e+11 0.516442
622	0.00622958	0	0	7500	2e+11 0.516514
623	0.00623958	0	0	7500	2e+11 0.516514
624	0.00624958	0	0	7500	2e+11 0.516442
625	0.00625958	0	0	7500	2e+11 0.516442
626	0.00626958	0	0	7500	2e+11 0.51649
627	0.00627958	0	0	7500	2e+11 0.51649
628	0.00628958	0	0	7500	2e+11 0.516418
629	0.00629958	0	0	7500	2e+11 0.516466
630	0.00630957	0	0	7500	2e+11 0.516514
631	0.00631957	0	0	7500	2e+11 0.516514
632	0.00632957	0	0	7500	2e+11 0.51661
633	0.00633957	0	0	7500	2e+11 0.51661
634	0.00634957	0	0	7500	2e+11 0.516514
635	0.00635957	0	0	7500	2e+11 0.516514
636	0.00636957	0	0	7500	2e+11 0.516514
637	0.00637956	0	0	7500	2e+11 0.516538
638	0.00638956	0	0	7500	2e+11 0.516538
639	0.00639956	0	0	7500	2e+11 0.516586
640	0.00640956	0	0	7500	2e+11 0.516586
641	0.00641956	0	0	7500	2e+11 0.516562
642	0.00642955	0	0	7500	2e+11 0.516731
643	0.00643955	0	0	7500	2e+11 0.516731
644	0.00644955	0	0	7500	2e+11 0.516707
645	0.00645954	0	0	7500	2e+11 0.516707
646	0.00646954	0	0	7500	2e+11 0.516731
647	0.00647953	0	0	7500	2e+11 0.516731
648	0.00648952	0	0	7500	2e+11 0.516851
649	0.00649952	0	0	7500	2e+11 0.517164
650	0.0065095	0	0	7500	2e+11 0.517164
651	0.00651956	0	0	7500	2e+11 0.51702
652	0.00652955	0	0	7500	2e+11 0.51702
653	0.00653954	0	0	7500	2e+11 0.516779
654	0.00654954	0	0	7500	2e+11 0.516658
655	0.00655953	0	0	7500	2e+11 0.516634
656	0.00656953	0	0	7500	2e+11 0.516634
657	0.00657953	0	0	7500	2e+11 0.516538
658	0.00658952	0	0	7500	2e+11 0.516658
659	0.00659952	0	0	7500	2e+11 0.516658
660	0.00660952	0	0	7500	2e+11 0.516538
661	0.00661952	0	0	7500	2e+11 0.516538
662	0.00662951	0	0	7500	2e+11 0.516514
663	0.00663951	0	0	7500	2e+11 0.516514
664	0.00664951	0	0	7500	2e+11 0.51637
665	0.00665951	0	0	7500	2e+11 0.51637
666	0.00666951	0	0	7500	2e+11 0.516394
667	0.00667951	0	0	7500	2e+11 0.516562
668	0.00668951	0	0	7500	2e+11 0.516562
669	0.00669951	0	0	7500	2e+11 0.516418
670	0.00670951	0	0	7500	2e+11 0.51649
671	0.00671951	0	0	7500	2e+11 0.51649
672	0.00672951	0	0	7500	2e+11 0.51637
673	0.00673951	0	0	7500	2e+11 0.516538
674	0.00674951	0	0	7500	2e+11 0.516538
675	0.00675951	0	0	7500	2e+11 0.51637
676	0.00676951	0	0	7500	2e+11 0.51637
677	0.00677951	0	0	7500	2e+11 0.516442
678	0.00678951	0	0	7500	2e+11 0.516442
679	0.00679951	0	0	7500	2e+11 0.516442
680	0.00680951	0	0	7500	2e+11 0.516442
681	0.00681951	0	0	7500	2e+11 0.516394
682	0.00682951	0	0	7500	2e+11 0.516394
683	0.00683951	0	0	7500	2e+11 0.51637
684	0.00684952	0	0	7500	2e+11 0.516346
685	0.00685952	0	0	7500	2e+11 0.516346
686	0.00686952	0	0	7500	2e+11 0.51637
687	0.00687952	0	0	7500	2e+11 0.516442
688	0.00688952	0	0	7500	2e+11 0.516442
689	0.00689952	0	0	7500	2e+11 0.516418
690	0.00690952	0	0	7500	2e+11 0.516418
691	0.00691952	0	0	7500	2e+11 0.516442
692	0.00692952	0	0	7500	2e+11 0.516442
693	0.00693952	0	0	7500	2e+11 0.516466
694	0.00694952	0	0	7500	2e+11 0.516466
695	0.00695952	0	0	7500	2e+11 0.516466
696	0.00696952	0	0	7500	2e+11 0.516394
697	0.00697952	0	0	7500	2e+11 0.516418
698	0.00698952	0	0	7500	2e+11 0.516418
699	0.00699952	0	0	7500	2e+11 0.51649
700	0.00700952	0	0	7500	2e+11 0.51649
701	0.00701952	0	0	7500	2e+11 0.51637
702	0.00702952	0	0	7500	2e+11 0.51637
703	0.00703952	0	0	7500	2e+11 0.516466
704	0.00704952	0	0	7500	2e+11 0.516466
705	0.00705952	0	0	7500	2e+11 0.516442
706	0.00706952	0	0	7500	2e+11 0.516442
707	0.00707952	0	0	7500	2e+11 0.516442
708	0.00708952	0	0	7500	2e+11 0.516418
709	0.00709952	0	0	7500	2e+11 0.516538
710	0.00710952	0	0	7500	2e+11 0.516538
711	0.00711952	0	0	7500	2e+11 0.516442
712	0.00712952	0	0	7500	2e+11 0.516442
713	0.00713952	0	0	7500	2e+11 0.516442
714	0.00714952	0	0	7500	2e+11 0.516442
715	0.00715952	0	0	7500	2e+11 0.516394
716	0.00716952	0	0	7500	2e+11 0.516562
717	0.00717951	0	0	7500	2e+11 0.516562
718	0.00718951	0	0	7500	2e+11 0.516418
719	0.00719952	0	0	7500	2e+11 0.51649
720	0.00720951	0	0	7500	2e+11 0.51649
721	0.00721952	0	0	7500	2e+11 0.51649
722	0.00722951	0	0	7500	2e+11 0.51649
723	0.00723951	0	0	7500	2e+11 0.516442
724	0.00724951	0	0	7500	2e+11 0.516442
725	0.00725951	0	0	7500	2e+11 0.516442
726	0.00726951	0	0	7500	2e+11 0.516442
727	0.00727951	0	0	7500	2e+11 0.516442
728	0.00728951	0	0	7500	2e+11 0.516442
729	0.00729951	0	0	7500	2e+11 0.516418
730	0.00730951	0	0	7500	2e+11 0.516418
731	0.00731951	0	0	7500	2e+11 0.516514
732	0.00732951	0	0	7500	2e+11 0.516514
733	0.00733951	0	0	7500	2e+11 0.516322
734	0.00734952	0	0	7500	2e+11 0.51637
735	0.00735952	0	0	7500	2e+11 0.516418
736	0.00736952	0	0	7500	2e+11 0.51649
737	0.00737951	0	0	7500	2e+11 0.51649
738	0.00738952	0	0	7500	2e+11 0.516322
739	0.00739952	-5.85921e-38	-1.13463e-41	7500	2e+11 0.51637
740	0.00740952	-2.94126e-37	-5.69572e-41	7500	2e+11 0.51637
741	0.00741952	-5.6749e-37	-1.09894e-40	7500	2e+11 0.516346
742	0.00742952	-7.23454e-37	-1.40096e-40	7500	2e+11 0.516346
743	0.00743952	-7.23454e-37	-1.40096e-40	7500	2e+11 0.516274
744	0.00744953	-3.16087e-36	-6.121e-40	7500	2e+11 0.516274
745	0.00745953	-1.16138e-35	-2.249e-39	7500	2e+11 0.516226
746	0.00746953	-4.19466e-35	-8.12293e-39	7500	2e+11 0.516226
747	0.00747954	-1.15896e-34	-2.24431e-38	7500	2e+11 0.516105
748	0.00748955	-3.41005e-34	-6.60353e-38	7500	2e+11 0.516129
749	0.00749955	-1.01536e-33	-1.96625e-37	7500	2e+11 0.516129
750	0.00750956	-2.81928e-33	-5.45952e-37	7500	2e+11 0.519466
751	0.0075195	-7.81253e-33	-1.51289e-36	7500	2e+11 0.519466
752	0.00752952	-2.17107e-32	-4.20427e-36	7500	2e+11 0.515841
753	0.00753953	-5.64262e-32	-1.09269e-35	7500	2e+11 0.516274
754	0.00754953	-1.72043e-31	-3.3316e-35	7500	2e+11 0.516274
755	0.00755954	-3.93957e-31	-7.62895e-35	7500	2e+11 0.516033
756	0.00756954	-1.45268e-30	-2.8131e-34	7500	2e+11 0.516346
757	0.00757955	-3.66306e-30	-7.09349e-34	7500	2e+11 0.516346
758	0.00758955	-1.03717e-29	-2.00847e-33	7500	2e+11 0.516177
759	0.00759955	-3.57463e-29	-6.92223e-33	7500	2e+11 0.516177
760	0.00760956	-9.57183e-29	-1.85358e-32	7500	2e+11 0.516298
761	0.00761956	-2.42216e-28	-4.6905e-32	7500	2e+11 0.516298
762	0.00762957	-5.31845e-28	-1.02991e-31	7500	2e+11 0.516442
763	0.00763956	-1.64733e-27	-3.19003e-31	7500	2e+11 0.516442
764	0.00764957	-4.36214e-27	-8.44725e-31	7500	2e+11 0.516538
765	0.00765957	-1.14024e-26	-2.20806e-30	7500	2e+11 0.516538
766	0.00766957	-3.01303e-26	-5.83471e-30	7500	2e+11 0.516346
767	0.00767957	-9.33635e-26	-1.80798e-29	7500	2e+11 0.516346
768	0.00768957	-2.51939e-25	-4.87878e-29	7500	2e+11 0.516346
769	0.00769957	-7.87623e-25	-1.52523e-28	7500	2e+11 0.516346
770	0.00770958	-1.71788e-24	-3.32666e-28	7500	2e+11 0.516442
771	0.00771958	-5.07533e-24	-9.82834e-28	7500	2e+11 0.516442
772	0.00772958	-1.35303e-23	-2.62014e-27	7500	2e+11 0.516346
773	0.00773958	-3.23295e-23	-6.26058e-27	7500	2e+11 0.516346
774	0.00774958	-9.03706e-23	-1.75002e-26	7500	2e+11 0.516394
775	0.00775958	-2.5484e-22	-4.93495e-26	7500	2e+11 0.516394
776	0.00776958	-7.7409e-22	-1.49902e-25	7500	2e+11 0.51637
777	0.00777958	-1.78792e-21	-3.46229e-25	7500	2e+11 0.51637
778	0.00778959	-6.9239e-21	-1.34081e-24	7500	2e+11 0.51649
779	0.00779958	-1.88751e-20	-3.65514e-24	7500	2e+11 0.51649
780	0.00780959	-5.2575e-20	-1.01811e-23	7500	2e+11 0.516201
781	0.00781965	-1.28804e-19	-2.49428e-23	7500	2e+11 0.51541
782	0.00782966	-3.92574e-19	-7.60217e-23	7500	2e+11 0.51637
783	0.00783966	-9.65831e-19	-1.87032e-22	7500	2e+11 0.51637
784	0.00784967	-2.58889e-18	-5.01337e-22	7500	2e+11 0.516466
785	0.00785966	-6.6904e-18	-1.29559e-21	7500	2e+11 0.516466
786	0.00786967	-2.17759e-17	-4.21688e-21	7500	2e+11 0.516514
787	0.00787966	-5.2125e-17	-1.0094e-20	7500	2e+11 0.516514
788	0.00788967	-1.37608e-16	-2.66477e-20	7500	2e+11 0.516466
789	0.00789967	-4.27752e-16	-8.28339e-20	7500	2e+11 0.516466
790	0.00790967	-1.08684e-15	-2.10466e-19	7500	2e+11 0.51661
791	0.00791967	-3.47443e-15	-6.72821e-19	7500	2e+11 0.51661
792	0.00792967	-7.69373e-15	-1.48989e-18	7500	2e+11 0.516466
793	0.00793967	-1.95064e-14	-3.7774e-18	7500	2e+11 0.516466
794	0.00794967	-5.71814e-14	-1.10731e-17	7500	2e+11 0.51661
795	0.00795967	-1.59124e-13	-3.08143e-17	7500	2e+11 0.51661
796	0.00796967	-4.7299e-13	-9.15942e-17	7500	2e+11 0.516322
797	0.00797968	-1.19012e-12	-2.30465e-16	7500	2e+11 0.516514
798	0.00798967	-3.7073e-12	-7.17915e-16	7500	2e+11 0.516514
799	0.00799967	-1.22478e-11	-2.37179e-15	7500	2e+11 0.516514
800	0.00800967	-3.49901e-11	-6.7758e-15	7500	2e+11 0.516466
801	0.00801967	-8.12979e-11	-1.57433e-14	7500	2e+11 0.516514
802	0.00802967	-2.41831e-10	-4.68304e-14	7500	2e+11 0.516514
803	0.00803967	-6.48109e-10	-1.25506e-13	7500	2e+11 0.516274
804	0.00804968	-1.87224e-09	-3.62557e-13	7500	2e+11 0.516418
805	0.00805968	-5.6684e-09	-1.09768e-12	7500	2e+11 0.516466
806	0.00806968	-1.59995e-08	-3.09829e-12	7500	2e+11 0.516658
807	0.00807967	-3.99377e-08	-7.73391e-12	7500	2e+11 0.516658
808	0.00808967	-8.67914e-08	-1.68071e-11	7500	2e+11 0.51637
809	0.00809967	-2.78591e-07	-5.39489e-11	7500	2e+11 0.51637
810	0.00810968	-6.35849e-07	-1.23132e-10	7500	2e+11 0.516466
811	0.00811968	-2.29414e-06	-4.44258e-10	7500	2e+11 0.516466
812	0.00812968	-6.13287e-06	-1.18763e-09	7500	2e+11 0.51637
813	0.00813968	-1.47818e-05	-2.86248e-09	7500	2e+11 0.516322
814	0.00814968	-3.8573e-05	-7.46963e-09	7500	2e+11 0.51637
815	0.00815968	-0.000118411	-2.29301e-08	7500	2e+11 0.51637
816	0.00816968	-0.000311735	-6.03672e-08	7500	2e+11 0.516658
817	0.00817968	-0.000937934	-1.8163e-07	7500	2e+11 0.516658
818	0.00818968	-0.00204695	-3.96389e-07	7500	2e+11 0.516322
819	0.00819968	-0.00695311	-1.34646e-06	7500	2e+11 0.51637
820	0.00820968	-0.0169671	-3.28567e-06	7500	2e+11 0.51637
821	0.00821968	-0.0442723	-8.57329e-06	7500	2e+11 0.51661
822	0.00822968	-0.128635	-2.49101e-05	7500	2e+11 0.51661
823	0.00823968	-0.305512	-5.91622e-05	7500	2e+11 0.516562
824	0.00824968	-0.856389	-0.000165839	7500	2e+11 0.516562
825	0.00825968	-2.50589	-0.000485264	7500	2e+11 0.516658
826	0.00826967	-5.29942	-0.00102623	7500	2e+11 0.517092
827	0.00827966	-8.96057	-0.00173521	7500	2e+11 0.51743
828	0.00828964	-13.2631	-0.00256839	7500	2e+11 0.517623
829	0.00829962	-17.9002	-0.00346635	7500	2e+11 0.5183
830	0.00830958	-22.5799	-0.00437257	7500	2e+11 0.518591
831	0.00831954	-27.0833	-0.00524466	7500	2e+11 0.519174
832	0.00832948	-31.1891	-0.00603973	7500	2e+11 0.519563
833	0.00833942	-34.8169	-0.00674226	7500	2e+11 0.519855
834	0.00834936	-37.9517	-0.00734932	7500	2e+11 0.52049
835	0.00835928	-40.6172	-0.00786549	7500	2e+11 0.520832
836	0.00836919	-42.7907	-0.00828638	7500	2e+11 0.520832
837	0.00837911	-44.5239	-0.00862202	7500	2e+11 0.521175
838	0.00838902	-45.895	-0.00888753	7500	2e+11 0.521175
839	0.00839894	-46.9641	-0.00909456	7500	2e+11 0.521028
840	0.00840885	-47.7927	-0.00925502	7500	2e+11 0.521322
841	0.00841876	-48.4122	-0.00937498	7500	2e+11 0.521322
842	0.00842867	-48.8689	-0.00946343	7500	2e+11 0.52142
843	0.00843857	-49.2007	-0.00952768	7500	2e+11 0.52142
844	0.00844848	-49.4389	-0.00957381	7500	2e+11 0.521371
845	0.00845838	-49.6103	-0.00960698	7500	2e+11 0.521371
846	0.00846829	-49.7326	-0.00963067	7500	2e+11 0.521371
847	0.00847819	-49.8177	-0.00964715	7500	2e+11 0.521371
848	0.0084881	-49.8768	-0.0096586	7500	2e+11 0.521371
849	0.008498	-49.9179	-0.00966655	7500	2e+11 0.521469
850	0.00850791	-49.9453	-0.00967186	7500	2e+11 0.521469
851	0.00851781	-49.9633	-0.00967536	7500	2e+11 0.521518
852	0.00852771	-49.9753	-0.00967768	7500	2e+11 0.521518
853	0.00853762	-49.9833	-0.00967923	7500	2e+11 0.521567
854	0.00854752	-49.9885	-0.00968024	7500	2e+11 0.521567
855	0.00855742	-49.9919	-0.00968088	7500	2e+11 0.521518
856	0.00856732	-49.994	-0.00968129	7500	2e+11 0.521518
857	0.00857723	-49.9953	-0.00968155	7500	2e+11 0.521371
858	0.00858714	-49.9961	-0.00968171	7500	2e+11 0.52142
859	0.00859704	-49.9966	-0.00968181	7500	2e+11 0.521469
860	0.00860694	-49.9969	-0.00968187	7500	2e+11 0.521518
861	0.00861684	-49.9971	-0.0096819	7500	2e+11 0.521518
862	0.00862675	-49.9972	-0.00968192	7500	2e+11 0.521469
863	0.00863665	-49.9973	-0.00968194	7500	2e+11 0.52142
864	0.00864656	-49.9973	-0.00968194	7500	2e+11 0.52142
865	0.00865646	-49.9974	-0.00968195	7500	2e+11 0.52142
866	0.00866636	-49.9974	-0.00968195	7500	2e+11 0.521518
867	0.00867627	-49.9974	-0.00968195	7500	2e+11 0.521518
868	0.00868617	-49.9974	-0.00968195	7500	2e+11 0.521518
869	0.00869607	-49.9974	-0.00968195	7500	2e+11 0.521469
870	0.00870598	-49.9974	-0.00968195	7500	2e+11 0.521469
871	0.00871588	-49.9974	-0.00968195	7500	2e+11 0.521469
872	0.00872579	-49.9974	-0.00968195	7500	2e+11 0.521567
873	0.00873569	-49.9974	-0.00968195	7500	2e+11 0.521616
874	0.00874559	-49.9974	-0.00968195	7500	2e+11 0.521616
875	0.00875549	-49.9974	-0.00968195	7500	2e+11 0.521469
876	0.0087654	-49.9974	-0.00968195	7500	2e+11 0.521469
877	0.0087753	-49.9974	-0.00968195	7500	2e+11 0.521616
878	0.0087852	-49.9974	-0.00968195	7500	2e+11 0.521616
879	0.00879511	-49.9974	-0.00968195	7500	2e+11 0.521371
880	0.00880501	-49.9974	-0.00968195	7500	2e+11 0.521371
881	0.00881492	-49.9974	-0.00968195	7500	2e+11 0.521371
882	0.00882482	-49.9974	-0.00968195	7500	2e+11 0.521861
883	0.00883472	-49.9974	-0.00968195	7500	2e+11 0.521861
884	0.00884462	-49.9974	-0.00968195	7500	2e+11 0.521469
885	0.00885453	-49.9974	-0.00968195	7500	2e+11 0.521469
886	0.00886443	-49.9974	-0.00968195	7500	2e+11 0.521469
887	0.00887434	-49.9974	-0.00968195	7500	2e+11 0.521322
888	0.00888424	-49.9974	-0.00968195	7500	2e+11 0.521616
889	0.00889414	-49.9974	-0.00968195	7500	2e+11 0.521616
890	0.00890405	-49.9974	-0.00968195	7500	2e+11 0.521469
891	0.00891395	-49.9974	-0.00968195	7500	2e+11 0.521371
892	0.00892386	-49.9974	-0.00968195	7500	2e+11 0.521469
893	0.00893376	-49.9974	-0.00968195	7500	2e+11 0.521665
894	0.00894366	-49.9974	-0.00968195	7500	2e+11 0.521665
895	0.00895356	-49.9974	-0.00968195	7500	2e+11 0.521469
896	0.00896347	-49.9974	-0.00968195	7500	2e+11 0.521469
897	0.00897338	-49.9974	-0.00968195	7500	2e+11 0.521273
898	0.00898328	-49.9974	-0.00968195	7500	2e+11 0.521469
899	0.00899319	-49.9974	-0.00968195	7500	2e+11 0.521469
900	0.00900309	-49.9974	-0.00968195	7500	2e+11 0.521616
901	0.00901299	-49.9974	-0.00968195	7500	2e+11 0.521665
902	0.00902289	-49.9974	-0.00968195	7500	2e+11 0.521665
903	0.00903279	-49.9974	-0.00968195	7500	2e+11 0.521518
904	0.0090427	-49.9974	-0.00968195	7500	2e+11 0.521616
905	0.0090526	-49.9974	-0.00968195	7500	2e+11 0.521616
906	0.0090625	-49.9974	-0.00968195	7500	2e+11 0.521371
907	0.00907241	-49.9974	-0.00968195	7500	2e+11 0.521322
908	0.00908231	-49.9974	-0.00968195	7500	2e+11 0.521567
909	0.00909221	-49.9974	-0.00968195	7500	2e+11 0.521567
910	0.00910212	-49.9974	-0.00968195	7500	2e+11 0.521518
911	0.00911202	-49.9973	-0.00968195	7500	2e+11 0.521518
912	0.00912193	-49.9973	-0.00968194	7500	2e+11 0.521371
913	0.00913183	-49.9973	-0.00968193	7500	2e+11 0.521469
914	0.00914173	-49.9971	-0.00968191	7500	2e+11 0.521469
915	0.00915164	-49.9968	-0.00968185	7500	2e+11 0.521616
916	0.00916154	-49.996	-0.00968168	7500	2e+11 0.521616
917	0.00917145	-49.993	-0.00968111	7500	2e+11 0.521322
918	0.00918135	-49.9858	-0.0096797	7500	2e+11 0.521518
919	0.00919125	-49.9673	-0.00967612	7500	2e+11 0.521518
920	0.00920116	-49.9286	-0.00966863	7500	2e+11 0.521518
921	0.00921106	-49.7846	-0.00964074	7500	2e+11 0.521469
922	0.00922096	-49.4366	-0.00957337	7500	2e+11 0.521567
923	0.00923086	-48.4297	-0.00937838	7500	2e+11 0.521567
924	0.00924077	-46.8456	-0.0090716	7500	2e+11 0.521077
925	0.00925069	-44.6978	-0.0086557	7500	2e+11 0.520979
926	0.0092606	-42.1019	-0.00815299	7500	2e+11 0.520881
927	0.00927052	-39.1479	-0.00758095	7500	2e+11 0.52049
928	0.00928045	-35.9493	-0.00696156	7500	2e+11 0.520099
929	0.00929038	-32.6107	-0.00631503	7500	2e+11 0.520099
930	0.00930032	-29.2195	-0.00565834	7500	2e+11 0.519417
931	0.00931027	-25.8579	-0.00500737	7500	2e+11 0.519271
932	0.00932022	-22.5859	-0.00437374	7500	2e+11 0.518931
933	0.00933018	-19.4848	-0.00377321	7500	2e+11 0.518591
934	0.00934014	-16.5937	-0.00321336	7500	2e+11 0.518397
935	0.00935011	-13.9426	-0.00269997	7500	2e+11 0.517865
936	0.00936008	-11.5831	-0.00224306	7500	2e+11 0.517865
937	0.00937006	-9.50198	-0.00184005	7500	2e+11 0.517478
938	0.00938004	-7.70315	-0.00149171	7500	2e+11 0.517382
939	0.00939003	-6.15784	-0.00119246	7500	2e+11 0.516996
940	0.00940002	-4.86044	-0.00094122	7500	2e+11 0.516899
941	0.00941001	-3.79319	-0.000734548	7500	2e+11 0.516899
942	0.00942	-2.91781	-0.000565031	7500	2e+11 0.516851
943	0.00943	-2.21633	-0.00042919	7500	2e+11 0.516755
944	0.00943999	-1.66482	-0.000322391	7500	2e+11 0.516755
945	0.00944999	-1.23248	-0.00023867	7500	2e+11 0.516562
946	0.00945999	-0.902765	-0.00017482	7500	2e+11 0.51637
947	0.00946999	-0.652164	-0.000126291	7500	2e+11 0.516562
948	0.00947999	-0.464865	-9.00207e-05	7500	2e+11 0.516562
949	0.00948999	-0.327372	-6.33954e-05	7500	2e+11 0.516466
950	0.00949999	-0.228501	-4.4249e-05	7500	2e+11 0.516322
951	0.00950999	-0.158099	-3.06157e-05	7500	2e+11 0.51661
952	0.00951999	-0.108422	-2.09958e-05	7500	2e+11 0.51661
953	0.00952999	-0.073376	-1.42092e-05	7500	2e+11 0.51637
954	0.00954	-0.0491365	-9.51524e-06	7500	2e+11 0.516755
955	0.00954999	-0.0326166	-6.31618e-06	7500	2e+11 0.516755
956	0.00955999	-0.0214509	-4.15395e-06	7500	2e+11 0.51661
957	0.00956999	-0.0139559	-2.70254e-06	7500	2e+11 0.51661
958	0.00957999	-0.00898756	-1.74043e-06	7500	2e+11 0.51637
959	0.00959	-0.0057298	-1.10957e-06	7500	2e+11 0.516562
960	0.00959999	-0.00361775	-7.00574e-07	7500	2e+11 0.516562
961	0.00960999	-0.00226659	-4.38923e-07	7500	2e+11 0.516322
962	0.00962	-0.00140609	-2.72288e-07	7500	2e+11 0.51661
963	0.00962999	-0.000864572	-1.67424e-07	7500	2e+11 0.51661
964	0.00963999	-0.000531281	-1.02882e-07	7500	2e+11 0.516514
965	0.00964999	-0.000325451	-6.30233e-08	7500	2e+11 0.516514
966	0.00966	-0.000196124	-3.79792e-08	7500	2e+11 0.516514
967	0.00967	-0.000116387	-2.25382e-08	7500	2e+11 0.516514
968	0.00968	-6.84864e-05	-1.32623e-08	7500	2e+11 0.516755
969	0.00968999	-3.93514e-05	-7.62036e-09	7500	2e+11 0.516755
970	0.0097	-2.19852e-05	-4.25741e-09	7500	2e+11 0.51637
971	0.00971	-1.1847e-05	-2.29416e-09	7500	2e+11 0.51661
972	0.00971999	-6.2046e-06	-1.20152e-09	7500	2e+11 0.51661
973	0.00972999	-3.12246e-06	-6.04663e-10	7500	2e+11 0.516466
974	0.00974	-1.51228e-06	-2.92852e-10	7500	2e+11 0.516755
975	0.00974999	-6.9946e-07	-1.3545e-10	7500	2e+11 0.516755
976	0.00976	-3.10201e-07	-6.00702e-11	7500	2e+11 0.516562
977	0.00976999	-1.30915e-07	-2.53516e-11	7500	2e+11 0.516562
978	0.00978	-5.28697e-08	-1.02382e-11	7500	2e+11 0.516226
979	0.00979	-2.06835e-08	-4.00534e-12	7500	2e+11 0.516466
980	0.0098	-7.52981e-09	-1.45814e-12	7500	2e+11 0.516466
981	0.00981	-2.59777e-09	-5.03057e-13	7500	2e+11 0.516418
982	0.00982	-8.42229e-10	-1.63097e-13	7500	2e+11 0.51637
983	0.00983	-2.69969e-10	-5.22794e-14	7500	2e+11 0.516562
984	0.00984	-8.11122e-11	-1.57073e-14	7500	2e+11 0.516562
985	0.00985	-2.30176e-11	-4.45734e-15	7500	2e+11 0.516274
986	0.00986001	-6.39622e-12	-1.23862e-15	7500	2e+11 0.516947
987	0.00987	-1.74433e-12	-3.37788e-16	7500	2e+11 0.516947
988	0.00987999	-4.59222e-13	-8.8928e-17	7500	2e+11 0.516803
989	0.00988999	-1.12657e-13	-2.1816e-17	7500	2e+11 0.516803
990	0.0099	-2.69545e-14	-5.21971e-18	7500	2e+11 0.516418
991	0.00991	-5.9008e-15	-1.14268e-18	7500	2e+11 0.516418
992	0.00992	-1.24748e-15	-2.41573e-19	7500	2e+11 0.51661
993	0.00993	-2.42049e-16	-4.68726e-20	7500	2e+11 0.516658
994	0.00993999	-4.76432e-17	-9.22606e-21	7500	2e+11 0.516658
995	0.00995	-9.06732e-18	-1.75588e-21	7500	2e+11 0.516322
996	0.00996	-1.62651e-18	-3.14972e-22	7500	2e+11 0.51661
997	0.00996999	-2.68441e-19	-5.19834e-23	7500	2e+11 0.51661
998	0.00998	-4.24614e-20	-8.2227e-24	7500	2e+11 0.516514
999	0.00999	-7.20874e-21	-1.39651e-24	7500	2e+11 0.516514
1000	0.01	0	-4.23925e-27	7500	2e+11 0.516322
