0	0	0	0	7500	2e+11 0.516398
1	1e-05	0	0	7500	2e+11 0.516398
2	2e-05	0	0	7500	2e+11 0.516398
3	3e-05	0	0	7500	2e+11 0.516398
4	4e-05	0	0	7500	2e+11 0.516398
5	5e-05	0	0	7500	2e+11 0.516398
6	6e-05	0	0	7500	2e+11 0.516398
7	7e-05	0	0	7500	2e+11 0.516398
8	8e-05	0	0	7500	2e+11 0.516398
9	9e-05	0	0	7500	2e+11 0.516398
10	0.0001	0	0	7500	2e+11 0.516398
11	0.00011	0	0	7500	2e+11 0.516398
12	0.00012	0	0	7500	2e+11 0.516398
13	0.00013	0	0	7500	2e+11 0.516398
14	0.00014	0	0	7500	2e+11 0.516398
15	0.00015	0	0	7500	2e+11 0.516398
16	0.00016	0	0	7500	2e+11 0.516398
17	0.00017	0	0	7500	2e+11 0.516398
18	0.00018	0	0	7500	2e+11 0.516398
19	0.00019	0	0	7500	2e+11 0.516398
20	0.0002	0	0	7500	2e+11 0.516398
21	0.00021	0	0	7500	2e+11 0.516398
22	0.00022	0	0	7500	2e+11 0.516398
23	0.00023	0	0	7500	2e+11 0.516398
24	0.00024	0	0	7500	2e+11 0.516398
25	0.00025	0	0	7500	2e+11 0.516398
26	0.00026	0	0	7500	2e+11 0.516398
27	0.00027	0	0	7500	2e+11 0.516398
28	0.00028	0	0	7500	2e+11 0.516398
29	0.00029	0	0	7500	2e+11 0.516398
30	0.0003	0	0	7500	2e+11 0.516398
31	0.00031	0	0	7500	2e+11 0.516398
32	0.00032	0	0	7500	2e+11 0.516398
33	0.00033	0	0	7500	2e+11 0.516398
34	0.00034	0	0	7500	2e+11 0.516398
35	0.00035	0	0	7500	2e+11 0.516398
36	0.00036	0	0	7500	2e+11 0.516398
37	0.00037	0	0	7500	2e+11 0.516398
38	0.00038	0	0	7500	2e+11 0.516398
39	0.00039	0	0	7500	2e+11 0.516398
40	0.0004	0	0	7500	2e+11 0.516398
41	0.00041	0	0	7500	2e+11 0.516398
42	0.00042	0	0	7500	2e+11 0.516398
43	0.00043	0	0	7500	2e+11 0.516398
44	0.00044	0	0	7500	2e+11 0.516398
45	0.00045	0	0	7500	2e+11 0.516398
46	0.00046	0	0	7500	2e+11 0.516398
47	0.00047	0	0	7500	2e+11 0.516398
48	0.00048	0	0	7500	2e+11 0.516398
49	0.00049	0	0	7500	2e+11 0.5164
50	0.0005	0	0	7500	2e+11 0.5164
51	0.00051	0	0	7500	2e+11 0.516397
52	0.00052	0	0	7500	2e+11 0.5164
53	0.00053	0	0	7500	2e+11 0.5164
54	0.00054	0	0	7500	2e+11 0.516397
55	0.00055	0	0	7500	2e+11 0.5164
56	0.00056	0	0	7500	2e+11 0.5164
57	0.00057	0	0	7500	2e+11 0.516397
58	0.00058	0	0	7500	2e+11 0.516397
59	0.00059	0	0	7500	2e+11 0.5164
60	0.0006	0	0	7500	2e+11 0.5164
61	0.00061	0	0	7500	2e+11 0.516397
62	0.00062	0	0	7500	2e+11 0.5164
63	0.00063	0	0	7500	2e+11 0.5164
64	0.00064	0	0	7500	2e+11 0.516397
65	0.00065	0	0	7500	2e+11 0.5164
66	0.00066	0	0	7500	2e+11 0.5164
67	0.00067	0	0	7500	2e+11 0.516397
68	0.00068	0	0	7500	2e+11 0.5164
69	0.00069	0	0	7500	2e+11 0.5164
70	0.0007	0	0	7500	2e+11 0.516397
71	0.00071	0	0	7500	2e+11 0.516397
72	0.00072	0	0	7500	2e+11 0.5164
73	0.00073	0	0	7500	2e+11 0.5164
74	0.00074	0	0	7500	2e+11 0.516397
75	0.00075	0	0	7500	2e+11 0.5164
76	0.00076	0	0	7500	2e+11 0.5164
77	0.00077	0	0	7500	2e+11 0.516397
78	0.00078	0	0	7500	2e+11 0.5164
79	0.00079	0	0	7500	2e+11 0.5164
80	0.0008	0	0	7500	2e+11 0.516397
81	0.00081	0	0	7500	2e+11 0.5164
82	0.00082	0	0	7500	2e+11 0.5164
83	0.00083	0	0	7500	2e+11 0.516397
84	0.00084	0	0	7500	2e+11 0.5164
85	0.00085	0	0	7500	2e+11 0.5164
86	0.00086	0	0	7500	2e+11 0.516397
87	0.00087	0	0	7500	2e+11 0.5164
88	0.00088	0	0	7500	2e+11 0.5164
89	0.00089	0	0	7500	2e+11 0.516397
90	0.0009	0	0	7500	2e+11 0.516397
91	0.00091	0	0	7500	2e+11 0.5164
92	0.00092	0	0	7500	2e+11 0.5164
93	0.00093	0	0	7500	2e+11 0.516397
94	0.00094	0	0	7500	2e+11 0.5164
95	0.00095	0	0	7500	2e+11 0.5164
96	0.00096	0	0	7500	2e+11 0.516397
97	0.00097	0	0	7500	2e+11 0.516397
98	0.00098	0	0	7500	2e+11 0.5164
99	0.00099	0	0	7500	2e+11 0.5164
100	0.001	0	0	7500	2e+11 0.5164
101	0.00101	0	0	7500	2e+11 0.5164
102	0.00102	0	0	7500	2e+11 0.5164
103	0.00103	0	0	7500	2e+11 0.5164
104	0.00104	0	0	7500	2e+11 0.5164
105	0.00105	0	0	7500	2e+11 0.5164
106	0.00106	0	0	7500	2e+11 0.5164
107	0.00107	0	0	7500	2e+11 0.5164
108	0.00108	0	0	7500	2e+11 0.5164
109	0.00109	0	0	7500	2e+11 0.5164
110	0.0011	0	0	7500	2e+11 0.5164
111	0.00111	0	0	7500	2e+11 0.5164
112	0.00112	0	0	7500	2e+11 0.5164
113	0.00113	0	0	7500	2e+11 0.5164
114	0.00114	0	0	7500	2e+11 0.5164
115	0.00115	0	0	7500	2e+11 0.5164
116	0.00116	0	0	7500	2e+11 0.5164
117	0.00117	0	0	7500	2e+11 0.5164
118	0.00118	0	0	7500	2e+11 0.5164
119	0.00119	0	0	7500	2e+11 0.5164
120	0.0012	0	0	7500	2e+11 0.5164
121	0.00121	0	0	7500	2e+11 0.5164
122	0.00122	0	0	7500	2e+11 0.5164
123	0.00123	0	0	7500	2e+11 0.5164
124	0.00124	0	0	7500	2e+11 0.5164
125	0.00125	0	0	7500	2e+11 0.5164
126	0.00126	0	0	7500	2e+11 0.5164
127	0.00127	0	0	7500	2e+11 0.5164
128	0.00128	0	0	7500	2e+11 0.5164
129	0.00129	0	0	7500	2e+11 0.5164
130	0.0013	0	0	7500	2e+11 0.5164
131	0.00131	0	0	7500	2e+11 0.5164
132	0.00132	0	0	7500	2e+11 0.5164
133	0.00133	0	0	7500	2e+11 0.5164
134	0.00134	0	0	7500	2e+11 0.5164
135	0.00135	0	0	7500	2e+11 0.5164
136	0.00136	0	0	7500	2e+11 0.5164
137	0.00137	0	0	7500	2e+11 0.5164
138	0.00138	0	0	7500	2e+11 0.5164
139	0.00139	0	0	7500	2e+11 0.5164
140	0.0014	0	0	7500	2e+11 0.5164
141	0.00141	0	0	7500	2e+11 0.5164
142	0.00142	0	0	7500	2e+11 0.5164
143	0.00143	0	0	7500	2e+11 0.5164
144	0.00144	0	0	7500	2e+11 0.5164
145	0.00145	0	0	7500	2e+11 0.5164
146	0.00146	0	0	7500	2e+11 0.5164
147	0.00147	0	0	7500	2e+11 0.5164
148	0.00148	0	0	7500	2e+11 0.5164
149	0.00149	0	0	7500	2e+11 0.5164
150	0.0015	0	0	7500	2e+11 0.5164
151	0.00151	0	0	7500	2e+11 0.5164
152	0.00152	0	0	7500	2e+11 0.5164
153	0.00153	0	0	7500	2e+11 0.5164
154	0.00154	0	0	7500	2e+11 0.5164
155	0.00155	0	0	7500	2e+11 0.5164
156	0.00156	0	0	7500	2e+11 0.5164
157	0.00157	0	0	7500	2e+11 0.5164
158	0.00158	0	0	7500	2e+11 0.5164
159	0.00159	0	0	7500	2e+11 0.5164
160	0.0016	0	0	7500	2e+11 0.5164
161	0.00161	0	0	7500	2e+11 0.5164
162	0.00162	0	0	7500	2e+11 0.5164
163	0.00163	0	0	7500	2e+11 0.5164
164	0.00164	0	0	7500	2e+11 0.5164
165	0.00165	0	0	7500	2e+11 0.5164
166	0.00166	0	0	7500	2e+11 0.5164
167	0.00167	0	0	7500	2e+11 0.5164
168	0.00168	0	0	7500	2e+11 0.5164
169	0.00169	0	0	7500	2e+11 0.5164
170	0.0017	0	0	7500	2e+11 0.5164
171	0.00171	0	0	7500	2e+11 0.5164
172	0.00172	0	0	7500	2e+11 0.5164
173	0.00173	0	0	7500	2e+11 0.5164
174	0.00174	0	0	7500	2e+11 0.5164
175	0.00175	0	0	7500	2e+11 0.5164
176	0.00176	0	0	7500	2e+11 0.5164
177	0.00177	0	0	7500	2e+11 0.5164
178	0.00178	0	0	7500	2e+11 0.5164
179	0.00179	0	0	7500	2e+11 0.5164
180	0.0018	0	0	7500	2e+11 0.5164
181	0.00181	0	0	7500	2e+11 0.5164
182	0.00182	0	0	7500	2e+11 0.5164
183	0.00183	0	0	7500	2e+11 0.5164
184	0.00184	0	0	7500	2e+11 0.5164
185	0.00185	0	0	7500	2e+11 0.5164
186	0.00186	0	0	7500	2e+11 0.5164
187	0.00187	0	0	7500	2e+11 0.5164
188	0.00188	0	0	7500	2e+11 0.5164
189	0.00189	0	0	7500	2e+11 0.5164
190	0.0019	0	0	7500	2e+11 0.5164
191	0.00191	0	0	7500	2e+11 0.5164
192	0.00192	0	0	7500	2e+11 0.5164
193	0.00193	0	0	7500	2e+11 0.5164
194	0.00194	0	0	7500	2e+11 0.5164
195	0.00195	0	0	7500	2e+11 0.5164
196	0.00196	0	0	7500	2e+11 0.516406
197	0.00197	0	0	7500	2e+11 0.516406
198	0.00198	0	0	7500	2e+11 0.516394
199	0.00199	0	0	7500	2e+11 0.516406
200	0.002	0	0	7500	2e+11 0.516406
201	0.00201	0	0	7500	2e+11 0.516394
202	0.00202	0	0	7500	2e+11 0.516406
203	0.00203	0	0	7500	2e+11 0.516406
204	0.00204	0	0	7500	2e+11 0.516394
205	0.00205	0	0	7500	2e+11 0.516406
206	0.00206	0	0	7500	2e+11 0.516406
207	0.00207	0	0	7500	2e+11 0.516394
208	0.00208	0	0	7500	2e+11 0.516406
209	0.00209	0	0	7500	2e+11 0.516406
210	0.0021	0	0	7500	2e+11 0.516394
211	0.00211	0	0	7500	2e+11 0.516406
212	0.00212	0	0	7500	2e+11 0.516406
213	0.00213	0	0	7500	2e+11 0.516394
214	0.00214	0	0	7500	2e+11 0.516406
215	0.00215	0	0	7500	2e+11 0.516406
216	0.00216	0	0	7500	2e+11 0.516394
217	0.00217	0	0	7500	2e+11 0.516406
218	0.00218	0	0	7500	2e+11 0.516406
219	0.00219	0	0	7500	2e+11 0.516394
220	0.0022	0	0	7500	2e+11 0.516406
221	0.00221	0	0	7500	2e+11 0.516406
222	0.00222	0	0	7500	2e+11 0.516394
223	0.00223	0	0	7500	2e+11 0.516406
224	0.00224	0	0	7500	2e+11 0.516406
225	0.00225	0	0	7500	2e+11 0.516394
226	0.00226	0	0	7500	2e+11 0.516394
227	0.00227	0	0	7500	2e+11 0.516406
228	0.00228	0	0	7500	2e+11 0.516406
229	0.00229	0	0	7500	2e+11 0.516394
230	0.0023	0	0	7500	2e+11 0.516406
231	0.00231	0	0	7500	2e+11 0.516406
232	0.00232	0	0	7500	2e+11 0.516394
233	0.00233	0	0	7500	2e+11 0.516406
234	0.00234	0	0	7500	2e+11 0.516406
235	0.00235	0	0	7500	2e+11 0.516394
236	0.00236	0	0	7500	2e+11 0.516406
237	0.00237	0	0	7500	2e+11 0.516406
238	0.00238	0	0	7500	2e+11 0.516394
239	0.00239	0	0	7500	2e+11 0.516406
240	0.0024	0	0	7500	2e+11 0.516406
241	0.00241	0	0	7500	2e+11 0.516394
242	0.00242	0	0	7500	2e+11 0.516406
243	0.00243	0	0	7500	2e+11 0.516406
244	0.00244	0	0	7500	2e+11 0.516394
245	0.00245	0	0	7500	2e+11 0.516406
246	0.00246	0	0	7500	2e+11 0.516406
247	0.00247	0	0	7500	2e+11 0.516394
248	0.00248	0	0	7500	2e+11 0.516406
249	0.00249	0	0	7500	2e+11 0.516406
250	0.0025	0	0	7500	2e+11 0.516394
251	0.00251	0	0	7500	2e+11 0.516406
252	0.00252	0	0	7500	2e+11 0.516406
253	0.00253	0	0	7500	2e+11 0.516394
254	0.00254	0	0	7500	2e+11 0.516406
255	0.00255	0	0	7500	2e+11 0.516406
256	0.00256	0	0	7500	2e+11 0.516394
257	0.00257	0	0	7500	2e+11 0.516406
258	0.00258	0	0	7500	2e+11 0.516406
259	0.00259	0	0	7500	2e+11 0.516394
260	0.0026	0	0	7500	2e+11 0.516406
261	0.00261	0	0	7500	2e+11 0.516406
262	0.00262	0	0	7500	2e+11 0.516394
263	0.00263	0	0	7500	2e+11 0.516406
264	0.00264	0	0	7500	2e+11 0.516406
265	0.00265	0	0	7500	2e+11 0.516394
266	0.00266	0	0	7500	2e+11 0.516406
267	0.00267	0	0	7500	2e+11 0.516406
268	0.00268	0	0	7500	2e+11 0.516394
269	0.00269	0	0	7500	2e+11 0.516406
270	0.0027	0	0	7500	2e+11 0.516406
271	0.00271	0	0	7500	2e+11 0.516394
272	0.00272	0	0	7500	2e+11 0.516406
273	0.00273	0	0	7500	2e+11 0.516406
274	0.00274	0	0	7500	2e+11 0.516394
275	0.00275	0	0	7500	2e+11 0.516406
276	0.00276	0	0	7500	2e+11 0.516406
277	0.00277	0	0	7500	2e+11 0.516394
278	0.00278	0	0	7500	2e+11 0.516406
279	0.00279	0	0	7500	2e+11 0.516406
280	0.0028	0	0	7500	2e+11 0.516394
281	0.00281	0	0	7500	2e+11 0.516406
282	0.00282	0	0	7500	2e+11 0.516406
283	0.00283	0	0	7500	2e+11 0.516394
284	0.00284	0	0	7500	2e+11 0.516406
285	0.00285	0	0	7500	2e+11 0.516406
286	0.00286	0	0	7500	2e+11 0.516394
287	0.00287	0	0	7500	2e+11 0.516394
288	0.00288	0	0	7500	2e+11 0.516406
289	0.00289	0	0	7500	2e+11 0.516406
290	0.0029	0	0	7500	2e+11 0.516394
291	0.00291	0	0	7500	2e+11 0.516406
292	0.00292	0	0	7500	2e+11 0.516406
293	0.00293	0	0	7500	2e+11 0.516394
294	0.00294	0	0	7500	2e+11 0.516406
295	0.00295	0	0	7500	2e+11 0.516406
296	0.00296	0	0	7500	2e+11 0.516394
297	0.00297	0	0	7500	2e+11 0.516406
298	0.00298	0	0	7500	2e+11 0.516406
299	0.00299	0	0	7500	2e+11 0.516394
300	0.003	0	0	7500	2e+11 0.516406
301	0.00301	0	0	7500	2e+11 0.516406
302	0.00302	0	0	7500	2e+11 0.516394
303	0.00303	0	0	7500	2e+11 0.516406
304	0.00304	0	0	7500	2e+11 0.516406
305	0.00305	0	0	7500	2e+11 0.516394
306	0.00306	0	0	7500	2e+11 0.516406
307	0.00307	0	0	7500	2e+11 0.516406
308	0.00308	0	0	7500	2e+11 0.516394
309	0.00309	0	0	7500	2e+11 0.516406
310	0.0031	0	0	7500	2e+11 0.516406
311	0.00311	0	0	7500	2e+11 0.516394
312	0.00312	0	0	7500	2e+11 0.516406
313	0.00313	0	0	7500	2e+11 0.516406
314	0.00314	0	0	7500	2e+11 0.516394
315	0.00315	0	0	7500	2e+11 0.516406
316	0.00316	0	0	7500	2e+11 0.516406
317	0.00317	0	0	7500	2e+11 0.516394
318	0.00318	0	0	7500	2e+11 0.516406
319	0.00319	0	0	7500	2e+11 0.516406
320	0.0032	0	0	7500	2e+11 0.516394
321	0.00321	0	0	7500	2e+11 0.516406
322	0.00322	0	0	7500	2e+11 0.516406
323	0.00323	0	0	7500	2e+11 0.516394
324	0.00324	0	0	7500	2e+11 0.516406
325	0.00325	0	0	7500	2e+11 0.516406
326	0.00326	0	0	7500	2e+11 0.516394
327	0.00327	0	0	7500	2e+11 0.516406
328	0.00328	0	0	7500	2e+11 0.516406
329	0.00329	0	0	7500	2e+11 0.516394
330	0.0033	0	0	7500	2e+11 0.516406
331	0.00331	0	0	7500	2e+11 0.516406
332	0.00332	0	0	7500	2e+11 0.516394
333	0.00333	0	0	7500	2e+11 0.516406
334	0.00334	0	0	7500	2e+11 0.516406
335	0.00335	0	0	7500	2e+11 0.516394
336	0.00336	0	0	7500	2e+11 0.516406
337	0.00337	0	0	7500	2e+11 0.516406
338	0.00338	0	0	7500	2e+11 0.516394
339	0.00339	0	0	7500	2e+11 0.516406
340	0.0034	0	0	7500	2e+11 0.516406
341	0.00341	6.82742e-38	1.32213e-41	7500	2e+11 0.516394
342	0.00342	2.31163e-37	4.47645e-41	7500	2e+11 0.516406
343	0.00343	4.22454e-37	8.18078e-41	7500	2e+11 0.516406
344	0.00344	6.10734e-37	1.18268e-40	7500	2e+11 0.516394
345	0.00345	7.23642e-37	1.40133e-40	7500	2e+11 0.516406
346	0.00346	7.2362e-37	1.40128e-40	7500	2e+11 0.516406
347	0.00347	2.6987e-36	5.22602e-40	7500	2e+11 0.516394
348	0.00348	9.4073e-36	1.82172e-39	7500	2e+11 0.516406
349	0.00349	2.27117e-35	4.3981e-39	7500	2e+11 0.516406
350	0.0035	7.32173e-35	1.41785e-38	7500	2e+11 0.516394
351	0.00351	2.74983e-34	5.32502e-38	7500	2e+11 0.516406
352	0.00352	6.93079e-34	1.34214e-37	7500	2e+11 0.516406
353	0.00353	2.2208e-33	4.30055e-37	7500	2e+11 0.516394
354	0.00354	5.29165e-33	1.02472e-36	7500	2e+11 0.516394
355	0.00355	1.64172e-32	3.17918e-36	7500	2e+11 0.516406
356	0.00356	4.08411e-32	7.90884e-36	7500	2e+11 0.516406
357	0.00357	1.10305e-31	2.13604e-35	7500	2e+11 0.516394
358	0.00358	2.43145e-31	4.70849e-35	7500	2e+11 0.516406
359	0.00359	7.07161e-31	1.36941e-34	7500	2e+11 0.516406
360	0.0036	2.04246e-30	3.95522e-34	7500	2e+11 0.516394
361	0.00361	5.41505e-30	1.04862e-33	7500	2e+11 0.516406
362	0.00362	1.43284e-29	2.77468e-33	7500	2e+11 0.516406
363	0.00363	4.7967e-29	9.28878e-33	7500	2e+11 0.516394
364	0.00364	1.21241e-28	2.34781e-32	7500	2e+11 0.516406
365	0.00365	4.12663e-28	7.99118e-32	7500	2e+11 0.516406
366	0.00366	1.06275e-27	2.05801e-31	7500	2e+11 0.516394
367	0.00367	3.01052e-27	5.82984e-31	7500	2e+11 0.516406
368	0.00368	7.37318e-27	1.42781e-30	7500	2e+11 0.516406
369	0.00369	2.05621e-26	3.98183e-30	7500	2e+11 0.516394
370	0.0037	5.60811e-26	1.08601e-29	7500	2e+11 0.516406
371	0.00371	1.32545e-25	2.56673e-29	7500	2e+11 0.516406
372	0.00372	4.2879e-25	8.30349e-29	7500	2e+11 0.516394
373	0.00373	1.1044e-24	2.13865e-28	7500	2e+11 0.516406
374	0.00374	3.24022e-24	6.27467e-28	7500	2e+11 0.516406
375	0.00375	9.38902e-24	1.81818e-27	7500	2e+11 0.516394
376	0.00376	2.28734e-23	4.42941e-27	7500	2e+11 0.516406
377	0.00377	5.97952e-23	1.15793e-26	7500	2e+11 0.516406
378	0.00378	1.52794e-22	2.95885e-26	7500	2e+11 0.516394
379	0.00379	4.97832e-22	9.64048e-26	7500	2e+11 0.516406
380	0.0038	1.18425e-21	2.2933e-25	7500	2e+11 0.516406
381	0.00381	3.50123e-21	6.7801e-25	7500	2e+11 0.516394
382	0.00382	9.33961e-21	1.80861e-24	7500	2e+11 0.516406
383	0.00383	2.74369e-20	5.31313e-24	7500	2e+11 0.516406
384	0.00384	7.54303e-20	1.4607e-23	7500	2e+11 0.516394
385	0.00385	2.22652e-19	4.31165e-23	7500	2e+11 0.516406
386	0.00386	6.18172e-19	1.19709e-22	7500	2e+11 0.516406
387	0.00387	1.69894e-18	3.28999e-22	7500	2e+11 0.516394
388	0.00388	5.38889e-18	1.04355e-21	7500	2e+11 0.516406
389	0.00389	1.45635e-17	2.82021e-21	7500	2e+11 0.516406
390	0.0039	4.12547e-17	7.98893e-21	7500	2e+11 0.516394
391	0.00391	1.17862e-16	2.28238e-20	7500	2e+11 0.516394
392	0.00392	2.75973e-16	5.34419e-20	7500	2e+11 0.516394
393	0.00393	7.09902e-16	1.37472e-19	7500	2e+11 0.516418
394	0.00394	2.09371e-15	4.05445e-19	7500	2e+11 0.516418
395	0.00395	5.77206e-15	1.11775e-18	7500	2e+11 0.516394
396	0.00396	1.51882e-14	2.94118e-18	7500	2e+11 0.516394
397	0.00397	4.27272e-14	8.27409e-18	7500	2e+11 0.516394
398	0.00398	1.0285e-13	1.99168e-17	7500	2e+11 0.516394
399	0.00399	3.87644e-13	7.50669e-17	7500	2e+11 0.516418
400	0.004	1.18795e-12	2.30046e-16	7500	2e+11 0.516418
401	0.00401	2.99345e-12	5.79679e-16	7500	2e+11 0.516394
402	0.00402	9.87775e-12	1.91282e-15	7500	2e+11 0.516394
403	0.00403	2.3709e-11	4.59123e-15	7500	2e+11 0.516394
404	0.00404	6.52617e-11	1.26379e-14	7500	2e+11 0.516394
405	0.00405	1.92548e-10	3.72868e-14	7500	2e+11 0.516418
406	0.00406	5.86489e-10	1.13573e-13	7500	2e+11 0.516418
407	0.00407	1.64364e-09	3.1829e-13	7500	2e+11 0.516394
408	0.00408	5.42686e-09	1.05091e-12	7500	2e+11 0.516394
409	0.00409	1.37784e-08	2.66817e-12	7500	2e+11 0.516394
410	0.0041	3.35133e-08	6.48983e-12	7500	2e+11 0.516394
411	0.00411	8.63012e-08	1.67121e-11	7500	2e+11 0.516418
412	0.00412	2.44876e-07	4.742e-11	7500	2e+11 0.516418
413	0.00413	6.9131e-07	1.33872e-10	7500	2e+11 0.516394
414	0.00414	1.45302e-06	2.81377e-10	7500	2e+11 0.516394
415	0.00415	3.96216e-06	7.67268e-10	7500	2e+11 0.516394
416	0.00416	1.41393e-05	2.73806e-09	7500	2e+11 0.516394
417	0.00417	3.29998e-05	6.39039e-09	7500	2e+11 0.516418
418	0.00418	0.000100923	1.95437e-08	7500	2e+11 0.516418
419	0.00419	0.000317265	6.14381e-08	7500	2e+11 0.516394
420	0.0042	0.000773689	1.49824e-07	7500	2e+11 0.516394
421	0.00421	0.00248886	4.81966e-07	7500	2e+11 0.516394
422	0.00422	0.00649235	1.25724e-06	7500	2e+11 0.516394
423	0.00423	0.0178765	3.46177e-06	7500	2e+11 0.516418
424	0.00424	0.042807	8.28954e-06	7500	2e+11 0.516418
425	0.00425	0.144961	2.80716e-05	7500	2e+11 0.516394
426	0.00426	0.414713	8.03088e-05	7500	2e+11 0.516394
427	0.00427	1.1243	0.000217719	7500	2e+11 0.516346
428	0.00428	2.93716	0.000568779	7500	2e+11 0.51625
429	0.00429001	5.69818	0.00110345	7500	2e+11 0.516033
430	0.00430002	9.22344	0.00178611	7500	2e+11 0.515745
431	0.00431004	13.2822	0.00257208	7500	2e+11 0.51541
432	0.00432007	17.6422	0.00341639	7500	2e+11 0.515003
433	0.00433011	22.0872	0.00427716	7500	2e+11 0.514501
434	0.00434015	26.4266	0.00511749	7500	2e+11 0.514096
435	0.0043502	30.5092	0.00590809	7500	2e+11 0.513667
436	0.00436026	34.2148	0.00662566	7500	2e+11 0.513334
437	0.00437033	37.4844	0.00725883	7500	2e+11 0.512954
438	0.00438041	40.2809	0.00780037	7500	2e+11 0.512575
439	0.00439049	42.6023	0.0082499	7500	2e+11 0.512314
440	0.00440057	44.4855	0.00861458	7500	2e+11 0.512196
441	0.00441065	45.9742	0.00890286	7500	2e+11 0.51196
442	0.00442074	47.1168	0.00912412	7500	2e+11 0.511771
443	0.00443084	47.9766	0.00929063	7500	2e+11 0.511747
444	0.00444093	48.6088	0.00941306	7500	2e+11 0.511653
445	0.00445102	49.062	0.00950081	7500	2e+11 0.511653
446	0.00446112	49.3796	0.00956232	7500	2e+11 0.511511
447	0.00447122	49.5979	0.00960459	7500	2e+11 0.511511
448	0.00448131	49.7441	0.00963291	7500	2e+11 0.511511
449	0.00449141	49.84	0.00965147	7500	2e+11 0.511487
450	0.00450151	49.9023	0.00966354	7500	2e+11 0.511487
451	0.0045116	49.9419	0.0096712	7500	2e+11 0.511511
452	0.0045217	49.9664	0.00967595	7500	2e+11 0.511511
453	0.0045318	49.9814	0.00967885	7500	2e+11 0.511558
454	0.00454189	49.9904	0.00968059	7500	2e+11 0.511558
455	0.00455199	49.9957	0.00968162	7500	2e+11 0.511464
456	0.00456209	49.9988	0.00968222	7500	2e+11 0.511464
457	0.00457218	50.0005	0.00968256	7500	2e+11 0.511464
458	0.00458228	50.0015	0.00968275	7500	2e+11 0.511464
459	0.00459238	50.0021	0.00968286	7500	2e+11 0.511464
460	0.00460247	50.0023	0.00968291	7500	2e+11 0.511511
461	0.00461257	50.0025	0.00968294	7500	2e+11 0.511511
462	0.00462267	50.0026	0.00968296	7500	2e+11 0.511487
463	0.00463276	50.0026	0.00968296	7500	2e+11 0.511487
464	0.00464286	50.0026	0.00968296	7500	2e+11 0.511487
465	0.00465295	50.0026	0.00968296	7500	2e+11 0.511487
466	0.00466305	50.0026	0.00968296	7500	2e+11 0.511464
467	0.00467315	50.0026	0.00968296	7500	2e+11 0.511535
468	0.00468324	50.0026	0.00968296	7500	2e+11 0.511535
469	0.00469334	50.0026	0.00968296	7500	2e+11 0.511417
470	0.00470344	50.0026	0.00968296	7500	2e+11 0.51144
471	0.00471353	50.0026	0.00968296	7500	2e+11 0.51144
472	0.00472363	50.0026	0.00968296	7500	2e+11 0.511558
473	0.00473373	50.0026	0.00968296	7500	2e+11 0.511558
474	0.00474382	50.0026	0.00968296	7500	2e+11 0.511487
475	0.00475392	50.0026	0.00968296	7500	2e+11 0.511464
476	0.00476402	50.0026	0.00968296	7500	2e+11 0.511464
477	0.00477411	50.0026	0.00968296	7500	2e+11 0.511535
478	0.00478421	50.0026	0.00968296	7500	2e+11 0.511535
479	0.00479431	50.0026	0.00968296	7500	2e+11 0.51144
480	0.0048044	50.0026	0.00968296	7500	2e+11 0.511464
481	0.0048145	50.0026	0.00968296	7500	2e+11 0.511464
482	0.0048246	50.0026	0.00968296	7500	2e+11 0.511487
483	0.00483469	50.0026	0.00968296	7500	2e+11 0.511487
484	0.00484479	50.0026	0.00968296	7500	2e+11 0.511464
485	0.00485489	50.0026	0.00968296	7500	2e+11 0.511535
486	0.00486498	50.0026	0.00968296	7500	2e+11 0.511535
487	0.00487508	50.0026	0.00968296	7500	2e+11 0.511464
488	0.00488518	50.0026	0.00968296	7500	2e+11 0.511464
489	0.00489527	50.0026	0.00968296	7500	2e+11 0.51144
490	0.00490537	50.0026	0.00968296	7500	2e+11 0.511558
491	0.00491546	50.0026	0.00968296	7500	2e+11 0.511558
492	0.00492556	50.0026	0.00968296	7500	2e+11 0.511464
493	0.00493566	50.0026	0.00968295	7500	2e+11 0.511464
494	0.00494576	50.0025	0.00968295	7500	2e+11 0.511464
495	0.00495585	50.0025	0.00968295	7500	2e+11 0.511511
496	0.00496595	50.0025	0.00968295	7500	2e+11 0.511511
497	0.00497604	50.0025	0.00968295	7500	2e+11 0.511511
498	0.00498614	50.0025	0.00968295	7500	2e+11 0.51144
499	0.00499624	50.0025	0.00968295	7500	2e+11 0.51144
500	0.00500634	50.0025	0.00968295	7500	2e+11 0.511535
501	0.00501643	50.0025	0.00968295	7500	2e+11 0.511535
502	0.00502653	50.0025	0.00968295	7500	2e+11 0.511511
503	0.00503662	50.0025	0.00968295	7500	2e+11 0.511511
504	0.00504672	50.0025	0.00968295	7500	2e+11 0.511464
505	0.00505682	50.0025	0.00968295	7500	2e+11 0.511464
506	0.00506691	50.0025	0.00968295	7500	2e+11 0.511535
507	0.00507701	50.0025	0.00968295	7500	2e+11 0.511535
508	0.00508711	50.0025	0.00968295	7500	2e+11 0.51144
509	0.0050972	50.0025	0.00968295	7500	2e+11 0.51144
510	0.0051073	50.0025	0.00968295	7500	2e+11 0.511464
511	0.0051174	50.0025	0.00968295	7500	2e+11 0.511511
512	0.00512749	50.0025	0.00968295	7500	2e+11 0.511511
513	0.00513759	50.0025	0.00968295	7500	2e+11 0.511535
514	0.00514769	50.0025	0.00968295	7500	2e+11 0.511535
515	0.00515778	50.0025	0.00968295	7500	2e+11 0.511535
516	0.00516788	50.0025	0.00968294	7500	2e+11 0.511535
517	0.00517798	50.0025	0.00968294	7500	2e+11 0.511464
518	0.00518807	50.0025	0.00968294	7500	2e+11 0.511487
519	0.00519817	50.0024	0.00968292	7500	2e+11 0.511487
520	0.00520827	50.0021	0.00968287	7500	2e+11 0.511558
521	0.00521836	50.0014	0.00968274	7500	2e+11 0.511558
522	0.00522846	49.999	0.00968227	7500	2e+11 0.511487
523	0.00523855	49.9936	0.00968122	7500	2e+11 0.511487
524	0.00524865	49.9777	0.00967813	7500	2e+11 0.511487
525	0.00525875	49.9342	0.00966971	7500	2e+11 0.511487
526	0.00526884	49.786	0.00964102	7500	2e+11 0.511487
527	0.00527894	49.3796	0.00956233	7500	2e+11 0.511629
528	0.00528903	48.2872	0.00935077	7500	2e+11 0.511629
529	0.00529913	45.5628	0.0088232	7500	2e+11 0.511936
530	0.00530922	41.5127	0.0080389	7500	2e+11 0.512362
531	0.00531929	36.5588	0.00707959	7500	2e+11 0.51293
532	0.00532936	31.1614	0.00603438	7500	2e+11 0.513453
533	0.00533942	25.7502	0.0049865	7500	2e+11 0.513881
534	0.00534947	20.6606	0.00400091	7500	2e+11 0.514501
535	0.0053595	16.1321	0.00312398	7500	2e+11 0.514907
536	0.00536953	12.2705	0.00237617	7500	2e+11 0.515218
537	0.00537956	9.11303	0.00176473	7500	2e+11 0.515577
538	0.00538957	6.61695	0.00128137	7500	2e+11 0.515817
539	0.00539958	4.70588	0.000911291	7500	2e+11 0.516033
540	0.00540959	3.28063	0.000635291	7500	2e+11 0.516033
541	0.0054196	2.24268	0.000434294	7500	2e+11 0.516177
542	0.0054296	1.50449	0.000291343	7500	2e+11 0.516346
543	0.0054396	0.990921	0.000191891	7500	2e+11 0.516346
544	0.00544961	0.641794	0.000124283	7500	2e+11 0.516322
545	0.00545961	0.408434	7.90929e-05	7500	2e+11 0.516442
546	0.00546961	0.255543	4.94857e-05	7500	2e+11 0.516442
547	0.00547961	0.157144	3.04307e-05	7500	2e+11 0.516418
548	0.00548961	0.0951404	1.84239e-05	7500	2e+11 0.516418
549	0.00549961	0.0567722	1.09939e-05	7500	2e+11 0.516538
550	0.00550961	0.0333403	6.45633e-06	7500	2e+11 0.516538
551	0.00551961	0.0192563	3.72897e-06	7500	2e+11 0.516394
552	0.00552961	0.0109779	2.12585e-06	7500	2e+11 0.516442
553	0.00553961	0.00616156	1.19318e-06	7500	2e+11 0.516442
554	0.00554961	0.0033911	6.56684e-07	7500	2e+11 0.51637
555	0.00555961	0.00183607	3.55554e-07	7500	2e+11 0.516418
556	0.00556961	0.000982895	1.90337e-07	7500	2e+11 0.516418
557	0.00557961	0.000520116	1.0072e-07	7500	2e+11 0.516466
558	0.00558961	0.000269837	5.22537e-08	7500	2e+11 0.516466
559	0.00559961	0.000138277	2.67772e-08	7500	2e+11 0.516514
560	0.0056096	6.94968e-05	1.3458e-08	7500	2e+11 0.516514
561	0.0056196	3.45207e-05	6.6849e-09	7500	2e+11 0.516418
562	0.00562961	1.68356e-05	3.2602e-09	7500	2e+11 0.516346
563	0.00563961	8.09512e-06	1.56761e-09	7500	2e+11 0.51649
564	0.00564961	3.84226e-06	7.44051e-10	7500	2e+11 0.51649
565	0.00565961	1.80551e-06	3.49636e-10	7500	2e+11 0.516466
566	0.0056696	8.34332e-07	1.61568e-10	7500	2e+11 0.516466
567	0.0056796	3.80513e-07	7.3686e-11	7500	2e+11 0.516442
568	0.00568961	1.69906e-07	3.29021e-11	7500	2e+11 0.516442
569	0.0056996	7.47946e-08	1.44839e-11	7500	2e+11 0.516466
570	0.0057096	3.23726e-08	6.26893e-12	7500	2e+11 0.516514
571	0.0057196	1.39472e-08	2.70087e-12	7500	2e+11 0.516514
572	0.0057296	5.91433e-09	1.14531e-12	7500	2e+11 0.51637
573	0.0057396	2.46547e-09	4.77435e-13	7500	2e+11 0.516514
574	0.0057496	1.01027e-09	1.95638e-13	7500	2e+11 0.516514
575	0.0057596	4.08596e-10	7.91243e-14	7500	2e+11 0.516418
576	0.0057696	1.63204e-10	3.16042e-14	7500	2e+11 0.516514
577	0.0057796	6.41386e-11	1.24204e-14	7500	2e+11 0.516514
578	0.0057896	2.50962e-11	4.85986e-15	7500	2e+11 0.516394
579	0.0057996	9.76218e-12	1.89044e-15	7500	2e+11 0.51649
580	0.0058096	3.72152e-12	7.2067e-16	7500	2e+11 0.51649
581	0.0058196	1.38218e-12	2.67659e-16	7500	2e+11 0.516394
582	0.0058296	5.12508e-13	9.92467e-17	7500	2e+11 0.516418
583	0.0058396	1.8509e-13	3.58426e-17	7500	2e+11 0.516418
584	0.0058496	6.64281e-14	1.28638e-17	7500	2e+11 0.516394
585	0.0058596	2.35285e-14	4.55627e-18	7500	2e+11 0.51637
586	0.0058696	8.24963e-15	1.59753e-18	7500	2e+11 0.516442
587	0.0058796	2.84751e-15	5.51417e-19	7500	2e+11 0.516538
588	0.0058896	9.62781e-16	1.86442e-19	7500	2e+11 0.516538
589	0.0058996	3.23112e-16	6.25703e-20	7500	2e+11 0.51649
590	0.0059096	1.07334e-16	2.07851e-20	7500	2e+11 0.51649
591	0.0059196	3.44891e-17	6.67878e-21	7500	2e+11 0.516418
592	0.0059296	1.09701e-17	2.12435e-21	7500	2e+11 0.516418
593	0.0059396	3.44399e-18	6.66925e-22	7500	2e+11 0.516466
594	0.0059496	1.08487e-18	2.10084e-22	7500	2e+11 0.51649
595	0.0059596	3.30358e-19	6.39735e-23	7500	2e+11 0.51649
596	0.0059696	9.78673e-20	1.89519e-23	7500	2e+11 0.516394
597	0.0059796	2.853e-20	5.5248e-24	7500	2e+11 0.51649
598	0.0059896	8.23418e-21	1.59454e-24	7500	2e+11 0.51649
599	0.0059996	2.402e-21	4.65145e-25	7500	2e+11 0.516394
600	0.0060096	6.75563e-22	1.30822e-25	7500	2e+11 0.51649
601	0.00601959	1.86436e-22	3.61033e-26	7500	2e+11 0.51649
602	0.00602959	5.12163e-23	9.91799e-27	7500	2e+11 0.51649
603	0.00603959	1.41595e-23	2.74197e-27	7500	2e+11 0.51649
604	0.00604959	3.77995e-24	7.31984e-28	7500	2e+11 0.516442
605	0.00605959	1.00679e-24	1.94965e-28	7500	2e+11 0.516466
606	0.00606959	2.6728e-25	5.17585e-29	7500	2e+11 0.516466
607	0.00607959	6.93867e-26	1.34367e-29	7500	2e+11 0.51649
608	0.00608959	1.73575e-26	3.36126e-30	7500	2e+11 0.51649
609	0.00609959	4.29395e-27	8.3152e-31	7500	2e+11 0.51649
610	0.00610959	1.03644e-27	2.00706e-31	7500	2e+11 0.51649
611	0.00611959	2.44358e-28	4.73197e-32	7500	2e+11 0.516418
612	0.00612959	5.68114e-29	1.10015e-32	7500	2e+11 0.516418
613	0.00613959	1.28978e-29	2.49766e-33	7500	2e+11 0.51649
614	0.00614959	3.00969e-30	5.82824e-34	7500	2e+11 0.51649
615	0.00615959	6.7895e-31	1.31478e-34	7500	2e+11 0.516466
616	0.00616959	1.51083e-31	2.92572e-35	7500	2e+11 0.516466
617	0.00617959	3.26407e-32	6.32084e-36	7500	2e+11 0.516418
618	0.00618958	6.9498e-33	1.34582e-36	7500	2e+11 0.516538
619	0.00619958	1.48453e-33	2.87477e-37	7500	2e+11 0.516538
620	0.00620958	3.06675e-34	5.93873e-38	7500	2e+11 0.516442
621	0.00621958	6.54519e-35	1.26747e-38	7500	2e+11 0.516442
622	0.00622958	1.37826e-35	2.669e-39	7500	2e+11 0.516514
623	0.00623958	2.78557e-36	5.39424e-40	7500	2e+11 0.516514
624	0.00624958	5.64748e-37	1.09363e-40	7500	2e+11 0.516442
625	0.00625958	1.14507e-37	2.21741e-41	7500	2e+11 0.516442
626	0.00626958	2.31705e-38	4.48696e-42	7500	2e+11 0.51649
627	0.00627958	4.44307e-39	8.60397e-43	7500	2e+11 0.51649
628	0.00628958	8.03227e-40	1.55544e-43	7500	2e+11 0.516418
629	0.00629958	1.3749e-40	2.66247e-44	7500	2e+11 0.516466
630	0.00630957	1.44726e-41	2.8026e-45	7500	2e+11 0.516514
631	0.00631957	0	0	7500	2e+11 0.516514
632	0.00632957	0	0	7500	2e+11 0.51661
633	0.00633957	0	0	7500	2e+11 0.51661
634	0.00634957	0	0	7500	2e+11 0.516514
635	0.00635957	0	0	7500	2e+11 0.516514
636	0.00636957	0	0	7500	2e+11 0.516514
637	0.00637956	0	0	7500	2e+11 0.516538
638	0.00638956	0	0	7500	2e+11 0.516538
639	0.00639956	0	0	7500	2e+11 0.516586
640	0.00640956	0	0	7500	2e+11 0.516586
641	0.00641956	0	0	7500	2e+11 0.516562
642	0.00642955	0	0	7500	2e+11 0.516731
643	0.00643955	0	0	7500	2e+11 0.516731
644	0.00644955	0	0	7500	2e+11 0.516707
645	0.00645954	0	0	7500	2e+11 0.516707
646	0.00646954	0	0	7500	2e+11 0.516731
647	0.00647953	0	0	7500	2e+11 0.516731
648	0.00648952	0	0	7500	2e+11 0.516851
649	0.00649952	0	0	7500	2e+11 0.517164
650	0.0065095	0	0	7500	2e+11 0.517164
651	0.00651956	0	0	7500	2e+11 0.51702
652	0.00652955	0	0	7500	2e+11 0.51702
653	0.00653954	0	0	7500	2e+11 0.516779
654	0.00654954	0	0	7500	2e+11 0.516658
655	0.00655953	0	0	7500	2e+11 0.516634
656	0.00656953	0	0	7500	2e+11 0.516634
657	0.00657953	0	0	7500	2e+11 0.516538
658	0.00658952	0	0	7500	2e+11 0.516658
659	0.00659952	0	0	7500	2e+11 0.516658
660	0.00660952	0	0	7500	2e+11 0.516538
661	0.00661952	0	0	7500	2e+11 0.516538
662	0.00662951	0	0	7500	2e+11 0.516514
663	0.00663951	0	0	7500	2e+11 0.516514
664	0.00664951	0	0	7500	2e+11 0.51637
665	0.00665951	0	0	7500	2e+11 0.51637
666	0.00666951	0	0	7500	2e+11 0.516394
667	0.00667951	0	0	7500	2e+11 0.516562
668	0.00668951	0	0	7500	2e+11 0.516562
669	0.00669951	0	0	7500	2e+11 0.516418
670	0.00670951	0	0	7500	2e+11 0.51649
671	0.00671951	0	0	7500	2e+11 0.51649
672	0.00672951	0	0	7500	2e+11 0.51637
673	0.00673951	0	0	7500	2e+11 0.516538
674	0.00674951	0	0	7500	2e+11 0.516538
675	0.00675951	0	0	7500	2e+11 0.51637
676	0.00676951	0	0	7500	2e+11 0.51637
677	0.00677951	0	0	7500	2e+11 0.516442
678	0.00678951	0	0	7500	2e+11 0.516442
679	0.00679951	0	0	7500	2e+11 0.516442
680	0.00680951	0	0	7500	2e+11 0.516442
681	0.00681951	0	0	7500	2e+11 0.516394
682	0.00682951	0	0	7500	2e+11 0.516394
683	0.00683951	0	0	7500	2e+11 0.51637
684	0.00684952	0	0	7500	2e+11 0.516346
685	0.00685952	0	0	7500	2e+11 0.516346
686	0.00686952	0	0	7500	2e+11 0.51637
687	0.00687952	0	0	7500	2e+11 0.516442
688	0.00688952	0	0	7500	2e+11 0.516442
689	0.00689952	0	0	7500	2e+11 0.516418
690	0.00690952	0	0	7500	2e+11 0.516418
691	0.00691952	0	0	7500	2e+11 0.516442
692	0.00692952	0	0	7500	2e+11 0.516442
693	0.00693952	0	0	7500	2e+11 0.516466
694	0.00694952	0	0	7500	2e+11 0.516466
695	0.00695952	0	0	7500	2e+11 0.516466
696	0.00696952	0	0	7500	2e+11 0.516394
697	0.00697952	0	0	7500	2e+11 0.516418
698	0.00698952	0	0	7500	2e+11 0.516418
699	0.00699952	0	0	7500	2e+11 0.51649
700	0.00700952	0	0	7500	2e+11 0.51649
701	0.00701952	0	0	7500	2e+11 0.51637
702	0.00702952	0	0	7500	2e+11 0.51637
703	0.00703952	0	0	7500	2e+11 0.516466
704	0.00704952	0	0	7500	2e+11 0.516466
705	0.00705952	0	0	7500	2e+11 0.516442
706	0.00706952	0	0	7500	2e+11 0.516442
707	0.00707952	0	0	7500	2e+11 0.516442
708	0.00708952	0	0	7500	2e+11 0.516418
709	0.00709952	0	0	7500	2e+11 0.516538
710	0.00710952	0	0	7500	2e+11 0.516538
711	0.00711952	0	0	7500	2e+11 0.516442
712	0.00712952	0	0	7500	2e+11 0.516442
713	0.00713952	0	0	7500	2e+11 0.516442
714	0.00714952	0	0	7500	2e+11 0.516442
715	0.00715952	0	0	7500	2e+11 0.516394
716	0.00716952	0	0	7500	2e+11 0.516562
717	0.00717951	0	0	7500	2e+11 0.516562
718	0.00718951	0	0	7500	2e+11 0.516418
719	0.00719952	0	0	7500	2e+11 0.51649
720	0.00720951	0	0	7500	2e+11 0.51649
721	0.00721952	0	0	7500	2e+11 0.51649
722	0.00722951	0	0	7500	2e+11 0.51649
723	0.00723951	0	0	7500	2e+11 0.516442
724	0.00724951	0	0	7500	2e+11 0.516442
725	0.00725951	0	0	7500	2e+11 0.516442
726	0.00726951	0	0	7500	2e+11 0.516442
727	0.00727951	0	0	7500	2e+11 0.516442
728	0.00728951	0	0	7500	2e+11 0.516442
729	0.00729951	0	0	7500	2e+11 0.516418
730	0.00730951	0	0	7500	2e+11 0.516418
731	0.00731951	0	0	7500	2e+11 0.516514
732	0.00732951	0	0	7500	2e+11 0.516514
733	0.00733951	0	0	7500	2e+11 0.516322
734	0.00734952	0	0	7500	2e+11 0.51637
735	0.00735952	0	0	7500	2e+11 0.516418
736	0.00736952	0	0	7500	2e+11 0.51649
737	0.00737951	0	0	7500	2e+11 0.51649
738	0.00738952	0	0	7500	2e+11 0.516322
739	0.00739952	0	0	7500	2e+11 0.51637
740	0.00740952	0	0	7500	2e+11 0.51637
741	0.00741952	0	0	7500	2e+11 0.516346
742	0.00742952	0	0	7500	2e+11 0.516346
743	0.00743952	0	0	7500	2e+11 0.516274
744	0.00744953	0	0	7500	2e+11 0.516274
745	0.00745953	0	0	7500	2e+11 0.516226
746	0.00746953	0	0	7500	2e+11 0.516226
747	0.00747954	0	0	7500	2e+11 0.516105
748	0.00748955	0	0	7500	2e+11 0.516129
749	0.00749955	0	0	7500	2e+11 0.516129
750	0.00750956	0	0	7500	2e+11 0.519466
751	0.0075195	0	0	7500	2e+11 0.519466
752	0.00752952	0	0	7500	2e+11 0.515841
753	0.00753953	0	0	7500	2e+11 0.516274
754	0.00754953	0	0	7500	2e+11 0.516274
755	0.00755954	0	0	7500	2e+11 0.516033
756	0.00756954	0	0	7500	2e+11 0.516346
757	0.00757955	0	0	7500	2e+11 0.516346
758	0.00758955	0	0	7500	2e+11 0.516177
759	0.00759955	0	0	7500	2e+11 0.516177
760	0.00760956	0	0	7500	2e+11 0.516298
761	0.00761956	0	0	7500	2e+11 0.516298
762	0.00762957	0	0	7500	2e+11 0.516442
763	0.00763956	0	0	7500	2e+11 0.516442
764	0.00764957	0	0	7500	2e+11 0.516538
765	0.00765957	0	0	7500	2e+11 0.516538
766	0.00766957	0	0	7500	2e+11 0.516346
767	0.00767957	0	0	7500	2e+11 0.516346
768	0.00768957	0	0	7500	2e+11 0.516346
769	0.00769957	0	0	7500	2e+11 0.516346
770	0.00770958	0	0	7500	2e+11 0.516442
771	0.00771958	3.61815e-41	-7.00649e-45	7500	2e+11 0.516442
772	0.00772958	2.67742e-40	-5.1848e-44	7500	2e+11 0.516346
773	0.00773958	1.53409e-39	-2.97075e-43	7500	2e+11 0.516346
774	0.00774958	8.4592e-39	-1.63812e-42	7500	2e+11 0.516394
775	0.00775958	4.68766e-38	-9.07761e-42	7500	2e+11 0.516394
776	0.00776958	2.50997e-37	-4.86054e-41	7500	2e+11 0.51637
777	0.00777958	1.35355e-36	-2.62114e-40	7500	2e+11 0.51637
778	0.00778959	7.03337e-36	-1.36201e-39	7500	2e+11 0.51649
779	0.00779958	3.66397e-35	-7.09526e-39	7500	2e+11 0.51649
780	0.00780959	1.84081e-34	-3.5647e-38	7500	2e+11 0.516201
781	0.00781965	9.43502e-34	-1.82708e-37	7500	2e+11 0.51541
782	0.00782966	4.73104e-33	-9.16162e-37	7500	2e+11 0.51637
783	0.00783966	2.44512e-32	-4.73495e-36	7500	2e+11 0.51637
784	0.00784967	1.17948e-31	-2.28406e-35	7500	2e+11 0.516466
785	0.00785966	5.23089e-31	-1.01296e-34	7500	2e+11 0.516466
786	0.00786967	2.31895e-30	-4.49062e-34	7500	2e+11 0.516514
787	0.00787966	1.04739e-29	-2.02825e-33	7500	2e+11 0.516514
788	0.00788967	4.65629e-29	-9.01687e-33	7500	2e+11 0.516466
789	0.00789967	2.11165e-28	-4.08919e-32	7500	2e+11 0.516466
790	0.00790967	8.97309e-28	-1.73763e-31	7500	2e+11 0.51661
791	0.00791967	3.67066e-27	-7.10819e-31	7500	2e+11 0.51661
792	0.00792967	1.54598e-26	-2.99377e-30	7500	2e+11 0.516466
793	0.00793967	5.97095e-26	-1.15627e-29	7500	2e+11 0.516466
794	0.00794967	2.29483e-25	-4.44393e-29	7500	2e+11 0.51661
795	0.00795967	9.00019e-25	-1.74288e-28	7500	2e+11 0.51661
796	0.00796967	3.40213e-24	-6.5882e-28	7500	2e+11 0.516322
797	0.00797968	1.30644e-23	-2.52991e-27	7500	2e+11 0.516514
798	0.00798967	4.94718e-23	-9.58017e-27	7500	2e+11 0.516514
799	0.00799967	1.84083e-22	-3.56475e-26	7500	2e+11 0.516514
800	0.00800967	6.63012e-22	-1.28392e-25	7500	2e+11 0.516466
801	0.00801967	2.38218e-21	-4.61306e-25	7500	2e+11 0.516514
802	0.00802967	8.22784e-21	-1.59331e-24	7500	2e+11 0.516514
803	0.00803967	2.82593e-20	-5.4724e-24	7500	2e+11 0.516274
804	0.00804968	9.66415e-20	-1.87145e-23	7500	2e+11 0.516418
805	0.00805968	3.29098e-19	-6.37295e-23	7500	2e+11 0.516466
806	0.00806968	1.08006e-18	-2.09153e-22	7500	2e+11 0.516658
807	0.00807967	3.54267e-18	-6.86035e-22	7500	2e+11 0.516658
808	0.00808967	1.1423e-17	-2.21205e-21	7500	2e+11 0.51637
809	0.00809967	3.54413e-17	-6.86318e-21	7500	2e+11 0.51637
810	0.00810968	1.11167e-16	-2.15274e-20	7500	2e+11 0.516466
811	0.00811968	3.35188e-16	-6.49089e-20	7500	2e+11 0.516466
812	0.00812968	1.02992e-15	-1.99443e-19	7500	2e+11 0.51637
813	0.00813968	3.10876e-15	-6.02009e-19	7500	2e+11 0.516322
814	0.00814968	9.16831e-15	-1.77544e-18	7500	2e+11 0.51637
815	0.00815968	2.68072e-14	-5.19119e-18	7500	2e+11 0.51637
816	0.00816968	7.62618e-14	-1.4768e-17	7500	2e+11 0.516658
817	0.00817968	2.17004e-13	-4.20227e-17	7500	2e+11 0.516658
818	0.00818968	5.98732e-13	-1.15944e-16	7500	2e+11 0.516322
819	0.00819968	1.59352e-12	-3.08583e-16	7500	2e+11 0.51637
820	0.00820968	4.3209e-12	-8.36738e-16	7500	2e+11 0.51637
821	0.00821968	1.14513e-11	-2.21754e-15	7500	2e+11 0.51661
822	0.00822968	2.96565e-11	-5.74295e-15	7500	2e+11 0.51661
823	0.00823968	7.61426e-11	-1.47449e-14	7500	2e+11 0.516514
824	0.00824968	1.88195e-10	-3.64439e-14	7500	2e+11 0.516514
825	0.00825968	4.6807e-10	-9.06413e-14	7500	2e+11 0.51637
826	0.00826968	1.13204e-09	-2.1922e-13	7500	2e+11 0.516562
827	0.00827968	2.72515e-09	-5.27722e-13	7500	2e+11 0.516562
828	0.00828968	6.43721e-09	-1.24656e-12	7500	2e+11 0.516514
829	0.00829968	1.48589e-08	-2.87741e-12	7500	2e+11 0.516466
830	0.00830968	3.3835e-08	-6.55213e-12	7500	2e+11 0.516466
831	0.00831969	7.63605e-08	-1.47871e-11	7500	2e+11 0.51637
832	0.00832969	1.74599e-07	-3.38109e-11	7500	2e+11 0.51637
833	0.00833969	3.89269e-07	-7.53816e-11	7500	2e+11 0.51637
834	0.00834969	8.44369e-07	-1.63511e-10	7500	2e+11 0.51661
835	0.00835968	1.80564e-06	-3.49661e-10	7500	2e+11 0.51661
836	0.00836968	3.79233e-06	-7.34381e-10	7500	2e+11 0.51661
837	0.00837968	7.8862e-06	-1.52716e-09	7500	2e+11 0.516466
838	0.00838968	1.61922e-05	-3.1356e-09	7500	2e+11 0.516466
839	0.00839969	3.31426e-05	-6.41803e-09	7500	2e+11 0.516418
840	0.00840969	6.63492e-05	-1.28485e-08	7500	2e+11 0.516418
841	0.00841969	0.000130622	-2.52948e-08	7500	2e+11 0.516418
842	0.00842969	0.000254456	-4.92753e-08	7500	2e+11 0.516418
843	0.00843969	0.000486161	-9.41447e-08	7500	2e+11 0.516418
844	0.00844969	0.000916762	-1.7753e-07	7500	2e+11 0.516418
845	0.00845969	0.00169925	-3.29057e-07	7500	2e+11 0.516466
846	0.00846968	0.00309759	-5.99847e-07	7500	2e+11 0.516466
847	0.00847969	0.00553461	-1.07177e-06	7500	2e+11 0.516322
848	0.00848969	0.00979752	-1.89728e-06	7500	2e+11 0.516322
849	0.00849969	0.017016	-3.29513e-06	7500	2e+11 0.51637
850	0.00850969	0.0290592	-5.62729e-06	7500	2e+11 0.51637
851	0.00851969	0.0491321	-9.51439e-06	7500	2e+11 0.51661
852	0.00852969	0.0811877	-1.57219e-05	7500	2e+11 0.51661
853	0.00853969	0.131483	-2.54616e-05	7500	2e+11 0.51661
854	0.00854969	0.209101	-4.04922e-05	7500	2e+11 0.51661
855	0.00855969	0.328505	-6.36148e-05	7500	2e+11 0.516514
856	0.00856969	0.504918	-9.7777e-05	7500	2e+11 0.516514
857	0.00857969	0.761521	-0.000147468	7500	2e+11 0.516466
858	0.00858969	1.13042	-0.000218906	7500	2e+11 0.51661
859	0.00859968	1.6543	-0.000320355	7500	2e+11 0.51661
860	0.00860968	2.3827	-0.000461408	7500	2e+11 0.516707
861	0.00861967	3.35831	-0.000650334	7500	2e+11 0.516899
862	0.00862966	4.6311	-0.000896809	7500	2e+11 0.516996
863	0.00863965	6.29566	-0.00121915	7500	2e+11 0.517189
864	0.00864964	8.39954	-0.00162656	7500	2e+11 0.517382
865	0.00865962	10.9243	-0.00211548	7500	2e+11 0.517671
866	0.00866959	13.9332	-0.00269815	7500	2e+11 0.518107
867	0.00867956	17.3914	-0.00336782	7500	2e+11 0.518397
868	0.00868952	21.2656	-0.00411807	7500	2e+11 0.518688
869	0.00869948	25.47	-0.00493224	7500	2e+11 0.51932
870	0.00870942	29.839	-0.00577829	7500	2e+11 0.519661
871	0.00871936	34.2367	-0.0066299	7500	2e+11 0.520197
872	0.00872929	38.4758	-0.00745081	7500	2e+11 0.520588
873	0.00873921	42.3195	-0.00819513	7500	2e+11 0.521126
874	0.00874911	45.5381	-0.00881842	7500	2e+11 0.521126
875	0.00875903	47.9382	-0.00928319	7500	2e+11 0.521175
876	0.00876893	49.2977	-0.00954646	7500	2e+11 0.521371
877	0.00877884	49.7578	-0.00963556	7500	2e+11 0.521518
878	0.00878874	49.9026	-0.0096636	7500	2e+11 0.521518
879	0.00879864	49.9675	-0.00967617	7500	2e+11 0.521469
880	0.00880855	49.985	-0.00967955	7500	2e+11 0.521469
881	0.00881845	49.9937	-0.00968123	7500	2e+11 0.521371
882	0.00882836	49.9957	-0.00968163	7500	2e+11 0.521567
883	0.00883826	49.9967	-0.00968183	7500	2e+11 0.521567
884	0.00884816	49.9971	-0.0096819	7500	2e+11 0.521469
885	0.00885807	49.9973	-0.00968193	7500	2e+11 0.521469
886	0.00886797	49.9973	-0.00968194	7500	2e+11 0.52142
887	0.00887787	49.9973	-0.00968195	7500	2e+11 0.52142
888	0.00888778	49.9974	-0.00968195	7500	2e+11 0.52142
889	0.00889768	49.9974	-0.00968195	7500	2e+11 0.521469
890	0.00890759	49.9974	-0.00968195	7500	2e+11 0.521518
891	0.00891749	49.9974	-0.00968195	7500	2e+11 0.521518
892	0.00892739	49.9974	-0.00968195	7500	2e+11 0.521469
893	0.00893729	49.9974	-0.00968195	7500	2e+11 0.521469
894	0.0089472	49.9974	-0.00968195	7500	2e+11 0.521469
895	0.0089571	49.9974	-0.00968195	7500	2e+11 0.52142
896	0.008967	49.9974	-0.00968195	7500	2e+11 0.52142
897	0.00897691	49.9974	-0.00968195	7500	2e+11 0.521469
898	0.00898681	49.9974	-0.00968195	7500	2e+11 0.521469
899	0.00899672	49.9974	-0.00968196	7500	2e+11 0.521469
900	0.00900662	49.9974	-0.00968196	7500	2e+11 0.521469
901	0.00901652	49.9974	-0.00968196	7500	2e+11 0.521518
902	0.00902643	49.9974	-0.00968196	7500	2e+11 0.521518
903	0.00903633	49.9974	-0.00968196	7500	2e+11 0.521469
904	0.00904623	49.9974	-0.00968196	7500	2e+11 0.521469
905	0.00905614	49.9974	-0.00968196	7500	2e+11 0.521469
906	0.00906604	49.9974	-0.00968196	7500	2e+11 0.521371
907	0.00907595	49.9974	-0.00968196	7500	2e+11 0.521469
908	0.00908585	49.9974	-0.00968196	7500	2e+11 0.521469
909	0.00909575	49.9974	-0.00968196	7500	2e+11 0.521469
910	0.00910565	49.9974	-0.00968196	7500	2e+11 0.521518
911	0.00911556	49.9974	-0.00968196	7500	2e+11 0.521518
912	0.00912546	49.9974	-0.00968196	7500	2e+11 0.52142
913	0.00913536	49.9974	-0.00968196	7500	2e+11 0.52142
914	0.00914527	49.9974	-0.00968196	7500	2e+11 0.52142
915	0.00915517	49.9974	-0.00968196	7500	2e+11 0.521469
916	0.00916507	49.9974	-0.00968196	7500	2e+11 0.521469
917	0.00917498	49.9974	-0.00968196	7500	2e+11 0.521322
918	0.00918489	49.9974	-0.00968196	7500	2e+11 0.521567
919	0.00919479	49.9974	-0.00968196	7500	2e+11 0.521567
920	0.00920469	49.9974	-0.00968196	7500	2e+11 0.521469
921	0.00921459	49.9974	-0.00968196	7500	2e+11 0.52142
922	0.0092245	49.9974	-0.00968196	7500	2e+11 0.521567
923	0.0092344	49.9974	-0.00968196	7500	2e+11 0.521567
924	0.0092443	49.9974	-0.00968196	7500	2e+11 0.521469
925	0.00925421	49.9974	-0.00968196	7500	2e+11 0.521469
926	0.00926411	49.9974	-0.00968196	7500	2e+11 0.521469
927	0.00927401	49.9974	-0.00968196	7500	2e+11 0.521469
928	0.00928392	49.9974	-0.00968196	7500	2e+11 0.52142
929	0.00929382	49.9974	-0.00968196	7500	2e+11 0.52142
930	0.00930373	49.9974	-0.00968196	7500	2e+11 0.521469
931	0.00931363	49.9974	-0.00968196	7500	2e+11 0.521469
932	0.00932353	49.9974	-0.00968196	7500	2e+11 0.521371
933	0.00933344	49.9974	-0.00968196	7500	2e+11 0.521567
934	0.00934334	49.9974	-0.00968196	7500	2e+11 0.521567
935	0.00935324	49.9974	-0.00968196	7500	2e+11 0.52142
936	0.00936315	49.9974	-0.00968196	7500	2e+11 0.52142
937	0.00937305	49.9974	-0.00968196	7500	2e+11 0.521371
938	0.00938296	49.9974	-0.00968196	7500	2e+11 0.521567
939	0.00939286	49.9974	-0.00968196	7500	2e+11 0.521567
940	0.00940276	49.9974	-0.00968196	7500	2e+11 0.521567
941	0.00941266	49.9974	-0.00968196	7500	2e+11 0.521567
942	0.00942256	49.9974	-0.00968196	7500	2e+11 0.52142
943	0.00943247	49.9974	-0.00968196	7500	2e+11 0.52142
944	0.00944237	49.9973	-0.00968194	7500	2e+11 0.521518
945	0.00945228	49.9972	-0.00968191	7500	2e+11 0.521518
946	0.00946218	49.9969	-0.00968185	7500	2e+11 0.52142
947	0.00947209	49.9963	-0.00968174	7500	2e+11 0.521469
948	0.00948199	49.9952	-0.00968154	7500	2e+11 0.521518
949	0.00949189	49.9934	-0.00968118	7500	2e+11 0.521518
950	0.0095018	49.9901	-0.00968053	7500	2e+11 0.521371
951	0.0095117	49.9842	-0.00967941	7500	2e+11 0.521567
952	0.0095216	49.9743	-0.00967747	7500	2e+11 0.521567
953	0.0095315	49.9576	-0.00967424	7500	2e+11 0.521567
954	0.00954141	49.9296	-0.00966882	7500	2e+11 0.521567
955	0.00955131	49.8845	-0.00966008	7500	2e+11 0.521567
956	0.00956121	49.8121	-0.00964607	7500	2e+11 0.521518
957	0.00957112	49.6966	-0.0096237	7500	2e+11 0.52142
958	0.00958103	49.5169	-0.00958891	7500	2e+11 0.521175
959	0.00959093	49.2446	-0.00953619	7500	2e+11 0.521469
960	0.00960084	48.8374	-0.00945732	7500	2e+11 0.521469
961	0.00961075	48.239	-0.00934144	7500	2e+11 0.521224
962	0.00962066	47.3877	-0.00917659	7500	2e+11 0.521126
963	0.00963056	46.2026	-0.00894711	7500	2e+11 0.521126
964	0.00964048	44.6084	-0.00863839	7500	2e+11 0.520881
965	0.00965039	42.5	-0.00823009	7500	2e+11 0.520832
966	0.00966032	39.7671	-0.00770087	7500	2e+11 0.520197
967	0.00967025	36.3277	-0.00703483	7500	2e+11 0.520197
968	0.00968018	32.1639	-0.00622851	7500	2e+11 0.519709
969	0.00969013	27.3736	-0.00530088	7500	2e+11 0.51932
970	0.00970009	22.0768	-0.00427515	7500	2e+11 0.518494
971	0.00971005	16.6059	-0.00321572	7500	2e+11 0.518252
972	0.00972003	11.3326	-0.00219454	7500	2e+11 0.51772
973	0.00973001	6.70391	-0.00129821	7500	2e+11 0.51714
974	0.00974	3.17075	-0.000614013	7500	2e+11 0.516803
975	0.00975	1.09664	-0.000212364	7500	2e+11 0.516514
976	0.00976	0.438559	-8.49267e-05	7500	2e+11 0.516466
977	0.00977	0.162155	-3.14011e-05	7500	2e+11 0.516418
978	0.00978	0.0616214	-1.19329e-05	7500	2e+11 0.516418
979	0.00979	0.0218498	-4.23119e-06	7500	2e+11 0.516418
980	0.0098	0.00751371	-1.45502e-06	7500	2e+11 0.516418
981	0.00981	0.00258575	-5.00728e-07	7500	2e+11 0.516418
982	0.00982	0.00101203	-1.95979e-07	7500	2e+11 0.516418
983	0.00983	0.000344115	-6.66375e-08	7500	2e+11 0.516418
984	0.00984	0.000113947	-2.20657e-08	7500	2e+11 0.516418
985	0.00985	3.95549e-05	-7.65977e-09	7500	2e+11 0.516418
986	0.00986	1.48619e-05	-2.87799e-09	7500	2e+11 0.516418
987	0.00987	4.48593e-06	-8.68696e-10	7500	2e+11 0.516418
988	0.00988	1.83991e-06	-3.56298e-10	7500	2e+11 0.516418
989	0.00989	5.79399e-07	-1.122e-10	7500	2e+11 0.516418
990	0.0099	2.13086e-07	-4.1264e-11	7500	2e+11 0.516418
991	0.00991	7.36875e-08	-1.42695e-11	7500	2e+11 0.516418
992	0.00992	2.43475e-08	-4.71488e-12	7500	2e+11 0.516418
993	0.00993	9.4392e-09	-1.8279e-12	7500	2e+11 0.516418
994	0.00994	2.95061e-09	-5.71388e-13	7500	2e+11 0.516418
995	0.00995	1.03589e-09	-2.00614e-13	7500	2e+11 0.516418
996	0.00996	3.64224e-10	-7.05732e-14	7500	2e+11 0.516418
997	0.00997	1.30908e-10	-2.54807e-14	7500	2e+11 0.516418
998	0.00998	5.83578e-11	-1.16138e-14	7500	2e+11 0.516418
999	0.00999	1.43369e-11	-3.83939e-15	7500	2e+11 0.516418
1000	0.01	0	-2.42159e-15	7500	2e+11 0.516418
