0	0	0	1.9799e-24	2	1 -9.89949e-25 9.89949e-25
1	0.01	4.00772e-24	5.99713e-24	2	1 -1.64682e-25 5.83245e-24
2	0.02	2.37973e-23	3.37082e-23	2	1 -2.68496e-26 3.36814e-23
3	0.03	1.34817e-22	1.90668e-22	2	1 -4.2929e-27 1.90664e-22
4	0.04	7.48211e-22	1.05813e-21	2	1 -6.78296e-28 1.05813e-21
5	0.05	4.07148e-21	5.75794e-21	2	1 0 5.75794e-21
6	0.06	2.17278e-20	3.07277e-20	2	1 0 3.07277e-20
7	0.07	1.13739e-19	1.60851e-19	2	1 0 1.60851e-19
8	0.08	5.84174e-19	8.26146e-19	2	1 0 8.26146e-19
9	0.09	2.94468e-18	4.1644e-18	2	1 0 4.1644e-18
10	0.1	1.45724e-17	2.06085e-17	2	1 0 2.06085e-17
11	0.11	7.08212e-17	1.00156e-16	2	1 0 1.00156e-16
12	0.12	3.38119e-16	4.78173e-16	2	1 0 4.78173e-16
13	0.13	1.58626e-15	2.24331e-15	2	1 0 2.24331e-15
14	0.14	7.31417e-15	1.03438e-14	2	1 0 1.03438e-14
15	0.15	3.31496e-14	4.68806e-14	2	1 0 4.68806e-14
16	0.16	1.47664e-13	2.08828e-13	2	1 0 2.08828e-13
17	0.17	6.46262e-13	9.13952e-13	2	1 0 9.13952e-13
18	0.18	2.77727e-12	3.92766e-12	2	1 0 3.92766e-12
19	0.19	1.17084e-11	1.65582e-11	2	1 0 1.65582e-11
20	0.2	4.83612e-11	6.8393e-11	2	1 0 6.8393e-11
21	0.21	1.95394e-10	2.76329e-10	2	1 0 2.76329e-10
22	0.22	7.7073e-10	1.08998e-09	2	1 0 1.08998e-09
23	0.23	2.96149e-09	4.18818e-09	2	1 0 4.18818e-09
24	0.24	1.10581e-08	1.56385e-08	2	1 0 1.56385e-08
25	0.25	4.00194e-08	5.6596e-08	2	1 0 5.6596e-08
26	0.26	1.3999e-07	1.97976e-07	2	1 0 1.97976e-07
27	0.27	4.71982e-07	6.67483e-07	2	1 0 6.67483e-07
28	0.28	1.52932e-06	2.16279e-06	2	1 0 2.16279e-06
29	0.29	4.74823e-06	6.71502e-06	2	1 0 6.71502e-06
30	0.3	1.40837e-05	1.99173e-05	2	1 0 1.99173e-05
31	0.31	3.97848e-05	5.62642e-05	2	1 0 5.62642e-05
32	0.320001	0.000106699	0.000150895	2	1 0 0.000150895
33	0.330002	0.000270788	0.000382952	2	1 0 0.000382952
34	0.340006	0.00064815	0.000916622	2	1 0 0.000916622
35	0.350015	0.0014582	0.00206221	2	1 0 0.00206221
36	0.360036	0.00307332	0.00434633	2	1 0 0.00434633
37	0.37008	0.00604898	0.00855455	2	1 0 0.00855455
38	0.380165	0.0110881	0.0156809	2	1 0 0.0156809
39	0.390323	0.0188885	0.0267123	2	1 0 0.0267123
40	0.400594	0.0298519	0.042217	2	1 0 0.042217
41	0.411025	0.043698	0.0617982	2	1 0 0.0617982
42	0.421662	0.0590894	0.083565	2	1 0 0.083565
43	0.432533	0.0734512	0.103876	2	1 0 0.103876
44	0.443627	0.0832673	0.117758	2	1 0 0.117758
45	0.454876	0.0852966	0.120628	2	1 0 0.120628
46	0.466156	0.0788745	0.111545	2	1 0 0.111545
47	0.477334	0.0679355	0.0960753	2	1 0 0.0960753
48	0.48834	0.0596209	0.0843167	2	1 0 0.0843167
49	0.499216	0.0589599	0.0833819	2	1 0 0.0833819
50	0.510077	0.0647822	0.0916158	2	1 0 0.0916158
51	0.527039	0.115384	0.000708416	5	1 0.128649 0.129358
52	0.530565	0.0865766	-0.0225196	5	1 0.108055 0.0855358
53	0.540378	0.0927442	0.00140467	5	1 0.102989 0.104393
54	0.550225	0.107538	0.00217558	5	1 0.119144 0.121319
55	0.559997	0.124734	-0.0096222	5	1 0.144268 0.134645
56	0.569807	0.132679	-0.0104985	5	1 0.153589 0.14309
57	0.579897	0.125059	0.0113984	5	1 0.134121 0.14552
58	0.590415	0.105451	0.0460807	5	1 0.094858 0.140939
59	0.601307	0.0823712	0.0734621	5	1 0.0553627 0.128825
60	0.612371	0.0612827	0.0819398	5	1 0.0275463 0.109486
61	0.624096	0.0423314	0.0713734	5	1 0.0116413 0.0830147
62	0.633877	0.0284421	0.0535475	5	1 0.00502552 0.058573
63	0.643447	0.0174467	0.0341663	5	1 0.00242286 0.0365892
64	0.652813	0.00985633	0.0176503	5	1 0.00219458 0.0198448
65	0.662007	0.00576139	0.00542261	5	1 0.00373013 0.00915274
66	0.671075	0.0046584	-0.00343372	5	1 0.00692512 0.00349139
67	0.680049	0.00572186	-0.0106836	5	1 0.011739 0.00105545
68	0.688945	0.00813033	-0.0177104	5	1 0.0179452 0.000234768
69	0.69777	0.0112282	-0.0250411	5	1 0.0250741 3.29264e-05
70	0.706528	0.0145335	-0.0324945	5	1 0.0324962 1.72848e-06
71	0.714702	0.0175284	-0.0391948	5	1 0.0391948 0
72	0.724252	0.0205724	-0.0460012	5	1 0.0460012 0
73	0.733752	0.0229363	-0.0512871	5	1 0.0512871 0
74	0.743219	0.0244888	-0.0547587	5	1 0.0547587 0
75	0.752673	0.0251029	-0.0561319	5	1 0.0561319 0
76	0.762137	0.0246382	-0.0550927	5	1 0.0550927 0
77	0.771636	0.023006	-0.051443	5	1 0.051443 0
78	0.781192	0.0202808	-0.0453491	5	1 0.0453491 0
79	0.790824	0.0167656	-0.0374891	5	1 0.0374891 0
80	0.800539	0.0129402	-0.0289352	5	1 0.0289352 0
81	0.810333	0.00930862	-0.0208147	5	1 0.0208147 0
82	0.820194	0.00624368	-0.0139613	5	1 0.0139613 0
83	0.830107	0.00391228	-0.00874813	5	1 0.00874813 0
84	0.840056	0.00229583	-0.00513363	5	1 0.00513363 0
85	0.850027	0.00126521	-0.0028291	5	1 0.0028291 0
86	0.860013	0.000656482	-0.00146794	5	1 0.00146794 0
87	0.870006	0.000321476	-0.000718841	5	1 0.000718841 0
88	0.880002	0.0001489	-0.00033295	5	1 0.00033295 0
89	0.890001	6.53617e-05	-0.000146153	5	1 0.000146153 0
90	0.9	2.72421e-05	-6.09152e-05	5	1 6.09152e-05 0
91	0.91	1.07993e-05	-2.41479e-05	5	1 2.41479e-05 0
92	0.92	4.07852e-06	-9.11986e-06	5	1 9.11986e-06 0
93	0.93	1.4697e-06	-3.28636e-06	5	1 3.28636e-06 0
94	0.94	5.06061e-07	-1.13159e-06	5	1 1.13159e-06 0
95	0.95	1.66729e-07	-3.7282e-07	5	1 3.72819e-07 -6.19641e-13
96	0.96	5.26268e-08	-1.17683e-07	5	1 1.1768e-07 -2.83605e-12
97	0.97	1.59291e-08	-3.56429e-08	5	1 3.56308e-08 -1.21525e-11
98	0.98	4.61061e-09	-1.04105e-08	5	1 1.03601e-08 -5.04158e-11
99	0.99	1.20481e-09	-3.09769e-09	5	1 2.89587e-09 -2.01826e-10
100	1	0	-1.55791e-09	5	1 7.78953e-10 -7.78953e-10
