0	0	0	2.8026e-43	2	1 -1.38729e-43 1.38729e-43
1	0.01	2.57559e-42	3.64338e-42	2	1 0 3.64197e-42
2	0.02	4.08198e-41	5.77293e-41	2	1 -0 5.77279e-41
3	0.03	6.22757e-40	8.80712e-40	2	1 0 8.8071e-40
4	0.04	9.14124e-39	1.29277e-38	2	1 -0 1.29277e-38
5	0.05	1.29507e-37	1.8315e-37	2	1 0 1.8315e-37
6	0.06	1.77143e-36	2.50518e-36	2	1 0 2.50518e-36
7	0.07	2.33954e-35	3.30861e-35	2	1 0 3.30861e-35
8	0.08	2.98358e-34	4.21941e-34	2	1 0 4.21941e-34
9	0.09	3.67418e-33	5.19608e-33	2	1 0 5.19608e-33
10	0.1	4.3693e-32	6.17913e-32	2	1 0 6.17913e-32
11	0.11	5.0176e-31	7.09596e-31	2	1 0 7.09596e-31
12	0.12	5.56427e-30	7.86907e-30	2	1 0 7.86907e-30
13	0.13	5.95857e-29	8.42669e-29	2	1 0 8.42669e-29
14	0.14	6.16145e-28	8.71361e-28	2	1 0 8.71361e-28
15	0.15	6.15193e-27	8.70015e-27	2	1 0 8.70015e-27
16	0.16	5.9307e-26	8.38727e-26	2	1 0 8.38727e-26
17	0.17	5.51998e-25	7.80643e-25	2	1 0 7.80643e-25
18	0.18	4.95995e-24	7.01442e-24	2	1 0 7.01442e-24
19	0.19	4.30223e-23	6.08427e-23	2	1 0 6.08427e-23
20	0.2	3.60208e-22	5.09411e-22	2	1 0 5.09411e-22
21	0.21	2.9109e-21	4.11663e-21	2	1 0 4.11663e-21
22	0.22	2.2703e-20	3.21069e-20	2	1 0 3.21069e-20
23	0.23	1.70883e-19	2.41666e-19	2	1 0 2.41666e-19
24	0.24	1.24126e-18	1.7554e-18	2	1 0 1.7554e-18
25	0.25	8.70086e-18	1.23049e-17	2	1 0 1.23049e-17
26	0.26	5.88591e-17	8.32393e-17	2	1 0 8.32393e-17
27	0.27	3.8428e-16	5.43454e-16	2	1 0 5.43454e-16
28	0.28	2.42173e-15	3.42484e-15	2	1 0 3.42484e-15
29	0.29	1.47346e-14	2.08379e-14	2	1 0 2.08379e-14
30	0.3	8.65825e-14	1.22446e-13	2	1 0 1.22446e-13
31	0.31	4.91582e-13	6.95202e-13	2	1 0 6.95202e-13
32	0.32	2.69837e-12	3.81606e-12	2	1 0 3.81606e-12
33	0.33	1.43317e-11	2.0268e-11	2	1 0 2.0268e-11
34	0.34	7.37286e-11	1.04268e-10	2	1 0 1.04268e-10
35	0.35	3.67865e-10	5.2024e-10	2	1 0 5.2024e-10
36	0.36	1.78302e-09	2.52158e-09	2	1 0 2.52158e-09
37	0.37	8.41172e-09	1.1896e-08	2	1 0 1.1896e-08
38	0.38	3.87123e-08	5.47474e-08	2	1 0 5.47474e-08
39	0.39	1.74238e-07	2.46409e-07	2	1 0 2.46409e-07
40	0.4	7.68982e-07	1.08751e-06	2	1 0 1.08751e-06
41	0.41	3.33641e-06	4.7184e-06	2	1 0 4.7184e-06
42	0.42	1.42599e-05	2.01665e-05	2	1 0 2.01665e-05
43	0.43	6.00817e-05	8.49684e-05	2	1 0 8.49684e-05
44	0.440001	0.000248964	0.000352088	2	1 0 0.000352088
45	0.450005	0.00100528	0.00142168	2	1 0 0.00142168
46	0.460019	0.00386933	0.00547206	2	1 0 0.00547206
47	0.470074	0.0136409	0.0192911	2	1 0 0.0192911
48	0.480268	0.0415824	0.0588064	2	1 0 0.0588064
49	0.490873	0.101966	0.144202	2	1 0 0.144202
50	0.502418	0.179541	0.253909	2	1 0 0.253909
51	0.518294	0.266189	-0.190896	5	1 0.393057 0.20216
52	0.521877	0.172002	-0.367172	5	1 0.37589 0.00871801
53	0.530585	0.0731876	-0.129204	5	1 0.146428 0.0172242
54	0.540402	0.0300567	-0.00412972	5	1 0.0356692 0.0315395
55	0.550653	0.0264689	0.0456743	5	1 0.00675599 0.0524303
56	0.561179	0.0357702	0.0777534	5	1 0.00111559 0.078869
57	0.571998	0.0481286	0.107276	5	1 0.000171527 0.107447
58	0.583131	0.0594607	0.132907	5	1 2.5394e-05 0.132933
59	0.594551	0.0672549	0.150379	5	1 3.64854e-06 0.150383
60	0.606173	0.0706329	0.157939	5	1 5.1646e-07 0.157939
61	0.618613	0.0708287	0.156569	5	1 0.000904322 0.157474
62	0.629165	0.0694315	0.147896	5	1 0.00367893 0.151575
63	0.639592	0.0669917	0.130347	5	1 0.00972572 0.140072
64	0.649806	0.0624564	0.101735	5	1 0.0189608 0.120696
65	0.659715	0.0550041	0.0634459	5	1 0.0297735 0.0932195
66	0.669258	0.0453987	0.0213984	5	1 0.040058 0.0614565
67	0.678425	0.0362052	-0.0157143	5	1 0.0483357 0.0326215
68	0.68728	0.0299888	-0.0412513	5	1 0.0541542 0.0129029
69	0.69593	0.0273345	-0.0544917	5	1 0.0578067 0.00331505
70	0.704479	0.0269442	-0.0595116	5	1 0.0598803 0.000368755
71	0.712482	0.0271809	-0.0607783	5	1 0.0607783 0
72	0.7219	0.0267785	-0.0598786	5	1 0.0598786 0
73	0.731358	0.0249006	-0.0556793	5	1 0.0556793 0
74	0.740895	0.02122	-0.0474493	5	1 0.0474493 0
75	0.750538	0.016225	-0.0362802	5	1 0.0362802 0
76	0.760295	0.0110271	-0.0246573	5	1 0.0246573 0
77	0.770147	0.00666147	-0.0148955	5	1 0.0148955 0
78	0.780066	0.00359531	-0.00803935	5	1 0.00803935 0
79	0.790028	0.00174564	-0.00390336	5	1 0.00390336 0
80	0.80001	0.000767791	-0.00171683	5	1 0.00171683 0
81	0.810004	0.000307809	-0.000688281	5	1 0.000688281 0
82	0.820001	0.000113093	-0.000252884	5	1 0.000252884 0
83	0.83	3.82629e-05	-8.55585e-05	5	1 8.55585e-05 0
84	0.84	1.19712e-05	-2.67684e-05	5	1 2.67684e-05 0
85	0.85	3.47675e-06	-7.77426e-06	5	1 7.77426e-06 0
86	0.86	9.40523e-07	-2.10307e-06	5	1 2.10307e-06 0
87	0.87	2.37717e-07	-5.31552e-07	5	1 5.31552e-07 0
88	0.88	5.62946e-08	-1.25879e-07	5	1 1.25879e-07 0
89	0.89	1.25224e-08	-2.80009e-08	5	1 2.80009e-08 0
90	0.9	2.62255e-09	-5.86419e-09	5	1 5.86419e-09 0
91	0.91	5.18188e-10	-1.1587e-09	5	1 1.1587e-09 0
92	0.92	9.67859e-11	-2.1642e-10	5	1 2.1642e-10 0
93	0.93	1.71182e-11	-3.82774e-11	5	1 3.82774e-11 0
94	0.94	2.8716e-12	-6.42109e-12	5	1 6.42109e-12 0
95	0.95	4.57562e-13	-1.02314e-12	5	1 1.02314e-12 0
96	0.96	6.93466e-14	-1.55064e-13	5	1 1.55064e-13 0
97	0.97	1.0009e-14	-2.23808e-14	5	1 2.23808e-14 -7.67079e-20
98	0.98	1.37704e-15	-3.08056e-15	5	1 3.07986e-15 -6.99605e-19
99	0.99	1.78182e-16	-4.10608e-16	5	1 4.04517e-16 -6.09078e-18
100	1	0	-1.01519e-16	5	1 5.07596e-17 -5.07596e-17
