0	0	0	0	1	1
1	0.01	0	0	1	1
2	0.02	0	0	1	1
3	0.03	0	0	1	1
4	0.04	0	0	1	1
5	0.05	0	0	1	1
6	0.06	0	0	1	1
7	0.07	0	0	1	1
8	0.08	0	0	1	1
9	0.09	0	0	1	1
10	0.1	0	0	1	1
11	0.11	0	0	1	1
12	0.12	0	0	1	1
13	0.13	0	0	1	1
14	0.14	0	0	1	1
15	0.15	0	0	1	1
16	0.16	0	0	1	1
17	0.17	0	0	1	1
18	0.18	0	0	1	1
19	0.19	0	0	1	1
20	0.2	0	0	1	1
21	0.21	0	0	1	1
22	0.22	0	0	1	1
23	0.23	0	0	1	1
24	0.24	0	0	1	1
25	0.25	0	0	1	1
26	0.26	0	0	1	1
27	0.27	0	0	1	1
28	0.28	0	0	1	1
29	0.29	0	0	1	1
30	0.3	0	0	1	1
31	0.31	0	0	1	1
32	0.32	0	0	1	1
33	0.33	0	0	1	1
34	0.34	0	0	1	1
35	0.35	0	0	1	1
36	0.36	0	0	1	1
37	0.37	0	0	1	1
38	0.38	0	0	1	1
39	0.39	0	0	1	1
40	0.4	0	0	1	1
41	0.409049	-8.45399e-05	8.45399e-05	1	1
42	0.418104	-0.000703695	0.000703695	1	1
43	0.427179	-0.00297019	0.00297019	1	1
44	0.436304	-0.00848109	0.00848109	1	1
45	0.44552	-0.0184287	0.0184287	1	1
46	0.454868	-0.0325438	0.0325438	1	1
47	0.464369	-0.0488492	0.0488492	1	1
48	0.47402	-0.0645956	0.0645956	1	1
49	0.483799	-0.0776067	0.0776067	1	1
50	-0.0716502	-47.1071	14.8966	0.1	1
51	0.375479	-12.43	3.9307	0.1	1
52	0.454174	-6.58233	2.08151	0.1	1
53	0.490173	-4.0698	1.28698	0.1	1
54	0.513043	-2.62402	0.829789	0.1	1
55	0.530139	-1.6992	0.537333	0.1	1
56	0.54428	-1.09682	0.346846	0.1	1
57	0.556834	-0.719966	0.227673	0.1	1
58	0.568558	-0.502985	0.159058	0.1	1
59	0.579873	-0.390855	0.123599	0.1	1
60	0.591002	-0.338455	0.107029	0.1	1
61	0.602047	-0.314299	0.09939	0.1	1
62	0.613043	-0.300241	0.0949446	0.1	1
63	0.623995	-0.28752	0.0909218	0.1	1
64	0.634895	-0.272555	0.0861893	0.1	1
65	0.645732	-0.25425	0.0804008	0.1	1
66	0.656495	-0.23267	0.0735769	0.1	1
67	0.667177	-0.208466	0.0659227	0.1	1
68	0.677771	-0.182596	0.0577419	0.1	1
69	0.688278	-0.156161	0.0493825	0.1	1
70	0.698698	-0.130255	0.0411904	0.1	1
71	0.709038	-0.105852	0.0334734	0.1	1
72	0.719307	-0.0837272	0.0264768	0.1	1
73	0.729513	-0.0644019	0.0203657	0.1	1
74	0.739666	-0.0481346	0.0152215	0.1	1
75	0.749777	-0.0349347	0.0110473	0.1	1
76	0.759855	-0.0246084	0.00778187	0.1	1
77	0.769909	-0.0168191	0.00531865	0.1	1
78	0.779944	-0.0111523	0.00352667	0.1	1
79	0.789966	-0.00717441	0.00226875	0.1	1
80	0.799981	-0.0044787	0.00141629	0.1	1
81	0.809989	-0.00271393	0.000858219	0.1	1
82	0.819994	-0.00159701	0.000505019	0.1	1
83	0.829997	-0.00091302	0.000288722	0.1	1
84	0.839999	-0.000507386	0.00016045	0.1	1
85	0.85	-0.000274234	8.67205e-05	0.1	1
86	0.86	-0.000144234	4.56108e-05	0.1	1
87	0.87	-7.38566e-05	2.33555e-05	0.1	1
88	0.88	-3.68404e-05	1.16499e-05	0.1	1
89	0.89	-1.79101e-05	5.66369e-06	0.1	1
90	0.9	-8.49054e-06	2.68494e-06	0.1	1
91	0.91	-3.92686e-06	1.24178e-06	0.1	1
92	0.92	-1.7727e-06	5.60577e-07	0.1	1
93	0.93	-7.81454e-07	2.47118e-07	0.1	1
94	0.94	-3.36544e-07	1.06426e-07	0.1	1
95	0.95	-1.41651e-07	4.47988e-08	0.1	1
96	0.96	-5.82789e-08	1.84435e-08	0.1	1
97	0.97	-2.34063e-08	7.4423e-09	0.1	1
98	0.98	-9.06523e-09	2.98085e-09	0.1	1
99	0.99	-3.06732e-09	1.28495e-09	0.1	1
100	1	0	8.51492e-10	0.1	1
