0	0	0	0	1	1
1	0.01	0	0	1	1
2	0.02	0	0	1	1
3	0.03	0	0	1	1
4	0.04	0	0	1	1
5	0.05	0	0	1	1
6	0.06	0	0	1	1
7	0.07	0	0	1	1
8	0.08	0	0	1	1
9	0.09	0	0	1	1
10	0.1	0	0	1	1
11	0.11	0	0	1	1
12	0.12	0	0	1	1
13	0.13	0	0	1	1
14	0.14	0	0	1	1
15	0.15	0	0	1	1
16	0.16	0	0	1	1
17	0.17	0	0	1	1
18	0.18	0	0	1	1
19	0.19	0	0	1	1
20	0.2	0	0	1	1
21	0.21	0	0	1	1
22	0.22	0	0	1	1
23	0.23	0	0	1	1
24	0.24	0	0	1	1
25	0.25	0	0	1	1
26	0.26	0	0	1	1
27	0.27	0	0	1	1
28	0.28	0	0	1	1
29	0.29	0	0	1	1
30	0.3	0	0	1	1
31	0.31	0	0	1	1
32	0.32	0	0	1	1
33	0.33	0	0	1	1
34	0.34	0	0	1	1
35	0.35	0	0	1	1
36	0.36	0	0	1	1
37	0.37	0	0	1	1
38	0.38	0	0	1	1
39	0.39	0	0	1	1
40	0.4	0	0	1	1
41	0.409049	-7.8396e-06	7.8396e-06	1	1
42	0.418097	-8.40199e-05	8.40199e-05	1	1
43	0.427149	-0.000454614	0.000454614	1	1
44	0.436213	-0.00165697	0.00165697	1	1
45	0.445302	-0.00457871	0.00457871	1	1
46	0.454443	-0.0102329	0.0102329	1	1
47	0.463667	-0.0192632	0.0192632	1	1
48	0.473004	-0.0314362	0.0314362	1	1
49	0.482474	-0.0455102	0.0455102	1	1
50	-1.12128	-50.4595	15.9567	0.1	1
51	0.0710348	-15.5392	4.91394	0.1	1
52	0.275953	-9.61605	3.04086	0.1	1
53	0.367075	-7.01338	2.21782	0.1	1
54	0.422767	-5.44482	1.7218	0.1	1
55	0.462257	-4.35203	1.37623	0.1	1
56	0.492719	-3.52803	1.11566	0.1	1
57	0.517524	-2.87676	0.90971	0.1	1
58	0.538511	-2.34695	0.742171	0.1	1
59	0.556788	-1.909	0.603678	0.1	1
60	0.573081	-1.54473	0.488486	0.1	1
61	0.58789	-1.24261	0.392947	0.1	1
62	0.601585	-0.994868	0.314605	0.1	1
63	0.614445	-0.7958	0.251654	0.1	1
64	0.626689	-0.640281	0.202475	0.1	1
65	0.638487	-0.522877	0.165348	0.1	1
66	0.649969	-0.437344	0.1383	0.1	1
67	0.661235	-0.376716	0.119128	0.1	1
68	0.672349	-0.333928	0.105597	0.1	1
69	0.683353	-0.302586	0.0956861	0.1	1
70	0.694269	-0.277586	0.0877804	0.1	1
71	0.705111	-0.255366	0.0807537	0.1	1
72	0.715878	-0.233809	0.0739368	0.1	1
73	0.726572	-0.211923	0.0670159	0.1	1
74	0.737189	-0.189497	0.0599242	0.1	1
75	0.74773	-0.166779	0.0527402	0.1	1
76	0.758197	-0.144253	0.0456168	0.1	1
77	0.768592	-0.122473	0.0387292	0.1	1
78	0.77892	-0.101974	0.0322469	0.1	1
79	0.789186	-0.0831966	0.0263091	0.1	1
80	0.799399	-0.0664603	0.0210166	0.1	1
81	0.809564	-0.0519477	0.0164273	0.1	1
82	0.819691	-0.039706	0.0125561	0.1	1
83	0.829785	-0.0296628	0.00938021	0.1	1
84	0.839853	-0.0216507	0.00684654	0.1	1
85	0.849903	-0.0154348	0.00488092	0.1	1
86	0.859936	-0.010746	0.00339817	0.1	1
87	0.86996	-0.00730582	0.0023103	0.1	1
88	0.879975	-0.00485067	0.00153392	0.1	1
89	0.889985	-0.00314558	0.000994719	0.1	1
90	0.899991	-0.00199273	0.000630158	0.1	1
91	0.909995	-0.00123356	0.00039009	0.1	1
92	0.919997	-0.000746377	0.000236034	0.1	1
93	0.929999	-0.000441531	0.000139645	0.1	1
94	0.94	-0.000255436	8.08217e-05	0.1	1
95	0.95	-0.000144499	4.57949e-05	0.1	1
96	0.96	-7.98143e-05	2.54557e-05	0.1	1
97	0.97	-4.27611e-05	1.39803e-05	0.1	1
98	0.98	-2.15999e-05	7.78249e-06	0.1	1
99	0.99	-8.95862e-06	4.77395e-06	0.1	1
100	1	0	3.88082e-06	0.1	1
