0	0	0	0	7500	2e+11 0.516398
1	1e-05	0	0	7500	2e+11 0.516398
2	2e-05	0	0	7500	2e+11 0.516398
3	3e-05	0	0	7500	2e+11 0.516398
4	4e-05	0	0	7500	2e+11 0.516398
5	5e-05	0	0	7500	2e+11 0.516398
6	6e-05	0	0	7500	2e+11 0.516398
7	7e-05	0	0	7500	2e+11 0.516398
8	8e-05	0	0	7500	2e+11 0.516398
9	9e-05	0	0	7500	2e+11 0.516398
10	0.0001	0	0	7500	2e+11 0.516398
11	0.00011	0	0	7500	2e+11 0.516398
12	0.00012	0	0	7500	2e+11 0.516398
13	0.00013	0	0	7500	2e+11 0.516398
14	0.00014	0	0	7500	2e+11 0.516398
15	0.00015	0	0	7500	2e+11 0.516398
16	0.00016	0	0	7500	2e+11 0.516398
17	0.00017	0	0	7500	2e+11 0.516398
18	0.00018	0	0	7500	2e+11 0.516398
19	0.00019	0	0	7500	2e+11 0.516398
20	0.0002	0	0	7500	2e+11 0.516398
21	0.00021	0	0	7500	2e+11 0.516398
22	0.00022	0	0	7500	2e+11 0.516398
23	0.00023	0	0	7500	2e+11 0.516398
24	0.00024	0	0	7500	2e+11 0.516398
25	0.00025	0	0	7500	2e+11 0.516398
26	0.00026	0	0	7500	2e+11 0.516398
27	0.00027	0	0	7500	2e+11 0.516398
28	0.00028	0	0	7500	2e+11 0.516398
29	0.00029	0	0	7500	2e+11 0.516398
30	0.0003	0	0	7500	2e+11 0.516398
31	0.00031	0	0	7500	2e+11 0.516398
32	0.00032	0	0	7500	2e+11 0.516398
33	0.00033	0	0	7500	2e+11 0.516398
34	0.00034	0	0	7500	2e+11 0.516398
35	0.00035	0	0	7500	2e+11 0.516398
36	0.00036	0	0	7500	2e+11 0.516398
37	0.00037	0	0	7500	2e+11 0.516398
38	0.00038	0	0	7500	2e+11 0.516398
39	0.00039	0	0	7500	2e+11 0.516398
40	0.0004	0	0	7500	2e+11 0.516398
41	0.00041	0	0	7500	2e+11 0.516398
42	0.00042	0	0	7500	2e+11 0.516398
43	0.00043	0	0	7500	2e+11 0.516398
44	0.00044	0	0	7500	2e+11 0.516398
45	0.00045	0	0	7500	2e+11 0.516398
46	0.00046	0	0	7500	2e+11 0.516398
47	0.00047	0	0	7500	2e+11 0.516398
48	0.00048	0	0	7500	2e+11 0.516398
49	0.00049	0	0	7500	2e+11 0.5164
50	0.0005	0	0	7500	2e+11 0.5164
51	0.00051	0	0	7500	2e+11 0.516397
52	0.00052	0	0	7500	2e+11 0.5164
53	0.00053	0	0	7500	2e+11 0.5164
54	0.00054	0	0	7500	2e+11 0.516397
55	0.00055	0	0	7500	2e+11 0.5164
56	0.00056	0	0	7500	2e+11 0.5164
57	0.00057	0	0	7500	2e+11 0.516397
58	0.00058	0	0	7500	2e+11 0.516397
59	0.00059	0	0	7500	2e+11 0.5164
60	0.0006	0	0	7500	2e+11 0.5164
61	0.00061	0	0	7500	2e+11 0.516397
62	0.00062	0	0	7500	2e+11 0.5164
63	0.00063	0	0	7500	2e+11 0.5164
64	0.00064	0	0	7500	2e+11 0.516397
65	0.00065	0	0	7500	2e+11 0.5164
66	0.00066	0	0	7500	2e+11 0.5164
67	0.00067	0	0	7500	2e+11 0.516397
68	0.00068	0	0	7500	2e+11 0.5164
69	0.00069	0	0	7500	2e+11 0.5164
70	0.0007	0	0	7500	2e+11 0.516397
71	0.00071	0	0	7500	2e+11 0.516397
72	0.00072	0	0	7500	2e+11 0.5164
73	0.00073	0	0	7500	2e+11 0.5164
74	0.00074	0	0	7500	2e+11 0.516397
75	0.00075	0	0	7500	2e+11 0.5164
76	0.00076	0	0	7500	2e+11 0.5164
77	0.00077	0	0	7500	2e+11 0.516397
78	0.00078	0	0	7500	2e+11 0.5164
79	0.00079	0	0	7500	2e+11 0.5164
80	0.0008	0	0	7500	2e+11 0.516397
81	0.00081	0	0	7500	2e+11 0.5164
82	0.00082	0	0	7500	2e+11 0.5164
83	0.00083	0	0	7500	2e+11 0.516397
84	0.00084	0	0	7500	2e+11 0.5164
85	0.00085	0	0	7500	2e+11 0.5164
86	0.00086	0	0	7500	2e+11 0.516397
87	0.00087	0	0	7500	2e+11 0.5164
88	0.00088	0	0	7500	2e+11 0.5164
89	0.00089	0	0	7500	2e+11 0.516397
90	0.0009	0	0	7500	2e+11 0.516397
91	0.00091	0	0	7500	2e+11 0.5164
92	0.00092	0	0	7500	2e+11 0.5164
93	0.00093	0	0	7500	2e+11 0.516397
94	0.00094	0	0	7500	2e+11 0.5164
95	0.00095	0	0	7500	2e+11 0.5164
96	0.00096	0	0	7500	2e+11 0.516397
97	0.00097	0	0	7500	2e+11 0.516397
98	0.00098	0	0	7500	2e+11 0.5164
99	0.00099	0	0	7500	2e+11 0.5164
100	0.001	0	0	7500	2e+11 0.5164
101	0.00101	0	0	7500	2e+11 0.5164
102	0.00102	0	0	7500	2e+11 0.5164
103	0.00103	0	0	7500	2e+11 0.5164
104	0.00104	0	0	7500	2e+11 0.5164
105	0.00105	0	0	7500	2e+11 0.5164
106	0.00106	0	0	7500	2e+11 0.5164
107	0.00107	0	0	7500	2e+11 0.5164
108	0.00108	0	0	7500	2e+11 0.5164
109	0.00109	0	0	7500	2e+11 0.5164
110	0.0011	0	0	7500	2e+11 0.5164
111	0.00111	0	0	7500	2e+11 0.5164
112	0.00112	0	0	7500	2e+11 0.5164
113	0.00113	0	0	7500	2e+11 0.5164
114	0.00114	0	0	7500	2e+11 0.5164
115	0.00115	0	0	7500	2e+11 0.5164
116	0.00116	0	0	7500	2e+11 0.5164
117	0.00117	0	0	7500	2e+11 0.5164
118	0.00118	0	0	7500	2e+11 0.5164
119	0.00119	0	0	7500	2e+11 0.5164
120	0.0012	0	0	7500	2e+11 0.5164
121	0.00121	0	0	7500	2e+11 0.5164
122	0.00122	0	0	7500	2e+11 0.5164
123	0.00123	0	0	7500	2e+11 0.5164
124	0.00124	0	0	7500	2e+11 0.5164
125	0.00125	0	0	7500	2e+11 0.5164
126	0.00126	0	0	7500	2e+11 0.5164
127	0.00127	0	0	7500	2e+11 0.5164
128	0.00128	0	0	7500	2e+11 0.5164
129	0.00129	0	0	7500	2e+11 0.5164
130	0.0013	0	0	7500	2e+11 0.5164
131	0.00131	0	0	7500	2e+11 0.5164
132	0.00132	0	0	7500	2e+11 0.5164
133	0.00133	0	0	7500	2e+11 0.5164
134	0.00134	0	0	7500	2e+11 0.5164
135	0.00135	0	0	7500	2e+11 0.5164
136	0.00136	0	0	7500	2e+11 0.5164
137	0.00137	0	0	7500	2e+11 0.5164
138	0.00138	0	0	7500	2e+11 0.5164
139	0.00139	0	0	7500	2e+11 0.5164
140	0.0014	0	0	7500	2e+11 0.5164
141	0.00141	0	0	7500	2e+11 0.5164
142	0.00142	0	0	7500	2e+11 0.5164
143	0.00143	0	0	7500	2e+11 0.5164
144	0.00144	0	0	7500	2e+11 0.5164
145	0.00145	0	0	7500	2e+11 0.5164
146	0.00146	0	0	7500	2e+11 0.5164
147	0.00147	0	0	7500	2e+11 0.5164
148	0.00148	0	0	7500	2e+11 0.5164
149	0.00149	0	0	7500	2e+11 0.5164
150	0.0015	0	0	7500	2e+11 0.5164
151	0.00151	0	0	7500	2e+11 0.5164
152	0.00152	0	0	7500	2e+11 0.5164
153	0.00153	0	0	7500	2e+11 0.5164
154	0.00154	0	0	7500	2e+11 0.5164
155	0.00155	0	0	7500	2e+11 0.5164
156	0.00156	0	0	7500	2e+11 0.5164
157	0.00157	0	0	7500	2e+11 0.5164
158	0.00158	0	0	7500	2e+11 0.5164
159	0.00159	0	0	7500	2e+11 0.5164
160	0.0016	0	0	7500	2e+11 0.5164
161	0.00161	0	0	7500	2e+11 0.5164
162	0.00162	0	0	7500	2e+11 0.5164
163	0.00163	0	0	7500	2e+11 0.5164
164	0.00164	0	0	7500	2e+11 0.5164
165	0.00165	0	0	7500	2e+11 0.5164
166	0.00166	0	0	7500	2e+11 0.5164
167	0.00167	0	0	7500	2e+11 0.5164
168	0.00168	0	0	7500	2e+11 0.5164
169	0.00169	0	0	7500	2e+11 0.5164
170	0.0017	0	0	7500	2e+11 0.5164
171	0.00171	0	0	7500	2e+11 0.5164
172	0.00172	0	0	7500	2e+11 0.5164
173	0.00173	0	0	7500	2e+11 0.5164
174	0.00174	0	0	7500	2e+11 0.5164
175	0.00175	0	0	7500	2e+11 0.5164
176	0.00176	0	0	7500	2e+11 0.5164
177	0.00177	0	0	7500	2e+11 0.5164
178	0.00178	0	0	7500	2e+11 0.5164
179	0.00179	0	0	7500	2e+11 0.5164
180	0.0018	0	0	7500	2e+11 0.5164
181	0.00181	0	0	7500	2e+11 0.5164
182	0.00182	0	0	7500	2e+11 0.5164
183	0.00183	0	0	7500	2e+11 0.5164
184	0.00184	0	0	7500	2e+11 0.5164
185	0.00185	0	0	7500	2e+11 0.5164
186	0.00186	0	0	7500	2e+11 0.5164
187	0.00187	0	0	7500	2e+11 0.5164
188	0.00188	0	0	7500	2e+11 0.5164
189	0.00189	0	0	7500	2e+11 0.5164
190	0.0019	0	0	7500	2e+11 0.5164
191	0.00191	0	0	7500	2e+11 0.5164
192	0.00192	0	0	7500	2e+11 0.5164
193	0.00193	0	0	7500	2e+11 0.5164
194	0.00194	0	0	7500	2e+11 0.5164
195	0.00195	0	0	7500	2e+11 0.5164
196	0.00196	0	0	7500	2e+11 0.516406
197	0.00197	0	0	7500	2e+11 0.516406
198	0.00198	0	0	7500	2e+11 0.516394
199	0.00199	0	0	7500	2e+11 0.516406
200	0.002	0	0	7500	2e+11 0.516406
201	0.00201	0	0	7500	2e+11 0.516394
202	0.00202	0	0	7500	2e+11 0.516406
203	0.00203	0	0	7500	2e+11 0.516406
204	0.00204	0	0	7500	2e+11 0.516394
205	0.00205	0	0	7500	2e+11 0.516406
206	0.00206	0	0	7500	2e+11 0.516406
207	0.00207	0	0	7500	2e+11 0.516394
208	0.00208	0	0	7500	2e+11 0.516406
209	0.00209	0	0	7500	2e+11 0.516406
210	0.0021	0	0	7500	2e+11 0.516394
211	0.00211	0	0	7500	2e+11 0.516406
212	0.00212	0	0	7500	2e+11 0.516406
213	0.00213	0	0	7500	2e+11 0.516394
214	0.00214	0	0	7500	2e+11 0.516406
215	0.00215	0	0	7500	2e+11 0.516406
216	0.00216	0	0	7500	2e+11 0.516394
217	0.00217	0	0	7500	2e+11 0.516406
218	0.00218	0	0	7500	2e+11 0.516406
219	0.00219	0	0	7500	2e+11 0.516394
220	0.0022	0	0	7500	2e+11 0.516406
221	0.00221	0	0	7500	2e+11 0.516406
222	0.00222	0	0	7500	2e+11 0.516394
223	0.00223	0	0	7500	2e+11 0.516406
224	0.00224	0	0	7500	2e+11 0.516406
225	0.00225	0	0	7500	2e+11 0.516394
226	0.00226	0	0	7500	2e+11 0.516394
227	0.00227	0	0	7500	2e+11 0.516406
228	0.00228	0	0	7500	2e+11 0.516406
229	0.00229	0	0	7500	2e+11 0.516394
230	0.0023	0	0	7500	2e+11 0.516406
231	0.00231	0	0	7500	2e+11 0.516406
232	0.00232	0	0	7500	2e+11 0.516394
233	0.00233	0	0	7500	2e+11 0.516406
234	0.00234	0	0	7500	2e+11 0.516406
235	0.00235	0	0	7500	2e+11 0.516394
236	0.00236	0	0	7500	2e+11 0.516406
237	0.00237	0	0	7500	2e+11 0.516406
238	0.00238	0	0	7500	2e+11 0.516394
239	0.00239	0	0	7500	2e+11 0.516406
240	0.0024	0	0	7500	2e+11 0.516406
241	0.00241	0	0	7500	2e+11 0.516394
242	0.00242	0	0	7500	2e+11 0.516406
243	0.00243	0	0	7500	2e+11 0.516406
244	0.00244	0	0	7500	2e+11 0.516394
245	0.00245	0	0	7500	2e+11 0.516406
246	0.00246	0	0	7500	2e+11 0.516406
247	0.00247	0	0	7500	2e+11 0.516394
248	0.00248	0	0	7500	2e+11 0.516406
249	0.00249	0	0	7500	2e+11 0.516406
250	0.0025	0	0	7500	2e+11 0.516394
251	0.00251	0	0	7500	2e+11 0.516406
252	0.00252	0	0	7500	2e+11 0.516406
253	0.00253	0	0	7500	2e+11 0.516394
254	0.00254	0	0	7500	2e+11 0.516406
255	0.00255	0	0	7500	2e+11 0.516406
256	0.00256	0	0	7500	2e+11 0.516394
257	0.00257	0	0	7500	2e+11 0.516406
258	0.00258	0	0	7500	2e+11 0.516406
259	0.00259	0	0	7500	2e+11 0.516394
260	0.0026	0	0	7500	2e+11 0.516406
261	0.00261	0	0	7500	2e+11 0.516406
262	0.00262	0	0	7500	2e+11 0.516394
263	0.00263	0	0	7500	2e+11 0.516406
264	0.00264	0	0	7500	2e+11 0.516406
265	0.00265	0	0	7500	2e+11 0.516394
266	0.00266	0	0	7500	2e+11 0.516406
267	0.00267	0	0	7500	2e+11 0.516406
268	0.00268	0	0	7500	2e+11 0.516394
269	0.00269	0	0	7500	2e+11 0.516406
270	0.0027	0	0	7500	2e+11 0.516406
271	0.00271	0	0	7500	2e+11 0.516394
272	0.00272	0	0	7500	2e+11 0.516406
273	0.00273	0	0	7500	2e+11 0.516406
274	0.00274	0	0	7500	2e+11 0.516394
275	0.00275	0	0	7500	2e+11 0.516406
276	0.00276	0	0	7500	2e+11 0.516406
277	0.00277	0	0	7500	2e+11 0.516394
278	0.00278	0	0	7500	2e+11 0.516406
279	0.00279	0	0	7500	2e+11 0.516406
280	0.0028	0	0	7500	2e+11 0.516394
281	0.00281	0	0	7500	2e+11 0.516406
282	0.00282	0	0	7500	2e+11 0.516406
283	0.00283	0	0	7500	2e+11 0.516394
284	0.00284	0	0	7500	2e+11 0.516406
285	0.00285	0	0	7500	2e+11 0.516406
286	0.00286	0	0	7500	2e+11 0.516394
287	0.00287	0	0	7500	2e+11 0.516394
288	0.00288	0	0	7500	2e+11 0.516406
289	0.00289	0	0	7500	2e+11 0.516406
290	0.0029	0	0	7500	2e+11 0.516394
291	0.00291	0	0	7500	2e+11 0.516406
292	0.00292	0	0	7500	2e+11 0.516406
293	0.00293	0	0	7500	2e+11 0.516394
294	0.00294	0	0	7500	2e+11 0.516406
295	0.00295	0	0	7500	2e+11 0.516406
296	0.00296	0	0	7500	2e+11 0.516394
297	0.00297	0	0	7500	2e+11 0.516406
298	0.00298	0	0	7500	2e+11 0.516406
299	0.00299	0	0	7500	2e+11 0.516394
300	0.003	0	0	7500	2e+11 0.516406
301	0.00301	0	0	7500	2e+11 0.516406
302	0.00302	0	0	7500	2e+11 0.516394
303	0.00303	0	0	7500	2e+11 0.516406
304	0.00304	0	0	7500	2e+11 0.516406
305	0.00305	0	0	7500	2e+11 0.516394
306	0.00306	0	0	7500	2e+11 0.516406
307	0.00307	0	0	7500	2e+11 0.516406
308	0.00308	0	0	7500	2e+11 0.516394
309	0.00309	0	0	7500	2e+11 0.516406
310	0.0031	0	0	7500	2e+11 0.516406
311	0.00311	0	0	7500	2e+11 0.516394
312	0.00312	0	0	7500	2e+11 0.516406
313	0.00313	0	0	7500	2e+11 0.516406
314	0.00314	0	0	7500	2e+11 0.516394
315	0.00315	0	0	7500	2e+11 0.516406
316	0.00316	0	0	7500	2e+11 0.516406
317	0.00317	0	0	7500	2e+11 0.516394
318	0.00318	0	0	7500	2e+11 0.516406
319	0.00319	0	0	7500	2e+11 0.516406
320	0.0032	0	0	7500	2e+11 0.516394
321	0.00321	0	0	7500	2e+11 0.516406
322	0.00322	0	0	7500	2e+11 0.516406
323	0.00323	0	0	7500	2e+11 0.516394
324	0.00324	0	0	7500	2e+11 0.516406
325	0.00325	0	0	7500	2e+11 0.516406
326	0.00326	0	0	7500	2e+11 0.516394
327	0.00327	0	0	7500	2e+11 0.516406
328	0.00328	0	0	7500	2e+11 0.516406
329	0.00329	0	0	7500	2e+11 0.516394
330	0.0033	0	0	7500	2e+11 0.516406
331	0.00331	0	0	7500	2e+11 0.516406
332	0.00332	0	0	7500	2e+11 0.516394
333	0.00333	0	0	7500	2e+11 0.516406
334	0.00334	0	0	7500	2e+11 0.516406
335	0.00335	0	0	7500	2e+11 0.516394
336	0.00336	0	0	7500	2e+11 0.516406
337	0.00337	0	0	7500	2e+11 0.516406
338	0.00338	0	0	7500	2e+11 0.516394
339	0.00339	0	0	7500	2e+11 0.516406
340	0.0034	0	0	7500	2e+11 0.516406
341	0.00341	0	0	7500	2e+11 0.516394
342	0.00342	0	0	7500	2e+11 0.516406
343	0.00343	0	0	7500	2e+11 0.516406
344	0.00344	0	0	7500	2e+11 0.516394
345	0.00345	0	0	7500	2e+11 0.516406
346	0.00346	0	0	7500	2e+11 0.516406
347	0.00347	0	0	7500	2e+11 0.516394
348	0.00348	0	0	7500	2e+11 0.516406
349	0.00349	0	0	7500	2e+11 0.516406
350	0.0035	0	0	7500	2e+11 0.516394
351	0.00351	0	0	7500	2e+11 0.516406
352	0.00352	0	0	7500	2e+11 0.516406
353	0.00353	0	0	7500	2e+11 0.516394
354	0.00354	0	0	7500	2e+11 0.516394
355	0.00355	0	0	7500	2e+11 0.516406
356	0.00356	0	0	7500	2e+11 0.516406
357	0.00357	0	0	7500	2e+11 0.516394
358	0.00358	0	0	7500	2e+11 0.516406
359	0.00359	0	0	7500	2e+11 0.516406
360	0.0036	0	0	7500	2e+11 0.516394
361	0.00361	0	0	7500	2e+11 0.516406
362	0.00362	0	0	7500	2e+11 0.516406
363	0.00363	0	0	7500	2e+11 0.516394
364	0.00364	0	0	7500	2e+11 0.516406
365	0.00365	0	0	7500	2e+11 0.516406
366	0.00366	0	0	7500	2e+11 0.516394
367	0.00367	0	0	7500	2e+11 0.516406
368	0.00368	0	0	7500	2e+11 0.516406
369	0.00369	0	0	7500	2e+11 0.516394
370	0.0037	0	0	7500	2e+11 0.516406
371	0.00371	0	0	7500	2e+11 0.516406
372	0.00372	0	0	7500	2e+11 0.516394
373	0.00373	0	0	7500	2e+11 0.516406
374	0.00374	0	0	7500	2e+11 0.516406
375	0.00375	0	0	7500	2e+11 0.516394
376	0.00376	0	0	7500	2e+11 0.516406
377	0.00377	0	0	7500	2e+11 0.516406
378	0.00378	0	0	7500	2e+11 0.516394
379	0.00379	0	0	7500	2e+11 0.516406
380	0.0038	0	0	7500	2e+11 0.516406
381	0.00381	0	0	7500	2e+11 0.516394
382	0.00382	0	0	7500	2e+11 0.516406
383	0.00383	0	0	7500	2e+11 0.516406
384	0.00384	0	0	7500	2e+11 0.516394
385	0.00385	0	0	7500	2e+11 0.516406
386	0.00386	0	0	7500	2e+11 0.516406
387	0.00387	0	0	7500	2e+11 0.516394
388	0.00388	0	0	7500	2e+11 0.516406
389	0.00389	0	0	7500	2e+11 0.516406
390	0.0039	0	0	7500	2e+11 0.516394
391	0.00391	0	0	7500	2e+11 0.516394
392	0.00392	0	0	7500	2e+11 0.516394
393	0.00393	0	0	7500	2e+11 0.516418
394	0.00394	0	0	7500	2e+11 0.516418
395	0.00395	0	0	7500	2e+11 0.516394
396	0.00396	0	0	7500	2e+11 0.516394
397	0.00397	0	0	7500	2e+11 0.516394
398	0.00398	0	0	7500	2e+11 0.516394
399	0.00399	0	0	7500	2e+11 0.516418
400	0.004	0	0	7500	2e+11 0.516418
401	0.00401	0	0	7500	2e+11 0.516394
402	0.00402	0	0	7500	2e+11 0.516394
403	0.00403	0	0	7500	2e+11 0.516394
404	0.00404	0	0	7500	2e+11 0.516394
405	0.00405	0	0	7500	2e+11 0.516418
406	0.00406	0	0	7500	2e+11 0.516418
407	0.00407	0	0	7500	2e+11 0.516394
408	0.00408	0	0	7500	2e+11 0.516394
409	0.00409	0	0	7500	2e+11 0.516394
410	0.0041	0	0	7500	2e+11 0.516394
411	0.00411	0	0	7500	2e+11 0.516418
412	0.00412	0	0	7500	2e+11 0.516418
413	0.00413	0	0	7500	2e+11 0.516394
414	0.00414	0	0	7500	2e+11 0.516394
415	0.00415	0	0	7500	2e+11 0.516394
416	0.00416	0	0	7500	2e+11 0.516394
417	0.00417	0	0	7500	2e+11 0.516418
418	0.00418	0	0	7500	2e+11 0.516418
419	0.00419	0	0	7500	2e+11 0.516394
420	0.0042	0	0	7500	2e+11 0.516394
421	0.00421	0	0	7500	2e+11 0.516394
422	0.00422	0	0	7500	2e+11 0.516394
423	0.00423	0	0	7500	2e+11 0.516418
424	0.00424	0	0	7500	2e+11 0.516418
425	0.00425	0	0	7500	2e+11 0.516394
426	0.00426	0	0	7500	2e+11 0.516394
427	0.00427	0	0	7500	2e+11 0.516394
428	0.00428	0	0	7500	2e+11 0.516394
429	0.00429	0	0	7500	2e+11 0.516418
430	0.0043	0	0	7500	2e+11 0.516418
431	0.00431	0	0	7500	2e+11 0.516394
432	0.00432	0	0	7500	2e+11 0.516394
433	0.00433	0	0	7500	2e+11 0.516394
434	0.00434	0	0	7500	2e+11 0.516394
435	0.00435	0	0	7500	2e+11 0.516418
436	0.00436	0	0	7500	2e+11 0.516418
437	0.00437	0	0	7500	2e+11 0.516394
438	0.00438	0	0	7500	2e+11 0.516394
439	0.00439	0	0	7500	2e+11 0.516394
440	0.0044	0	0	7500	2e+11 0.516394
441	0.00441	0	0	7500	2e+11 0.516418
442	0.00442	0	0	7500	2e+11 0.516418
443	0.00443	0	0	7500	2e+11 0.516394
444	0.00444	0	0	7500	2e+11 0.516394
445	0.00445	0	0	7500	2e+11 0.516394
446	0.00446	0	0	7500	2e+11 0.516394
447	0.00447	0	0	7500	2e+11 0.516418
448	0.00448	0	0	7500	2e+11 0.516418
449	0.00449	0	0	7500	2e+11 0.516394
450	0.0045	0	0	7500	2e+11 0.516394
451	0.00451	0	0	7500	2e+11 0.516394
452	0.00452	0	0	7500	2e+11 0.516394
453	0.00453	0	0	7500	2e+11 0.516394
454	0.00454	0	0	7500	2e+11 0.516418
455	0.00455	0	0	7500	2e+11 0.516418
456	0.00456	0	0	7500	2e+11 0.516394
457	0.00457	0	0	7500	2e+11 0.516394
458	0.00458	0	0	7500	2e+11 0.516394
459	0.00459	0	0	7500	2e+11 0.516394
460	0.0046	0	0	7500	2e+11 0.516418
461	0.00461	0	0	7500	2e+11 0.516418
462	0.00462	0	0	7500	2e+11 0.516394
463	0.00463	0	0	7500	2e+11 0.516394
464	0.00464	0	0	7500	2e+11 0.516394
465	0.00465	0	0	7500	2e+11 0.516394
466	0.00466	0	0	7500	2e+11 0.516418
467	0.00467	0	0	7500	2e+11 0.516418
468	0.00468	0	0	7500	2e+11 0.516394
469	0.00469	0	0	7500	2e+11 0.516394
470	0.0047	0	0	7500	2e+11 0.516394
471	0.00471	0	0	7500	2e+11 0.516394
472	0.00472	0	0	7500	2e+11 0.516418
473	0.00473	7.2362e-37	1.40128e-40	7500	2e+11 0.516418
474	0.00474	2.17087e-36	4.20387e-40	7500	2e+11 0.516394
475	0.00475	2.74976e-35	5.32489e-39	7500	2e+11 0.516394
476	0.00476	1.83076e-34	3.54526e-38	7500	2e+11 0.516394
477	0.00477	1.10352e-33	2.13696e-37	7500	2e+11 0.516394
478	0.00478	4.24279e-33	8.21613e-37	7500	2e+11 0.516418
479	0.00479	1.94242e-32	3.76148e-36	7500	2e+11 0.516418
480	0.0048	7.97359e-32	1.54408e-35	7500	2e+11 0.516394
481	0.00481	2.10354e-31	4.07348e-35	7500	2e+11 0.516394
482	0.00482	9.53639e-31	1.84671e-34	7500	2e+11 0.516394
483	0.00483	2.53767e-30	4.91418e-34	7500	2e+11 0.516394
484	0.00484	8.89297e-30	1.72212e-33	7500	2e+11 0.516418
485	0.00485	3.38513e-29	6.55528e-33	7500	2e+11 0.516418
486	0.00486	1.19646e-28	2.31693e-32	7500	2e+11 0.516394
487	0.00487	3.36918e-28	6.52439e-32	7500	2e+11 0.516394
488	0.00488	1.25132e-27	2.42318e-31	7500	2e+11 0.516394
489	0.00489	3.25774e-27	6.30858e-31	7500	2e+11 0.516394
490	0.0049	1.17989e-26	2.28485e-30	7500	2e+11 0.516418
491	0.00491	3.42089e-26	6.62453e-30	7500	2e+11 0.516418
492	0.00492	8.04822e-26	1.55853e-29	7500	2e+11 0.516394
493	0.00493	2.54419e-25	4.92681e-29	7500	2e+11 0.516394
494	0.00494	9.4413e-25	1.8283e-28	7500	2e+11 0.516394
495	0.00495	2.80126e-24	5.42462e-28	7500	2e+11 0.516394
496	0.00496	8.08186e-24	1.56505e-27	7500	2e+11 0.516418
497	0.00497	2.47443e-23	4.79171e-27	7500	2e+11 0.516418
498	0.00498	7.59615e-23	1.47099e-26	7500	2e+11 0.516394
499	0.00499	2.21714e-22	4.29347e-26	7500	2e+11 0.516394
500	0.005	6.13768e-22	1.18856e-25	7500	2e+11 0.516394
501	0.00501	1.81841e-21	3.52133e-25	7500	2e+11 0.516394
502	0.00502	5.47271e-21	1.05979e-24	7500	2e+11 0.516418
503	0.00503	1.51422e-20	2.93227e-24	7500	2e+11 0.516418
504	0.00504	3.99381e-20	7.73398e-24	7500	2e+11 0.516394
505	0.00505	1.34005e-19	2.595e-23	7500	2e+11 0.516394
506	0.00506	4.03688e-19	7.81738e-23	7500	2e+11 0.516394
507	0.00507	1.13986e-18	2.20734e-22	7500	2e+11 0.516394
508	0.00508	3.40448e-18	6.59275e-22	7500	2e+11 0.516418
509	0.00509	9.21925e-18	1.7853e-21	7500	2e+11 0.516418
510	0.0051	2.51605e-17	4.87231e-21	7500	2e+11 0.516394
511	0.00511	7.1002e-17	1.37495e-20	7500	2e+11 0.516394
512	0.00512	2.21167e-16	4.28289e-20	7500	2e+11 0.516394
513	0.00513	6.31996e-16	1.22386e-19	7500	2e+11 0.516394
514	0.00514	1.84248e-15	3.56795e-19	7500	2e+11 0.516394
515	0.00515	5.87529e-15	1.13775e-18	7500	2e+11 0.516418
516	0.00516	1.39926e-14	2.70966e-18	7500	2e+11 0.516418
517	0.00517	4.43378e-14	8.58598e-18	7500	2e+11 0.516394
518	0.00518	1.01691e-13	1.96923e-17	7500	2e+11 0.516394
519	0.00519	3.344e-13	6.47563e-17	7500	2e+11 0.516394
520	0.0052	9.34542e-13	1.80973e-16	7500	2e+11 0.516394
521	0.00521	2.53147e-12	4.90216e-16	7500	2e+11 0.516418
522	0.00522	6.45434e-12	1.24988e-15	7500	2e+11 0.516418
523	0.00523	2.04834e-11	3.96659e-15	7500	2e+11 0.516394
524	0.00524	5.95796e-11	1.15375e-14	7500	2e+11 0.516394
525	0.00525	1.85859e-10	3.59914e-14	7500	2e+11 0.516394
526	0.00526	4.49171e-10	8.69815e-14	7500	2e+11 0.516394
527	0.00527	1.31064e-09	2.53803e-13	7500	2e+11 0.516418
528	0.00528	3.68832e-09	7.1424e-13	7500	2e+11 0.516418
529	0.00529	1.14059e-08	2.20874e-12	7500	2e+11 0.516394
530	0.0053	2.99211e-08	5.7942e-12	7500	2e+11 0.516394
531	0.00531	9.50482e-08	1.8406e-11	7500	2e+11 0.516394
532	0.00532	2.24145e-07	4.34056e-11	7500	2e+11 0.516394
533	0.00533	5.17001e-07	1.00117e-10	7500	2e+11 0.516418
534	0.00534	1.68441e-06	3.26184e-10	7500	2e+11 0.516418
535	0.00535	4.20464e-06	8.14225e-10	7500	2e+11 0.516394
536	0.00536	1.37357e-05	2.65991e-09	7500	2e+11 0.516394
537	0.00537	3.02721e-05	5.86217e-09	7500	2e+11 0.516394
538	0.00538	0.000100721	1.95046e-08	7500	2e+11 0.516394
539	0.00539	0.000314216	6.08476e-08	7500	2e+11 0.516418
540	0.0054	0.000790339	1.53049e-07	7500	2e+11 0.516418
541	0.00541	0.00253695	4.91278e-07	7500	2e+11 0.516394
542	0.00542	0.00858453	1.66239e-06	7500	2e+11 0.516394
543	0.00543	0.020625	3.99401e-06	7500	2e+11 0.516394
544	0.00544	0.0679606	1.31605e-05	7500	2e+11 0.516394
545	0.00545	0.156021	3.02133e-05	7500	2e+11 0.516394
546	0.00546	0.447498	8.66576e-05	7500	2e+11 0.516394
547	0.00547	1.26546	0.000245056	7500	2e+11 0.516346
548	0.00548001	3.7185	0.000720084	7500	2e+11 0.516177
549	0.00549001	7.86952	0.00152393	7500	2e+11 0.515985
550	0.00550003	13.1917	0.00255456	7500	2e+11 0.515554
551	0.00551006	19.1112	0.00370087	7500	2e+11 0.514907
552	0.0055201	25.0905	0.00485875	7500	2e+11 0.514382
553	0.00553015	30.6747	0.00594014	7500	2e+11 0.513786
554	0.00554021	35.5784	0.00688973	7500	2e+11 0.513263
555	0.00555028	39.6558	0.00767931	7500	2e+11 0.512741
556	0.00556036	42.8499	0.00829785	7500	2e+11 0.512433
557	0.00557044	45.2197	0.00875675	7500	2e+11 0.512054
558	0.00558053	46.9162	0.00908529	7500	2e+11 0.511936
559	0.00559062	48.0851	0.00931164	7500	2e+11 0.511723
560	0.00560071	48.8573	0.00946117	7500	2e+11 0.5117
561	0.00561081	49.3398	0.00955461	7500	2e+11 0.511535
562	0.0056209	49.6311	0.00961102	7500	2e+11 0.511487
563	0.005631	49.8013	0.00964398	7500	2e+11 0.511535
564	0.0056411	49.8966	0.00966243	7500	2e+11 0.511535
565	0.00565119	49.9486	0.0096725	7500	2e+11 0.511511
566	0.00566129	49.9762	0.00967784	7500	2e+11 0.511511
567	0.00567139	49.99	0.00968052	7500	2e+11 0.511464
568	0.00568148	49.9967	0.00968183	7500	2e+11 0.511464
569	0.00569158	50	0.00968245	7500	2e+11 0.511558
570	0.00570167	50.0014	0.00968274	7500	2e+11 0.511558
571	0.00571177	50.0021	0.00968287	7500	2e+11 0.511464
572	0.00572187	50.0024	0.00968293	7500	2e+11 0.511464
573	0.00573196	50.0025	0.00968295	7500	2e+11 0.511464
574	0.00574206	50.0026	0.00968296	7500	2e+11 0.511464
575	0.00575216	50.0026	0.00968296	7500	2e+11 0.511487
576	0.00576225	50.0026	0.00968296	7500	2e+11 0.511558
577	0.00577235	50.0026	0.00968296	7500	2e+11 0.511558
578	0.00578245	50.0026	0.00968296	7500	2e+11 0.511464
579	0.00579254	50.0026	0.00968296	7500	2e+11 0.511487
580	0.00580264	50.0026	0.00968296	7500	2e+11 0.511487
581	0.00581274	50.0026	0.00968296	7500	2e+11 0.511511
582	0.00582283	50.0026	0.00968296	7500	2e+11 0.511511
583	0.00583293	50.0026	0.00968296	7500	2e+11 0.511464
584	0.00584302	50.0026	0.00968296	7500	2e+11 0.511487
585	0.00585312	50.0026	0.00968296	7500	2e+11 0.511487
586	0.00586322	50.0026	0.00968296	7500	2e+11 0.51144
587	0.00587331	50.0026	0.00968296	7500	2e+11 0.511605
588	0.00588341	50.0026	0.00968296	7500	2e+11 0.511605
589	0.0058935	50.0026	0.00968296	7500	2e+11 0.511487
590	0.0059036	50.0026	0.00968296	7500	2e+11 0.511464
591	0.0059137	50.0026	0.00968296	7500	2e+11 0.511487
592	0.00592379	50.0026	0.00968296	7500	2e+11 0.511487
593	0.00593389	50.0026	0.00968296	7500	2e+11 0.511511
594	0.00594399	50.0026	0.00968296	7500	2e+11 0.511582
595	0.00595408	50.0026	0.00968296	7500	2e+11 0.511582
596	0.00596418	50.0026	0.00968296	7500	2e+11 0.51144
597	0.00597427	50.0026	0.00968296	7500	2e+11 0.511487
598	0.00598437	50.0026	0.00968296	7500	2e+11 0.511487
599	0.00599447	50.0026	0.00968296	7500	2e+11 0.511487
600	0.00600456	50.0026	0.00968296	7500	2e+11 0.511511
601	0.00601466	50.0026	0.00968296	7500	2e+11 0.511535
602	0.00602475	50.0026	0.00968296	7500	2e+11 0.511535
603	0.00603485	50.0026	0.00968296	7500	2e+11 0.511558
604	0.00604494	50.0026	0.00968296	7500	2e+11 0.511558
605	0.00605504	50.0026	0.00968296	7500	2e+11 0.511487
606	0.00606514	50.0026	0.00968296	7500	2e+11 0.511511
607	0.00607523	50.0026	0.00968296	7500	2e+11 0.511535
608	0.00608533	50.0026	0.00968296	7500	2e+11 0.511535
609	0.00609543	50.0026	0.00968296	7500	2e+11 0.511558
610	0.00610552	50.0026	0.00968296	7500	2e+11 0.511558
611	0.00611562	50.0026	0.00968296	7500	2e+11 0.511487
612	0.00612571	50.0026	0.00968296	7500	2e+11 0.511487
613	0.00613581	50.0026	0.00968296	7500	2e+11 0.511535
614	0.0061459	50.0026	0.00968296	7500	2e+11 0.511535
615	0.006156	50.0026	0.00968296	7500	2e+11 0.511511
616	0.0061661	50.0026	0.00968296	7500	2e+11 0.511511
617	0.00617619	50.0026	0.00968296	7500	2e+11 0.511511
618	0.00618629	50.0026	0.00968296	7500	2e+11 0.511535
619	0.00619638	50.0026	0.00968296	7500	2e+11 0.511535
620	0.00620648	50.0026	0.00968296	7500	2e+11 0.511511
621	0.00621657	50.0026	0.00968296	7500	2e+11 0.511487
622	0.00622667	50.0026	0.00968296	7500	2e+11 0.511558
623	0.00623677	50.0026	0.00968296	7500	2e+11 0.511558
624	0.00624686	50.0026	0.00968296	7500	2e+11 0.511511
625	0.00625696	50.0026	0.00968296	7500	2e+11 0.511558
626	0.00626705	50.0026	0.00968296	7500	2e+11 0.511558
627	0.00627715	50.0026	0.00968295	7500	2e+11 0.511535
628	0.00628724	50.0026	0.00968295	7500	2e+11 0.511511
629	0.00629734	50.0026	0.00968295	7500	2e+11 0.511511
630	0.00630744	50.0025	0.00968295	7500	2e+11 0.511558
631	0.00631753	50.0025	0.00968295	7500	2e+11 0.511558
632	0.00632763	50.0025	0.00968295	7500	2e+11 0.511605
633	0.00633772	50.0025	0.00968295	7500	2e+11 0.511605
634	0.00634782	50.0025	0.00968295	7500	2e+11 0.511558
635	0.00635791	50.0025	0.00968295	7500	2e+11 0.511558
636	0.006368	50.0025	0.00968295	7500	2e+11 0.511558
637	0.0063781	50.0025	0.00968294	7500	2e+11 0.511605
638	0.00638819	50.0024	0.00968293	7500	2e+11 0.511605
639	0.00639829	50.0022	0.00968289	7500	2e+11 0.511605
640	0.00640838	50.0017	0.00968278	7500	2e+11 0.511605
641	0.00641848	49.9996	0.00968239	7500	2e+11 0.511605
642	0.00642857	49.9957	0.00968162	7500	2e+11 0.511747
643	0.00643866	49.9855	0.00967965	7500	2e+11 0.511747
644	0.00644876	49.9456	0.00967192	7500	2e+11 0.511747
645	0.00645885	49.8387	0.00965123	7500	2e+11 0.511747
646	0.00646894	49.5817	0.00960145	7500	2e+11 0.511841
647	0.00647903	48.832	0.00945628	7500	2e+11 0.511841
648	0.00648912	46.2463	0.00895556	7500	2e+11 0.512338
649	0.0064992	41.5324	0.00804271	7500	2e+11 0.513168
650	0.00650926	35.3632	0.00684806	7500	2e+11 0.513168
651	0.00651939	28.5217	0.00552321	7500	2e+11 0.51431
652	0.00652943	21.9428	0.00424921	7500	2e+11 0.514716
653	0.00653946	16.1223	0.00312207	7500	2e+11 0.515146
654	0.00654948	11.3297	0.00219399	7500	2e+11 0.515554
655	0.0065595	7.64221	0.00147991	7500	2e+11 0.515937
656	0.00656951	4.9674	0.000961932	7500	2e+11 0.516057
657	0.00657951	3.10485	0.000601252	7500	2e+11 0.51625
658	0.00658952	1.87917	0.000363899	7500	2e+11 0.51649
659	0.00659952	1.09693	0.00021242	7500	2e+11 0.51649
660	0.00660952	0.616712	0.000119426	7500	2e+11 0.51649
661	0.00661951	0.336403	6.51442e-05	7500	2e+11 0.51649
662	0.00662951	0.176531	3.41851e-05	7500	2e+11 0.516514
663	0.00663951	0.0899925	1.7427e-05	7500	2e+11 0.516514
664	0.00664951	0.0443862	8.59534e-06	7500	2e+11 0.51637
665	0.00665951	0.0212995	4.12464e-06	7500	2e+11 0.51637
666	0.00666951	0.00988248	1.91373e-06	7500	2e+11 0.516394
667	0.00667951	0.00444728	8.61213e-07	7500	2e+11 0.516562
668	0.00668951	0.00195128	3.77863e-07	7500	2e+11 0.516562
669	0.00669951	0.000831946	1.61106e-07	7500	2e+11 0.516418
670	0.00670951	0.000343218	6.64638e-08	7500	2e+11 0.51649
671	0.00671951	0.00013764	2.66539e-08	7500	2e+11 0.51649
672	0.00672951	5.3199e-05	1.03019e-08	7500	2e+11 0.51637
673	0.00673951	2.00979e-05	3.89194e-09	7500	2e+11 0.516538
674	0.00674951	7.34535e-06	1.42242e-09	7500	2e+11 0.516538
675	0.00675951	2.58106e-06	4.99819e-10	7500	2e+11 0.51637
676	0.00676951	8.65282e-07	1.67561e-10	7500	2e+11 0.51637
677	0.00677951	2.79507e-07	5.41263e-11	7500	2e+11 0.516442
678	0.00678951	8.67401e-08	1.67971e-11	7500	2e+11 0.516442
679	0.00679951	2.56955e-08	4.9759e-12	7500	2e+11 0.516442
680	0.00680951	7.25589e-09	1.4051e-12	7500	2e+11 0.516442
681	0.00681951	1.97932e-09	3.83294e-13	7500	2e+11 0.516394
682	0.00682951	5.09752e-10	9.87131e-14	7500	2e+11 0.516394
683	0.00683951	1.23034e-10	2.38255e-14	7500	2e+11 0.51637
684	0.00684952	2.82746e-11	5.47536e-15	7500	2e+11 0.516346
685	0.00685952	6.24583e-12	1.2095e-15	7500	2e+11 0.516346
686	0.00686952	1.33596e-12	2.58707e-16	7500	2e+11 0.51637
687	0.00687952	2.74337e-13	5.31251e-17	7500	2e+11 0.516442
688	0.00688952	5.5098e-14	1.06697e-17	7500	2e+11 0.516442
689	0.00689952	1.09735e-14	2.12501e-18	7500	2e+11 0.516418
690	0.00690952	2.08411e-15	4.03587e-19	7500	2e+11 0.516418
691	0.00691952	3.88946e-16	7.53191e-20	7500	2e+11 0.516442
692	0.00692952	7.41705e-17	1.43631e-20	7500	2e+11 0.516442
693	0.00693952	1.41032e-17	2.73107e-21	7500	2e+11 0.516466
694	0.00694952	2.6784e-18	5.18669e-22	7500	2e+11 0.516466
695	0.00695952	5.09345e-19	9.86342e-23	7500	2e+11 0.516466
696	0.00696952	9.39045e-20	1.81845e-23	7500	2e+11 0.516394
697	0.00697952	1.64415e-20	3.18388e-24	7500	2e+11 0.516418
698	0.00698952	2.6429e-21	5.11791e-25	7500	2e+11 0.516418
699	0.00699952	3.9733e-22	7.69208e-26	7500	2e+11 0.51649
700	0.00700952	5.68981e-23	1.09074e-26	7500	2e+11 0.51649
701	0.00701952	9.31388e-24	1.19922e-27	7500	2e+11 0.51637
702	0.00702952	1.06632e-23	-1.71549e-27	7500	2e+11 0.51637
703	0.00703952	8.7983e-23	-1.69998e-26	7500	2e+11 0.516466
704	0.00704952	9.30693e-22	-1.80223e-25	7500	2e+11 0.516466
705	0.00705952	1.01481e-20	-1.96516e-24	7500	2e+11 0.516442
706	0.00706952	1.1137e-19	-2.15667e-23	7500	2e+11 0.516442
707	0.00707952	1.09153e-18	-2.11373e-22	7500	2e+11 0.516442
708	0.00708952	1.01668e-17	-1.96879e-21	7500	2e+11 0.516418
709	0.00709952	8.72199e-17	-1.68901e-20	7500	2e+11 0.516538
710	0.00710952	6.93427e-16	-1.34282e-19	7500	2e+11 0.516538
711	0.00711952	4.87093e-15	-9.43251e-19	7500	2e+11 0.516442
712	0.00712952	3.06612e-14	-5.93752e-18	7500	2e+11 0.516442
713	0.00713952	1.83677e-13	-3.55689e-17	7500	2e+11 0.516442
714	0.00714952	1.04678e-12	-2.02707e-16	7500	2e+11 0.516442
715	0.00715952	5.45606e-12	-1.05656e-15	7500	2e+11 0.516394
716	0.00716952	2.56549e-11	-4.96804e-15	7500	2e+11 0.516562
717	0.00717951	1.13873e-10	-2.20515e-14	7500	2e+11 0.516562
718	0.00718951	4.91815e-10	-9.52395e-14	7500	2e+11 0.516418
719	0.00719952	1.97013e-09	-3.81514e-13	7500	2e+11 0.51649
720	0.00720951	7.46978e-09	-1.44652e-12	7500	2e+11 0.51649
721	0.00721952	2.67551e-08	-5.18111e-12	7500	2e+11 0.51649
722	0.00722951	8.94442e-08	-1.73208e-11	7500	2e+11 0.51649
723	0.00723951	2.89823e-07	-5.61239e-11	7500	2e+11 0.516442
724	0.00724951	9.13835e-07	-1.76963e-10	7500	2e+11 0.516442
725	0.00725951	2.72802e-06	-5.28278e-10	7500	2e+11 0.516442
726	0.00726951	7.73586e-06	-1.49804e-09	7500	2e+11 0.516442
727	0.00727951	2.10571e-05	-4.0777e-09	7500	2e+11 0.516442
728	0.00728951	5.55167e-05	-1.07508e-08	7500	2e+11 0.516442
729	0.00729951	0.000140416	-2.71914e-08	7500	2e+11 0.516418
730	0.00730951	0.000345246	-6.68566e-08	7500	2e+11 0.516418
731	0.00731951	0.00082756	-1.60256e-07	7500	2e+11 0.516514
732	0.00732951	0.00191845	-3.71507e-07	7500	2e+11 0.516514
733	0.00733951	0.00429549	-8.31818e-07	7500	2e+11 0.516322
734	0.00734952	0.00932996	-1.80674e-06	7500	2e+11 0.51637
735	0.00735952	0.0198605	-3.84597e-06	7500	2e+11 0.516418
736	0.00736952	0.0408219	-7.90512e-06	7500	2e+11 0.51649
737	0.00737951	0.0809333	-1.56727e-05	7500	2e+11 0.51649
738	0.00738952	0.156047	-3.02185e-05	7500	2e+11 0.516346
739	0.00739952	0.290421	-5.62397e-05	7500	2e+11 0.516418
740	0.00740952	0.524702	-0.000101608	7500	2e+11 0.516418
741	0.00741952	0.919487	-0.000178058	7500	2e+11 0.51649
742	0.00742952	1.55431	-0.000300992	7500	2e+11 0.51649
743	0.00743951	2.53406	-0.000490718	7500	2e+11 0.516658
744	0.00744951	3.98962	-0.000772586	7500	2e+11 0.516731
745	0.0074595	6.05025	-0.00117162	7500	2e+11 0.51702
746	0.00746949	8.87323	-0.00171829	7500	2e+11 0.517309
747	0.00747947	12.5333	-0.00242705	7500	2e+11 0.517671
748	0.00748945	17.0521	-0.00330213	7500	2e+11 0.518204
749	0.00749941	22.3459	-0.00432727	7500	2e+11 0.518422
750	0.00750937	28.1876	-0.00545851	7500	2e+11 0.522796
751	0.00751925	34.1535	-0.0066138	7500	2e+11 0.522796
752	0.00752919	39.8191	-0.00771093	7500	2e+11 0.520246
753	0.00753911	44.5704	-0.00863102	7500	2e+11 0.520905
754	0.00754903	47.853	-0.00926669	7500	2e+11 0.520954
755	0.00755894	49.2258	-0.00953253	7500	2e+11 0.521028
756	0.00756885	49.8055	-0.00964478	7500	2e+11 0.521199
757	0.00757876	49.9082	-0.00966468	7500	2e+11 0.521224
758	0.00758867	49.9656	-0.0096758	7500	2e+11 0.521224
759	0.00759858	49.9852	-0.00967959	7500	2e+11 0.521199
760	0.00760848	49.9937	-0.00968125	7500	2e+11 0.521224
761	0.00761839	49.9961	-0.00968171	7500	2e+11 0.521224
762	0.0076283	49.997	-0.00968188	7500	2e+11 0.521395
763	0.0076382	49.9973	-0.00968193	7500	2e+11 0.521395
764	0.00764811	49.9973	-0.00968195	7500	2e+11 0.52142
765	0.00765802	49.9974	-0.00968195	7500	2e+11 0.52142
766	0.00766792	49.9974	-0.00968195	7500	2e+11 0.521297
767	0.00767783	49.9974	-0.00968196	7500	2e+11 0.521297
768	0.00768774	49.9974	-0.00968196	7500	2e+11 0.521322
769	0.00769764	49.9974	-0.00968196	7500	2e+11 0.521322
770	0.00770755	49.9974	-0.00968196	7500	2e+11 0.521371
771	0.00771745	49.9974	-0.00968196	7500	2e+11 0.521371
772	0.00772736	49.9974	-0.00968196	7500	2e+11 0.521297
773	0.00773726	49.9974	-0.00968196	7500	2e+11 0.521395
774	0.00774717	49.9974	-0.00968196	7500	2e+11 0.521395
775	0.00775707	49.9974	-0.00968196	7500	2e+11 0.521346
776	0.00776698	49.9974	-0.00968196	7500	2e+11 0.521346
777	0.00777688	49.9974	-0.00968196	7500	2e+11 0.521322
778	0.00778679	49.9974	-0.00968196	7500	2e+11 0.521371
779	0.0077967	49.9974	-0.00968196	7500	2e+11 0.521371
780	0.0078066	49.9974	-0.00968196	7500	2e+11 0.521346
781	0.00781654	49.9974	-0.00968196	7500	2e+11 0.52049
782	0.00782647	49.9974	-0.00968196	7500	2e+11 0.521469
783	0.00783637	49.9974	-0.00968196	7500	2e+11 0.521469
784	0.00784628	49.9974	-0.00968196	7500	2e+11 0.521518
785	0.00785618	49.9974	-0.00968196	7500	2e+11 0.521518
786	0.00786608	49.9974	-0.00968196	7500	2e+11 0.52142
787	0.00787599	49.9974	-0.00968196	7500	2e+11 0.52142
788	0.00788589	49.9974	-0.00968196	7500	2e+11 0.521518
789	0.00789579	49.9974	-0.00968196	7500	2e+11 0.521518
790	0.0079057	49.9974	-0.00968196	7500	2e+11 0.521518
791	0.0079156	49.9974	-0.00968196	7500	2e+11 0.521518
792	0.0079255	49.9974	-0.00968196	7500	2e+11 0.521469
793	0.00793541	49.9974	-0.00968196	7500	2e+11 0.521469
794	0.00794531	49.9974	-0.00968196	7500	2e+11 0.521567
795	0.00795522	49.9974	-0.00968196	7500	2e+11 0.521567
796	0.00796512	49.9974	-0.00968196	7500	2e+11 0.521371
797	0.00797503	49.9974	-0.00968196	7500	2e+11 0.521469
798	0.00798493	49.9974	-0.00968196	7500	2e+11 0.521469
799	0.00799483	49.9974	-0.00968196	7500	2e+11 0.52142
800	0.00800474	49.9974	-0.00968196	7500	2e+11 0.52142
801	0.00801464	49.9974	-0.00968196	7500	2e+11 0.521567
802	0.00802454	49.9974	-0.00968196	7500	2e+11 0.521567
803	0.00803445	49.9974	-0.00968196	7500	2e+11 0.521469
804	0.00804435	49.9974	-0.00968196	7500	2e+11 0.521469
805	0.00805426	49.9974	-0.00968196	7500	2e+11 0.521469
806	0.00806416	49.9974	-0.00968196	7500	2e+11 0.521469
807	0.00807406	49.9974	-0.00968196	7500	2e+11 0.52142
808	0.00808397	49.9974	-0.00968196	7500	2e+11 0.52142
809	0.00809387	49.9974	-0.00968196	7500	2e+11 0.52142
810	0.00810378	49.9974	-0.00968196	7500	2e+11 0.521469
811	0.00811368	49.9974	-0.00968196	7500	2e+11 0.521469
812	0.00812358	49.9974	-0.00968196	7500	2e+11 0.52142
813	0.00813349	49.9974	-0.00968196	7500	2e+11 0.52142
814	0.00814339	49.9974	-0.00968196	7500	2e+11 0.521469
815	0.0081533	49.9974	-0.00968196	7500	2e+11 0.521469
816	0.0081632	49.9974	-0.00968196	7500	2e+11 0.521469
817	0.0081731	49.9974	-0.00968196	7500	2e+11 0.521469
818	0.00818301	49.9974	-0.00968196	7500	2e+11 0.521469
819	0.00819291	49.9974	-0.00968196	7500	2e+11 0.521469
820	0.00820282	49.9974	-0.00968196	7500	2e+11 0.52142
821	0.00821272	49.9974	-0.00968196	7500	2e+11 0.521567
822	0.00822262	49.9974	-0.00968196	7500	2e+11 0.521567
823	0.00823253	49.9974	-0.00968196	7500	2e+11 0.521567
824	0.00824243	49.9974	-0.00968196	7500	2e+11 0.521567
825	0.00825233	49.9974	-0.00968196	7500	2e+11 0.521469
826	0.00826224	49.9974	-0.00968196	7500	2e+11 0.521469
827	0.00827214	49.9974	-0.00968196	7500	2e+11 0.521567
828	0.00828204	49.9974	-0.00968196	7500	2e+11 0.521567
829	0.00829195	49.9974	-0.00968196	7500	2e+11 0.521518
830	0.00830185	49.9973	-0.00968195	7500	2e+11 0.521518
831	0.00831176	49.9972	-0.00968192	7500	2e+11 0.52142
832	0.00832166	49.9968	-0.00968185	7500	2e+11 0.521518
833	0.00833156	49.996	-0.00968168	7500	2e+11 0.521518
834	0.00834147	49.9941	-0.00968132	7500	2e+11 0.521469
835	0.00835137	49.9902	-0.00968055	7500	2e+11 0.521567
836	0.00836127	49.9818	-0.00967893	7500	2e+11 0.521567
837	0.00837118	49.9649	-0.00967565	7500	2e+11 0.521567
838	0.00838108	49.9312	-0.00966913	7500	2e+11 0.521567
839	0.00839099	49.8657	-0.00965645	7500	2e+11 0.521469
840	0.00840089	49.7444	-0.00963297	7500	2e+11 0.521469
841	0.00841079	49.5267	-0.00959081	7500	2e+11 0.521322
842	0.0084207	49.1506	-0.00951797	7500	2e+11 0.521273
843	0.00843061	48.5296	-0.00939771	7500	2e+11 0.521273
844	0.00844052	47.5262	-0.00920341	7500	2e+11 0.521224
845	0.00845043	45.9885	-0.00890563	7500	2e+11 0.521028
846	0.00846034	43.7195	-0.00846625	7500	2e+11 0.520881
847	0.00847026	40.4916	-0.00784116	7500	2e+11 0.520343
848	0.00848019	36.1837	-0.00700694	7500	2e+11 0.520148
849	0.00849013	30.7821	-0.00596092	7500	2e+11 0.519563
850	0.00850008	24.5154	-0.00474739	7500	2e+11 0.51898
851	0.00851004	17.7744	-0.003442	7500	2e+11 0.5183
852	0.00852002	11.24	-0.00217663	7500	2e+11 0.517623
853	0.00853001	5.77798	-0.0011189	7500	2e+11 0.517092
854	0.00854	2.11605	-0.000409771	7500	2e+11 0.516707
855	0.00855	0.783388	-0.000151702	7500	2e+11 0.516514
856	0.00856	0.269079	-5.21069e-05	7500	2e+11 0.516418
857	0.00857	0.0986809	-1.91095e-05	7500	2e+11 0.516418
858	0.00858	0.0326794	-6.32834e-06	7500	2e+11 0.516418
859	0.00859	0.00854407	-1.65455e-06	7500	2e+11 0.516418
860	0.0086	0.0034909	-6.76011e-07	7500	2e+11 0.516418
861	0.00861	0.0013204	-2.55694e-07	7500	2e+11 0.516418
862	0.00862	0.000475876	-9.2153e-08	7500	2e+11 0.516418
863	0.00863	0.000187334	-3.62771e-08	7500	2e+11 0.516418
864	0.00864	7.28254e-05	-1.41026e-08	7500	2e+11 0.516418
865	0.00865	2.19659e-05	-4.25369e-09	7500	2e+11 0.516418
866	0.00866	7.90039e-06	-1.5299e-09	7500	2e+11 0.516418
867	0.00867	2.99004e-06	-5.79019e-10	7500	2e+11 0.516418
868	0.00868	9.86128e-07	-1.90963e-10	7500	2e+11 0.516418
869	0.00869	2.77987e-07	-5.38319e-11	7500	2e+11 0.516418
870	0.0087	1.13095e-07	-2.19008e-11	7500	2e+11 0.516418
871	0.00871	4.04734e-08	-7.83765e-12	7500	2e+11 0.516418
872	0.00872	1.46005e-08	-2.82737e-12	7500	2e+11 0.516418
873	0.00873	4.78464e-09	-9.26541e-13	7500	2e+11 0.516418
874	0.00874	1.47576e-09	-2.8578e-13	7500	2e+11 0.516418
875	0.00875	6.36708e-10	-1.23298e-13	7500	2e+11 0.516418
876	0.00876	2.19759e-10	-4.25561e-14	7500	2e+11 0.516418
877	0.00877	7.56393e-11	-1.46475e-14	7500	2e+11 0.516418
878	0.00878	2.27179e-11	-4.3993e-15	7500	2e+11 0.516418
879	0.00879	9.85441e-12	-1.9083e-15	7500	2e+11 0.516418
880	0.0088	3.86194e-12	-7.47862e-16	7500	2e+11 0.516418
881	0.00881	1.37721e-12	-2.66696e-16	7500	2e+11 0.516418
882	0.00882	4.632e-13	-8.96982e-17	7500	2e+11 0.516418
883	0.00883	1.69149e-13	-3.27556e-17	7500	2e+11 0.516418
884	0.00884	5.73678e-14	-1.11092e-17	7500	2e+11 0.516418
885	0.00885	2.10632e-14	-4.07887e-18	7500	2e+11 0.516418
886	0.00886	8.42129e-15	-1.63078e-18	7500	2e+11 0.516418
887	0.00887	2.58777e-15	-5.01119e-19	7500	2e+11 0.516418
888	0.00888	1.00993e-15	-1.95573e-19	7500	2e+11 0.516418
889	0.00889	3.21691e-16	-6.22953e-20	7500	2e+11 0.516418
890	0.0089	9.00717e-17	-1.74423e-20	7500	2e+11 0.516418
891	0.00891	3.81958e-17	-7.39659e-21	7500	2e+11 0.516418
892	0.00892	1.06082e-17	-2.05426e-21	7500	2e+11 0.516418
893	0.00893	4.29337e-18	-8.31407e-22	7500	2e+11 0.516418
894	0.00894	1.81459e-18	-3.51393e-22	7500	2e+11 0.516418
895	0.00895	6.52303e-19	-1.26318e-22	7500	2e+11 0.516418
896	0.00896	2.33403e-19	-4.51982e-23	7500	2e+11 0.516418
897	0.00897	7.20724e-20	-1.39568e-23	7500	2e+11 0.516418
898	0.00898	2.80269e-20	-5.42739e-24	7500	2e+11 0.516418
899	0.00899	1.00883e-20	-1.95359e-24	7500	2e+11 0.516418
900	0.009	3.38237e-21	-6.54994e-25	7500	2e+11 0.516418
901	0.00901	1.07497e-21	-2.08167e-25	7500	2e+11 0.516418
902	0.00902	3.70878e-22	-7.18202e-26	7500	2e+11 0.516418
903	0.00903	1.46268e-22	-2.83246e-26	7500	2e+11 0.516418
904	0.00904	3.91208e-23	-7.57571e-27	7500	2e+11 0.516418
905	0.00905	1.52687e-23	-2.95677e-27	7500	2e+11 0.516418
906	0.00906	5.14736e-24	-9.96782e-28	7500	2e+11 0.516418
907	0.00907	1.55765e-24	-3.01637e-28	7500	2e+11 0.516418
908	0.00908	6.07348e-25	-1.17612e-28	7500	2e+11 0.516418
909	0.00909	2.09515e-25	-4.05724e-29	7500	2e+11 0.516418
910	0.0091	6.80337e-26	-1.31747e-29	7500	2e+11 0.516418
911	0.00911	2.33399e-26	-4.51975e-30	7500	2e+11 0.516418
912	0.00912	6.98898e-27	-1.35341e-30	7500	2e+11 0.516418
913	0.00913	2.40534e-27	-4.65792e-31	7500	2e+11 0.516418
914	0.00914	7.21348e-28	-1.39688e-31	7500	2e+11 0.516418
915	0.00915	2.11626e-28	-4.09812e-32	7500	2e+11 0.516418
916	0.00916	5.12188e-29	-9.91847e-33	7500	2e+11 0.516418
917	0.00917	1.55055e-29	-3.00264e-33	7500	2e+11 0.516418
918	0.00918	3.76401e-30	-7.28898e-34	7500	2e+11 0.516418
919	0.00919	8.02823e-31	-1.55466e-34	7500	2e+11 0.516418
920	0.0092	1.91701e-31	-3.71227e-35	7500	2e+11 0.516418
921	0.00921	6.6962e-32	-1.29671e-35	7500	2e+11 0.516418
922	0.00922	1.49909e-32	-2.90298e-36	7500	2e+11 0.516418
923	0.00923	5.07163e-33	-9.82117e-37	7500	2e+11 0.516418
924	0.00924	1.04062e-33	-2.01515e-37	7500	2e+11 0.516418
925	0.00925	1.88133e-34	-3.64318e-38	7500	2e+11 0.516418
926	0.00926	2.60516e-35	-5.04487e-39	7500	2e+11 0.516418
927	0.00927	2.17097e-36	-4.20406e-40	7500	2e+11 0.516418
928	0.00928	7.23591e-37	-1.40123e-40	7500	2e+11 0.516418
929	0.00929	0	0	7500	2e+11 0.516418
930	0.0093	0	0	7500	2e+11 0.516418
931	0.00931	0	0	7500	2e+11 0.516418
932	0.00932	0	0	7500	2e+11 0.516418
933	0.00933	0	0	7500	2e+11 0.516418
934	0.00934	0	0	7500	2e+11 0.516418
935	0.00935	0	0	7500	2e+11 0.516418
936	0.00936	0	0	7500	2e+11 0.516418
937	0.00937	0	0	7500	2e+11 0.516418
938	0.00938	0	0	7500	2e+11 0.516418
939	0.00939	0	0	7500	2e+11 0.516418
940	0.0094	0	0	7500	2e+11 0.516418
941	0.00941	0	0	7500	2e+11 0.516418
942	0.00942	0	0	7500	2e+11 0.516418
943	0.00943	0	0	7500	2e+11 0.516418
944	0.00944	0	0	7500	2e+11 0.516418
945	0.00945	0	0	7500	2e+11 0.516418
946	0.00946	0	0	7500	2e+11 0.516418
947	0.00947	0	0	7500	2e+11 0.516418
948	0.00948	0	0	7500	2e+11 0.516418
949	0.00949	0	0	7500	2e+11 0.516418
950	0.0095	0	0	7500	2e+11 0.516418
951	0.00951	0	0	7500	2e+11 0.516418
952	0.00952	0	0	7500	2e+11 0.516418
953	0.00953	0	0	7500	2e+11 0.516418
954	0.00954	0	0	7500	2e+11 0.516418
955	0.00955	0	0	7500	2e+11 0.516418
956	0.00956	0	0	7500	2e+11 0.516418
957	0.00957	0	0	7500	2e+11 0.516418
958	0.00958	0	0	7500	2e+11 0.516418
959	0.00959	0	0	7500	2e+11 0.516418
960	0.0096	0	0	7500	2e+11 0.516418
961	0.00961	0	0	7500	2e+11 0.516418
962	0.00962	0	0	7500	2e+11 0.516418
963	0.00963	0	0	7500	2e+11 0.516418
964	0.00964	0	0	7500	2e+11 0.516418
965	0.00965	0	0	7500	2e+11 0.516418
966	0.00966	0	0	7500	2e+11 0.516418
967	0.00967	0	0	7500	2e+11 0.516418
968	0.00968	0	0	7500	2e+11 0.516418
969	0.00969	0	0	7500	2e+11 0.516418
970	0.0097	0	0	7500	2e+11 0.516418
971	0.00971	0	0	7500	2e+11 0.516418
972	0.00972	0	0	7500	2e+11 0.516418
973	0.00973	0	0	7500	2e+11 0.516418
974	0.00974	0	0	7500	2e+11 0.516418
975	0.00975	0	0	7500	2e+11 0.516418
976	0.00976	0	0	7500	2e+11 0.516418
977	0.00977	0	0	7500	2e+11 0.516418
978	0.00978	0	0	7500	2e+11 0.516418
979	0.00979	0	0	7500	2e+11 0.516418
980	0.0098	0	0	7500	2e+11 0.516418
981	0.00981	0	0	7500	2e+11 0.516418
982	0.00982	0	0	7500	2e+11 0.516418
983	0.00983	0	0	7500	2e+11 0.516418
984	0.00984	0	0	7500	2e+11 0.516418
985	0.00985	0	0	7500	2e+11 0.516418
986	0.00986	0	0	7500	2e+11 0.516418
987	0.00987	0	0	7500	2e+11 0.516418
988	0.00988	0	0	7500	2e+11 0.516418
989	0.00989	0	0	7500	2e+11 0.516418
990	0.0099	0	0	7500	2e+11 0.516418
991	0.00991	0	0	7500	2e+11 0.516418
992	0.00992	0	0	7500	2e+11 0.516418
993	0.00993	0	0	7500	2e+11 0.516418
994	0.00994	0	0	7500	2e+11 0.516418
995	0.00995	0	0	7500	2e+11 0.516418
996	0.00996	0	0	7500	2e+11 0.516418
997	0.00997	0	0	7500	2e+11 0.516418
998	0.00998	0	0	7500	2e+11 0.516418
999	0.00999	0	0	7500	2e+11 0.516418
1000	0.01	0	-0	7500	2e+11 0.516418
