0	0	0	0	1	1
1	0.01	0	0	1	1
2	0.02	0	0	1	1
3	0.03	0	0	1	1
4	0.04	0	0	1	1
5	0.05	0	0	1	1
6	0.06	0	0	1	1
7	0.07	0	0	1	1
8	0.08	0	0	1	1
9	0.09	0	0	1	1
10	0.1	0	0	1	1
11	0.11	0	0	1	1
12	0.12	0	0	1	1
13	0.13	0	0	1	1
14	0.14	0	0	1	1
15	0.15	0	0	1	1
16	0.16	0	0	1	1
17	0.17	0	0	1	1
18	0.18	0	0	1	1
19	0.19	0	0	1	1
20	0.2	0	0	1	1
21	0.21	0	0	1	1
22	0.22	0	0	1	1
23	0.23	0	0	1	1
24	0.24	0	0	1	1
25	0.25	0	0	1	1
26	0.26	0	0	1	1
27	0.27	0	0	1	1
28	0.28	0	0	1	1
29	0.29	0	0	1	1
30	0.3	0	0	1	1
31	0.31	0	0	1	1
32	0.32	0	0	1	1
33	0.33	0	0	1	1
34	0.34	0	0	1	1
35	0.35	0	0	1	1
36	0.36	0	0	1	1
37	0.37	0	0	1	1
38	0.38	0	0	1	1
39	0.39	0	0	1	1
40	0.4	0	0	1	1
41	0.409049	-8.937e-05	8.937e-05	1	1
42	0.418104	-0.000738885	0.000738885	1	1
43	0.42718	-0.00309811	0.00309811	1	1
44	0.436308	-0.00878888	0.00878888	1	1
45	0.44553	-0.018976	0.018976	1	1
46	0.454884	-0.0333054	0.0333054	1	1
47	0.464393	-0.04971	0.04971	1	1
48	0.474053	-0.0654095	0.0654095	1	1
49	0.483838	-0.0782671	0.0782671	1	1
50	-0.0481374	-46.9704	14.8534	0.1	1
51	0.381657	-12.3044	3.891	0.1	1
52	0.457429	-6.46221	2.04353	0.1	1
53	0.492175	-3.95728	1.2514	0.1	1
54	0.514324	-2.5226	0.797715	0.1	1
55	0.530963	-1.61312	0.510112	0.1	1
56	0.544808	-1.0299	0.325683	0.1	1
57	0.55718	-0.673644	0.213025	0.1	1
58	0.568801	-0.475059	0.150227	0.1	1
59	0.580064	-0.376271	0.118987	0.1	1
60	0.591169	-0.331675	0.104885	0.1	1
61	0.602203	-0.311158	0.0983967	0.1	1
62	0.613193	-0.298329	0.09434	0.1	1
63	0.624138	-0.285692	0.0903438	0.1	1
64	0.635031	-0.270351	0.0854925	0.1	1
65	0.645859	-0.251533	0.0795417	0.1	1
66	0.656611	-0.229454	0.0725598	0.1	1
67	0.66728	-0.204844	0.0647774	0.1	1
68	0.677861	-0.178708	0.0565125	0.1	1
69	0.688354	-0.15217	0.0481205	0.1	1
70	0.698762	-0.126327	0.0399481	0.1	1
71	0.70909	-0.102138	0.0322987	0.1	1
72	0.719347	-0.0803489	0.0254085	0.1	1
73	0.729544	-0.0614453	0.0194307	0.1	1
74	0.739689	-0.0456436	0.0144338	0.1	1
75	0.749794	-0.0329138	0.0104083	0.1	1
76	0.759867	-0.0230295	0.00728258	0.1	1
77	0.769917	-0.0156307	0.00494286	0.1	1
78	0.779949	-0.0102903	0.00325407	0.1	1
79	0.78997	-0.00657146	0.00207808	0.1	1
80	0.799983	-0.00407173	0.00128759	0.1	1
81	0.809991	-0.00244866	0.000774335	0.1	1
82	0.819995	-0.00142989	0.00045217	0.1	1
83	0.829998	-0.000811156	0.00025651	0.1	1
84	0.839999	-0.000447265	0.000141438	0.1	1
85	0.85	-0.000239846	7.58461e-05	0.1	1
86	0.86	-0.000125152	3.95765e-05	0.1	1
87	0.87	-6.35769e-05	2.01048e-05	0.1	1
88	0.88	-3.14601e-05	9.94856e-06	0.1	1
89	0.89	-1.51721e-05	4.79785e-06	0.1	1
90	0.9	-7.13478e-06	2.25622e-06	0.1	1
91	0.91	-3.27323e-06	1.03509e-06	0.1	1
92	0.92	-1.46568e-06	4.63489e-07	0.1	1
93	0.93	-6.40869e-07	2.02661e-07	0.1	1
94	0.94	-2.73753e-07	8.65695e-08	0.1	1
95	0.95	-1.14282e-07	3.61428e-08	0.1	1
96	0.96	-4.66346e-08	1.47578e-08	0.1	1
97	0.97	-1.8578e-08	5.90549e-09	0.1	1
98	0.98	-7.13968e-09	2.34469e-09	0.1	1
99	0.99	-2.4007e-09	1.00098e-09	0.1	1
100	1	0	6.5916e-10	0.1	1
