0	0	0	0	7500	2e+11 0.516398
1	1e-05	0	0	7500	2e+11 0.516398
2	2e-05	0	0	7500	2e+11 0.516398
3	3e-05	0	0	7500	2e+11 0.516398
4	4e-05	0	0	7500	2e+11 0.516398
5	5e-05	0	0	7500	2e+11 0.516398
6	6e-05	0	0	7500	2e+11 0.516398
7	7e-05	0	0	7500	2e+11 0.516398
8	8e-05	0	0	7500	2e+11 0.516398
9	9e-05	0	0	7500	2e+11 0.516398
10	0.0001	0	0	7500	2e+11 0.516398
11	0.00011	0	0	7500	2e+11 0.516398
12	0.00012	0	0	7500	2e+11 0.516398
13	0.00013	0	0	7500	2e+11 0.516398
14	0.00014	0	0	7500	2e+11 0.516398
15	0.00015	0	0	7500	2e+11 0.516398
16	0.00016	0	0	7500	2e+11 0.516398
17	0.00017	0	0	7500	2e+11 0.516398
18	0.00018	0	0	7500	2e+11 0.516398
19	0.00019	0	0	7500	2e+11 0.516398
20	0.0002	0	0	7500	2e+11 0.516398
21	0.00021	0	0	7500	2e+11 0.516398
22	0.00022	0	0	7500	2e+11 0.516398
23	0.00023	0	0	7500	2e+11 0.516398
24	0.00024	0	0	7500	2e+11 0.516398
25	0.00025	0	0	7500	2e+11 0.516398
26	0.00026	0	0	7500	2e+11 0.516398
27	0.00027	0	0	7500	2e+11 0.516398
28	0.00028	0	0	7500	2e+11 0.516398
29	0.00029	0	0	7500	2e+11 0.516398
30	0.0003	0	0	7500	2e+11 0.516398
31	0.00031	0	0	7500	2e+11 0.516398
32	0.00032	0	0	7500	2e+11 0.516398
33	0.00033	0	0	7500	2e+11 0.516398
34	0.00034	0	0	7500	2e+11 0.516398
35	0.00035	0	0	7500	2e+11 0.516398
36	0.00036	0	0	7500	2e+11 0.516398
37	0.00037	0	0	7500	2e+11 0.516398
38	0.00038	0	0	7500	2e+11 0.516398
39	0.00039	0	0	7500	2e+11 0.516398
40	0.0004	0	0	7500	2e+11 0.516398
41	0.00041	0	0	7500	2e+11 0.516398
42	0.00042	0	0	7500	2e+11 0.516398
43	0.00043	0	0	7500	2e+11 0.516398
44	0.00044	0	0	7500	2e+11 0.516398
45	0.00045	0	0	7500	2e+11 0.516398
46	0.00046	0	0	7500	2e+11 0.516398
47	0.00047	0	0	7500	2e+11 0.516398
48	0.00048	0	0	7500	2e+11 0.516398
49	0.00049	0	0	7500	2e+11 0.5164
50	0.0005	0	0	7500	2e+11 0.5164
51	0.00051	0	0	7500	2e+11 0.516397
52	0.00052	0	0	7500	2e+11 0.5164
53	0.00053	0	0	7500	2e+11 0.5164
54	0.00054	0	0	7500	2e+11 0.516397
55	0.00055	0	0	7500	2e+11 0.5164
56	0.00056	0	0	7500	2e+11 0.5164
57	0.00057	0	0	7500	2e+11 0.516397
58	0.00058	0	0	7500	2e+11 0.516397
59	0.00059	0	0	7500	2e+11 0.5164
60	0.0006	0	0	7500	2e+11 0.5164
61	0.00061	0	0	7500	2e+11 0.516397
62	0.00062	0	0	7500	2e+11 0.5164
63	0.00063	0	0	7500	2e+11 0.5164
64	0.00064	0	0	7500	2e+11 0.516397
65	0.00065	0	0	7500	2e+11 0.5164
66	0.00066	0	0	7500	2e+11 0.5164
67	0.00067	0	0	7500	2e+11 0.516397
68	0.00068	0	0	7500	2e+11 0.5164
69	0.00069	0	0	7500	2e+11 0.5164
70	0.0007	0	0	7500	2e+11 0.516397
71	0.00071	0	0	7500	2e+11 0.516397
72	0.00072	0	0	7500	2e+11 0.5164
73	0.00073	0	0	7500	2e+11 0.5164
74	0.00074	0	0	7500	2e+11 0.516397
75	0.00075	0	0	7500	2e+11 0.5164
76	0.00076	0	0	7500	2e+11 0.5164
77	0.00077	0	0	7500	2e+11 0.516397
78	0.00078	0	0	7500	2e+11 0.5164
79	0.00079	0	0	7500	2e+11 0.5164
80	0.0008	0	0	7500	2e+11 0.516397
81	0.00081	0	0	7500	2e+11 0.5164
82	0.00082	0	0	7500	2e+11 0.5164
83	0.00083	0	0	7500	2e+11 0.516397
84	0.00084	0	0	7500	2e+11 0.5164
85	0.00085	0	0	7500	2e+11 0.5164
86	0.00086	0	0	7500	2e+11 0.516397
87	0.00087	0	0	7500	2e+11 0.5164
88	0.00088	0	0	7500	2e+11 0.5164
89	0.00089	0	0	7500	2e+11 0.516397
90	0.0009	0	0	7500	2e+11 0.516397
91	0.00091	0	0	7500	2e+11 0.5164
92	0.00092	0	0	7500	2e+11 0.5164
93	0.00093	0	0	7500	2e+11 0.516397
94	0.00094	0	0	7500	2e+11 0.5164
95	0.00095	0	0	7500	2e+11 0.5164
96	0.00096	0	0	7500	2e+11 0.516397
97	0.00097	0	0	7500	2e+11 0.516397
98	0.00098	0	0	7500	2e+11 0.5164
99	0.00099	0	0	7500	2e+11 0.5164
100	0.001	0	0	7500	2e+11 0.5164
101	0.00101	0	0	7500	2e+11 0.5164
102	0.00102	0	0	7500	2e+11 0.5164
103	0.00103	0	0	7500	2e+11 0.5164
104	0.00104	0	0	7500	2e+11 0.5164
105	0.00105	0	0	7500	2e+11 0.5164
106	0.00106	0	0	7500	2e+11 0.5164
107	0.00107	0	0	7500	2e+11 0.5164
108	0.00108	0	0	7500	2e+11 0.5164
109	0.00109	0	0	7500	2e+11 0.5164
110	0.0011	0	0	7500	2e+11 0.5164
111	0.00111	0	0	7500	2e+11 0.5164
112	0.00112	0	0	7500	2e+11 0.5164
113	0.00113	0	0	7500	2e+11 0.5164
114	0.00114	0	0	7500	2e+11 0.5164
115	0.00115	0	0	7500	2e+11 0.5164
116	0.00116	0	0	7500	2e+11 0.5164
117	0.00117	0	0	7500	2e+11 0.5164
118	0.00118	0	0	7500	2e+11 0.5164
119	0.00119	0	0	7500	2e+11 0.5164
120	0.0012	0	0	7500	2e+11 0.5164
121	0.00121	0	0	7500	2e+11 0.5164
122	0.00122	0	0	7500	2e+11 0.5164
123	0.00123	0	0	7500	2e+11 0.5164
124	0.00124	0	0	7500	2e+11 0.5164
125	0.00125	0	0	7500	2e+11 0.5164
126	0.00126	0	0	7500	2e+11 0.5164
127	0.00127	0	0	7500	2e+11 0.5164
128	0.00128	0	0	7500	2e+11 0.5164
129	0.00129	0	0	7500	2e+11 0.5164
130	0.0013	0	0	7500	2e+11 0.5164
131	0.00131	0	0	7500	2e+11 0.5164
132	0.00132	0	0	7500	2e+11 0.5164
133	0.00133	0	0	7500	2e+11 0.5164
134	0.00134	0	0	7500	2e+11 0.5164
135	0.00135	0	0	7500	2e+11 0.5164
136	0.00136	0	0	7500	2e+11 0.5164
137	0.00137	0	0	7500	2e+11 0.5164
138	0.00138	0	0	7500	2e+11 0.5164
139	0.00139	0	0	7500	2e+11 0.5164
140	0.0014	0	0	7500	2e+11 0.5164
141	0.00141	0	0	7500	2e+11 0.5164
142	0.00142	0	0	7500	2e+11 0.5164
143	0.00143	0	0	7500	2e+11 0.5164
144	0.00144	0	0	7500	2e+11 0.5164
145	0.00145	0	0	7500	2e+11 0.5164
146	0.00146	0	0	7500	2e+11 0.5164
147	0.00147	0	0	7500	2e+11 0.5164
148	0.00148	0	0	7500	2e+11 0.5164
149	0.00149	0	0	7500	2e+11 0.5164
150	0.0015	0	0	7500	2e+11 0.5164
151	0.00151	0	0	7500	2e+11 0.5164
152	0.00152	0	0	7500	2e+11 0.5164
153	0.00153	0	0	7500	2e+11 0.5164
154	0.00154	0	0	7500	2e+11 0.5164
155	0.00155	0	0	7500	2e+11 0.5164
156	0.00156	0	0	7500	2e+11 0.5164
157	0.00157	0	0	7500	2e+11 0.5164
158	0.00158	0	0	7500	2e+11 0.5164
159	0.00159	0	0	7500	2e+11 0.5164
160	0.0016	0	0	7500	2e+11 0.5164
161	0.00161	0	0	7500	2e+11 0.5164
162	0.00162	0	0	7500	2e+11 0.5164
163	0.00163	0	0	7500	2e+11 0.5164
164	0.00164	0	0	7500	2e+11 0.5164
165	0.00165	0	0	7500	2e+11 0.5164
166	0.00166	0	0	7500	2e+11 0.5164
167	0.00167	0	0	7500	2e+11 0.5164
168	0.00168	0	0	7500	2e+11 0.5164
169	0.00169	0	0	7500	2e+11 0.5164
170	0.0017	0	0	7500	2e+11 0.5164
171	0.00171	0	0	7500	2e+11 0.5164
172	0.00172	0	0	7500	2e+11 0.5164
173	0.00173	0	0	7500	2e+11 0.5164
174	0.00174	0	0	7500	2e+11 0.5164
175	0.00175	0	0	7500	2e+11 0.5164
176	0.00176	0	0	7500	2e+11 0.5164
177	0.00177	0	0	7500	2e+11 0.5164
178	0.00178	0	0	7500	2e+11 0.5164
179	0.00179	0	0	7500	2e+11 0.5164
180	0.0018	0	0	7500	2e+11 0.5164
181	0.00181	0	0	7500	2e+11 0.5164
182	0.00182	0	0	7500	2e+11 0.5164
183	0.00183	0	0	7500	2e+11 0.5164
184	0.00184	0	0	7500	2e+11 0.5164
185	0.00185	0	0	7500	2e+11 0.5164
186	0.00186	0	0	7500	2e+11 0.5164
187	0.00187	0	0	7500	2e+11 0.5164
188	0.00188	0	0	7500	2e+11 0.5164
189	0.00189	0	0	7500	2e+11 0.5164
190	0.0019	0	0	7500	2e+11 0.5164
191	0.00191	0	0	7500	2e+11 0.5164
192	0.00192	0	0	7500	2e+11 0.5164
193	0.00193	0	0	7500	2e+11 0.5164
194	0.00194	0	0	7500	2e+11 0.5164
195	0.00195	0	0	7500	2e+11 0.5164
196	0.00196	0	0	7500	2e+11 0.516406
197	0.00197	0	0	7500	2e+11 0.516406
198	0.00198	0	0	7500	2e+11 0.516394
199	0.00199	0	0	7500	2e+11 0.516406
200	0.002	0	0	7500	2e+11 0.516406
201	0.00201	0	0	7500	2e+11 0.516394
202	0.00202	0	0	7500	2e+11 0.516406
203	0.00203	0	0	7500	2e+11 0.516406
204	0.00204	0	0	7500	2e+11 0.516394
205	0.00205	0	0	7500	2e+11 0.516406
206	0.00206	0	0	7500	2e+11 0.516406
207	0.00207	0	0	7500	2e+11 0.516394
208	0.00208	0	0	7500	2e+11 0.516406
209	0.00209	0	0	7500	2e+11 0.516406
210	0.0021	0	0	7500	2e+11 0.516394
211	0.00211	0	0	7500	2e+11 0.516406
212	0.00212	0	0	7500	2e+11 0.516406
213	0.00213	0	0	7500	2e+11 0.516394
214	0.00214	0	0	7500	2e+11 0.516406
215	0.00215	0	0	7500	2e+11 0.516406
216	0.00216	0	0	7500	2e+11 0.516394
217	0.00217	0	0	7500	2e+11 0.516406
218	0.00218	0	0	7500	2e+11 0.516406
219	0.00219	0	0	7500	2e+11 0.516394
220	0.0022	0	0	7500	2e+11 0.516406
221	0.00221	0	0	7500	2e+11 0.516406
222	0.00222	0	0	7500	2e+11 0.516394
223	0.00223	0	0	7500	2e+11 0.516406
224	0.00224	0	0	7500	2e+11 0.516406
225	0.00225	0	0	7500	2e+11 0.516394
226	0.00226	0	0	7500	2e+11 0.516394
227	0.00227	0	0	7500	2e+11 0.516406
228	0.00228	0	0	7500	2e+11 0.516406
229	0.00229	0	0	7500	2e+11 0.516394
230	0.0023	0	0	7500	2e+11 0.516406
231	0.00231	0	0	7500	2e+11 0.516406
232	0.00232	0	0	7500	2e+11 0.516394
233	0.00233	0	0	7500	2e+11 0.516406
234	0.00234	0	0	7500	2e+11 0.516406
235	0.00235	0	0	7500	2e+11 0.516394
236	0.00236	0	0	7500	2e+11 0.516406
237	0.00237	0	0	7500	2e+11 0.516406
238	0.00238	0	0	7500	2e+11 0.516394
239	0.00239	0	0	7500	2e+11 0.516406
240	0.0024	0	0	7500	2e+11 0.516406
241	0.00241	0	0	7500	2e+11 0.516394
242	0.00242	0	0	7500	2e+11 0.516406
243	0.00243	0	0	7500	2e+11 0.516406
244	0.00244	0	0	7500	2e+11 0.516394
245	0.00245	0	0	7500	2e+11 0.516406
246	0.00246	0	0	7500	2e+11 0.516406
247	0.00247	0	0	7500	2e+11 0.516394
248	0.00248	0	0	7500	2e+11 0.516406
249	0.00249	0	0	7500	2e+11 0.516406
250	0.0025	0	0	7500	2e+11 0.516394
251	0.00251	0	0	7500	2e+11 0.516406
252	0.00252	0	0	7500	2e+11 0.516406
253	0.00253	0	0	7500	2e+11 0.516394
254	0.00254	0	0	7500	2e+11 0.516406
255	0.00255	0	0	7500	2e+11 0.516406
256	0.00256	0	0	7500	2e+11 0.516394
257	0.00257	0	0	7500	2e+11 0.516406
258	0.00258	0	0	7500	2e+11 0.516406
259	0.00259	0	0	7500	2e+11 0.516394
260	0.0026	0	0	7500	2e+11 0.516406
261	0.00261	0	0	7500	2e+11 0.516406
262	0.00262	0	0	7500	2e+11 0.516394
263	0.00263	0	0	7500	2e+11 0.516406
264	0.00264	0	0	7500	2e+11 0.516406
265	0.00265	0	0	7500	2e+11 0.516394
266	0.00266	0	0	7500	2e+11 0.516406
267	0.00267	0	0	7500	2e+11 0.516406
268	0.00268	0	0	7500	2e+11 0.516394
269	0.00269	0	0	7500	2e+11 0.516406
270	0.0027	0	0	7500	2e+11 0.516406
271	0.00271	0	0	7500	2e+11 0.516394
272	0.00272	0	0	7500	2e+11 0.516406
273	0.00273	0	0	7500	2e+11 0.516406
274	0.00274	0	0	7500	2e+11 0.516394
275	0.00275	0	0	7500	2e+11 0.516406
276	0.00276	0	0	7500	2e+11 0.516406
277	0.00277	0	0	7500	2e+11 0.516394
278	0.00278	0	0	7500	2e+11 0.516406
279	0.00279	0	0	7500	2e+11 0.516406
280	0.0028	0	0	7500	2e+11 0.516394
281	0.00281	0	0	7500	2e+11 0.516406
282	0.00282	0	0	7500	2e+11 0.516406
283	0.00283	0	0	7500	2e+11 0.516394
284	0.00284	0	0	7500	2e+11 0.516406
285	0.00285	0	0	7500	2e+11 0.516406
286	0.00286	0	0	7500	2e+11 0.516394
287	0.00287	0	0	7500	2e+11 0.516394
288	0.00288	0	0	7500	2e+11 0.516406
289	0.00289	0	0	7500	2e+11 0.516406
290	0.0029	0	0	7500	2e+11 0.516394
291	0.00291	0	0	7500	2e+11 0.516406
292	0.00292	0	0	7500	2e+11 0.516406
293	0.00293	0	0	7500	2e+11 0.516394
294	0.00294	0	0	7500	2e+11 0.516406
295	0.00295	0	0	7500	2e+11 0.516406
296	0.00296	0	0	7500	2e+11 0.516394
297	0.00297	0	0	7500	2e+11 0.516406
298	0.00298	0	0	7500	2e+11 0.516406
299	0.00299	0	0	7500	2e+11 0.516394
300	0.003	0	0	7500	2e+11 0.516406
301	0.00301	0	0	7500	2e+11 0.516406
302	0.00302	0	0	7500	2e+11 0.516394
303	0.00303	0	0	7500	2e+11 0.516406
304	0.00304	0	0	7500	2e+11 0.516406
305	0.00305	0	0	7500	2e+11 0.516394
306	0.00306	0	0	7500	2e+11 0.516406
307	0.00307	0	0	7500	2e+11 0.516406
308	0.00308	0	0	7500	2e+11 0.516394
309	0.00309	0	0	7500	2e+11 0.516406
310	0.0031	0	0	7500	2e+11 0.516406
311	0.00311	0	0	7500	2e+11 0.516394
312	0.00312	0	0	7500	2e+11 0.516406
313	0.00313	0	0	7500	2e+11 0.516406
314	0.00314	0	0	7500	2e+11 0.516394
315	0.00315	0	0	7500	2e+11 0.516406
316	0.00316	0	0	7500	2e+11 0.516406
317	0.00317	0	0	7500	2e+11 0.516394
318	0.00318	0	0	7500	2e+11 0.516406
319	0.00319	0	0	7500	2e+11 0.516406
320	0.0032	0	0	7500	2e+11 0.516394
321	0.00321	0	0	7500	2e+11 0.516406
322	0.00322	0	0	7500	2e+11 0.516406
323	0.00323	0	0	7500	2e+11 0.516394
324	0.00324	0	0	7500	2e+11 0.516406
325	0.00325	0	0	7500	2e+11 0.516406
326	0.00326	0	0	7500	2e+11 0.516394
327	0.00327	0	0	7500	2e+11 0.516406
328	0.00328	0	0	7500	2e+11 0.516406
329	0.00329	0	0	7500	2e+11 0.516394
330	0.0033	0	0	7500	2e+11 0.516406
331	0.00331	0	0	7500	2e+11 0.516406
332	0.00332	0	0	7500	2e+11 0.516394
333	0.00333	0	0	7500	2e+11 0.516406
334	0.00334	0	0	7500	2e+11 0.516406
335	0.00335	0	0	7500	2e+11 0.516394
336	0.00336	0	0	7500	2e+11 0.516406
337	0.00337	0	0	7500	2e+11 0.516406
338	0.00338	0	0	7500	2e+11 0.516394
339	0.00339	0	0	7500	2e+11 0.516406
340	0.0034	0	0	7500	2e+11 0.516406
341	0.00341	0	0	7500	2e+11 0.516394
342	0.00342	0	0	7500	2e+11 0.516406
343	0.00343	0	0	7500	2e+11 0.516406
344	0.00344	0	0	7500	2e+11 0.516394
345	0.00345	0	0	7500	2e+11 0.516406
346	0.00346	0	0	7500	2e+11 0.516406
347	0.00347	0	0	7500	2e+11 0.516394
348	0.00348	0	0	7500	2e+11 0.516406
349	0.00349	0	0	7500	2e+11 0.516406
350	0.0035	0	0	7500	2e+11 0.516394
351	0.00351	0	0	7500	2e+11 0.516406
352	0.00352	0	0	7500	2e+11 0.516406
353	0.00353	0	0	7500	2e+11 0.516394
354	0.00354	0	0	7500	2e+11 0.516394
355	0.00355	0	0	7500	2e+11 0.516406
356	0.00356	0	0	7500	2e+11 0.516406
357	0.00357	0	0	7500	2e+11 0.516394
358	0.00358	0	0	7500	2e+11 0.516406
359	0.00359	0	0	7500	2e+11 0.516406
360	0.0036	0	0	7500	2e+11 0.516394
361	0.00361	0	0	7500	2e+11 0.516406
362	0.00362	0	0	7500	2e+11 0.516406
363	0.00363	0	0	7500	2e+11 0.516394
364	0.00364	0	0	7500	2e+11 0.516406
365	0.00365	0	0	7500	2e+11 0.516406
366	0.00366	0	0	7500	2e+11 0.516394
367	0.00367	0	0	7500	2e+11 0.516406
368	0.00368	0	0	7500	2e+11 0.516406
369	0.00369	0	0	7500	2e+11 0.516394
370	0.0037	0	0	7500	2e+11 0.516406
371	0.00371	0	0	7500	2e+11 0.516406
372	0.00372	0	0	7500	2e+11 0.516394
373	0.00373	0	0	7500	2e+11 0.516406
374	0.00374	0	0	7500	2e+11 0.516406
375	0.00375	0	0	7500	2e+11 0.516394
376	0.00376	0	0	7500	2e+11 0.516406
377	0.00377	0	0	7500	2e+11 0.516406
378	0.00378	0	0	7500	2e+11 0.516394
379	0.00379	0	0	7500	2e+11 0.516406
380	0.0038	0	0	7500	2e+11 0.516406
381	0.00381	0	0	7500	2e+11 0.516394
382	0.00382	0	0	7500	2e+11 0.516406
383	0.00383	0	0	7500	2e+11 0.516406
384	0.00384	0	0	7500	2e+11 0.516394
385	0.00385	0	0	7500	2e+11 0.516406
386	0.00386	0	0	7500	2e+11 0.516406
387	0.00387	0	0	7500	2e+11 0.516394
388	0.00388	0	0	7500	2e+11 0.516406
389	0.00389	0	0	7500	2e+11 0.516406
390	0.0039	0	0	7500	2e+11 0.516394
391	0.00391	0	0	7500	2e+11 0.516394
392	0.00392	0	0	7500	2e+11 0.516394
393	0.00393	0	0	7500	2e+11 0.516418
394	0.00394	0	0	7500	2e+11 0.516418
395	0.00395	0	0	7500	2e+11 0.516394
396	0.00396	0	0	7500	2e+11 0.516394
397	0.00397	0	0	7500	2e+11 0.516394
398	0.00398	0	0	7500	2e+11 0.516394
399	0.00399	0	0	7500	2e+11 0.516418
400	0.004	0	0	7500	2e+11 0.516418
401	0.00401	0	0	7500	2e+11 0.516394
402	0.00402	0	0	7500	2e+11 0.516394
403	0.00403	0	0	7500	2e+11 0.516394
404	0.00404	0	0	7500	2e+11 0.516394
405	0.00405	0	0	7500	2e+11 0.516418
406	0.00406	0	0	7500	2e+11 0.516418
407	0.00407	0	0	7500	2e+11 0.516394
408	0.00408	0	0	7500	2e+11 0.516394
409	0.00409	0	0	7500	2e+11 0.516394
410	0.0041	0	0	7500	2e+11 0.516394
411	0.00411	0	0	7500	2e+11 0.516418
412	0.00412	0	0	7500	2e+11 0.516418
413	0.00413	0	0	7500	2e+11 0.516394
414	0.00414	0	0	7500	2e+11 0.516394
415	0.00415	0	0	7500	2e+11 0.516394
416	0.00416	0	0	7500	2e+11 0.516394
417	0.00417	0	0	7500	2e+11 0.516418
418	0.00418	0	0	7500	2e+11 0.516418
419	0.00419	0	0	7500	2e+11 0.516394
420	0.0042	0	0	7500	2e+11 0.516394
421	0.00421	0	0	7500	2e+11 0.516394
422	0.00422	0	0	7500	2e+11 0.516394
423	0.00423	0	0	7500	2e+11 0.516418
424	0.00424	0	0	7500	2e+11 0.516418
425	0.00425	0	0	7500	2e+11 0.516394
426	0.00426	0	0	7500	2e+11 0.516394
427	0.00427	0	0	7500	2e+11 0.516394
428	0.00428	0	0	7500	2e+11 0.516394
429	0.00429	0	0	7500	2e+11 0.516418
430	0.0043	1.56036e-37	3.02162e-41	7500	2e+11 0.516418
431	0.00431	4.88969e-37	9.46885e-41	7500	2e+11 0.516394
432	0.00432	7.2362e-37	1.40128e-40	7500	2e+11 0.516394
433	0.00433	3.61811e-36	7.00644e-40	7500	2e+11 0.516394
434	0.00434	1.22335e-35	2.369e-39	7500	2e+11 0.516394
435	0.00435	4.48666e-35	8.68839e-39	7500	2e+11 0.516418
436	0.00436	1.19881e-34	2.32148e-38	7500	2e+11 0.516418
437	0.00437	4.58053e-34	8.87015e-38	7500	2e+11 0.516394
438	0.00438	1.2394e-33	2.40009e-37	7500	2e+11 0.516394
439	0.00439	3.44806e-33	6.67714e-37	7500	2e+11 0.516394
440	0.0044	8.39856e-33	1.62637e-36	7500	2e+11 0.516394
441	0.00441	3.16838e-32	6.13554e-36	7500	2e+11 0.516418
442	0.00442	7.49731e-32	1.45185e-35	7500	2e+11 0.516418
443	0.00443	2.2773e-31	4.40998e-35	7500	2e+11 0.516394
444	0.00444	6.56665e-31	1.27163e-34	7500	2e+11 0.516394
445	0.00445	2.25467e-30	4.36614e-34	7500	2e+11 0.516394
446	0.00446	5.23606e-30	1.01396e-33	7500	2e+11 0.516394
447	0.00447	1.65915e-29	3.21293e-33	7500	2e+11 0.516418
448	0.00448	4.30807e-29	8.34255e-33	7500	2e+11 0.516418
449	0.00449	1.18099e-28	2.28698e-32	7500	2e+11 0.516394
450	0.0045	3.4159e-28	6.61487e-32	7500	2e+11 0.516394
451	0.00451	7.82064e-28	1.51446e-31	7500	2e+11 0.516394
452	0.00452	2.73355e-27	5.29349e-31	7500	2e+11 0.516394
453	0.00453	6.23737e-27	1.20786e-30	7500	2e+11 0.516394
454	0.00454	2.23859e-26	4.33501e-30	7500	2e+11 0.516418
455	0.00455	6.52248e-26	1.26307e-29	7500	2e+11 0.516418
456	0.00456	1.80295e-25	3.4914e-29	7500	2e+11 0.516394
457	0.00457	4.0837e-25	7.90805e-29	7500	2e+11 0.516394
458	0.00458	1.47069e-24	2.84799e-28	7500	2e+11 0.516394
459	0.00459	4.37523e-24	8.47259e-28	7500	2e+11 0.516394
460	0.0046	1.21692e-23	2.35656e-27	7500	2e+11 0.516418
461	0.00461	3.37787e-23	6.54121e-27	7500	2e+11 0.516418
462	0.00462	1.06265e-22	2.05781e-26	7500	2e+11 0.516394
463	0.00463	2.21728e-22	4.29374e-26	7500	2e+11 0.516394
464	0.00464	6.91247e-22	1.3386e-25	7500	2e+11 0.516394
465	0.00465	2.30399e-21	4.46167e-25	7500	2e+11 0.516394
466	0.00466	5.55976e-21	1.07664e-24	7500	2e+11 0.516418
467	0.00467	1.80031e-20	3.48629e-24	7500	2e+11 0.516418
468	0.00468	4.64115e-20	8.98755e-24	7500	2e+11 0.516394
469	0.00469	1.50336e-19	2.91125e-23	7500	2e+11 0.516394
470	0.0047	4.20245e-19	8.13801e-23	7500	2e+11 0.516394
471	0.00471	1.1982e-18	2.32031e-22	7500	2e+11 0.516394
472	0.00472	3.75135e-18	7.26446e-22	7500	2e+11 0.516418
473	0.00473	1.06426e-17	2.06093e-21	7500	2e+11 0.516418
474	0.00474	2.84479e-17	5.50891e-21	7500	2e+11 0.516394
475	0.00475	7.10974e-17	1.3768e-20	7500	2e+11 0.516394
476	0.00476	2.29335e-16	4.44105e-20	7500	2e+11 0.516394
477	0.00477	5.49513e-16	1.06413e-19	7500	2e+11 0.516394
478	0.00478	1.70637e-15	3.30436e-19	7500	2e+11 0.516418
479	0.00479	4.49618e-15	8.70682e-19	7500	2e+11 0.516418
480	0.0048	1.30146e-14	2.52027e-18	7500	2e+11 0.516394
481	0.00481	4.06992e-14	7.88137e-18	7500	2e+11 0.516394
482	0.00482	1.25864e-13	2.43735e-17	7500	2e+11 0.516394
483	0.00483	3.48973e-13	6.75784e-17	7500	2e+11 0.516394
484	0.00484	9.45886e-13	1.8317e-16	7500	2e+11 0.516418
485	0.00485	2.6865e-12	5.20238e-16	7500	2e+11 0.516418
486	0.00486	7.11618e-12	1.37804e-15	7500	2e+11 0.516394
487	0.00487	1.90995e-11	3.6986e-15	7500	2e+11 0.516394
488	0.00488	5.65537e-11	1.09516e-14	7500	2e+11 0.516394
489	0.00489	1.47294e-10	2.85234e-14	7500	2e+11 0.516394
490	0.0049	4.03529e-10	7.8143e-14	7500	2e+11 0.516418
491	0.00491	9.17124e-10	1.776e-13	7500	2e+11 0.516418
492	0.00492	3.09111e-09	5.98591e-13	7500	2e+11 0.516394
493	0.00493	7.39678e-09	1.43238e-12	7500	2e+11 0.516394
494	0.00494	2.43621e-08	4.71771e-12	7500	2e+11 0.516394
495	0.00495	5.43361e-08	1.05221e-11	7500	2e+11 0.516394
496	0.00496	1.58384e-07	3.06709e-11	7500	2e+11 0.516418
497	0.00497	5.57001e-07	1.07863e-10	7500	2e+11 0.516418
498	0.00498	1.53735e-06	2.97706e-10	7500	2e+11 0.516394
499	0.00499	4.33246e-06	8.38978e-10	7500	2e+11 0.516394
500	0.005	1.17135e-05	2.26832e-09	7500	2e+11 0.516394
501	0.00501	3.39748e-05	6.57919e-09	7500	2e+11 0.516394
502	0.00502	8.4116e-05	1.6289e-08	7500	2e+11 0.516418
503	0.00503	0.000237965	4.60816e-08	7500	2e+11 0.516418
504	0.00504	0.000678674	1.31425e-07	7500	2e+11 0.516394
505	0.00505	0.00191785	3.7139e-07	7500	2e+11 0.516394
506	0.00506	0.00562945	1.09014e-06	7500	2e+11 0.516394
507	0.00507	0.0155939	3.01974e-06	7500	2e+11 0.516394
508	0.00508	0.0333267	6.45368e-06	7500	2e+11 0.516418
509	0.00509	0.109409	2.1187e-05	7500	2e+11 0.516418
510	0.0051	0.312782	6.057e-05	7500	2e+11 0.516394
511	0.00511	0.883764	0.00017114	7500	2e+11 0.516346
512	0.00512	2.70524	0.000523868	7500	2e+11 0.516274
513	0.00513001	5.94353	0.00115096	7500	2e+11 0.516033
514	0.00514002	10.2813	0.00199097	7500	2e+11 0.515745
515	0.00515005	15.3348	0.00296958	7500	2e+11 0.515242
516	0.00516008	20.6954	0.00400764	7500	2e+11 0.514764
517	0.00517012	25.9867	0.00503231	7500	2e+11 0.514262
518	0.00518017	30.9224	0.0059881	7500	2e+11 0.513691
519	0.00519023	35.2951	0.00683487	7500	2e+11 0.513263
520	0.0052003	38.9991	0.00755214	7500	2e+11 0.512717
521	0.00521038	42.0122	0.00813563	7500	2e+11 0.512575
522	0.00522046	44.37	0.00859221	7500	2e+11 0.512149
523	0.00523055	46.1464	0.00893622	7500	2e+11 0.512007
524	0.00524064	47.4348	0.00918572	7500	2e+11 0.511723
525	0.00525073	48.3377	0.00936055	7500	2e+11 0.5117
526	0.00526082	48.9535	0.00947981	7500	2e+11 0.511605
527	0.00527092	49.3598	0.00955848	7500	2e+11 0.511605
528	0.00528101	49.6188	0.00960863	7500	2e+11 0.511605
529	0.00529111	49.7796	0.00963978	7500	2e+11 0.51144
530	0.00530121	49.8762	0.00965849	7500	2e+11 0.51144
531	0.00531131	49.9327	0.00966943	7500	2e+11 0.511535
532	0.0053214	49.965	0.00967567	7500	2e+11 0.511535
533	0.0053315	49.9828	0.00967913	7500	2e+11 0.51144
534	0.0053416	49.9924	0.00968099	7500	2e+11 0.511535
535	0.00535169	49.9975	0.00968197	7500	2e+11 0.511535
536	0.00536179	50.0001	0.00968248	7500	2e+11 0.511487
537	0.00537188	50.0014	0.00968273	7500	2e+11 0.511464
538	0.00538198	50.0021	0.00968286	7500	2e+11 0.511558
539	0.00539208	50.0024	0.00968292	7500	2e+11 0.511558
540	0.00540217	50.0025	0.00968294	7500	2e+11 0.51144
541	0.00541227	50.0026	0.00968296	7500	2e+11 0.511487
542	0.00542237	50.0026	0.00968296	7500	2e+11 0.511487
543	0.00543246	50.0026	0.00968296	7500	2e+11 0.511487
544	0.00544256	50.0026	0.00968296	7500	2e+11 0.511487
545	0.00545266	50.0026	0.00968296	7500	2e+11 0.511535
546	0.00546275	50.0026	0.00968296	7500	2e+11 0.511535
547	0.00547285	50.0026	0.00968296	7500	2e+11 0.51144
548	0.00548294	50.0026	0.00968296	7500	2e+11 0.511511
549	0.00549304	50.0026	0.00968296	7500	2e+11 0.511535
550	0.00550314	50.0026	0.00968296	7500	2e+11 0.511535
551	0.00551323	50.0026	0.00968296	7500	2e+11 0.511511
552	0.00552333	50.0026	0.00968296	7500	2e+11 0.511511
553	0.00553343	50.0026	0.00968296	7500	2e+11 0.511511
554	0.00554352	50.0026	0.00968296	7500	2e+11 0.511511
555	0.00555362	50.0026	0.00968296	7500	2e+11 0.511487
556	0.00556372	50.0026	0.00968296	7500	2e+11 0.511487
557	0.00557381	50.0026	0.00968296	7500	2e+11 0.511535
558	0.00558391	50.0026	0.00968296	7500	2e+11 0.511535
559	0.005594	50.0026	0.00968296	7500	2e+11 0.511535
560	0.0056041	50.0026	0.00968296	7500	2e+11 0.511535
561	0.0056142	50.0026	0.00968296	7500	2e+11 0.51144
562	0.00562429	50.0026	0.00968296	7500	2e+11 0.51144
563	0.00563439	50.0026	0.00968296	7500	2e+11 0.511535
564	0.00564449	50.0026	0.00968296	7500	2e+11 0.511535
565	0.00565458	50.0026	0.00968296	7500	2e+11 0.511511
566	0.00566468	50.0026	0.00968296	7500	2e+11 0.511511
567	0.00567477	50.0026	0.00968296	7500	2e+11 0.511464
568	0.00568487	50.0026	0.00968296	7500	2e+11 0.511464
569	0.00569497	50.0026	0.00968296	7500	2e+11 0.511558
570	0.00570506	50.0026	0.00968296	7500	2e+11 0.511558
571	0.00571516	50.0026	0.00968296	7500	2e+11 0.511464
572	0.00572526	50.0026	0.00968296	7500	2e+11 0.511464
573	0.00573535	50.0026	0.00968296	7500	2e+11 0.511464
574	0.00574545	50.0026	0.00968296	7500	2e+11 0.511464
575	0.00575555	50.0026	0.00968296	7500	2e+11 0.511487
576	0.00576564	50.0026	0.00968296	7500	2e+11 0.511558
577	0.00577574	50.0026	0.00968296	7500	2e+11 0.511558
578	0.00578583	50.0026	0.00968296	7500	2e+11 0.511464
579	0.00579593	50.0026	0.00968296	7500	2e+11 0.511487
580	0.00580603	50.0026	0.00968296	7500	2e+11 0.511487
581	0.00581612	50.0026	0.00968296	7500	2e+11 0.511511
582	0.00582622	50.0026	0.00968296	7500	2e+11 0.511511
583	0.00583632	50.0026	0.00968296	7500	2e+11 0.511464
584	0.00584641	50.0026	0.00968296	7500	2e+11 0.511487
585	0.00585651	50.0026	0.00968295	7500	2e+11 0.511487
586	0.00586661	50.0026	0.00968295	7500	2e+11 0.51144
587	0.0058767	50.0026	0.00968295	7500	2e+11 0.511605
588	0.0058868	50.0026	0.00968295	7500	2e+11 0.511605
589	0.00589689	50.0026	0.00968295	7500	2e+11 0.511487
590	0.00590699	50.0026	0.00968295	7500	2e+11 0.511464
591	0.00591708	50.0026	0.00968295	7500	2e+11 0.511487
592	0.00592718	50.0026	0.00968295	7500	2e+11 0.511487
593	0.00593728	50.0026	0.00968295	7500	2e+11 0.511511
594	0.00594737	50.0026	0.00968295	7500	2e+11 0.511582
595	0.00595747	50.0026	0.00968295	7500	2e+11 0.511582
596	0.00596756	50.0026	0.00968295	7500	2e+11 0.51144
597	0.00597766	50.0025	0.00968295	7500	2e+11 0.511487
598	0.00598776	50.0025	0.00968295	7500	2e+11 0.511487
599	0.00599785	50.0025	0.00968295	7500	2e+11 0.511487
600	0.00600795	50.0025	0.00968295	7500	2e+11 0.511511
601	0.00601805	50.0025	0.00968294	7500	2e+11 0.511535
602	0.00602814	50.0024	0.00968293	7500	2e+11 0.511535
603	0.00603824	50.0023	0.0096829	7500	2e+11 0.511558
604	0.00604833	50.0019	0.00968283	7500	2e+11 0.511558
605	0.00605843	50.001	0.00968265	7500	2e+11 0.511487
606	0.00606853	49.9986	0.00968219	7500	2e+11 0.511511
607	0.00607862	49.9904	0.00968061	7500	2e+11 0.511535
608	0.00608872	49.9701	0.00967666	7500	2e+11 0.511535
609	0.00609881	49.9192	0.0096668	7500	2e+11 0.511558
610	0.00610891	49.7418	0.00963246	7500	2e+11 0.511558
611	0.00611901	49.2266	0.00953268	7500	2e+11 0.511558
612	0.0061291	47.8123	0.00925881	7500	2e+11 0.511723
613	0.00613919	44.2997	0.0085786	7500	2e+11 0.512196
614	0.00614927	39.2404	0.00759888	7500	2e+11 0.512693
615	0.00615935	33.2636	0.00644147	7500	2e+11 0.513263
616	0.00616941	27.0196	0.00523232	7500	2e+11 0.513834
617	0.00617946	21.0916	0.00408437	7500	2e+11 0.514477
618	0.00618949	15.8759	0.00307435	7500	2e+11 0.515051
619	0.00619952	11.5393	0.00223457	7500	2e+11 0.51529
620	0.00620954	8.12678	0.00157374	7500	2e+11 0.515697
621	0.00621956	5.54222	0.00107325	7500	2e+11 0.515817
622	0.00622957	3.65642	0.000708062	7500	2e+11 0.516177
623	0.00623957	2.34196	0.000453519	7500	2e+11 0.516201
624	0.00624957	1.46096	0.000282913	7500	2e+11 0.516322
625	0.00625958	0.888868	0.000172129	7500	2e+11 0.51637
626	0.00626958	0.527229	0.000102097	7500	2e+11 0.516442
627	0.00627958	0.305449	5.915e-05	7500	2e+11 0.516442
628	0.00628958	0.172018	3.33112e-05	7500	2e+11 0.516418
629	0.00629958	0.0945106	1.83019e-05	7500	2e+11 0.516466
630	0.00630957	0.0506446	9.80728e-06	7500	2e+11 0.516514
631	0.00631957	0.0264902	5.1298e-06	7500	2e+11 0.516514
632	0.00632957	0.0134979	2.61386e-06	7500	2e+11 0.51661
633	0.00633957	0.00675784	1.30865e-06	7500	2e+11 0.51661
634	0.00634957	0.00329631	6.38328e-07	7500	2e+11 0.516514
635	0.00635957	0.00157173	3.04364e-07	7500	2e+11 0.516514
636	0.00636957	0.000736752	1.42671e-07	7500	2e+11 0.516514
637	0.00637956	0.000336053	6.50763e-08	7500	2e+11 0.516538
638	0.00638956	0.000149455	2.89418e-08	7500	2e+11 0.516538
639	0.00639956	6.5269e-05	1.26393e-08	7500	2e+11 0.516586
640	0.00640956	2.76828e-05	5.36076e-09	7500	2e+11 0.516586
641	0.00641956	1.13993e-05	2.20746e-09	7500	2e+11 0.516562
642	0.00642955	4.65697e-06	9.01818e-10	7500	2e+11 0.516731
643	0.00643955	1.85577e-06	3.59368e-10	7500	2e+11 0.516731
644	0.00644955	7.19758e-07	1.39381e-10	7500	2e+11 0.516707
645	0.00645954	2.72878e-07	5.28425e-11	7500	2e+11 0.516707
646	0.00646954	1.00475e-07	1.94569e-11	7500	2e+11 0.516731
647	0.00647953	3.58228e-08	6.93706e-12	7500	2e+11 0.516731
648	0.00648952	1.2482e-08	2.41712e-12	7500	2e+11 0.516851
649	0.00649952	4.28394e-09	8.29581e-13	7500	2e+11 0.517164
650	0.0065095	1.44377e-09	2.79586e-13	7500	2e+11 0.517164
651	0.00651956	4.64409e-10	8.99325e-14	7500	2e+11 0.51702
652	0.00652955	1.46001e-10	2.82731e-14	7500	2e+11 0.51702
653	0.00653954	4.52017e-11	8.75327e-15	7500	2e+11 0.516779
654	0.00654954	1.38066e-11	2.67364e-15	7500	2e+11 0.516658
655	0.00655953	4.00311e-12	7.75198e-16	7500	2e+11 0.516634
656	0.00656953	1.14187e-12	2.21122e-16	7500	2e+11 0.516634
657	0.00657953	3.11713e-13	6.0363e-17	7500	2e+11 0.516538
658	0.00658952	8.14431e-14	1.57714e-17	7500	2e+11 0.516658
659	0.00659952	2.11009e-14	4.08617e-18	7500	2e+11 0.516658
660	0.00660952	5.3748e-15	1.04082e-18	7500	2e+11 0.516538
661	0.00661952	1.34919e-15	2.6127e-19	7500	2e+11 0.516538
662	0.00662951	3.22128e-16	6.23797e-20	7500	2e+11 0.516514
663	0.00663951	7.63513e-17	1.47854e-20	7500	2e+11 0.516514
664	0.00664951	1.73283e-17	3.35561e-21	7500	2e+11 0.51637
665	0.00665951	3.88378e-18	7.5209e-22	7500	2e+11 0.51637
666	0.00666951	8.34048e-19	1.61513e-22	7500	2e+11 0.516394
667	0.00667951	1.74181e-19	3.373e-23	7500	2e+11 0.516562
668	0.00668951	3.62265e-20	7.01524e-24	7500	2e+11 0.516562
669	0.00669951	7.42005e-21	1.43689e-24	7500	2e+11 0.516418
670	0.00670951	1.47577e-21	2.85781e-25	7500	2e+11 0.51649
671	0.00671951	2.91429e-22	5.64351e-26	7500	2e+11 0.51649
672	0.00672951	5.56272e-23	1.07722e-26	7500	2e+11 0.51637
673	0.00673951	1.08258e-23	2.0964e-27	7500	2e+11 0.516538
674	0.00674951	2.08143e-24	4.03067e-28	7500	2e+11 0.516538
675	0.00675951	3.90363e-25	7.55935e-29	7500	2e+11 0.51637
676	0.00676951	7.01704e-26	1.35884e-29	7500	2e+11 0.51637
677	0.00677951	1.25039e-26	2.42137e-30	7500	2e+11 0.516442
678	0.00678951	2.19421e-27	4.24907e-31	7500	2e+11 0.516442
679	0.00679951	3.7393e-28	7.24112e-32	7500	2e+11 0.516442
680	0.00680951	6.17452e-29	1.19569e-32	7500	2e+11 0.516442
681	0.00681951	1.01878e-29	1.97285e-33	7500	2e+11 0.516394
682	0.00682951	1.59409e-30	3.08693e-34	7500	2e+11 0.516394
683	0.00683951	2.32806e-31	4.50827e-35	7500	2e+11 0.51637
684	0.00684952	3.27157e-32	6.33537e-36	7500	2e+11 0.516346
685	0.00685952	4.48016e-33	8.6758e-37	7500	2e+11 0.516346
686	0.00686952	6.01446e-34	1.1647e-37	7500	2e+11 0.51637
687	0.00687952	7.7101e-35	1.49305e-38	7500	2e+11 0.516442
688	0.00688952	9.68165e-36	1.87484e-39	7500	2e+11 0.516442
689	0.00689952	1.21357e-36	2.35008e-40	7500	2e+11 0.516418
690	0.00690952	1.40152e-37	2.71403e-41	7500	2e+11 0.516418
691	0.00691952	1.5804e-38	3.06044e-42	7500	2e+11 0.516442
692	0.00692952	1.90314e-39	3.68541e-43	7500	2e+11 0.516442
693	0.00693952	2.3156e-40	4.48416e-44	7500	2e+11 0.516466
694	0.00694952	2.89452e-41	5.60519e-45	7500	2e+11 0.516466
695	0.00695952	0	0	7500	2e+11 0.516466
696	0.00696952	0	0	7500	2e+11 0.516394
697	0.00697952	0	0	7500	2e+11 0.516418
698	0.00698952	0	0	7500	2e+11 0.516418
699	0.00699952	0	0	7500	2e+11 0.51649
700	0.00700952	0	0	7500	2e+11 0.51649
701	0.00701952	0	0	7500	2e+11 0.51637
702	0.00702952	0	0	7500	2e+11 0.51637
703	0.00703952	0	0	7500	2e+11 0.516466
704	0.00704952	0	0	7500	2e+11 0.516466
705	0.00705952	0	0	7500	2e+11 0.516442
706	0.00706952	0	0	7500	2e+11 0.516442
707	0.00707952	7.23631e-42	-1.4013e-45	7500	2e+11 0.516442
708	0.00708952	6.51267e-41	-1.26117e-44	7500	2e+11 0.516418
709	0.00709952	5.28247e-40	-1.02295e-43	7500	2e+11 0.516538
710	0.00710952	3.95101e-39	-7.65109e-43	7500	2e+11 0.516538
711	0.00711952	2.75702e-38	-5.33895e-42	7500	2e+11 0.516442
712	0.00712952	1.83244e-37	-3.54851e-41	7500	2e+11 0.516442
713	0.00713952	1.24866e-36	-2.41802e-40	7500	2e+11 0.516442
714	0.00714952	8.94946e-36	-1.73306e-39	7500	2e+11 0.516442
715	0.00715952	6.51662e-35	-1.26194e-38	7500	2e+11 0.516394
716	0.00716952	4.68502e-34	-9.0725e-38	7500	2e+11 0.516562
717	0.00717951	3.59603e-33	-6.96369e-37	7500	2e+11 0.516562
718	0.00718951	3.17347e-32	-6.1454e-36	7500	2e+11 0.516418
719	0.00719952	2.74246e-31	-5.31076e-35	7500	2e+11 0.51649
720	0.00720951	2.38143e-30	-4.61162e-34	7500	2e+11 0.51649
721	0.00721952	2.00272e-29	-3.87825e-33	7500	2e+11 0.51649
722	0.00722951	1.52815e-28	-2.95926e-32	7500	2e+11 0.51649
723	0.00723951	1.1953e-27	-2.31468e-31	7500	2e+11 0.516442
724	0.00724951	9.67074e-27	-1.87273e-30	7500	2e+11 0.516442
725	0.00725951	7.16861e-26	-1.3882e-29	7500	2e+11 0.516442
726	0.00726951	4.89273e-25	-9.47473e-29	7500	2e+11 0.516442
727	0.00727951	3.17938e-24	-6.15684e-28	7500	2e+11 0.516442
728	0.00728951	2.02644e-23	-3.92418e-27	7500	2e+11 0.516442
729	0.00729951	1.20415e-22	-2.33182e-26	7500	2e+11 0.516418
730	0.00730951	7.0489e-22	-1.36501e-25	7500	2e+11 0.516418
731	0.00731951	4.09755e-21	-7.93487e-25	7500	2e+11 0.516514
732	0.00732951	2.2718e-20	-4.39932e-24	7500	2e+11 0.516514
733	0.00733951	1.19024e-19	-2.30489e-23	7500	2e+11 0.516322
734	0.00734952	6.02056e-19	-1.16588e-22	7500	2e+11 0.51637
735	0.00735952	3.10391e-18	-6.0107e-22	7500	2e+11 0.516418
736	0.00736952	1.50549e-17	-2.91538e-21	7500	2e+11 0.51649
737	0.00737951	6.86931e-17	-1.33024e-20	7500	2e+11 0.51649
738	0.00738952	3.10392e-16	-6.01073e-20	7500	2e+11 0.516322
739	0.00739952	1.31642e-15	-2.54923e-19	7500	2e+11 0.51637
740	0.00740952	5.36383e-15	-1.0387e-18	7500	2e+11 0.51637
741	0.00741952	2.14595e-14	-4.15561e-18	7500	2e+11 0.516346
742	0.00742952	8.51434e-14	-1.6488e-17	7500	2e+11 0.516346
743	0.00743952	3.21464e-13	-6.22513e-17	7500	2e+11 0.516274
744	0.00744953	1.16861e-12	-2.263e-16	7500	2e+11 0.516274
745	0.00745953	4.22249e-12	-8.17682e-16	7500	2e+11 0.516226
746	0.00746953	1.47017e-11	-2.84696e-15	7500	2e+11 0.516226
747	0.00747954	4.86934e-11	-9.42943e-15	7500	2e+11 0.516105
748	0.00748955	1.56844e-10	-3.03726e-14	7500	2e+11 0.516129
749	0.00749955	4.91229e-10	-9.51261e-14	7500	2e+11 0.516129
750	0.00750956	1.50151e-09	-2.90765e-13	7500	2e+11 0.519466
751	0.0075195	4.43444e-09	-8.58725e-13	7500	2e+11 0.519466
752	0.00752952	1.30424e-08	-2.52566e-12	7500	2e+11 0.515841
753	0.00753953	3.72583e-08	-7.21503e-12	7500	2e+11 0.516274
754	0.00754953	1.03292e-07	-2.00024e-11	7500	2e+11 0.516274
755	0.00755954	2.75463e-07	-5.33431e-11	7500	2e+11 0.516033
756	0.00756954	7.19382e-07	-1.39308e-10	7500	2e+11 0.516346
757	0.00757955	1.8574e-06	-3.59684e-10	7500	2e+11 0.516346
758	0.00758955	4.65414e-06	-9.0127e-10	7500	2e+11 0.516177
759	0.00759955	1.13578e-05	-2.19942e-09	7500	2e+11 0.516177
760	0.00760956	2.68403e-05	-5.1976e-09	7500	2e+11 0.516298
761	0.00761956	6.25844e-05	-1.21194e-08	7500	2e+11 0.516298
762	0.00762957	0.000143085	-2.77083e-08	7500	2e+11 0.516442
763	0.00763956	0.000316143	-6.12209e-08	7500	2e+11 0.516442
764	0.00764957	0.000683545	-1.32368e-07	7500	2e+11 0.516538
765	0.00765957	0.0014477	-2.80345e-07	7500	2e+11 0.516538
766	0.00766957	0.00300584	-5.82078e-07	7500	2e+11 0.516346
767	0.00767957	0.00612177	-1.18548e-06	7500	2e+11 0.516346
768	0.00768957	0.0121062	-2.34435e-06	7500	2e+11 0.516346
769	0.00769957	0.0233474	-4.5212e-06	7500	2e+11 0.516346
770	0.00770958	0.0441224	-8.54426e-06	7500	2e+11 0.516442
771	0.00771958	0.0809505	-1.5676e-05	7500	2e+11 0.516442
772	0.00772958	0.144968	-2.8073e-05	7500	2e+11 0.51637
773	0.00773958	0.253997	-4.91863e-05	7500	2e+11 0.51637
774	0.00774958	0.434013	-8.40463e-05	7500	2e+11 0.516466
775	0.00775958	0.724669	-0.000140332	7500	2e+11 0.516466
776	0.00776958	1.17671	-0.000227869	7500	2e+11 0.516538
777	0.00777957	1.85786	-0.000359772	7500	2e+11 0.516538
778	0.00778957	2.84185	-0.000550322	7500	2e+11 0.516875
779	0.00779956	4.22963	-0.000819064	7500	2e+11 0.516875
780	0.00780956	6.13869	-0.00118875	7500	2e+11 0.516779
781	0.0078196	8.6632	-0.00167762	7500	2e+11 0.516514
782	0.0078296	11.8378	-0.00229238	7500	2e+11 0.517913
783	0.00783957	15.6892	-0.0030382	7500	2e+11 0.518252
784	0.00784953	20.176	-0.00390707	7500	2e+11 0.518834
785	0.00785948	25.1843	-0.00487691	7500	2e+11 0.519174
786	0.00786943	30.4893	-0.00590424	7500	2e+11 0.519953
787	0.00787936	35.804	-0.00693341	7500	2e+11 0.520197
788	0.00788929	40.7318	-0.00788768	7500	2e+11 0.52093
789	0.0078992	44.8716	-0.00868935	7500	2e+11 0.521028
790	0.00790911	47.8105	-0.00925847	7500	2e+11 0.521371
791	0.00791902	49.3329	-0.00955327	7500	2e+11 0.521371
792	0.00792892	49.6893	-0.00962228	7500	2e+11 0.521469
793	0.00793883	49.9041	-0.00966388	7500	2e+11 0.521469
794	0.00794873	49.9626	-0.00967521	7500	2e+11 0.521567
795	0.00795864	49.9867	-0.00967988	7500	2e+11 0.521567
796	0.00796854	49.9934	-0.00968118	7500	2e+11 0.521371
797	0.00797845	49.9959	-0.00968166	7500	2e+11 0.521469
798	0.00798835	49.9969	-0.00968187	7500	2e+11 0.521469
799	0.00799825	49.9972	-0.00968192	7500	2e+11 0.52142
800	0.00800816	49.9973	-0.00968194	7500	2e+11 0.52142
801	0.00801806	49.9974	-0.00968195	7500	2e+11 0.521567
802	0.00802796	49.9974	-0.00968195	7500	2e+11 0.521567
803	0.00803787	49.9974	-0.00968195	7500	2e+11 0.521469
804	0.00804777	49.9974	-0.00968195	7500	2e+11 0.521469
805	0.00805768	49.9974	-0.00968195	7500	2e+11 0.521469
806	0.00806758	49.9974	-0.00968195	7500	2e+11 0.521469
807	0.00807748	49.9974	-0.00968195	7500	2e+11 0.52142
808	0.00808739	49.9974	-0.00968195	7500	2e+11 0.52142
809	0.00809729	49.9974	-0.00968195	7500	2e+11 0.52142
810	0.0081072	49.9974	-0.00968195	7500	2e+11 0.521469
811	0.0081171	49.9974	-0.00968195	7500	2e+11 0.521469
812	0.008127	49.9974	-0.00968195	7500	2e+11 0.52142
813	0.00813691	49.9974	-0.00968195	7500	2e+11 0.52142
814	0.00814681	49.9974	-0.00968195	7500	2e+11 0.521469
815	0.00815672	49.9974	-0.00968195	7500	2e+11 0.521469
816	0.00816662	49.9974	-0.00968195	7500	2e+11 0.521469
817	0.00817652	49.9974	-0.00968195	7500	2e+11 0.521469
818	0.00818643	49.9974	-0.00968196	7500	2e+11 0.521469
819	0.00819633	49.9974	-0.00968196	7500	2e+11 0.521469
820	0.00820624	49.9974	-0.00968196	7500	2e+11 0.52142
821	0.00821614	49.9974	-0.00968196	7500	2e+11 0.521567
822	0.00822604	49.9974	-0.00968196	7500	2e+11 0.521567
823	0.00823595	49.9974	-0.00968196	7500	2e+11 0.521567
824	0.00824585	49.9974	-0.00968196	7500	2e+11 0.521567
825	0.00825575	49.9974	-0.00968196	7500	2e+11 0.521469
826	0.00826566	49.9974	-0.00968196	7500	2e+11 0.521469
827	0.00827556	49.9974	-0.00968196	7500	2e+11 0.521567
828	0.00828546	49.9974	-0.00968196	7500	2e+11 0.521567
829	0.00829537	49.9974	-0.00968196	7500	2e+11 0.521518
830	0.00830527	49.9974	-0.00968196	7500	2e+11 0.521518
831	0.00831518	49.9974	-0.00968196	7500	2e+11 0.52142
832	0.00832508	49.9974	-0.00968196	7500	2e+11 0.521518
833	0.00833498	49.9974	-0.00968196	7500	2e+11 0.521518
834	0.00834489	49.9974	-0.00968196	7500	2e+11 0.521469
835	0.00835479	49.9974	-0.00968196	7500	2e+11 0.521567
836	0.00836469	49.9974	-0.00968196	7500	2e+11 0.521567
837	0.0083746	49.9974	-0.00968196	7500	2e+11 0.521567
838	0.0083845	49.9974	-0.00968196	7500	2e+11 0.521567
839	0.00839441	49.9974	-0.00968196	7500	2e+11 0.521567
840	0.00840431	49.9974	-0.00968196	7500	2e+11 0.521567
841	0.00841421	49.9974	-0.00968196	7500	2e+11 0.52142
842	0.00842412	49.9974	-0.00968196	7500	2e+11 0.521469
843	0.00843402	49.9974	-0.00968196	7500	2e+11 0.521469
844	0.00844392	49.9974	-0.00968196	7500	2e+11 0.521469
845	0.00845382	49.9974	-0.00968196	7500	2e+11 0.521518
846	0.00846373	49.9974	-0.00968196	7500	2e+11 0.521518
847	0.00847363	49.9974	-0.00968196	7500	2e+11 0.521371
848	0.00848354	49.9974	-0.00968196	7500	2e+11 0.521371
849	0.00849344	49.9974	-0.00968196	7500	2e+11 0.52142
850	0.00850334	49.9974	-0.00968196	7500	2e+11 0.52142
851	0.00851325	49.9974	-0.00968196	7500	2e+11 0.521469
852	0.00852315	49.9974	-0.00968196	7500	2e+11 0.521469
853	0.00853306	49.9974	-0.00968196	7500	2e+11 0.521567
854	0.00854296	49.9974	-0.00968196	7500	2e+11 0.521567
855	0.00855286	49.9974	-0.00968196	7500	2e+11 0.521371
856	0.00856277	49.9974	-0.00968196	7500	2e+11 0.52142
857	0.00857267	49.9974	-0.00968196	7500	2e+11 0.52142
858	0.00858258	49.9974	-0.00968196	7500	2e+11 0.521469
859	0.00859248	49.9974	-0.00968196	7500	2e+11 0.521567
860	0.00860238	49.9974	-0.00968196	7500	2e+11 0.521567
861	0.00861228	49.9974	-0.00968196	7500	2e+11 0.521469
862	0.00862219	49.9974	-0.00968196	7500	2e+11 0.521469
863	0.00863209	49.9974	-0.00968195	7500	2e+11 0.52142
864	0.00864199	49.9973	-0.00968193	7500	2e+11 0.52142
865	0.0086519	49.9971	-0.00968189	7500	2e+11 0.52142
866	0.0086618	49.9966	-0.0096818	7500	2e+11 0.521469
867	0.0086717	49.9956	-0.00968161	7500	2e+11 0.521469
868	0.00868161	49.9935	-0.00968121	7500	2e+11 0.521371
869	0.00869151	49.9895	-0.00968043	7500	2e+11 0.521469
870	0.00870142	49.9817	-0.00967891	7500	2e+11 0.521469
871	0.00871132	49.9671	-0.00967608	7500	2e+11 0.521518
872	0.00872122	49.9404	-0.00967092	7500	2e+11 0.521518
873	0.00873113	49.8916	-0.00966147	7500	2e+11 0.521567
874	0.00874103	49.8049	-0.00964469	7500	2e+11 0.521567
875	0.00875094	49.6586	-0.00961635	7500	2e+11 0.521224
876	0.00876084	49.4139	-0.00956895	7500	2e+11 0.521371
877	0.00877075	49.0135	-0.00949142	7500	2e+11 0.521371
878	0.00878065	48.3771	-0.00936818	7500	2e+11 0.521322
879	0.00879056	47.4233	-0.00918349	7500	2e+11 0.521126
880	0.00880047	46.0327	-0.0089142	7500	2e+11 0.521077
881	0.00881039	44.039	-0.00852812	7500	2e+11 0.520734
882	0.00882031	41.299	-0.00799751	7500	2e+11 0.520539
883	0.00883023	37.6777	-0.00729625	7500	2e+11 0.520343
884	0.00884017	33.1455	-0.0064186	7500	2e+11 0.519807
885	0.00885011	27.7478	-0.00537333	7500	2e+11 0.519271
886	0.00886007	21.7164	-0.00420537	7500	2e+11 0.51864
887	0.00887004	15.4543	-0.00299272	7500	2e+11 0.51801
888	0.00888002	9.59444	-0.00185796	7500	2e+11 0.517526
889	0.00889001	4.8078	-0.000931027	7500	2e+11 0.516947
890	0.0089	1.71104	-0.000331341	7500	2e+11 0.516658
891	0.00891	0.630818	-0.000122157	7500	2e+11 0.516514
892	0.00892	0.234415	-4.53943e-05	7500	2e+11 0.516418
893	0.00893	0.0892411	-1.72815e-05	7500	2e+11 0.516418
894	0.00894	0.0321984	-6.2352e-06	7500	2e+11 0.516418
895	0.00895	0.0111139	-2.15219e-06	7500	2e+11 0.516418
896	0.00896	0.00394379	-7.63712e-07	7500	2e+11 0.516418
897	0.00897	0.00118961	-2.30368e-07	7500	2e+11 0.516418
898	0.00898	0.000434362	-8.41138e-08	7500	2e+11 0.516418
899	0.00899	0.000147858	-2.86326e-08	7500	2e+11 0.516418
900	0.009	5.26531e-05	-1.01962e-08	7500	2e+11 0.516418
901	0.00901	1.89708e-05	-3.67368e-09	7500	2e+11 0.516418
902	0.00902	6.71399e-06	-1.30016e-09	7500	2e+11 0.516418
903	0.00903	2.05711e-06	-3.98358e-10	7500	2e+11 0.516418
904	0.00904	6.78888e-07	-1.31466e-10	7500	2e+11 0.516418
905	0.00905	2.35175e-07	-4.55414e-11	7500	2e+11 0.516418
906	0.00906	9.43366e-08	-1.82682e-11	7500	2e+11 0.516418
907	0.00907	3.6787e-08	-7.12377e-12	7500	2e+11 0.516418
908	0.00908	1.22523e-08	-2.37265e-12	7500	2e+11 0.516418
909	0.00909	5.30838e-09	-1.02796e-12	7500	2e+11 0.516418
910	0.0091	1.70064e-09	-3.29327e-13	7500	2e+11 0.516418
911	0.00911	6.55054e-10	-1.26851e-13	7500	2e+11 0.516418
912	0.00912	2.46717e-10	-4.77766e-14	7500	2e+11 0.516418
913	0.00913	9.46379e-11	-1.83266e-14	7500	2e+11 0.516418
914	0.00914	2.93016e-11	-5.67422e-15	7500	2e+11 0.516418
915	0.00915	1.049e-11	-2.03138e-15	7500	2e+11 0.516418
916	0.00916	3.80721e-12	-7.37263e-16	7500	2e+11 0.516418
917	0.00917	1.39966e-12	-2.71044e-16	7500	2e+11 0.516418
918	0.00918	4.68159e-13	-9.06587e-17	7500	2e+11 0.516418
919	0.00919	1.62849e-13	-3.15356e-17	7500	2e+11 0.516418
920	0.0092	4.38708e-14	-8.49554e-18	7500	2e+11 0.516418
921	0.00921	1.54856e-14	-2.99878e-18	7500	2e+11 0.516418
922	0.00922	5.99118e-15	-1.16019e-18	7500	2e+11 0.516418
923	0.00923	2.41029e-15	-4.66751e-19	7500	2e+11 0.516418
924	0.00924	8.98786e-16	-1.74049e-19	7500	2e+11 0.516418
925	0.00925	3.47043e-16	-6.72046e-20	7500	2e+11 0.516418
926	0.00926	1.09923e-16	-2.12864e-20	7500	2e+11 0.516418
927	0.00927	4.27075e-17	-8.27026e-21	7500	2e+11 0.516418
928	0.00928	1.50556e-17	-2.91551e-21	7500	2e+11 0.516418
929	0.00929	5.26143e-18	-1.01887e-21	7500	2e+11 0.516418
930	0.0093	1.76688e-18	-3.42155e-22	7500	2e+11 0.516418
931	0.00931	5.75034e-19	-1.11355e-22	7500	2e+11 0.516418
932	0.00932	2.54277e-19	-4.92405e-23	7500	2e+11 0.516418
933	0.00933	7.24705e-20	-1.40339e-23	7500	2e+11 0.516418
934	0.00934	2.14706e-20	-4.15777e-24	7500	2e+11 0.516418
935	0.00935	7.31042e-21	-1.41566e-24	7500	2e+11 0.516418
936	0.00936	2.35827e-21	-4.56676e-25	7500	2e+11 0.516418
937	0.00937	7.91475e-22	-1.53269e-25	7500	2e+11 0.516418
938	0.00938	2.42799e-22	-4.70179e-26	7500	2e+11 0.516418
939	0.00939	1.09336e-22	-2.11728e-26	7500	2e+11 0.516418
940	0.0094	3.60243e-23	-6.97607e-27	7500	2e+11 0.516418
941	0.00941	1.35447e-23	-2.62292e-27	7500	2e+11 0.516418
942	0.00942	4.44969e-24	-8.61679e-28	7500	2e+11 0.516418
943	0.00943	1.5606e-24	-3.02208e-28	7500	2e+11 0.516418
944	0.00944	7.00327e-25	-1.35618e-28	7500	2e+11 0.516418
945	0.00945	2.38773e-25	-4.62382e-29	7500	2e+11 0.516418
946	0.00946	1.01798e-25	-1.97131e-29	7500	2e+11 0.516418
947	0.00947	3.55088e-26	-6.87625e-30	7500	2e+11 0.516418
948	0.00948	1.31752e-26	-2.55137e-30	7500	2e+11 0.516418
949	0.00949	3.22855e-27	-6.25206e-31	7500	2e+11 0.516418
950	0.0095	1.30383e-27	-2.52485e-31	7500	2e+11 0.516418
951	0.00951	4.5261e-28	-8.76476e-32	7500	2e+11 0.516418
952	0.00952	1.35725e-28	-2.62831e-32	7500	2e+11 0.516418
953	0.00953	5.3265e-29	-1.03147e-32	7500	2e+11 0.516418
954	0.00954	1.73764e-29	-3.36492e-33	7500	2e+11 0.516418
955	0.00955	6.15716e-30	-1.19233e-33	7500	2e+11 0.516418
956	0.00956	2.47223e-30	-4.78746e-34	7500	2e+11 0.516418
957	0.00957	9.09503e-31	-1.76124e-34	7500	2e+11 0.516418
958	0.00958	3.5325e-31	-6.84066e-35	7500	2e+11 0.516418
959	0.00959	1.0142e-31	-1.96399e-35	7500	2e+11 0.516418
960	0.0096	4.16457e-32	-8.06465e-36	7500	2e+11 0.516418
961	0.00961	1.12103e-32	-2.17086e-36	7500	2e+11 0.516418
962	0.00962	4.73633e-33	-9.17186e-37	7500	2e+11 0.516418
963	0.00963	1.83357e-33	-3.5507e-37	7500	2e+11 0.516418
964	0.00964	6.55819e-34	-1.26999e-37	7500	2e+11 0.516418
965	0.00965	2.44596e-34	-4.73657e-38	7500	2e+11 0.516418
966	0.00966	8.84229e-35	-1.7123e-38	7500	2e+11 0.516418
967	0.00967	2.9145e-35	-5.6439e-39	7500	2e+11 0.516418
968	0.00968	1.08538e-35	-2.10183e-39	7500	2e+11 0.516418
969	0.00969	3.61827e-36	-7.00676e-40	7500	2e+11 0.516418
970	0.0097	7.23656e-37	-1.40135e-40	7500	2e+11 0.516418
971	0.00971	3.60157e-37	-6.9744e-41	7500	2e+11 0.516418
972	0.00972	0	0	7500	2e+11 0.516418
973	0.00973	0	0	7500	2e+11 0.516418
974	0.00974	0	0	7500	2e+11 0.516418
975	0.00975	0	0	7500	2e+11 0.516418
976	0.00976	0	0	7500	2e+11 0.516418
977	0.00977	0	0	7500	2e+11 0.516418
978	0.00978	0	0	7500	2e+11 0.516418
979	0.00979	0	0	7500	2e+11 0.516418
980	0.0098	0	0	7500	2e+11 0.516418
981	0.00981	0	0	7500	2e+11 0.516418
982	0.00982	0	0	7500	2e+11 0.516418
983	0.00983	0	0	7500	2e+11 0.516418
984	0.00984	0	0	7500	2e+11 0.516418
985	0.00985	0	0	7500	2e+11 0.516418
986	0.00986	0	0	7500	2e+11 0.516418
987	0.00987	0	0	7500	2e+11 0.516418
988	0.00988	0	0	7500	2e+11 0.516418
989	0.00989	0	0	7500	2e+11 0.516418
990	0.0099	0	0	7500	2e+11 0.516418
991	0.00991	0	0	7500	2e+11 0.516418
992	0.00992	0	0	7500	2e+11 0.516418
993	0.00993	0	0	7500	2e+11 0.516418
994	0.00994	0	0	7500	2e+11 0.516418
995	0.00995	0	0	7500	2e+11 0.516418
996	0.00996	0	0	7500	2e+11 0.516418
997	0.00997	0	0	7500	2e+11 0.516418
998	0.00998	0	0	7500	2e+11 0.516418
999	0.00999	0	0	7500	2e+11 0.516418
1000	0.01	0	-0	7500	2e+11 0.516418
