0	0	0	0	7500	2e+11 0.516398
1	1e-05	0	0	7500	2e+11 0.516398
2	2e-05	0	0	7500	2e+11 0.516398
3	3e-05	0	0	7500	2e+11 0.516398
4	4e-05	0	0	7500	2e+11 0.516398
5	5e-05	0	0	7500	2e+11 0.516398
6	6e-05	0	0	7500	2e+11 0.516398
7	7e-05	0	0	7500	2e+11 0.516398
8	8e-05	0	0	7500	2e+11 0.516398
9	9e-05	0	0	7500	2e+11 0.516398
10	0.0001	0	0	7500	2e+11 0.516398
11	0.00011	0	0	7500	2e+11 0.516398
12	0.00012	0	0	7500	2e+11 0.516398
13	0.00013	0	0	7500	2e+11 0.516398
14	0.00014	0	0	7500	2e+11 0.516398
15	0.00015	0	0	7500	2e+11 0.516398
16	0.00016	0	0	7500	2e+11 0.516398
17	0.00017	0	0	7500	2e+11 0.516398
18	0.00018	0	0	7500	2e+11 0.516398
19	0.00019	0	0	7500	2e+11 0.516398
20	0.0002	0	0	7500	2e+11 0.516398
21	0.00021	0	0	7500	2e+11 0.516398
22	0.00022	0	0	7500	2e+11 0.516398
23	0.00023	0	0	7500	2e+11 0.516398
24	0.00024	0	0	7500	2e+11 0.516398
25	0.00025	0	0	7500	2e+11 0.516398
26	0.00026	0	0	7500	2e+11 0.516398
27	0.00027	0	0	7500	2e+11 0.516398
28	0.00028	0	0	7500	2e+11 0.516398
29	0.00029	0	0	7500	2e+11 0.516398
30	0.0003	0	0	7500	2e+11 0.516398
31	0.00031	0	0	7500	2e+11 0.516398
32	0.00032	0	0	7500	2e+11 0.516398
33	0.00033	0	0	7500	2e+11 0.516398
34	0.00034	0	0	7500	2e+11 0.516398
35	0.00035	0	0	7500	2e+11 0.516398
36	0.00036	0	0	7500	2e+11 0.516398
37	0.00037	0	0	7500	2e+11 0.516398
38	0.00038	0	0	7500	2e+11 0.516398
39	0.00039	0	0	7500	2e+11 0.516398
40	0.0004	0	0	7500	2e+11 0.516398
41	0.00041	0	0	7500	2e+11 0.516398
42	0.00042	0	0	7500	2e+11 0.516398
43	0.00043	0	0	7500	2e+11 0.516398
44	0.00044	0	0	7500	2e+11 0.516398
45	0.00045	0	0	7500	2e+11 0.516398
46	0.00046	0	0	7500	2e+11 0.516398
47	0.00047	0	0	7500	2e+11 0.516398
48	0.00048	0	0	7500	2e+11 0.516398
49	0.00049	0	0	7500	2e+11 0.5164
50	0.0005	0	0	7500	2e+11 0.5164
51	0.00051	0	0	7500	2e+11 0.516397
52	0.00052	0	0	7500	2e+11 0.5164
53	0.00053	0	0	7500	2e+11 0.5164
54	0.00054	0	0	7500	2e+11 0.516397
55	0.00055	0	0	7500	2e+11 0.5164
56	0.00056	0	0	7500	2e+11 0.5164
57	0.00057	0	0	7500	2e+11 0.516397
58	0.00058	0	0	7500	2e+11 0.516397
59	0.00059	0	0	7500	2e+11 0.5164
60	0.0006	0	0	7500	2e+11 0.5164
61	0.00061	0	0	7500	2e+11 0.516397
62	0.00062	0	0	7500	2e+11 0.5164
63	0.00063	0	0	7500	2e+11 0.5164
64	0.00064	0	0	7500	2e+11 0.516397
65	0.00065	0	0	7500	2e+11 0.5164
66	0.00066	0	0	7500	2e+11 0.5164
67	0.00067	0	0	7500	2e+11 0.516397
68	0.00068	0	0	7500	2e+11 0.5164
69	0.00069	0	0	7500	2e+11 0.5164
70	0.0007	0	0	7500	2e+11 0.516397
71	0.00071	0	0	7500	2e+11 0.516397
72	0.00072	0	0	7500	2e+11 0.5164
73	0.00073	0	0	7500	2e+11 0.5164
74	0.00074	0	0	7500	2e+11 0.516397
75	0.00075	0	0	7500	2e+11 0.5164
76	0.00076	0	0	7500	2e+11 0.5164
77	0.00077	0	0	7500	2e+11 0.516397
78	0.00078	0	0	7500	2e+11 0.5164
79	0.00079	0	0	7500	2e+11 0.5164
80	0.0008	0	0	7500	2e+11 0.516397
81	0.00081	0	0	7500	2e+11 0.5164
82	0.00082	0	0	7500	2e+11 0.5164
83	0.00083	0	0	7500	2e+11 0.516397
84	0.00084	0	0	7500	2e+11 0.5164
85	0.00085	0	0	7500	2e+11 0.5164
86	0.00086	0	0	7500	2e+11 0.516397
87	0.00087	0	0	7500	2e+11 0.5164
88	0.00088	0	0	7500	2e+11 0.5164
89	0.00089	0	0	7500	2e+11 0.516397
90	0.0009	0	0	7500	2e+11 0.516397
91	0.00091	0	0	7500	2e+11 0.5164
92	0.00092	0	0	7500	2e+11 0.5164
93	0.00093	0	0	7500	2e+11 0.516397
94	0.00094	0	0	7500	2e+11 0.5164
95	0.00095	0	0	7500	2e+11 0.5164
96	0.00096	0	0	7500	2e+11 0.516397
97	0.00097	0	0	7500	2e+11 0.516397
98	0.00098	0	0	7500	2e+11 0.5164
99	0.00099	0	0	7500	2e+11 0.5164
100	0.001	0	0	7500	2e+11 0.5164
101	0.00101	0	0	7500	2e+11 0.5164
102	0.00102	0	0	7500	2e+11 0.5164
103	0.00103	0	0	7500	2e+11 0.5164
104	0.00104	0	0	7500	2e+11 0.5164
105	0.00105	0	0	7500	2e+11 0.5164
106	0.00106	0	0	7500	2e+11 0.5164
107	0.00107	0	0	7500	2e+11 0.5164
108	0.00108	0	0	7500	2e+11 0.5164
109	0.00109	0	0	7500	2e+11 0.5164
110	0.0011	0	0	7500	2e+11 0.5164
111	0.00111	0	0	7500	2e+11 0.5164
112	0.00112	0	0	7500	2e+11 0.5164
113	0.00113	0	0	7500	2e+11 0.5164
114	0.00114	0	0	7500	2e+11 0.5164
115	0.00115	0	0	7500	2e+11 0.5164
116	0.00116	0	0	7500	2e+11 0.5164
117	0.00117	0	0	7500	2e+11 0.5164
118	0.00118	0	0	7500	2e+11 0.5164
119	0.00119	0	0	7500	2e+11 0.5164
120	0.0012	0	0	7500	2e+11 0.5164
121	0.00121	0	0	7500	2e+11 0.5164
122	0.00122	0	0	7500	2e+11 0.5164
123	0.00123	0	0	7500	2e+11 0.5164
124	0.00124	0	0	7500	2e+11 0.5164
125	0.00125	0	0	7500	2e+11 0.5164
126	0.00126	0	0	7500	2e+11 0.5164
127	0.00127	0	0	7500	2e+11 0.5164
128	0.00128	0	0	7500	2e+11 0.5164
129	0.00129	0	0	7500	2e+11 0.5164
130	0.0013	0	0	7500	2e+11 0.5164
131	0.00131	0	0	7500	2e+11 0.5164
132	0.00132	0	0	7500	2e+11 0.5164
133	0.00133	0	0	7500	2e+11 0.5164
134	0.00134	0	0	7500	2e+11 0.5164
135	0.00135	0	0	7500	2e+11 0.5164
136	0.00136	0	0	7500	2e+11 0.5164
137	0.00137	0	0	7500	2e+11 0.5164
138	0.00138	0	0	7500	2e+11 0.5164
139	0.00139	0	0	7500	2e+11 0.5164
140	0.0014	0	0	7500	2e+11 0.5164
141	0.00141	0	0	7500	2e+11 0.5164
142	0.00142	0	0	7500	2e+11 0.5164
143	0.00143	0	0	7500	2e+11 0.5164
144	0.00144	0	0	7500	2e+11 0.5164
145	0.00145	0	0	7500	2e+11 0.5164
146	0.00146	0	0	7500	2e+11 0.5164
147	0.00147	0	0	7500	2e+11 0.5164
148	0.00148	0	0	7500	2e+11 0.5164
149	0.00149	0	0	7500	2e+11 0.5164
150	0.0015	0	0	7500	2e+11 0.5164
151	0.00151	0	0	7500	2e+11 0.5164
152	0.00152	0	0	7500	2e+11 0.5164
153	0.00153	0	0	7500	2e+11 0.5164
154	0.00154	0	0	7500	2e+11 0.5164
155	0.00155	0	0	7500	2e+11 0.5164
156	0.00156	0	0	7500	2e+11 0.5164
157	0.00157	0	0	7500	2e+11 0.5164
158	0.00158	0	0	7500	2e+11 0.5164
159	0.00159	0	0	7500	2e+11 0.5164
160	0.0016	0	0	7500	2e+11 0.5164
161	0.00161	0	0	7500	2e+11 0.5164
162	0.00162	0	0	7500	2e+11 0.5164
163	0.00163	0	0	7500	2e+11 0.5164
164	0.00164	0	0	7500	2e+11 0.5164
165	0.00165	0	0	7500	2e+11 0.5164
166	0.00166	0	0	7500	2e+11 0.5164
167	0.00167	0	0	7500	2e+11 0.5164
168	0.00168	0	0	7500	2e+11 0.5164
169	0.00169	0	0	7500	2e+11 0.5164
170	0.0017	0	0	7500	2e+11 0.5164
171	0.00171	0	0	7500	2e+11 0.5164
172	0.00172	0	0	7500	2e+11 0.5164
173	0.00173	0	0	7500	2e+11 0.5164
174	0.00174	0	0	7500	2e+11 0.5164
175	0.00175	0	0	7500	2e+11 0.5164
176	0.00176	0	0	7500	2e+11 0.5164
177	0.00177	0	0	7500	2e+11 0.5164
178	0.00178	0	0	7500	2e+11 0.5164
179	0.00179	0	0	7500	2e+11 0.5164
180	0.0018	0	0	7500	2e+11 0.5164
181	0.00181	0	0	7500	2e+11 0.5164
182	0.00182	0	0	7500	2e+11 0.5164
183	0.00183	0	0	7500	2e+11 0.5164
184	0.00184	0	0	7500	2e+11 0.5164
185	0.00185	0	0	7500	2e+11 0.5164
186	0.00186	0	0	7500	2e+11 0.5164
187	0.00187	0	0	7500	2e+11 0.5164
188	0.00188	0	0	7500	2e+11 0.5164
189	0.00189	0	0	7500	2e+11 0.5164
190	0.0019	0	0	7500	2e+11 0.5164
191	0.00191	0	0	7500	2e+11 0.5164
192	0.00192	0	0	7500	2e+11 0.5164
193	0.00193	0	0	7500	2e+11 0.5164
194	0.00194	0	0	7500	2e+11 0.5164
195	0.00195	0	0	7500	2e+11 0.5164
196	0.00196	0	0	7500	2e+11 0.516406
197	0.00197	0	0	7500	2e+11 0.516406
198	0.00198	0	0	7500	2e+11 0.516394
199	0.00199	0	0	7500	2e+11 0.516406
200	0.002	0	0	7500	2e+11 0.516406
201	0.00201	0	0	7500	2e+11 0.516394
202	0.00202	0	0	7500	2e+11 0.516406
203	0.00203	0	0	7500	2e+11 0.516406
204	0.00204	0	0	7500	2e+11 0.516394
205	0.00205	0	0	7500	2e+11 0.516406
206	0.00206	0	0	7500	2e+11 0.516406
207	0.00207	0	0	7500	2e+11 0.516394
208	0.00208	0	0	7500	2e+11 0.516406
209	0.00209	0	0	7500	2e+11 0.516406
210	0.0021	0	0	7500	2e+11 0.516394
211	0.00211	0	0	7500	2e+11 0.516406
212	0.00212	0	0	7500	2e+11 0.516406
213	0.00213	0	0	7500	2e+11 0.516394
214	0.00214	0	0	7500	2e+11 0.516406
215	0.00215	0	0	7500	2e+11 0.516406
216	0.00216	0	0	7500	2e+11 0.516394
217	0.00217	0	0	7500	2e+11 0.516406
218	0.00218	0	0	7500	2e+11 0.516406
219	0.00219	0	0	7500	2e+11 0.516394
220	0.0022	0	0	7500	2e+11 0.516406
221	0.00221	0	0	7500	2e+11 0.516406
222	0.00222	0	0	7500	2e+11 0.516394
223	0.00223	0	0	7500	2e+11 0.516406
224	0.00224	0	0	7500	2e+11 0.516406
225	0.00225	0	0	7500	2e+11 0.516394
226	0.00226	0	0	7500	2e+11 0.516394
227	0.00227	0	0	7500	2e+11 0.516406
228	0.00228	0	0	7500	2e+11 0.516406
229	0.00229	0	0	7500	2e+11 0.516394
230	0.0023	0	0	7500	2e+11 0.516406
231	0.00231	0	0	7500	2e+11 0.516406
232	0.00232	0	0	7500	2e+11 0.516394
233	0.00233	0	0	7500	2e+11 0.516406
234	0.00234	0	0	7500	2e+11 0.516406
235	0.00235	0	0	7500	2e+11 0.516394
236	0.00236	0	0	7500	2e+11 0.516406
237	0.00237	0	0	7500	2e+11 0.516406
238	0.00238	0	0	7500	2e+11 0.516394
239	0.00239	0	0	7500	2e+11 0.516406
240	0.0024	0	0	7500	2e+11 0.516406
241	0.00241	0	0	7500	2e+11 0.516394
242	0.00242	0	0	7500	2e+11 0.516406
243	0.00243	0	0	7500	2e+11 0.516406
244	0.00244	0	0	7500	2e+11 0.516394
245	0.00245	0	0	7500	2e+11 0.516406
246	0.00246	0	0	7500	2e+11 0.516406
247	0.00247	0	0	7500	2e+11 0.516394
248	0.00248	0	0	7500	2e+11 0.516406
249	0.00249	0	0	7500	2e+11 0.516406
250	0.0025	0	0	7500	2e+11 0.516394
251	0.00251	0	0	7500	2e+11 0.516406
252	0.00252	0	0	7500	2e+11 0.516406
253	0.00253	0	0	7500	2e+11 0.516394
254	0.00254	0	0	7500	2e+11 0.516406
255	0.00255	0	0	7500	2e+11 0.516406
256	0.00256	0	0	7500	2e+11 0.516394
257	0.00257	0	0	7500	2e+11 0.516406
258	0.00258	0	0	7500	2e+11 0.516406
259	0.00259	0	0	7500	2e+11 0.516394
260	0.0026	0	0	7500	2e+11 0.516406
261	0.00261	0	0	7500	2e+11 0.516406
262	0.00262	0	0	7500	2e+11 0.516394
263	0.00263	0	0	7500	2e+11 0.516406
264	0.00264	0	0	7500	2e+11 0.516406
265	0.00265	0	0	7500	2e+11 0.516394
266	0.00266	0	0	7500	2e+11 0.516406
267	0.00267	0	0	7500	2e+11 0.516406
268	0.00268	0	0	7500	2e+11 0.516394
269	0.00269	0	0	7500	2e+11 0.516406
270	0.0027	0	0	7500	2e+11 0.516406
271	0.00271	0	0	7500	2e+11 0.516394
272	0.00272	0	0	7500	2e+11 0.516406
273	0.00273	0	0	7500	2e+11 0.516406
274	0.00274	0	0	7500	2e+11 0.516394
275	0.00275	0	0	7500	2e+11 0.516406
276	0.00276	0	0	7500	2e+11 0.516406
277	0.00277	0	0	7500	2e+11 0.516394
278	0.00278	0	0	7500	2e+11 0.516406
279	0.00279	0	0	7500	2e+11 0.516406
280	0.0028	0	0	7500	2e+11 0.516394
281	0.00281	0	0	7500	2e+11 0.516406
282	0.00282	0	0	7500	2e+11 0.516406
283	0.00283	0	0	7500	2e+11 0.516394
284	0.00284	0	0	7500	2e+11 0.516406
285	0.00285	0	0	7500	2e+11 0.516406
286	0.00286	0	0	7500	2e+11 0.516394
287	0.00287	0	0	7500	2e+11 0.516394
288	0.00288	0	0	7500	2e+11 0.516406
289	0.00289	0	0	7500	2e+11 0.516406
290	0.0029	0	0	7500	2e+11 0.516394
291	0.00291	0	0	7500	2e+11 0.516406
292	0.00292	0	0	7500	2e+11 0.516406
293	0.00293	0	0	7500	2e+11 0.516394
294	0.00294	0	0	7500	2e+11 0.516406
295	0.00295	0	0	7500	2e+11 0.516406
296	0.00296	0	0	7500	2e+11 0.516394
297	0.00297	0	0	7500	2e+11 0.516406
298	0.00298	0	0	7500	2e+11 0.516406
299	0.00299	0	0	7500	2e+11 0.516394
300	0.003	0	0	7500	2e+11 0.516406
301	0.00301	0	0	7500	2e+11 0.516406
302	0.00302	0	0	7500	2e+11 0.516394
303	0.00303	0	0	7500	2e+11 0.516406
304	0.00304	0	0	7500	2e+11 0.516406
305	0.00305	0	0	7500	2e+11 0.516394
306	0.00306	0	0	7500	2e+11 0.516406
307	0.00307	0	0	7500	2e+11 0.516406
308	0.00308	0	0	7500	2e+11 0.516394
309	0.00309	0	0	7500	2e+11 0.516406
310	0.0031	0	0	7500	2e+11 0.516406
311	0.00311	0	0	7500	2e+11 0.516394
312	0.00312	0	0	7500	2e+11 0.516406
313	0.00313	0	0	7500	2e+11 0.516406
314	0.00314	0	0	7500	2e+11 0.516394
315	0.00315	0	0	7500	2e+11 0.516406
316	0.00316	0	0	7500	2e+11 0.516406
317	0.00317	0	0	7500	2e+11 0.516394
318	0.00318	0	0	7500	2e+11 0.516406
319	0.00319	0	0	7500	2e+11 0.516406
320	0.0032	0	0	7500	2e+11 0.516394
321	0.00321	0	0	7500	2e+11 0.516406
322	0.00322	0	0	7500	2e+11 0.516406
323	0.00323	0	0	7500	2e+11 0.516394
324	0.00324	0	0	7500	2e+11 0.516406
325	0.00325	0	0	7500	2e+11 0.516406
326	0.00326	0	0	7500	2e+11 0.516394
327	0.00327	0	0	7500	2e+11 0.516406
328	0.00328	0	0	7500	2e+11 0.516406
329	0.00329	0	0	7500	2e+11 0.516394
330	0.0033	0	0	7500	2e+11 0.516406
331	0.00331	0	0	7500	2e+11 0.516406
332	0.00332	0	0	7500	2e+11 0.516394
333	0.00333	0	0	7500	2e+11 0.516406
334	0.00334	0	0	7500	2e+11 0.516406
335	0.00335	0	0	7500	2e+11 0.516394
336	0.00336	0	0	7500	2e+11 0.516406
337	0.00337	0	0	7500	2e+11 0.516406
338	0.00338	0	0	7500	2e+11 0.516394
339	0.00339	0	0	7500	2e+11 0.516406
340	0.0034	0	0	7500	2e+11 0.516406
341	0.00341	0	0	7500	2e+11 0.516394
342	0.00342	0	0	7500	2e+11 0.516406
343	0.00343	0	0	7500	2e+11 0.516406
344	0.00344	0	0	7500	2e+11 0.516394
345	0.00345	0	0	7500	2e+11 0.516406
346	0.00346	0	0	7500	2e+11 0.516406
347	0.00347	0	0	7500	2e+11 0.516394
348	0.00348	0	0	7500	2e+11 0.516406
349	0.00349	0	0	7500	2e+11 0.516406
350	0.0035	0	0	7500	2e+11 0.516394
351	0.00351	0	0	7500	2e+11 0.516406
352	0.00352	0	0	7500	2e+11 0.516406
353	0.00353	0	0	7500	2e+11 0.516394
354	0.00354	0	0	7500	2e+11 0.516394
355	0.00355	0	0	7500	2e+11 0.516406
356	0.00356	0	0	7500	2e+11 0.516406
357	0.00357	0	0	7500	2e+11 0.516394
358	0.00358	0	0	7500	2e+11 0.516406
359	0.00359	0	0	7500	2e+11 0.516406
360	0.0036	0	0	7500	2e+11 0.516394
361	0.00361	0	0	7500	2e+11 0.516406
362	0.00362	0	0	7500	2e+11 0.516406
363	0.00363	0	0	7500	2e+11 0.516394
364	0.00364	0	0	7500	2e+11 0.516406
365	0.00365	0	0	7500	2e+11 0.516406
366	0.00366	0	0	7500	2e+11 0.516394
367	0.00367	0	0	7500	2e+11 0.516406
368	0.00368	0	0	7500	2e+11 0.516406
369	0.00369	0	0	7500	2e+11 0.516394
370	0.0037	0	0	7500	2e+11 0.516406
371	0.00371	0	0	7500	2e+11 0.516406
372	0.00372	0	0	7500	2e+11 0.516394
373	0.00373	0	0	7500	2e+11 0.516406
374	0.00374	0	0	7500	2e+11 0.516406
375	0.00375	0	0	7500	2e+11 0.516394
376	0.00376	0	0	7500	2e+11 0.516406
377	0.00377	0	0	7500	2e+11 0.516406
378	0.00378	0	0	7500	2e+11 0.516394
379	0.00379	0	0	7500	2e+11 0.516406
380	0.0038	0	0	7500	2e+11 0.516406
381	0.00381	0	0	7500	2e+11 0.516394
382	0.00382	0	0	7500	2e+11 0.516406
383	0.00383	0	0	7500	2e+11 0.516406
384	0.00384	0	0	7500	2e+11 0.516394
385	0.00385	0	0	7500	2e+11 0.516406
386	0.00386	0	0	7500	2e+11 0.516406
387	0.00387	0	0	7500	2e+11 0.516394
388	0.00388	0	0	7500	2e+11 0.516406
389	0.00389	0	0	7500	2e+11 0.516406
390	0.0039	0	0	7500	2e+11 0.516394
391	0.00391	0	0	7500	2e+11 0.516394
392	0.00392	0	0	7500	2e+11 0.516394
393	0.00393	0	0	7500	2e+11 0.516418
394	0.00394	0	0	7500	2e+11 0.516418
395	0.00395	0	0	7500	2e+11 0.516394
396	0.00396	0	0	7500	2e+11 0.516394
397	0.00397	0	0	7500	2e+11 0.516394
398	0.00398	0	0	7500	2e+11 0.516394
399	0.00399	0	0	7500	2e+11 0.516418
400	0.004	0	0	7500	2e+11 0.516418
401	0.00401	0	0	7500	2e+11 0.516394
402	0.00402	0	0	7500	2e+11 0.516394
403	0.00403	0	0	7500	2e+11 0.516394
404	0.00404	0	0	7500	2e+11 0.516394
405	0.00405	0	0	7500	2e+11 0.516418
406	0.00406	0	0	7500	2e+11 0.516418
407	0.00407	0	0	7500	2e+11 0.516394
408	0.00408	0	0	7500	2e+11 0.516394
409	0.00409	0	0	7500	2e+11 0.516394
410	0.0041	0	0	7500	2e+11 0.516394
411	0.00411	9.02146e-38	1.747e-41	7500	2e+11 0.516418
412	0.00412	3.15834e-37	6.11611e-41	7500	2e+11 0.516418
413	0.00413	5.35434e-37	1.03686e-40	7500	2e+11 0.516394
414	0.00414	7.2362e-37	1.40128e-40	7500	2e+11 0.516394
415	0.00415	3.0841e-36	5.97233e-40	7500	2e+11 0.516394
416	0.00416	1.08543e-35	2.10193e-39	7500	2e+11 0.516394
417	0.00417	2.92902e-35	5.67202e-39	7500	2e+11 0.516418
418	0.00418	9.1982e-35	1.78122e-38	7500	2e+11 0.516418
419	0.00419	2.71358e-34	5.25483e-38	7500	2e+11 0.516394
420	0.0042	7.01398e-34	1.35825e-37	7500	2e+11 0.516394
421	0.00421	2.06088e-33	3.99087e-37	7500	2e+11 0.516394
422	0.00422	4.94609e-33	9.57806e-37	7500	2e+11 0.516394
423	0.00423	1.3887e-32	2.6892e-36	7500	2e+11 0.516418
424	0.00424	4.04132e-32	7.82598e-36	7500	2e+11 0.516418
425	0.00425	1.19067e-31	2.30573e-35	7500	2e+11 0.516394
426	0.00426	3.27458e-31	6.34121e-35	7500	2e+11 0.516394
427	0.00427	9.75314e-31	1.88869e-34	7500	2e+11 0.516394
428	0.00428	2.57907e-30	4.99435e-34	7500	2e+11 0.516394
429	0.00429	8.453e-30	1.63692e-33	7500	2e+11 0.516418
430	0.0043	2.39339e-29	4.63478e-33	7500	2e+11 0.516418
431	0.00431	6.26896e-29	1.21398e-32	7500	2e+11 0.516394
432	0.00432	1.98938e-28	3.85242e-32	7500	2e+11 0.516394
433	0.00433	5.45618e-28	1.05658e-31	7500	2e+11 0.516394
434	0.00434	1.19287e-27	2.30998e-31	7500	2e+11 0.516394
435	0.00435	3.13536e-27	6.0716e-31	7500	2e+11 0.516418
436	0.00436	1.08163e-26	2.09458e-30	7500	2e+11 0.516418
437	0.00437	3.20283e-26	6.20224e-30	7500	2e+11 0.516394
438	0.00438	8.27011e-26	1.6015e-29	7500	2e+11 0.516394
439	0.00439	2.8104e-25	5.44231e-29	7500	2e+11 0.516394
440	0.0044	8.69085e-25	1.68298e-28	7500	2e+11 0.516394
441	0.00441	2.46409e-24	4.7717e-28	7500	2e+11 0.516418
442	0.00442	6.69872e-24	1.2972e-27	7500	2e+11 0.516418
443	0.00443	2.47892e-23	4.80041e-27	7500	2e+11 0.516394
444	0.00444	6.6218e-23	1.28231e-26	7500	2e+11 0.516394
445	0.00445	1.97008e-22	3.81505e-26	7500	2e+11 0.516394
446	0.00446	4.38386e-22	8.48931e-26	7500	2e+11 0.516394
447	0.00447	1.58238e-21	3.06426e-25	7500	2e+11 0.516418
448	0.00448	4.6381e-21	8.98164e-25	7500	2e+11 0.516418
449	0.00449	1.13866e-20	2.20501e-24	7500	2e+11 0.516394
450	0.0045	3.01323e-20	5.8351e-24	7500	2e+11 0.516394
451	0.00451	8.92145e-20	1.72763e-23	7500	2e+11 0.516394
452	0.00452	2.43197e-19	4.70948e-23	7500	2e+11 0.516394
453	0.00453	7.31237e-19	1.41603e-22	7500	2e+11 0.516394
454	0.00454	2.09715e-18	4.06112e-22	7500	2e+11 0.516418
455	0.00455	5.52611e-18	1.07013e-21	7500	2e+11 0.516418
456	0.00456	1.62398e-17	3.14482e-21	7500	2e+11 0.516394
457	0.00457	5.30135e-17	1.0266e-20	7500	2e+11 0.516394
458	0.00458	1.52107e-16	2.94554e-20	7500	2e+11 0.516394
459	0.00459	3.40711e-16	6.59785e-20	7500	2e+11 0.516394
460	0.0046	9.09809e-16	1.76184e-19	7500	2e+11 0.516418
461	0.00461	2.89969e-15	5.61523e-19	7500	2e+11 0.516418
462	0.00462	7.81395e-15	1.51317e-18	7500	2e+11 0.516394
463	0.00463	1.77687e-14	3.44089e-18	7500	2e+11 0.516394
464	0.00464	5.92978e-14	1.1483e-17	7500	2e+11 0.516394
465	0.00465	1.50084e-13	2.90635e-17	7500	2e+11 0.516394
466	0.00466	5.91438e-13	1.14531e-16	7500	2e+11 0.516418
467	0.00467	1.57475e-12	3.04949e-16	7500	2e+11 0.516418
468	0.00468	4.96557e-12	9.61579e-16	7500	2e+11 0.516394
469	0.00469	1.43158e-11	2.77224e-15	7500	2e+11 0.516394
470	0.0047	3.68647e-11	7.13881e-15	7500	2e+11 0.516394
471	0.00471	9.44354e-11	1.82873e-14	7500	2e+11 0.516394
472	0.00472	3.11375e-10	6.02976e-14	7500	2e+11 0.516418
473	0.00473	7.34591e-10	1.42253e-13	7500	2e+11 0.516418
474	0.00474	1.66074e-09	3.21601e-13	7500	2e+11 0.516394
475	0.00475	4.4257e-09	8.57034e-13	7500	2e+11 0.516394
476	0.00476	1.06366e-08	2.05976e-12	7500	2e+11 0.516394
477	0.00477	2.60952e-08	5.05332e-12	7500	2e+11 0.516394
478	0.00478	8.56362e-08	1.65834e-11	7500	2e+11 0.516418
479	0.00479	2.33245e-07	4.51677e-11	7500	2e+11 0.516418
480	0.0048	9.23247e-07	1.78786e-10	7500	2e+11 0.516394
481	0.00481	2.34588e-06	4.54278e-10	7500	2e+11 0.516394
482	0.00482	6.19347e-06	1.19936e-09	7500	2e+11 0.516394
483	0.00483	1.66253e-05	3.21948e-09	7500	2e+11 0.516394
484	0.00484	4.89308e-05	9.47541e-09	7500	2e+11 0.516418
485	0.00485	0.000113641	2.20065e-08	7500	2e+11 0.516418
486	0.00486	0.000270868	5.24534e-08	7500	2e+11 0.516394
487	0.00487	0.000857182	1.65993e-07	7500	2e+11 0.516394
488	0.00488	0.00220823	4.27623e-07	7500	2e+11 0.516394
489	0.00489	0.00704402	1.36407e-06	7500	2e+11 0.516394
490	0.0049	0.0223553	4.32909e-06	7500	2e+11 0.516418
491	0.00491	0.0521919	1.01069e-05	7500	2e+11 0.516418
492	0.00492	0.129027	2.49861e-05	7500	2e+11 0.516394
493	0.00493	0.441064	8.54117e-05	7500	2e+11 0.516394
494	0.00494	1.23519	0.000239193	7500	2e+11 0.516322
495	0.00495001	3.4172	0.000661738	7500	2e+11 0.516201
496	0.00496001	6.8132	0.00131937	7500	2e+11 0.516033
497	0.00497003	11.1443	0.00215808	7500	2e+11 0.515649
498	0.00498005	16.052	0.00310845	7500	2e+11 0.515146
499	0.00499008	21.1808	0.00410165	7500	2e+11 0.514692
500	0.00500013	26.2143	0.00507637	7500	2e+11 0.514167
501	0.00501018	30.911	0.00598588	7500	2e+11 0.513715
502	0.00502024	35.099	0.0067969	7500	2e+11 0.513192
503	0.00503031	38.6804	0.00749042	7500	2e+11 0.512883
504	0.00504039	41.6333	0.00806226	7500	2e+11 0.51248
505	0.00505047	43.9849	0.00851764	7500	2e+11 0.51222
506	0.00506055	45.7893	0.00886706	7500	2e+11 0.511983
507	0.00507064	47.1238	0.00912548	7500	2e+11 0.511912
508	0.00508073	48.088	0.0093122	7500	2e+11 0.5117
509	0.00509083	48.7622	0.00944276	7500	2e+11 0.511582
510	0.00510092	49.218	0.00953102	7500	2e+11 0.511535
511	0.00511102	49.5177	0.00958906	7500	2e+11 0.511535
512	0.00512111	49.7102	0.00962633	7500	2e+11 0.511535
513	0.00513121	49.8303	0.0096496	7500	2e+11 0.511535
514	0.00514131	49.9036	0.0096638	7500	2e+11 0.511535
515	0.00515141	49.9471	0.00967221	7500	2e+11 0.511535
516	0.0051615	49.9721	0.00967705	7500	2e+11 0.511535
517	0.0051716	49.9862	0.00967978	7500	2e+11 0.511464
518	0.00518169	49.994	0.00968129	7500	2e+11 0.511487
519	0.00519179	49.9982	0.0096821	7500	2e+11 0.511487
520	0.00520189	50.0004	0.00968253	7500	2e+11 0.511558
521	0.00521198	50.0015	0.00968275	7500	2e+11 0.511558
522	0.00522208	50.0021	0.00968287	7500	2e+11 0.511487
523	0.00523218	50.0024	0.00968292	7500	2e+11 0.511487
524	0.00524227	50.0025	0.00968295	7500	2e+11 0.511487
525	0.00525237	50.0026	0.00968296	7500	2e+11 0.511487
526	0.00526247	50.0026	0.00968296	7500	2e+11 0.511487
527	0.00527256	50.0026	0.00968296	7500	2e+11 0.511558
528	0.00528266	50.0026	0.00968296	7500	2e+11 0.511558
529	0.00529276	50.0026	0.00968296	7500	2e+11 0.51144
530	0.00530285	50.0026	0.00968296	7500	2e+11 0.51144
531	0.00531295	50.0026	0.00968296	7500	2e+11 0.511535
532	0.00532304	50.0026	0.00968296	7500	2e+11 0.511535
533	0.00533314	50.0026	0.00968296	7500	2e+11 0.51144
534	0.00534324	50.0026	0.00968296	7500	2e+11 0.511535
535	0.00535333	50.0026	0.00968296	7500	2e+11 0.511535
536	0.00536343	50.0026	0.00968296	7500	2e+11 0.511487
537	0.00537353	50.0026	0.00968296	7500	2e+11 0.511464
538	0.00538362	50.0026	0.00968296	7500	2e+11 0.511558
539	0.00539372	50.0026	0.00968296	7500	2e+11 0.511558
540	0.00540382	50.0026	0.00968296	7500	2e+11 0.51144
541	0.00541391	50.0026	0.00968296	7500	2e+11 0.511487
542	0.00542401	50.0026	0.00968296	7500	2e+11 0.511487
543	0.00543411	50.0026	0.00968296	7500	2e+11 0.511487
544	0.0054442	50.0026	0.00968296	7500	2e+11 0.511487
545	0.0054543	50.0026	0.00968296	7500	2e+11 0.511535
546	0.0054644	50.0026	0.00968296	7500	2e+11 0.511535
547	0.00547449	50.0026	0.00968296	7500	2e+11 0.51144
548	0.00548459	50.0026	0.00968296	7500	2e+11 0.511511
549	0.00549468	50.0026	0.00968296	7500	2e+11 0.511535
550	0.00550478	50.0026	0.00968296	7500	2e+11 0.511535
551	0.00551488	50.0026	0.00968296	7500	2e+11 0.511511
552	0.00552497	50.0026	0.00968296	7500	2e+11 0.511511
553	0.00553507	50.0026	0.00968296	7500	2e+11 0.511511
554	0.00554517	50.0026	0.00968296	7500	2e+11 0.511511
555	0.00555526	50.0026	0.00968296	7500	2e+11 0.511487
556	0.00556536	50.0026	0.00968296	7500	2e+11 0.511487
557	0.00557546	50.0026	0.00968295	7500	2e+11 0.511535
558	0.00558555	50.0026	0.00968295	7500	2e+11 0.511535
559	0.00559565	50.0026	0.00968295	7500	2e+11 0.511535
560	0.00560574	50.0026	0.00968295	7500	2e+11 0.511535
561	0.00561584	50.0026	0.00968295	7500	2e+11 0.51144
562	0.00562594	50.0026	0.00968295	7500	2e+11 0.51144
563	0.00563603	50.0026	0.00968295	7500	2e+11 0.511535
564	0.00564613	50.0026	0.00968295	7500	2e+11 0.511535
565	0.00565623	50.0026	0.00968295	7500	2e+11 0.511511
566	0.00566632	50.0026	0.00968295	7500	2e+11 0.511511
567	0.00567642	50.0026	0.00968295	7500	2e+11 0.511464
568	0.00568652	50.0026	0.00968295	7500	2e+11 0.511464
569	0.00569661	50.0026	0.00968295	7500	2e+11 0.511558
570	0.00570671	50.0026	0.00968295	7500	2e+11 0.511558
571	0.0057168	50.0026	0.00968295	7500	2e+11 0.511464
572	0.0057269	50.0026	0.00968295	7500	2e+11 0.511464
573	0.005737	50.0026	0.00968295	7500	2e+11 0.511464
574	0.00574709	50.0026	0.00968295	7500	2e+11 0.511464
575	0.00575719	50.0026	0.00968295	7500	2e+11 0.511487
576	0.00576729	50.0026	0.00968295	7500	2e+11 0.511558
577	0.00577738	50.0026	0.00968295	7500	2e+11 0.511558
578	0.00578748	50.0026	0.00968295	7500	2e+11 0.511464
579	0.00579757	50.0026	0.00968295	7500	2e+11 0.511487
580	0.00580767	50.0026	0.00968295	7500	2e+11 0.511487
581	0.00581777	50.0025	0.00968295	7500	2e+11 0.511511
582	0.00582786	50.0025	0.00968295	7500	2e+11 0.511511
583	0.00583796	50.0025	0.00968295	7500	2e+11 0.511464
584	0.00584806	50.0025	0.00968295	7500	2e+11 0.511487
585	0.00585815	50.0025	0.00968294	7500	2e+11 0.511487
586	0.00586825	50.0023	0.00968291	7500	2e+11 0.51144
587	0.00587835	50.002	0.00968284	7500	2e+11 0.511605
588	0.00588844	50.0008	0.00968262	7500	2e+11 0.511605
589	0.00589854	49.9988	0.00968222	7500	2e+11 0.511487
590	0.00590863	49.9883	0.0096802	7500	2e+11 0.511464
591	0.00591873	49.9684	0.00967633	7500	2e+11 0.511487
592	0.00592883	49.8944	0.00966201	7500	2e+11 0.511487
593	0.00593892	49.6706	0.00961867	7500	2e+11 0.511535
594	0.00594902	49.1545	0.00951873	7500	2e+11 0.511676
595	0.00595911	47.2395	0.0091479	7500	2e+11 0.511794
596	0.0059692	43.541	0.00843168	7500	2e+11 0.512149
597	0.00597928	38.4476	0.00744535	7500	2e+11 0.512717
598	0.00598935	32.5853	0.00631012	7500	2e+11 0.513334
599	0.00599941	26.5711	0.00514547	7500	2e+11 0.513834
600	0.00600946	20.8988	0.00404704	7500	2e+11 0.514549
601	0.0060195	15.8892	0.00307693	7500	2e+11 0.514883
602	0.00602953	11.6964	0.002265	7500	2e+11 0.515386
603	0.00603955	8.34456	0.00161592	7500	2e+11 0.515649
604	0.00604956	5.77948	0.00111919	7500	2e+11 0.515793
605	0.00605958	3.88969	0.000753236	7500	2e+11 0.516105
606	0.00606958	2.54917	0.000493644	7500	2e+11 0.516153
607	0.00607959	1.62981	0.000315612	7500	2e+11 0.516346
608	0.00608959	1.01616	0.000196779	7500	2e+11 0.516346
609	0.00609959	0.619768	0.000120017	7500	2e+11 0.516442
610	0.00610959	0.370603	7.1767e-05	7500	2e+11 0.516442
611	0.00611959	0.217302	4.20804e-05	7500	2e+11 0.516418
612	0.00612959	0.124259	2.40627e-05	7500	2e+11 0.516418
613	0.00613959	0.0691796	1.33966e-05	7500	2e+11 0.51649
614	0.00614959	0.0378367	7.32704e-06	7500	2e+11 0.51649
615	0.00615959	0.0201753	3.90692e-06	7500	2e+11 0.516466
616	0.00616959	0.010523	2.03777e-06	7500	2e+11 0.516466
617	0.00617959	0.00535677	1.03733e-06	7500	2e+11 0.516418
618	0.00618958	0.00266897	5.16844e-07	7500	2e+11 0.516538
619	0.00619958	0.00130593	2.52893e-07	7500	2e+11 0.516538
620	0.00620958	0.000623657	1.20771e-07	7500	2e+11 0.516442
621	0.00621958	0.000294463	5.70226e-08	7500	2e+11 0.516442
622	0.00622958	0.000136221	2.63792e-08	7500	2e+11 0.516514
623	0.00623958	6.14089e-05	1.18918e-08	7500	2e+11 0.516514
624	0.00624958	2.72292e-05	5.2729e-09	7500	2e+11 0.516442
625	0.00625958	1.1872e-05	2.299e-09	7500	2e+11 0.516442
626	0.00626958	5.08589e-06	9.84878e-10	7500	2e+11 0.51649
627	0.00627958	2.11433e-06	4.09438e-10	7500	2e+11 0.51649
628	0.00628958	8.54299e-07	1.65434e-10	7500	2e+11 0.516418
629	0.00629958	3.41123e-07	6.60581e-11	7500	2e+11 0.516466
630	0.00630957	1.33565e-07	2.58648e-11	7500	2e+11 0.516514
631	0.00631957	5.12338e-08	9.92138e-12	7500	2e+11 0.516514
632	0.00632957	1.91464e-08	3.70769e-12	7500	2e+11 0.51661
633	0.00633957	7.09776e-09	1.37448e-12	7500	2e+11 0.51661
634	0.00634957	2.56053e-09	4.95844e-13	7500	2e+11 0.516514
635	0.00635957	9.04122e-10	1.75083e-13	7500	2e+11 0.516514
636	0.00636957	3.15977e-10	6.11888e-14	7500	2e+11 0.516514
637	0.00637956	1.06987e-10	2.0718e-14	7500	2e+11 0.516538
638	0.00638956	3.52166e-11	6.81967e-15	7500	2e+11 0.516538
639	0.00639956	1.14306e-11	2.21352e-15	7500	2e+11 0.516586
640	0.00640956	3.57993e-12	6.9325e-16	7500	2e+11 0.516586
641	0.00641956	1.08107e-12	2.09348e-16	7500	2e+11 0.516562
642	0.00642955	3.2804e-13	6.35246e-17	7500	2e+11 0.516731
643	0.00643955	9.68952e-14	1.87637e-17	7500	2e+11 0.516731
644	0.00644955	2.77693e-14	5.37751e-18	7500	2e+11 0.516707
645	0.00645954	7.78644e-15	1.50784e-18	7500	2e+11 0.516707
646	0.00646954	2.11341e-15	4.0926e-19	7500	2e+11 0.516731
647	0.00647953	5.52654e-16	1.07021e-19	7500	2e+11 0.516731
648	0.00648952	1.41672e-16	2.74346e-20	7500	2e+11 0.516851
649	0.00649952	3.61103e-17	6.99272e-21	7500	2e+11 0.517164
650	0.0065095	9.10758e-18	1.76368e-21	7500	2e+11 0.517164
651	0.00651956	2.17513e-18	4.21212e-22	7500	2e+11 0.51702
652	0.00652955	5.09749e-19	9.87125e-23	7500	2e+11 0.51702
653	0.00653954	1.19096e-19	2.30628e-23	7500	2e+11 0.516779
654	0.00654954	2.78404e-20	5.39128e-24	7500	2e+11 0.516658
655	0.00655953	6.12607e-21	1.18631e-24	7500	2e+11 0.516634
656	0.00656953	1.34518e-21	2.60493e-25	7500	2e+11 0.516634
657	0.00657953	2.82717e-22	5.4748e-26	7500	2e+11 0.516538
658	0.00658952	5.69663e-23	1.10315e-26	7500	2e+11 0.516658
659	0.00659952	1.16191e-23	2.25003e-27	7500	2e+11 0.516658
660	0.00660952	2.36713e-24	4.58394e-28	7500	2e+11 0.516538
661	0.00661952	4.83133e-25	9.35583e-29	7500	2e+11 0.516538
662	0.00662951	9.40094e-26	1.82048e-29	7500	2e+11 0.516514
663	0.00663951	1.84989e-26	3.58229e-30	7500	2e+11 0.516514
664	0.00664951	3.50268e-27	6.7829e-31	7500	2e+11 0.51637
665	0.00665951	6.64093e-28	1.28601e-31	7500	2e+11 0.51637
666	0.00666951	1.20997e-28	2.34311e-32	7500	2e+11 0.516394
667	0.00667951	2.15459e-29	4.17235e-33	7500	2e+11 0.516562
668	0.00668951	3.8517e-30	7.45878e-34	7500	2e+11 0.516562
669	0.00669951	6.79306e-31	1.31547e-34	7500	2e+11 0.516418
670	0.00670951	1.15742e-31	2.24133e-35	7500	2e+11 0.51649
671	0.00671951	1.95256e-32	3.78111e-36	7500	2e+11 0.51649
672	0.00672951	3.14386e-33	6.08807e-37	7500	2e+11 0.51637
673	0.00673951	5.15805e-34	9.98851e-38	7500	2e+11 0.516538
674	0.00674951	8.2828e-35	1.60396e-38	7500	2e+11 0.516538
675	0.00675951	1.28084e-35	2.48033e-39	7500	2e+11 0.51637
676	0.00676951	1.86365e-36	3.60895e-40	7500	2e+11 0.51637
677	0.00677951	2.67192e-37	5.17415e-41	7500	2e+11 0.516442
678	0.00678951	3.75273e-38	7.26713e-42	7500	2e+11 0.516442
679	0.00679951	5.07986e-39	9.83712e-43	7500	2e+11 0.516442
680	0.00680951	6.58501e-40	1.27518e-43	7500	2e+11 0.516442
681	0.00681951	8.68357e-41	1.68156e-44	7500	2e+11 0.516394
682	0.00682951	7.23631e-42	1.4013e-45	7500	2e+11 0.516394
683	0.00683951	0	0	7500	2e+11 0.51637
684	0.00684952	0	0	7500	2e+11 0.516346
685	0.00685952	0	0	7500	2e+11 0.516346
686	0.00686952	0	0	7500	2e+11 0.51637
687	0.00687952	0	0	7500	2e+11 0.516442
688	0.00688952	0	0	7500	2e+11 0.516442
689	0.00689952	0	0	7500	2e+11 0.516418
690	0.00690952	0	0	7500	2e+11 0.516418
691	0.00691952	0	0	7500	2e+11 0.516442
692	0.00692952	0	0	7500	2e+11 0.516442
693	0.00693952	0	0	7500	2e+11 0.516466
694	0.00694952	0	0	7500	2e+11 0.516466
695	0.00695952	0	0	7500	2e+11 0.516466
696	0.00696952	0	0	7500	2e+11 0.516394
697	0.00697952	0	0	7500	2e+11 0.516418
698	0.00698952	0	0	7500	2e+11 0.516418
699	0.00699952	0	0	7500	2e+11 0.51649
700	0.00700952	0	0	7500	2e+11 0.51649
701	0.00701952	0	0	7500	2e+11 0.51637
702	0.00702952	0	0	7500	2e+11 0.51637
703	0.00703952	0	0	7500	2e+11 0.516466
704	0.00704952	0	0	7500	2e+11 0.516466
705	0.00705952	0	0	7500	2e+11 0.516442
706	0.00706952	0	0	7500	2e+11 0.516442
707	0.00707952	0	0	7500	2e+11 0.516442
708	0.00708952	0	0	7500	2e+11 0.516418
709	0.00709952	0	0	7500	2e+11 0.516538
710	0.00710952	0	0	7500	2e+11 0.516538
711	0.00711952	0	0	7500	2e+11 0.516442
712	0.00712952	0	0	7500	2e+11 0.516442
713	0.00713952	0	0	7500	2e+11 0.516442
714	0.00714952	0	0	7500	2e+11 0.516442
715	0.00715952	0	0	7500	2e+11 0.516394
716	0.00716952	0	0	7500	2e+11 0.516562
717	0.00717951	0	0	7500	2e+11 0.516562
718	0.00718951	0	0	7500	2e+11 0.516418
719	0.00719952	0	0	7500	2e+11 0.51649
720	0.00720951	7.23631e-42	-1.4013e-45	7500	2e+11 0.51649
721	0.00721952	8.68357e-41	-1.68156e-44	7500	2e+11 0.51649
722	0.00722951	6.15083e-40	-1.1911e-43	7500	2e+11 0.51649
723	0.00723951	4.62398e-39	-8.9543e-43	7500	2e+11 0.516442
724	0.00724951	3.88226e-38	-7.51797e-42	7500	2e+11 0.516442
725	0.00725951	3.20401e-37	-6.20453e-41	7500	2e+11 0.516442
726	0.00726951	2.55281e-36	-4.9435e-40	7500	2e+11 0.516442
727	0.00727951	2.00985e-35	-3.89206e-39	7500	2e+11 0.516442
728	0.00728951	1.60805e-34	-3.11397e-38	7500	2e+11 0.516442
729	0.00729951	1.20841e-33	-2.34007e-37	7500	2e+11 0.516418
730	0.00730951	9.15176e-33	-1.77223e-36	7500	2e+11 0.516418
731	0.00731951	7.04599e-32	-1.36445e-35	7500	2e+11 0.516514
732	0.00732951	5.18762e-31	-1.00458e-34	7500	2e+11 0.516514
733	0.00733951	3.59382e-30	-6.95939e-34	7500	2e+11 0.516322
734	0.00734952	2.41489e-29	-4.67642e-33	7500	2e+11 0.51637
735	0.00735952	1.70829e-28	-3.30808e-32	7500	2e+11 0.516418
736	0.00736952	1.12429e-27	-2.17717e-31	7500	2e+11 0.51649
737	0.00737951	6.88308e-27	-1.3329e-30	7500	2e+11 0.51649
738	0.00738952	4.24104e-26	-8.21274e-30	7500	2e+11 0.516322
739	0.00739952	2.41634e-25	-4.67922e-29	7500	2e+11 0.51637
740	0.00740952	1.32017e-24	-2.55649e-28	7500	2e+11 0.51637
741	0.00741952	7.15244e-24	-1.38506e-27	7500	2e+11 0.516346
742	0.00742952	3.90596e-23	-7.56387e-27	7500	2e+11 0.516346
743	0.00743952	2.00955e-22	-3.89148e-26	7500	2e+11 0.516274
744	0.00744953	9.92923e-22	-1.92279e-25	7500	2e+11 0.516274
745	0.00745953	4.96379e-21	-9.61234e-25	7500	2e+11 0.516226
746	0.00746953	2.38249e-20	-4.61368e-24	7500	2e+11 0.516226
747	0.00747954	1.07389e-19	-2.07959e-23	7500	2e+11 0.516105
748	0.00748955	4.7165e-19	-9.13346e-23	7500	2e+11 0.516129
749	0.00749955	2.01587e-18	-3.90373e-22	7500	2e+11 0.516129
750	0.00750956	8.43155e-18	-1.63276e-21	7500	2e+11 0.519466
751	0.0075195	3.39934e-17	-6.5828e-21	7500	2e+11 0.519466
752	0.00752952	1.38541e-16	-2.68284e-20	7500	2e+11 0.515841
753	0.00753953	5.47284e-16	-1.05981e-19	7500	2e+11 0.516274
754	0.00754953	2.09213e-15	-4.0514e-19	7500	2e+11 0.516274
755	0.00755954	7.60527e-15	-1.47275e-18	7500	2e+11 0.516033
756	0.00756954	2.71593e-14	-5.25937e-18	7500	2e+11 0.516346
757	0.00757955	9.69537e-14	-1.8775e-17	7500	2e+11 0.516346
758	0.00758955	3.33771e-13	-6.46344e-17	7500	2e+11 0.516177
759	0.00759955	1.11595e-12	-2.16102e-16	7500	2e+11 0.516177
760	0.00760956	3.58172e-12	-6.93597e-16	7500	2e+11 0.516298
761	0.00761956	1.14453e-11	-2.21638e-15	7500	2e+11 0.516298
762	0.00762957	3.59484e-11	-6.96137e-15	7500	2e+11 0.516442
763	0.00763956	1.07857e-10	-2.08864e-14	7500	2e+11 0.516442
764	0.00764957	3.16977e-10	-6.13823e-14	7500	2e+11 0.516538
765	0.00765957	9.14876e-10	-1.77165e-13	7500	2e+11 0.516538
766	0.00766957	2.59756e-09	-5.03015e-13	7500	2e+11 0.516346
767	0.00767957	7.27331e-09	-1.40847e-12	7500	2e+11 0.516346
768	0.00768957	1.96517e-08	-3.80553e-12	7500	2e+11 0.516346
769	0.00769957	5.17929e-08	-1.00296e-11	7500	2e+11 0.516346
770	0.00770958	1.34768e-07	-2.60977e-11	7500	2e+11 0.516442
771	0.00771958	3.38947e-07	-6.56369e-11	7500	2e+11 0.516442
772	0.00772958	8.35019e-07	-1.61701e-10	7500	2e+11 0.516346
773	0.00773958	2.02654e-06	-3.92438e-10	7500	2e+11 0.516346
774	0.00774958	4.80259e-06	-9.30017e-10	7500	2e+11 0.516394
775	0.00775958	1.12167e-05	-2.1721e-09	7500	2e+11 0.516394
776	0.00776958	2.55879e-05	-4.95507e-09	7500	2e+11 0.51637
777	0.00777958	5.74644e-05	-1.11279e-08	7500	2e+11 0.51637
778	0.00778959	0.00012598	-2.43959e-08	7500	2e+11 0.51649
779	0.00779958	0.000271519	-5.25795e-08	7500	2e+11 0.51649
780	0.00780959	0.000571496	-1.1067e-07	7500	2e+11 0.516201
781	0.00781965	0.00118797	-2.30049e-07	7500	2e+11 0.51541
782	0.00782966	0.0024128	-4.67237e-07	7500	2e+11 0.51637
783	0.00783966	0.00482927	-9.35183e-07	7500	2e+11 0.51637
784	0.00784967	0.0093877	-1.81792e-06	7500	2e+11 0.516466
785	0.00785966	0.0176735	-3.42245e-06	7500	2e+11 0.516466
786	0.00786967	0.0326416	-6.32101e-06	7500	2e+11 0.516514
787	0.00787966	0.0592875	-1.1481e-05	7500	2e+11 0.516514
788	0.00788967	0.10538	-2.04068e-05	7500	2e+11 0.516466
789	0.00789967	0.1838	-3.55928e-05	7500	2e+11 0.516466
790	0.00790967	0.311393	-6.03009e-05	7500	2e+11 0.516658
791	0.00791966	0.513127	-9.93666e-05	7500	2e+11 0.516658
792	0.00792966	0.828024	-0.000160346	7500	2e+11 0.516562
793	0.00793966	1.29952	-0.000251651	7500	2e+11 0.516562
794	0.00794967	1.99884	-0.000387074	7500	2e+11 0.516899
795	0.00795966	2.99041	-0.00057909	7500	2e+11 0.516899
796	0.00796965	4.36397	-0.00084508	7500	2e+11 0.516755
797	0.00797964	6.19544	-0.00119974	7500	2e+11 0.517333
798	0.00798962	8.59165	-0.00166377	7500	2e+11 0.517575
799	0.0079996	11.6053	-0.00224736	7500	2e+11 0.51772
800	0.00800958	15.217	-0.00294676	7500	2e+11 0.518204
801	0.00801954	19.4228	-0.0037612	7500	2e+11 0.518883
802	0.00802949	24.0979	-0.00466654	7500	2e+11 0.518883
803	0.00803944	29.1173	-0.00563854	7500	2e+11 0.519661
804	0.00804938	34.2331	-0.00662922	7500	2e+11 0.520246
805	0.00805931	39.1057	-0.00757278	7500	2e+11 0.520685
806	0.00806923	43.387	-0.00840186	7500	2e+11 0.521028
807	0.00807914	46.7644	-0.00905588	7500	2e+11 0.521273
808	0.00808904	48.8888	-0.00946727	7500	2e+11 0.521322
809	0.00809895	49.5711	-0.0095994	7500	2e+11 0.521322
810	0.00810886	49.845	-0.00965245	7500	2e+11 0.521469
811	0.00811876	49.9402	-0.00967089	7500	2e+11 0.521469
812	0.00812866	49.9814	-0.00967885	7500	2e+11 0.52142
813	0.00813857	49.991	-0.00968072	7500	2e+11 0.52142
814	0.00814847	49.9948	-0.00968146	7500	2e+11 0.521469
815	0.00815838	49.9964	-0.00968177	7500	2e+11 0.521469
816	0.00816828	49.9971	-0.0096819	7500	2e+11 0.521469
817	0.00817818	49.9973	-0.00968193	7500	2e+11 0.521469
818	0.00818809	49.9973	-0.00968194	7500	2e+11 0.521469
819	0.00819799	49.9974	-0.00968195	7500	2e+11 0.521469
820	0.00820789	49.9974	-0.00968195	7500	2e+11 0.52142
821	0.0082178	49.9974	-0.00968195	7500	2e+11 0.521567
822	0.0082277	49.9974	-0.00968195	7500	2e+11 0.521567
823	0.00823761	49.9974	-0.00968195	7500	2e+11 0.521567
824	0.00824751	49.9974	-0.00968195	7500	2e+11 0.521567
825	0.00825741	49.9974	-0.00968195	7500	2e+11 0.521469
826	0.00826732	49.9974	-0.00968195	7500	2e+11 0.521469
827	0.00827722	49.9974	-0.00968195	7500	2e+11 0.521567
828	0.00828712	49.9974	-0.00968195	7500	2e+11 0.521567
829	0.00829703	49.9974	-0.00968195	7500	2e+11 0.521518
830	0.00830693	49.9974	-0.00968195	7500	2e+11 0.521518
831	0.00831684	49.9974	-0.00968195	7500	2e+11 0.52142
832	0.00832674	49.9974	-0.00968195	7500	2e+11 0.521518
833	0.00833664	49.9974	-0.00968195	7500	2e+11 0.521518
834	0.00834655	49.9974	-0.00968195	7500	2e+11 0.521469
835	0.00835645	49.9974	-0.00968196	7500	2e+11 0.521567
836	0.00836635	49.9974	-0.00968196	7500	2e+11 0.521567
837	0.00837626	49.9974	-0.00968196	7500	2e+11 0.521567
838	0.00838616	49.9974	-0.00968196	7500	2e+11 0.521567
839	0.00839607	49.9974	-0.00968196	7500	2e+11 0.521567
840	0.00840597	49.9974	-0.00968196	7500	2e+11 0.521567
841	0.00841587	49.9974	-0.00968196	7500	2e+11 0.52142
842	0.00842577	49.9974	-0.00968196	7500	2e+11 0.521469
843	0.00843568	49.9974	-0.00968196	7500	2e+11 0.521469
844	0.00844558	49.9974	-0.00968196	7500	2e+11 0.521469
845	0.00845548	49.9974	-0.00968196	7500	2e+11 0.521518
846	0.00846539	49.9974	-0.00968196	7500	2e+11 0.521518
847	0.00847529	49.9974	-0.00968196	7500	2e+11 0.521371
848	0.0084852	49.9974	-0.00968196	7500	2e+11 0.521371
849	0.0084951	49.9974	-0.00968196	7500	2e+11 0.52142
850	0.008505	49.9974	-0.00968196	7500	2e+11 0.52142
851	0.00851491	49.9974	-0.00968196	7500	2e+11 0.521469
852	0.00852481	49.9974	-0.00968196	7500	2e+11 0.521469
853	0.00853472	49.9974	-0.00968196	7500	2e+11 0.521567
854	0.00854462	49.9974	-0.00968196	7500	2e+11 0.521567
855	0.00855452	49.9974	-0.00968196	7500	2e+11 0.521371
856	0.00856443	49.9974	-0.00968196	7500	2e+11 0.52142
857	0.00857433	49.9974	-0.00968196	7500	2e+11 0.52142
858	0.00858423	49.9974	-0.00968196	7500	2e+11 0.521469
859	0.00859414	49.9974	-0.00968196	7500	2e+11 0.521567
860	0.00860404	49.9974	-0.00968196	7500	2e+11 0.521567
861	0.00861394	49.9974	-0.00968196	7500	2e+11 0.521469
862	0.00862385	49.9974	-0.00968196	7500	2e+11 0.521469
863	0.00863375	49.9974	-0.00968196	7500	2e+11 0.52142
864	0.00864365	49.9974	-0.00968196	7500	2e+11 0.52142
865	0.00865356	49.9974	-0.00968196	7500	2e+11 0.52142
866	0.00866346	49.9974	-0.00968196	7500	2e+11 0.521469
867	0.00867336	49.9974	-0.00968196	7500	2e+11 0.521469
868	0.00868327	49.9974	-0.00968196	7500	2e+11 0.521371
869	0.00869317	49.9974	-0.00968196	7500	2e+11 0.521469
870	0.00870308	49.9974	-0.00968196	7500	2e+11 0.521469
871	0.00871298	49.9974	-0.00968196	7500	2e+11 0.521518
872	0.00872288	49.9974	-0.00968196	7500	2e+11 0.521518
873	0.00873279	49.9974	-0.00968196	7500	2e+11 0.521616
874	0.00874269	49.9974	-0.00968196	7500	2e+11 0.521616
875	0.00875259	49.9974	-0.00968196	7500	2e+11 0.521322
876	0.0087625	49.9974	-0.00968196	7500	2e+11 0.521469
877	0.0087724	49.9974	-0.00968196	7500	2e+11 0.521518
878	0.0087823	49.9974	-0.00968196	7500	2e+11 0.521518
879	0.00879221	49.9974	-0.00968196	7500	2e+11 0.521469
880	0.00880211	49.9973	-0.00968194	7500	2e+11 0.521469
881	0.00881201	49.9972	-0.00968191	7500	2e+11 0.521371
882	0.00882192	49.9968	-0.00968184	7500	2e+11 0.521567
883	0.00883182	49.9961	-0.0096817	7500	2e+11 0.521567
884	0.00884173	49.9947	-0.00968144	7500	2e+11 0.521469
885	0.00885163	49.992	-0.00968091	7500	2e+11 0.521469
886	0.00886153	49.9868	-0.0096799	7500	2e+11 0.52142
887	0.00887144	49.977	-0.00967801	7500	2e+11 0.52142
888	0.00888134	49.9593	-0.00967459	7500	2e+11 0.52142
889	0.00889125	49.9277	-0.00966845	7500	2e+11 0.521469
890	0.00890115	49.8726	-0.00965778	7500	2e+11 0.521469
891	0.00891105	49.7783	-0.00963952	7500	2e+11 0.521469
892	0.00892096	49.6218	-0.00960922	7500	2e+11 0.521371
893	0.00893086	49.3662	-0.00955973	7500	2e+11 0.521371
894	0.00894077	48.9608	-0.00948121	7500	2e+11 0.521371
895	0.00895067	48.3376	-0.00936055	7500	2e+11 0.521224
896	0.00896058	47.4028	-0.00917951	7500	2e+11 0.521126
897	0.0089705	46.0564	-0.00891878	7500	2e+11 0.52093
898	0.00898041	44.1579	-0.00855113	7500	2e+11 0.52093
899	0.00899033	41.5586	-0.0080478	7500	2e+11 0.520588
900	0.00900025	38.2019	-0.00739777	7500	2e+11 0.520294
901	0.00901019	33.9915	-0.00658243	7500	2e+11 0.519855
902	0.00902013	28.9299	-0.00560226	7500	2e+11 0.519466
903	0.00903008	23.1839	-0.00448955	7500	2e+11 0.518785
904	0.00904005	17.132	-0.00331759	7500	2e+11 0.5183
905	0.00905002	11.2931	-0.00218691	7500	2e+11 0.51772
906	0.00906001	6.28434	-0.00121696	7500	2e+11 0.516996
907	0.00907	2.65148	-0.000513457	7500	2e+11 0.516755
908	0.00908	0.985121	-0.000190768	7500	2e+11 0.516466
909	0.00909	0.303556	-5.87833e-05	7500	2e+11 0.516466
910	0.0091	0.121476	-2.35238e-05	7500	2e+11 0.516418
911	0.00911	0.0452935	-8.77104e-06	7500	2e+11 0.516418
912	0.00912	0.0180513	-3.49563e-06	7500	2e+11 0.516418
913	0.00913	0.00620051	-1.20072e-06	7500	2e+11 0.516418
914	0.00914	0.00236612	-4.58197e-07	7500	2e+11 0.516418
915	0.00915	0.000969274	-1.87699e-07	7500	2e+11 0.516418
916	0.00916	0.000284403	-5.50745e-08	7500	2e+11 0.516418
917	0.00917	0.00010396	-2.01319e-08	7500	2e+11 0.516418
918	0.00918	4.19845e-05	-8.13027e-09	7500	2e+11 0.516418
919	0.00919	1.32315e-05	-2.56226e-09	7500	2e+11 0.516418
920	0.0092	5.3498e-06	-1.03598e-09	7500	2e+11 0.516418
921	0.00921	1.86316e-06	-3.608e-10	7500	2e+11 0.516418
922	0.00922	5.75168e-07	-1.11381e-10	7500	2e+11 0.516418
923	0.00923	1.85191e-07	-3.58621e-11	7500	2e+11 0.516418
924	0.00924	6.62741e-08	-1.28339e-11	7500	2e+11 0.516418
925	0.00925	2.36831e-08	-4.58622e-12	7500	2e+11 0.516418
926	0.00926	8.59869e-09	-1.66513e-12	7500	2e+11 0.516418
927	0.00927	2.2917e-09	-4.43785e-13	7500	2e+11 0.516418
928	0.00928	9.83622e-10	-1.90478e-13	7500	2e+11 0.516418
929	0.00929	2.57264e-10	-4.9819e-14	7500	2e+11 0.516418
930	0.0093	1.10504e-10	-2.1399e-14	7500	2e+11 0.516418
931	0.00931	4.00436e-11	-7.75442e-15	7500	2e+11 0.516418
932	0.00932	1.41163e-11	-2.7336e-15	7500	2e+11 0.516418
933	0.00933	5.05574e-12	-9.7904e-16	7500	2e+11 0.516418
934	0.00934	1.65478e-12	-3.20447e-16	7500	2e+11 0.516418
935	0.00935	5.78115e-13	-1.11952e-16	7500	2e+11 0.516418
936	0.00936	2.15909e-13	-4.18106e-17	7500	2e+11 0.516418
937	0.00937	7.4798e-14	-1.44846e-17	7500	2e+11 0.516418
938	0.00938	2.78902e-14	-5.40092e-18	7500	2e+11 0.516418
939	0.00939	9.35422e-15	-1.81144e-18	7500	2e+11 0.516418
940	0.0094	3.40238e-15	-6.58867e-19	7500	2e+11 0.516418
941	0.00941	1.18582e-15	-2.29632e-19	7500	2e+11 0.516418
942	0.00942	4.60744e-16	-8.92227e-20	7500	2e+11 0.516418
943	0.00943	1.66292e-16	-3.22023e-20	7500	2e+11 0.516418
944	0.00944	6.5211e-17	-1.26281e-20	7500	2e+11 0.516418
945	0.00945	1.97066e-17	-3.81617e-21	7500	2e+11 0.516418
946	0.00946	7.47031e-18	-1.44662e-21	7500	2e+11 0.516418
947	0.00947	3.09142e-18	-5.98651e-22	7500	2e+11 0.516418
948	0.00948	9.00991e-19	-1.74476e-22	7500	2e+11 0.516418
949	0.00949	3.1392e-19	-6.07904e-23	7500	2e+11 0.516418
950	0.0095	1.3466e-19	-2.60768e-23	7500	2e+11 0.516418
951	0.00951	4.97255e-20	-9.6293e-24	7500	2e+11 0.516418
952	0.00952	1.72151e-20	-3.33368e-24	7500	2e+11 0.516418
953	0.00953	6.4844e-21	-1.2557e-24	7500	2e+11 0.516418
954	0.00954	1.99649e-21	-3.86619e-25	7500	2e+11 0.516418
955	0.00955	8.05248e-22	-1.55936e-25	7500	2e+11 0.516418
956	0.00956	2.35796e-22	-4.56616e-26	7500	2e+11 0.516418
957	0.00957	9.4411e-23	-1.82826e-26	7500	2e+11 0.516418
958	0.00958	3.4347e-23	-6.65126e-27	7500	2e+11 0.516418
959	0.00959	1.18754e-23	-2.29966e-27	7500	2e+11 0.516418
960	0.0096	4.05793e-24	-7.85814e-28	7500	2e+11 0.516418
961	0.00961	1.36636e-24	-2.64595e-28	7500	2e+11 0.516418
962	0.00962	4.58524e-25	-8.87929e-29	7500	2e+11 0.516418
963	0.00963	1.54985e-25	-3.00127e-29	7500	2e+11 0.516418
964	0.00964	5.13145e-26	-9.93701e-30	7500	2e+11 0.516418
965	0.00965	1.82171e-26	-3.52773e-30	7500	2e+11 0.516418
966	0.00966	8.24172e-27	-1.596e-30	7500	2e+11 0.516418
967	0.00967	2.77529e-27	-5.37432e-31	7500	2e+11 0.516418
968	0.00968	1.09052e-27	-2.11179e-31	7500	2e+11 0.516418
969	0.00969	3.08782e-28	-5.97953e-32	7500	2e+11 0.516418
970	0.0097	1.35419e-28	-2.62237e-32	7500	2e+11 0.516418
971	0.00971	4.54723e-29	-8.80567e-33	7500	2e+11 0.516418
972	0.00972	1.69018e-29	-3.27302e-33	7500	2e+11 0.516418
973	0.00973	5.09571e-30	-9.8678e-34	7500	2e+11 0.516418
974	0.00974	1.61696e-30	-3.13123e-34	7500	2e+11 0.516418
975	0.00975	4.76991e-31	-9.23689e-35	7500	2e+11 0.516418
976	0.00976	2.02116e-31	-3.91395e-35	7500	2e+11 0.516418
977	0.00977	5.68178e-32	-1.10027e-35	7500	2e+11 0.516418
978	0.00978	2.19175e-32	-4.2443e-36	7500	2e+11 0.516418
979	0.00979	7.71706e-33	-1.4944e-36	7500	2e+11 0.516418
980	0.0098	2.70258e-33	-5.23351e-37	7500	2e+11 0.516418
981	0.00981	8.07077e-34	-1.5629e-37	7500	2e+11 0.516418
982	0.00982	3.20579e-34	-6.20799e-38	7500	2e+11 0.516418
983	0.00983	1.16384e-34	-2.25377e-38	7500	2e+11 0.516418
984	0.00984	3.6524e-35	-7.07285e-39	7500	2e+11 0.516418
985	0.00985	1.38731e-35	-2.68651e-39	7500	2e+11 0.516418
986	0.00986	4.73456e-36	-9.16844e-40	7500	2e+11 0.516418
987	0.00987	1.3884e-36	-2.68863e-40	7500	2e+11 0.516418
988	0.00988	7.23656e-37	-1.40135e-40	7500	2e+11 0.516418
989	0.00989	3.04625e-37	-5.89905e-41	7500	2e+11 0.516418
990	0.0099	0	0	7500	2e+11 0.516418
991	0.00991	0	0	7500	2e+11 0.516418
992	0.00992	0	0	7500	2e+11 0.516418
993	0.00993	0	0	7500	2e+11 0.516418
994	0.00994	0	0	7500	2e+11 0.516418
995	0.00995	0	0	7500	2e+11 0.516418
996	0.00996	0	0	7500	2e+11 0.516418
997	0.00997	0	0	7500	2e+11 0.516418
998	0.00998	0	0	7500	2e+11 0.516418
999	0.00999	0	0	7500	2e+11 0.516418
1000	0.01	0	-0	7500	2e+11 0.516418
