0	0	0	0	1	1
1	0.01	0	0	1	1
2	0.02	0	0	1	1
3	0.03	0	0	1	1
4	0.04	0	0	1	1
5	0.05	0	0	1	1
6	0.06	0	0	1	1
7	0.07	0	0	1	1
8	0.08	0	0	1	1
9	0.09	0	0	1	1
10	0.1	0	0	1	1
11	0.11	0	0	1	1
12	0.12	0	0	1	1
13	0.13	0	0	1	1
14	0.14	0	0	1	1
15	0.15	0	0	1	1
16	0.16	0	0	1	1
17	0.17	0	0	1	1
18	0.18	0	0	1	1
19	0.19	0	0	1	1
20	0.2	0	0	1	1
21	0.21	0	0	1	1
22	0.22	0	0	1	1
23	0.23	0	0	1	1
24	0.24	0	0	1	1
25	0.25	0	0	1	1
26	0.26	0	0	1	1
27	0.27	0	0	1	1
28	0.28	0	0	1	1
29	0.29	0	0	1	1
30	0.3	0	0	1	1
31	0.31	0	0	1	1
32	0.32	0	0	1	1
33	0.33	0	0	1	1
34	0.34	0	0	1	1
35	0.35	0	0	1	1
36	0.36	0	0	1	1
37	0.37	0	0	1	1
38	0.38	0	0	1	1
39	0.39	0	0	1	1
40	0.4	0	0	1	1
41	0.409049	-2.38732e-06	2.38732e-06	1	1
42	0.418097	-2.84377e-05	2.84377e-05	1	1
43	0.427146	-0.000170738	0.000170738	1	1
44	0.436201	-0.00068943	0.00068943	1	1
45	0.445268	-0.00210731	0.00210731	1	1
46	0.454363	-0.00520356	0.00520356	1	1
47	0.46351	-0.0108111	0.0108111	1	1
48	0.472735	-0.0194343	0.0194343	1	1
49	0.482067	-0.0308692	0.0308692	1	1
50	-1.66632	-51.3838	16.249	0.1	1
51	-0.100022	-16.4031	5.18711	0.1	1
52	0.168332	-10.47	3.3109	0.1	1
53	0.287351	-7.85904	2.48525	0.1	1
54	0.359881	-6.28126	1.98631	0.1	1
55	0.411132	-5.17735	1.63722	0.1	1
56	0.450494	-4.3396	1.3723	0.1	1
57	0.482373	-3.67112	1.16091	0.1	1
58	0.509162	-3.1197	0.986535	0.1	1
59	0.532293	-2.65458	0.839453	0.1	1
60	0.552693	-2.25643	0.713545	0.1	1
61	0.570992	-1.91255	0.604801	0.1	1
62	0.587649	-1.61436	0.510505	0.1	1
63	0.603	-1.35604	0.428819	0.1	1
64	0.617308	-1.13354	0.358457	0.1	1
65	0.630785	-0.9439	0.298487	0.1	1
66	0.6436	-0.784764	0.248164	0.1	1
67	0.655897	-0.653871	0.206772	0.1	1
68	0.667792	-0.548699	0.173514	0.1	1
69	0.67938	-0.466199	0.147425	0.1	1
70	0.690737	-0.402743	0.127359	0.1	1
71	0.701923	-0.354314	0.112044	0.1	1
72	0.712977	-0.316894	0.100211	0.1	1
73	0.723927	-0.286831	0.090704	0.1	1
74	0.734787	-0.26118	0.0825922	0.1	1
75	0.745568	-0.23782	0.0752054	0.1	1
76	0.756273	-0.215447	0.0681305	0.1	1
77	0.766904	-0.193419	0.0611646	0.1	1
78	0.777462	-0.171589	0.0542612	0.1	1
79	0.787948	-0.150112	0.0474696	0.1	1
80	0.798366	-0.129309	0.040891	0.1	1
81	0.808717	-0.109555	0.0346443	0.1	1
82	0.81901	-0.0912047	0.0288414	0.1	1
83	0.829249	-0.0745479	0.0235741	0.1	1
84	0.83944	-0.0597846	0.0189056	0.1	1
85	0.849589	-0.0470117	0.0148664	0.1	1
86	0.859704	-0.0362287	0.0114565	0.1	1
87	0.869792	-0.0273482	0.00864827	0.1	1
88	0.879856	-0.0202158	0.00639282	0.1	1
89	0.889902	-0.0146292	0.00462621	0.1	1
90	0.899935	-0.0103621	0.00327689	0.1	1
91	0.909958	-0.00718362	0.00227185	0.1	1
92	0.919973	-0.00487405	0.00154171	0.1	1
93	0.929983	-0.00323651	0.00102428	0.1	1
94	0.93999	-0.00210288	0.000666579	0.1	1
95	0.949994	-0.00133567	0.000425466	0.1	1
96	0.959997	-0.000826651	0.000267317	0.1	1
97	0.969999	-0.000493213	0.000167046	0.1	1
98	0.98	-0.000273513	0.000106887	0.1	1
99	0.99	-0.000121176	7.5162e-05	0.1	1
100	1	0	6.52923e-05	0.1	1
