0	0	0	1.67136e-05	1	1 -8.35678e-06 8.35678e-06
1	0.01	-5.29034e-07	-1.67115e-05	1	1 8.09125e-06 -8.62029e-06
2	0.02	1.05751e-06	1.67054e-05	1	1 -7.82397e-06 8.88148e-06
3	0.03	-1.58488e-06	-1.66953e-05	1	1 7.55521e-06 -9.14009e-06
4	0.04	2.11054e-06	1.6681e-05	1	1 -7.28524e-06 9.39579e-06
5	0.05	-2.63398e-06	-1.66626e-05	1	1 7.01432e-06 -9.64829e-06
6	0.06	3.15461e-06	1.664e-05	1	1 -6.74269e-06 9.8973e-06
7	0.07	-3.67187e-06	-1.66131e-05	1	1 6.47061e-06 -1.01425e-05
8	0.08	4.18521e-06	1.65818e-05	1	1 -6.19831e-06 1.03835e-05
9	0.09	-4.69406e-06	-1.65461e-05	1	1 5.92601e-06 -1.06201e-05
10	0.1	5.19788e-06	1.65058e-05	1	1 -5.65396e-06 1.08518e-05
11	0.11	0.00920701	-0.00922917	1	1 0.00921809 -1.10772e-05
12	0.12	0.0107298	-0.0107072	1	1 0.0107185 1.13035e-05
13	0.13	0.00932991	-0.00935294	1	1 0.00934143 -1.15149e-05
14	0.14	0.0106136	-0.0105902	1	1 0.0106019 1.17198e-05
15	0.15	0.0094396	-0.00946346	1	1 0.00945153 -1.19274e-05
16	0.16	0.0105102	-0.0104859	1	1 0.0104981 1.21221e-05
17	0.17	0.00953713	-0.00956175	1	1 0.00954944 -1.23102e-05
18	0.18	0.0104184	-0.0103934	1	1 0.0104059 1.249e-05
19	0.19	0.00962349	-0.00964881	1	1 0.00963615 -1.26632e-05
20	0.2	0.0103372	-0.0103116	1	1 0.0103244 1.28243e-05
21	0.21	0.000486914	-0.000512879	1	1 0.000499897 -1.29828e-05
22	0.22	-0.000457762	0.00048402	1	1 -0.000470891 1.3129e-05
23	0.23	0.000429842	-0.000456373	1	1 0.000443108 -1.32655e-05
24	0.24	-0.000403113	0.000429898	1	1 -0.000416505 1.3392e-05
25	0.25	0.000377537	-0.000404553	1	1 0.000391045 -1.35081e-05
26	0.26	-0.000353074	0.0003803	1	1 -0.000366687 1.36134e-05
27	0.27	0.000329687	-0.000357102	1	1 0.000343395 -1.37075e-05
28	0.28	-0.000307342	0.000334921	1	1 -0.000321131 1.37899e-05
29	0.29	0.000286002	-0.000313722	1	1 0.000299862 -1.38603e-05
30	0.3	-0.000265634	0.00029347	1	1 -0.000279552 1.39182e-05
31	0.31	0.000246204	-0.00027413	1	1 0.000260167 -1.39631e-05
32	0.32	-0.000227682	0.000255671	1	1 -0.000241676 1.39949e-05
33	0.33	0.000210034	-0.00023806	1	1 0.000224047 -1.40129e-05
34	0.34	-0.000193233	0.000221266	1	1 -0.000207249 1.40168e-05
35	0.35	0.000177247	-0.000205259	1	1 0.000191253 -1.40061e-05
36	0.36	-0.000162049	0.00019001	1	1 -0.000176029 1.39804e-05
37	0.37	0.00014761	-0.000175489	1	1 0.00016155 -1.39394e-05
38	0.38	-0.000133905	0.000161671	1	1 -0.000147788 1.38826e-05
39	0.39	0.000120908	-0.000148527	1	1 0.000134717 -1.38096e-05
40	0.4	-0.000108592	0.000136032	1	1 -0.000122312 1.372e-05
41	0.41	9.69336e-05	-0.00012416	1	1 0.000110547 -1.36134e-05
42	0.42	-8.59091e-05	0.000112888	1	1 -9.93985e-05 1.34893e-05
43	0.43	7.54955e-05	-0.000102191	1	1 8.8843e-05 -1.33475e-05
44	0.44	-6.56705e-05	9.20455e-05	1	1 -7.8858e-05 1.31875e-05
45	0.45	5.64126e-05	-8.24304e-05	1	1 6.94215e-05 -1.30089e-05
46	0.46	-4.77006e-05	7.33234e-05	1	1 -6.0512e-05 1.28114e-05
47	0.47	3.95144e-05	-6.47035e-05	1	1 5.2109e-05 -1.25946e-05
48	0.48	-3.18342e-05	5.65505e-05	1	1 -4.41924e-05 1.23581e-05
49	0.49	2.46411e-05	-4.88444e-05	1	1 3.67428e-05 -1.21016e-05
50	0.5	-1.79167e-05	4.15663e-05	1	1 -2.97415e-05 1.18248e-05
51	0.51	1.1643e-05	-3.46975e-05	1	1 2.31702e-05 -1.15273e-05
52	0.52	-5.80262e-06	2.82202e-05	1	1 -1.70114e-05 1.12088e-05
53	0.53	3.78866e-07	-2.21169e-05	1	1 1.12479e-05 -1.0869e-05
54	0.54	4.64439e-06	1.63709e-05	1	1 -5.86328e-06 1.05077e-05
55	0.55	-9.28301e-06	-1.09659e-05	1	1 8.41458e-07 -1.01245e-05
56	0.56	1.35522e-05	5.88618e-06	1	1 3.833e-06 9.71917e-06
57	0.57	-1.74666e-05	-1.11646e-06	1	1 -8.17507e-06 -9.29153e-06
58	0.58	2.10406e-05	-3.3579e-06	1	1 1.21992e-05 8.84134e-06
59	0.59	-2.42879e-05	7.5511e-06	1	1 -1.59195e-05 -8.36839e-06
60	0.6	2.72219e-05	-1.14769e-05	1	1 1.93494e-05 7.87252e-06
61	0.61	-2.98555e-05	1.51485e-05	1	1 -2.2502e-05 -7.35354e-06
62	0.62	3.22014e-05	-1.85787e-05	1	1 2.539e-05 6.81134e-06
63	0.63	-3.42714e-05	2.17798e-05	1	1 -2.80256e-05 -6.24581e-06
64	0.64	3.60776e-05	-2.47638e-05	1	1 3.04207e-05 5.65687e-06
65	0.65	-3.7631e-05	2.75421e-05	1	1 -3.25866e-05 -5.04444e-06
66	0.66	3.89429e-05	-3.01258e-05	1	1 3.45343e-05 4.40853e-06
67	0.67	-4.00237e-05	3.25254e-05	1	1 -3.62745e-05 -3.74914e-06
68	0.68	4.08838e-05	-3.47512e-05	1	1 3.78175e-05 3.06631e-06
69	0.69	-4.15332e-05	3.6813e-05	1	1 -3.91731e-05 -2.36009e-06
70	0.7	4.19815e-05	-3.87203e-05	1	1 4.03509e-05 1.63061e-06
71	0.71	-4.22381e-05	4.04821e-05	1	1 -4.13601e-05 -8.77997e-07
72	0.72	4.23121e-05	-4.21072e-05	1	1 4.22096e-05 1.02464e-07
73	0.73	-4.22122e-05	4.36038e-05	1	1 -4.2908e-05 6.95782e-07
74	0.74	4.1947e-05	-4.49799e-05	1	1 4.34635e-05 -1.51647e-06
75	0.75	-4.15246e-05	4.62432e-05	1	1 -4.38839e-05 2.35928e-06
76	0.76	4.09532e-05	-4.74009e-05	1	1 4.41771e-05 -3.22385e-06
77	0.77	-4.02405e-05	4.846e-05	1	1 -4.43503e-05 4.10975e-06
78	0.78	3.9394e-05	-4.94271e-05	1	1 4.44106e-05 -5.01655e-06
79	0.79	-3.84211e-05	5.03085e-05	1	1 -4.43648e-05 5.94371e-06
80	0.8	3.73288e-05	-5.11102e-05	1	1 4.42195e-05 -6.89068e-06
81	0.81	-3.61242e-05	5.18378e-05	1	1 -4.3981e-05 7.85678e-06
82	0.82	3.4814e-05	-5.24967e-05	1	1 4.36554e-05 -8.84135e-06
83	0.83	-3.34047e-05	5.30919e-05	1	1 -4.32483e-05 9.84362e-06
84	0.84	3.19027e-05	-5.36283e-05	1	1 4.27655e-05 -1.08628e-05
85	0.85	-3.03143e-05	5.41102e-05	1	1 -4.22123e-05 1.18979e-05
86	0.86	2.86456e-05	-5.45418e-05	1	1 4.15937e-05 -1.29481e-05
87	0.87	-2.69026e-05	5.4927e-05	1	1 -4.09148e-05 1.40122e-05
88	0.88	2.5091e-05	-5.52694e-05	1	1 4.01802e-05 -1.50892e-05
89	0.89	-2.32167e-05	5.55723e-05	1	1 -3.93945e-05 1.61778e-05
90	0.9	2.12851e-05	-5.58388e-05	1	1 3.8562e-05 -1.72769e-05
91	0.91	-1.93019e-05	5.60716e-05	1	1 -3.76868e-05 1.83849e-05
92	0.92	1.72724e-05	-5.62733e-05	1	1 3.67728e-05 -1.95004e-05
93	0.93	-1.5202e-05	5.6446e-05	1	1 -3.5824e-05 2.0622e-05
94	0.94	1.3096e-05	-5.65917e-05	1	1 3.48439e-05 -2.17479e-05
95	0.95	-1.09596e-05	5.67122e-05	1	1 -3.38359e-05 2.28763e-05
96	0.96	8.7979e-06	-5.68088e-05	1	1 3.28033e-05 -2.40054e-05
97	0.97	-6.61603e-06	5.68827e-05	1	1 -3.17494e-05 2.51333e-05
98	0.98	4.41905e-06	-5.69349e-05	1	1 3.0677e-05 -2.62579e-05
99	0.99	-2.21204e-06	5.69659e-05	1	1 -2.9589e-05 2.73769e-05
100	1	0	-5.69762e-05	1	1 2.84881e-05 -2.84881e-05
