0	0	0	0	1	1
1	0.01	0	0	1	1
2	0.02	0	0	1	1
3	0.03	0	0	1	1
4	0.04	0	0	1	1
5	0.05	0	0	1	1
6	0.06	0	0	1	1
7	0.07	0	0	1	1
8	0.08	0	0	1	1
9	0.09	0	0	1	1
10	0.1	0	0	1	1
11	0.11	0	0	1	1
12	0.12	0	0	1	1
13	0.13	0	0	1	1
14	0.14	0	0	1	1
15	0.15	0	0	1	1
16	0.16	0	0	1	1
17	0.17	0	0	1	1
18	0.18	0	0	1	1
19	0.19	0	0	1	1
20	0.2	0	0	1	1
21	0.21	0	0	1	1
22	0.22	0	0	1	1
23	0.23	0	0	1	1
24	0.24	0	0	1	1
25	0.25	0	0	1	1
26	0.26	0	0	1	1
27	0.27	0	0	1	1
28	0.28	0	0	1	1
29	0.29	0	0	1	1
30	0.3	0	0	1	1
31	0.31	0	0	1	1
32	0.32	0	0	1	1
33	0.33	0	0	1	1
34	0.34	0	0	1	1
35	0.35	0	0	1	1
36	0.36	0	0	1	1
37	0.37	0	0	1	1
38	0.38	0	0	1	1
39	0.39	0	0	1	1
40	0.4	0	0	1	1
41	0.409049	-2.8452e-05	2.8452e-05	1	1
42	0.418099	-0.000268062	0.000268062	1	1
43	0.427159	-0.00127771	0.00127771	1	1
44	0.436245	-0.00411148	0.00411148	1	1
45	0.445384	-0.010048	0.010048	1	1
46	0.454614	-0.019894	0.019894	1	1
47	0.463968	-0.0332723	0.0332723	1	1
48	0.473466	-0.048516	0.048516	1	1
49	0.483106	-0.0633619	0.0633619	1	1
50	-0.543629	-49.0499	15.5109	0.1	1
51	0.244131	-14.2262	4.49873	0.1	1
52	0.380449	-8.32473	2.63251	0.1	1
53	0.441485	-5.74393	1.81639	0.1	1
54	0.479109	-4.20251	1.32895	0.1	1
55	0.506086	-3.14499	0.994533	0.1	1
56	0.527202	-2.36731	0.748609	0.1	1
57	0.544727	-1.77649	0.561776	0.1	1
58	0.559922	-1.32426	0.418768	0.1	1
59	0.573564	-0.982784	0.310783	0.1	1
60	0.586172	-0.73321	0.231861	0.1	1
61	0.598106	-0.559555	0.176947	0.1	1
62	0.60962	-0.445731	0.140952	0.1	1
63	0.62088	-0.375271	0.118671	0.1	1
64	0.63199	-0.3328	0.105241	0.1	1
65	0.643005	-0.305853	0.0967192	0.1	1
66	0.65395	-0.285737	0.0903578	0.1	1
67	0.664832	-0.267262	0.0845156	0.1	1
68	0.675648	-0.247866	0.0783821	0.1	1
69	0.686391	-0.226665	0.0716776	0.1	1
70	0.697056	-0.203736	0.064427	0.1	1
71	0.707641	-0.179654	0.0568115	0.1	1
72	0.718144	-0.15521	0.0490817	0.1	1
73	0.728568	-0.131234	0.0414999	0.1	1
74	0.738917	-0.108497	0.0343098	0.1	1
75	0.749198	-0.087629	0.0277107	0.1	1
76	0.759418	-0.0690836	0.0218462	0.1	1
77	0.769588	-0.0531215	0.0167985	0.1	1
78	0.779715	-0.0398161	0.0125909	0.1	1
79	0.789807	-0.0290737	0.00919392	0.1	1
80	0.799873	-0.020674	0.0065377	0.1	1
81	0.809918	-0.0143128	0.00452611	0.1	1
82	0.819948	-0.0096462	0.0030504	0.1	1
83	0.829969	-0.00632893	0.00200138	0.1	1
84	0.839981	-0.00404306	0.00127853	0.1	1
85	0.849989	-0.00251536	0.000795427	0.1	1
86	0.859994	-0.00152454	0.000482103	0.1	1
87	0.869997	-0.000900497	0.000284762	0.1	1
88	0.879999	-0.000518567	0.000163985	0.1	1
89	0.89	-0.000291269	9.21075e-05	0.1	1
90	0.9	-0.000159642	5.04832e-05	0.1	1
91	0.91	-8.54133e-05	2.70101e-05	0.1	1
92	0.92	-4.46294e-05	1.41131e-05	0.1	1
93	0.93	-2.27832e-05	7.20481e-06	0.1	1
94	0.94	-1.13679e-05	3.59518e-06	0.1	1
95	0.95	-5.54545e-06	1.75447e-06	0.1	1
96	0.96	-2.64399e-06	8.38232e-07	0.1	1
97	0.97	-1.22814e-06	3.93627e-07	0.1	1
98	0.98	-5.45215e-07	1.85129e-07	0.1	1
99	0.99	-2.05399e-07	9.51342e-08	0.1	1
100	1	0	7.02174e-08	0.1	1
