0	0	-6.82121e-13	-2.32579e-06	1	1 1.1629e-06 -1.1629e-06
1	0.01	-6.23957e-08	2.32494e-06	1	1 -1.19367e-06 1.13127e-06
2	0.02	1.24814e-07	-2.32238e-06	1	1 1.2236e-06 -1.09879e-06
3	0.03	-1.87279e-07	2.31812e-06	1	1 -1.2527e-06 1.06542e-06
4	0.04	2.49813e-07	-2.31215e-06	1	1 1.28098e-06 -1.03117e-06
5	0.05	-3.1244e-07	2.30448e-06	1	1 -1.30846e-06 9.96019e-07
6	0.06	3.75182e-07	-2.29509e-06	1	1 1.33514e-06 -9.59956e-07
7	0.07	-4.38063e-07	2.284e-06	1	1 -1.36103e-06 9.22969e-07
8	0.08	5.01106e-07	-2.2712e-06	1	1 1.38615e-06 -8.85046e-07
9	0.09	-5.64334e-07	2.25668e-06	1	1 -1.41051e-06 8.46175e-07
10	0.1	6.27769e-07	-2.24045e-06	1	1 1.43411e-06 -8.06343e-07
11	0.11	0.00980129	-0.00979976	1	1 0.00980053 7.65547e-07
12	0.12	0.0101948	-0.0101963	1	1 0.0101955 -7.21775e-07
13	0.13	0.00980901	-0.00980764	1	1 0.00980833 6.81728e-07
14	0.14	0.0101872	-0.0101885	1	1 0.0101878 -6.38887e-07
15	0.15	0.00981652	-0.00981533	1	1 0.00981592 5.92321e-07
16	0.16	0.0101798	-0.0101809	1	1 0.0101804 -5.45755e-07
17	0.17	0.00982382	-0.00982282	1	1 0.00982332 4.99189e-07
18	0.18	0.0101726	-0.0101735	1	1 0.0101731 -4.51691e-07
19	0.19	0.00983091	-0.0098301	1	1 0.00983051 4.03263e-07
20	0.2	0.0101656	-0.0101663	1	1 0.010166 -3.53903e-07
21	0.21	3.58168e-05	-3.52146e-05	1	1 3.55157e-05 3.01101e-07
22	0.22	-3.52445e-05	3.4747e-05	1	1 -3.49957e-05 -2.48718e-07
23	0.23	3.46767e-05	-3.42863e-05	1	1 3.44815e-05 1.95199e-07
24	0.24	-3.41136e-05	3.38326e-05	1	1 -3.39731e-05 -1.40528e-07
25	0.25	3.3555e-05	-3.33856e-05	1	1 3.34703e-05 8.46958e-08
26	0.26	-3.30009e-05	3.29455e-05	1	1 -3.29732e-05 -2.7685e-08
27	0.27	3.24511e-05	-3.25121e-05	1	1 3.24816e-05 -3.0519e-08
28	0.28	-3.19056e-05	3.20855e-05	1	1 -3.19956e-05 8.99308e-08
29	0.29	3.13644e-05	-3.16656e-05	1	1 3.1515e-05 -1.50565e-07
30	0.3	-3.08274e-05	3.12523e-05	1	1 -3.10399e-05 2.1244e-07
31	0.31	3.02946e-05	-3.08457e-05	1	1 3.05701e-05 -2.75562e-07
32	0.32	-2.97658e-05	3.04457e-05	1	1 -3.01057e-05 3.39958e-07
33	0.33	2.9241e-05	-3.00522e-05	1	1 2.96466e-05 -4.05638e-07
34	0.34	-2.87201e-05	2.96653e-05	1	1 -2.91927e-05 4.72613e-07
35	0.35	2.82031e-05	-2.92849e-05	1	1 2.8744e-05 -5.40907e-07
36	0.36	-2.76899e-05	2.89109e-05	1	1 -2.83004e-05 6.10533e-07
37	0.37	2.71804e-05	-2.85434e-05	1	1 2.78619e-05 -6.81504e-07
38	0.38	-2.66746e-05	2.81823e-05	1	1 -2.74285e-05 7.53838e-07
39	0.39	2.61725e-05	-2.78276e-05	1	1 2.7e-05 -8.27558e-07
40	0.4	-2.56739e-05	2.74792e-05	1	1 -2.65766e-05 9.02668e-07
41	0.41	2.51788e-05	-2.71372e-05	1	1 2.6158e-05 -9.79197e-07
42	0.42	-2.46871e-05	2.68014e-05	1	1 -2.57443e-05 1.05715e-06
43	0.43	2.41988e-05	-2.64719e-05	1	1 2.53354e-05 -1.13656e-06
44	0.44	-2.37138e-05	2.61487e-05	1	1 -2.49312e-05 1.21742e-06
45	0.45	2.32321e-05	-2.58316e-05	1	1 2.45319e-05 -1.29977e-06
46	0.46	-2.27535e-05	2.55208e-05	1	1 -2.41371e-05 1.38362e-06
47	0.47	2.22781e-05	-2.52161e-05	1	1 2.37471e-05 -1.46898e-06
48	0.48	-2.18057e-05	2.49175e-05	1	1 -2.33616e-05 1.55589e-06
49	0.49	2.13364e-05	-2.4625e-05	1	1 2.29807e-05 -1.64434e-06
50	0.5	-2.08699e-05	2.43387e-05	1	1 -2.26043e-05 1.73436e-06
51	0.51	2.04064e-05	-2.40583e-05	1	1 2.22324e-05 -1.82597e-06
52	0.52	-1.99457e-05	2.3784e-05	1	1 -2.18649e-05 1.91919e-06
53	0.53	1.94877e-05	-2.35158e-05	1	1 2.15017e-05 -2.01403e-06
54	0.54	-1.90325e-05	2.32535e-05	1	1 -2.1143e-05 2.11052e-06
55	0.55	1.85798e-05	-2.29972e-05	1	1 2.07885e-05 -2.20867e-06
56	0.56	-1.81298e-05	2.27468e-05	1	1 -2.04383e-05 2.30851e-06
57	0.57	1.76823e-05	-2.25024e-05	1	1 2.00923e-05 -2.41004e-06
58	0.58	-1.72373e-05	2.22639e-05	1	1 -1.97506e-05 2.5133e-06
59	0.59	1.67946e-05	-2.20312e-05	1	1 1.94129e-05 -2.6183e-06
60	0.6	-1.63543e-05	2.18044e-05	1	1 -1.90794e-05 2.72506e-06
61	0.61	1.59163e-05	-2.15835e-05	1	1 1.87499e-05 -2.8336e-06
62	0.62	-1.54805e-05	2.13684e-05	1	1 -1.84244e-05 2.94394e-06
63	0.63	1.50469e-05	-2.11591e-05	1	1 1.8103e-05 -3.0561e-06
64	0.64	-1.46154e-05	2.09556e-05	1	1 -1.77855e-05 3.1701e-06
65	0.65	1.41859e-05	-2.07578e-05	1	1 1.74719e-05 -3.28596e-06
66	0.66	-1.37584e-05	2.05659e-05	1	1 -1.71622e-05 3.40371e-06
67	0.67	1.33329e-05	-2.03796e-05	1	1 1.68563e-05 -3.52336e-06
68	0.68	-1.29093e-05	2.01991e-05	1	1 -1.65542e-05 3.64494e-06
69	0.69	1.24874e-05	-2.00243e-05	1	1 1.62559e-05 -3.76846e-06
70	0.7	-1.20673e-05	1.98552e-05	1	1 -1.59613e-05 3.89395e-06
71	0.71	1.1649e-05	-1.96918e-05	1	1 1.56704e-05 -4.02143e-06
72	0.72	-1.12322e-05	1.95341e-05	1	1 -1.53832e-05 4.15092e-06
73	0.73	1.08171e-05	-1.9382e-05	1	1 1.50995e-05 -4.28244e-06
74	0.74	-1.04035e-05	1.92355e-05	1	1 -1.48195e-05 4.41602e-06
75	0.75	9.99136e-06	-1.90947e-05	1	1 1.4543e-05 -4.55168e-06
76	0.76	-9.58064e-06	1.89595e-05	1	1 -1.42701e-05 4.68944e-06
77	0.77	9.17128e-06	-1.88299e-05	1	1 1.40006e-05 -4.82932e-06
78	0.78	-8.76321e-06	1.87059e-05	1	1 -1.37346e-05 4.97135e-06
79	0.79	8.35639e-06	-1.85875e-05	1	1 1.34719e-05 -5.11555e-06
80	0.8	-7.95076e-06	1.84747e-05	1	1 -1.32127e-05 5.26195e-06
81	0.81	7.54626e-06	-1.83674e-05	1	1 1.29568e-05 -5.41056e-06
82	0.82	-7.14283e-06	1.82657e-05	1	1 -1.27042e-05 5.56142e-06
83	0.83	6.74042e-06	-1.81695e-05	1	1 1.2455e-05 -5.71454e-06
84	0.84	-6.33897e-06	1.80789e-05	1	1 -1.22089e-05 5.86995e-06
85	0.85	5.93841e-06	-1.79938e-05	1	1 1.19661e-05 -6.02767e-06
86	0.86	-5.5387e-06	1.79142e-05	1	1 -1.17264e-05 6.18774e-06
87	0.87	5.13978e-06	-1.78401e-05	1	1 1.149e-05 -6.35017e-06
88	0.88	-4.7416e-06	1.77716e-05	1	1 -1.12566e-05 6.51498e-06
89	0.89	4.3441e-06	-1.77085e-05	1	1 1.10263e-05 -6.68221e-06
90	0.9	-3.94721e-06	1.7651e-05	1	1 -1.07991e-05 6.85189e-06
91	0.91	3.55088e-06	-1.75989e-05	1	1 1.05749e-05 -7.02403e-06
92	0.92	-3.15506e-06	1.75524e-05	1	1 -1.03537e-05 7.19866e-06
93	0.93	2.75969e-06	-1.75113e-05	1	1 1.01355e-05 -7.37581e-06
94	0.94	-2.36472e-06	1.74757e-05	1	1 -9.92022e-06 7.5555e-06
95	0.95	1.97009e-06	-1.74456e-05	1	1 9.70785e-06 -7.73776e-06
96	0.96	-1.57573e-06	1.7421e-05	1	1 -9.49836e-06 7.92263e-06
97	0.97	1.1816e-06	-1.74018e-05	1	1 9.29171e-06 -8.11011e-06
98	0.98	-7.87641e-07	1.73881e-05	1	1 -9.08789e-06 8.30025e-06
99	0.99	3.93793e-07	-1.73799e-05	1	1 8.88687e-06 -8.49307e-06
100	1	0	1.73772e-05	1	1 -8.6886e-06 8.6886e-06
