0	0	-5.45697e-12	4.73985e-05	1	1 -2.36993e-05 2.36992e-05
1	0.01	-1.47034e-06	-4.73658e-05	1	1 2.29477e-05 -2.44181e-05
2	0.02	2.93693e-06	4.72677e-05	1	1 -2.21654e-05 2.51023e-05
3	0.03	-4.39605e-06	-4.71042e-05	1	1 2.13541e-05 -2.57501e-05
4	0.04	5.84398e-06	4.68755e-05	1	1 -2.05157e-05 2.63597e-05
5	0.05	-7.27701e-06	-4.65816e-05	1	1 1.96523e-05 -2.69293e-05
6	0.06	8.6915e-06	4.62228e-05	1	1 -1.87656e-05 2.74571e-05
7	0.07	-1.00838e-05	-4.57992e-05	1	1 1.78577e-05 -2.79415e-05
8	0.08	1.14504e-05	4.53112e-05	1	1 -1.69304e-05 2.83808e-05
9	0.09	-1.27877e-05	-4.47589e-05	1	1 1.59856e-05 -2.87733e-05
10	0.1	1.40923e-05	4.41428e-05	1	1 -1.50252e-05 2.91176e-05
11	0.11	0.00825421	-0.00831302	1	1 0.00828362 -2.94074e-05
12	0.12	0.0114287	-0.0113693	1	1 0.011399 2.96608e-05
13	0.13	0.00884884	-0.00890853	1	1 0.00887868 -2.98452e-05
14	0.14	0.0109095	-0.0108496	1	1 0.0108796 2.99802e-05
15	0.15	0.00929961	-0.00935974	1	1 0.00932967 -3.0064e-05
16	0.16	0.0105205	-0.0104603	1	1 0.0104904 3.00901e-05
17	0.17	0.0096331	-0.00969322	1	1 0.00966316 -3.00594e-05
18	0.18	0.0102369	-0.010177	1	1 0.010207 2.99718e-05
19	0.19	0.00987194	-0.00993159	1	1 0.00990177 -2.98228e-05
20	0.2	0.010038	-0.0099788	1	1 0.0100084 2.96067e-05
21	0.21	0.00176577	-0.00182446	1	1 0.00179512 -2.93438e-05
22	0.22	-0.00150595	0.00156398	1	1 -0.00153497 2.90141e-05
23	0.23	0.00127279	-0.00133004	1	1 0.00130141 -2.86243e-05
24	0.24	-0.00106416	0.00112051	1	1 -0.00109234 2.81724e-05
25	0.25	0.00087809	-0.000933409	1	1 0.000905749 -2.76592e-05
26	0.26	-0.000712712	0.000766882	1	1 -0.000739797 2.70848e-05
27	0.27	0.000566302	-0.000619201	1	1 0.000592751 -2.64492e-05
28	0.28	-0.000437248	0.000488753	1	1 -0.000463001 2.57525e-05
29	0.29	0.000324049	-0.00037404	1	1 0.000349044 -2.49954e-05
30	0.3	-0.000225305	0.000273662	1	1 -0.000249483 2.41783e-05
31	0.31	0.000139719	-0.000186323	1	1 0.000163021 -2.33024e-05
32	0.32	-6.60822e-05	0.000110819	1	1 -8.84504e-05 2.23682e-05
33	0.33	3.27514e-06	-4.60293e-05	1	1 2.46522e-05 -2.13771e-05
34	0.34	4.97411e-05	-9.08057e-06	1	1 2.94108e-05 2.03303e-05
35	0.35	-9.39288e-05	5.54704e-05	1	1 -7.46996e-05 -1.92292e-05
36	0.36	0.000130177	-9.40267e-05	1	1 0.000112102 1.80754e-05
37	0.37	-0.00015931	0.000125568	1	1 -0.000142439 -1.68709e-05
38	0.38	0.000182085	-0.00015085	1	1 0.000166468 1.56174e-05
39	0.39	-0.000199202	0.000170567	1	1 -0.000184885 -1.43174e-05
40	0.4	0.000211305	-0.00018536	1	1 0.000198333 1.29729e-05
41	0.41	-0.000218987	0.000195813	1	1 -0.0002074 -1.15867e-05
42	0.42	0.000222789	-0.000202466	1	1 0.000212628 1.01614e-05
43	0.43	-0.00022321	0.000205811	1	1 -0.00021451 -8.69989e-06
44	0.44	0.000220705	-0.000206295	1	1 0.0002135 7.20528e-06
45	0.45	-0.00021569	0.000204328	1	1 -0.000210009 -5.68088e-06
46	0.46	0.000208542	-0.000200282	1	1 0.000204412 4.13011e-06
47	0.47	-0.000199606	0.000194493	1	1 -0.00019705 -2.55657e-06
48	0.48	0.000189195	-0.000187267	1	1 0.000188231 9.64093e-07
49	0.49	-0.00017759	0.000178877	1	1 -0.000178233 6.43355e-07
50	0.5	0.000165047	-0.00016957	1	1 0.000167308 -2.26166e-06
51	0.51	-0.000151794	0.000159567	1	1 -0.000155681 3.88648e-06
52	0.52	0.000138038	-0.000149065	1	1 0.000143552 -5.51339e-06
53	0.53	-0.000123962	0.000138238	1	1 -0.0001311 7.13766e-06
54	0.54	0.00010973	-0.000127239	1	1 0.000118484 -8.75468e-06
55	0.55	-9.54849e-05	0.000116204	1	1 -0.000105844 1.03595e-05
56	0.56	8.13559e-05	-0.00010525	1	1 9.33029e-05 -1.1947e-05
57	0.57	-6.74542e-05	9.44783e-05	1	1 -8.09662e-05 1.35121e-05
58	0.58	5.38769e-05	-8.39759e-05	1	1 6.89264e-05 -1.50495e-05
59	0.59	-4.07078e-05	7.38157e-05	1	1 -5.72617e-05 1.65539e-05
60	0.6	2.80186e-05	-6.40584e-05	1	1 4.60385e-05 -1.80199e-05
61	0.61	-1.58698e-05	5.47536e-05	1	1 -3.53117e-05 1.94419e-05
62	0.62	4.3117e-06	-4.59404e-05	1	1 2.5126e-05 -2.08143e-05
63	0.63	6.61444e-06	3.76488e-05	1	1 -1.55172e-05 2.21316e-05
64	0.64	-1.68759e-05	-2.99002e-05	1	1 6.51215e-06 -2.3388e-05
65	0.65	2.64474e-05	2.27087e-05	1	1 1.86936e-06 2.45781e-05
66	0.66	-3.53105e-05	-1.60814e-05	1	1 -9.61453e-06 -2.56959e-05
67	0.67	4.34528e-05	1.00193e-05	1	1 1.67168e-05 2.6736e-05
68	0.68	-5.08676e-05	-4.51797e-06	1	1 -2.31748e-05 -2.76928e-05
69	0.69	5.75532e-05	-4.3171e-07	1	1 2.89924e-05 2.85607e-05
70	0.7	-6.35118e-05	4.84297e-06	1	1 -3.41774e-05 -2.93344e-05
71	0.71	6.875e-05	-8.73288e-06	1	1 3.87414e-05 3.00085e-05
72	0.72	-7.32772e-05	1.21215e-05	1	1 -4.26994e-05 -3.05779e-05
73	0.73	7.71065e-05	-1.50316e-05	1	1 4.6069e-05 3.10374e-05
74	0.74	-8.02529e-05	1.74882e-05	1	1 -4.88706e-05 -3.13824e-05
75	0.75	8.27344e-05	-1.95182e-05	1	1 5.11263e-05 3.16081e-05
76	0.76	-8.45701e-05	2.11497e-05	1	1 -5.28599e-05 -3.17102e-05
77	0.77	8.57815e-05	-2.24122e-05	1	1 5.40968e-05 3.16846e-05
78	0.78	-8.63908e-05	2.33358e-05	1	1 -5.48633e-05 -3.15275e-05
79	0.79	8.64221e-05	-2.3951e-05	1	1 5.51866e-05 3.12355e-05
80	0.8	-8.58997e-05	2.42889e-05	1	1 -5.50943e-05 -3.08054e-05
81	0.81	8.48492e-05	-2.43801e-05	1	1 5.46146e-05 3.02345e-05
82	0.82	-8.32964e-05	2.42552e-05	1	1 -5.37758e-05 -2.95206e-05
83	0.83	8.12678e-05	-2.39443e-05	1	1 5.2606e-05 2.86618e-05
84	0.84	-7.87902e-05	2.34767e-05	1	1 -5.11334e-05 -2.76568e-05
85	0.85	7.58904e-05	-2.28809e-05	1	1 4.93857e-05 2.65048e-05
86	0.86	-7.25956e-05	2.21845e-05	1	1 -4.73901e-05 -2.52056e-05
87	0.87	6.89329e-05	-2.14138e-05	1	1 4.51734e-05 2.37596e-05
88	0.88	-6.49293e-05	2.05939e-05	1	1 -4.27616e-05 -2.21677e-05
89	0.89	6.06119e-05	-1.97483e-05	1	1 4.01801e-05 2.04318e-05
90	0.9	-5.60076e-05	1.88992e-05	1	1 -3.74534e-05 -1.85542e-05
91	0.91	5.11431e-05	-1.80672e-05	1	1 3.46051e-05 1.6538e-05
92	0.92	-4.60451e-05	1.72709e-05	1	1 -3.1658e-05 -1.43871e-05
93	0.93	4.07401e-05	-1.65275e-05	1	1 2.86338e-05 1.21063e-05
94	0.94	-3.52543e-05	1.5852e-05	1	1 -2.55531e-05 -9.7012e-06
95	0.95	2.96141e-05	-1.52577e-05	1	1 2.24359e-05 7.17817e-06
96	0.96	-2.38451e-05	1.47559e-05	1	1 -1.93005e-05 -4.54463e-06
97	0.97	1.79736e-05	-1.4356e-05	1	1 1.61648e-05 1.80882e-06
98	0.98	-1.20251e-05	1.4065e-05	1	1 -1.3045e-05 1.01995e-06
99	0.99	6.02534e-06	-1.38884e-05	1	1 9.95685e-06 -3.93151e-06
100	1	-4.54747e-13	1.38292e-05	1	1 -6.91458e-06 6.91458e-06
