0	0	0	0	1	1
1	0.01	0	0	1	1
2	0.02	0	0	1	1
3	0.03	0	0	1	1
4	0.04	0	0	1	1
5	0.05	0	0	1	1
6	0.06	0	0	1	1
7	0.07	0	0	1	1
8	0.08	0	0	1	1
9	0.09	0	0	1	1
10	0.1	0	0	1	1
11	0.11	0	0	1	1
12	0.12	0	0	1	1
13	0.13	0	0	1	1
14	0.14	0	0	1	1
15	0.15	0	0	1	1
16	0.16	0	0	1	1
17	0.17	0	0	1	1
18	0.18	0	0	1	1
19	0.19	0	0	1	1
20	0.2	0	0	1	1
21	0.21	0	0	1	1
22	0.22	0	0	1	1
23	0.23	0	0	1	1
24	0.24	0	0	1	1
25	0.25	0	0	1	1
26	0.26	0	0	1	1
27	0.27	0	0	1	1
28	0.28	0	0	1	1
29	0.29	0	0	1	1
30	0.3	0	0	1	1
31	0.31	0	0	1	1
32	0.32	0	0	1	1
33	0.33	0	0	1	1
34	0.34	0	0	1	1
35	0.35	0	0	1	1
36	0.36	0	0	1	1
37	0.37	0	0	1	1
38	0.38	0	0	1	1
39	0.39	0	0	1	1
40	0.4	0	0	1	1
41	0.409049	-2.17915e-05	2.17915e-05	1	1
42	0.418099	-0.000211158	0.000211158	1	1
43	0.427156	-0.00103464	0.00103464	1	1
44	0.436236	-0.00342087	0.00342087	1	1
45	0.445361	-0.00858684	0.00858684	1	1
46	0.454569	-0.0174539	0.0174539	1	1
47	0.463892	-0.0299431	0.0299431	1	1
48	0.473354	-0.0447123	0.0447123	1	1
49	0.482958	-0.0596458	0.0596458	1	1
50	-0.661751	-49.3937	15.6196	0.1	1
51	0.209614	-14.5459	4.59981	0.1	1
52	0.360103	-8.63813	2.73162	0.1	1
53	0.427341	-6.05058	1.91336	0.1	1
54	0.468676	-4.50048	1.42318	0.1	1
55	0.498205	-3.43137	1.08509	0.1	1
56	0.521205	-2.63822	0.834279	0.1	1
57	0.540173	-2.02706	0.641013	0.1	1
58	0.556485	-1.54887	0.489795	0.1	1
59	0.570984	-1.17582	0.371828	0.1	1
60	0.584234	-0.890388	0.281565	0.1	1
61	0.596629	-0.679437	0.214857	0.1	1
62	0.608457	-0.530754	0.167839	0.1	1
63	0.619918	-0.431469	0.136442	0.1	1
64	0.631153	-0.368177	0.116428	0.1	1
65	0.642247	-0.328315	0.103822	0.1	1
66	0.653247	-0.301597	0.0953734	0.1	1
67	0.664176	-0.280746	0.0887798	0.1	1
68	0.675038	-0.261352	0.0826469	0.1	1
69	0.68583	-0.241209	0.076277	0.1	1
70	0.696549	-0.219566	0.0694328	0.1	1
71	0.70719	-0.196529	0.0621478	0.1	1
72	0.717751	-0.172651	0.0545972	0.1	1
73	0.728233	-0.148671	0.0470138	0.1	1
74	0.738637	-0.125357	0.0396413	0.1	1
75	0.748969	-0.103404	0.0326992	0.1	1
76	0.759236	-0.0833722	0.0263646	0.1	1
77	0.769446	-0.0656521	0.020761	0.1	1
78	0.779607	-0.0504569	0.0159559	0.1	1
79	0.789727	-0.037823	0.0119607	0.1	1
80	0.799815	-0.0276399	0.00874052	0.1	1
81	0.809878	-0.0196835	0.00622447	0.1	1
82	0.819921	-0.0136569	0.00431869	0.1	1
83	0.82995	-0.00923087	0.00291906	0.1	1
84	0.839969	-0.00607838	0.00192215	0.1	1
85	0.849982	-0.00389984	0.00123324	0.1	1
86	0.859989	-0.0024385	0.00077112	0.1	1
87	0.869994	-0.0014864	0.000470042	0.1	1
88	0.879997	-0.000883583	0.000279413	0.1	1
89	0.889999	-0.000512407	0.000162037	0.1	1
90	0.9	-0.000290015	9.17106e-05	0.1	1
91	0.91	-0.000160268	5.06811e-05	0.1	1
92	0.92	-8.65064e-05	2.73559e-05	0.1	1
93	0.93	-4.56251e-05	1.44283e-05	0.1	1
94	0.94	-2.35222e-05	7.43939e-06	0.1	1
95	0.95	-1.18568e-05	3.75197e-06	0.1	1
96	0.96	-5.84081e-06	1.85317e-06	0.1	1
97	0.97	-2.80114e-06	9.00462e-07	0.1	1
98	0.98	-1.28059e-06	4.39275e-07	0.1	1
99	0.99	-4.93344e-07	2.34769e-07	0.1	1
100	1	0	1.77213e-07	0.1	1
