0	0	0	0	7500	2e+11 0.516398
1	1e-05	0	0	7500	2e+11 0.516398
2	2e-05	0	0	7500	2e+11 0.516398
3	3e-05	0	0	7500	2e+11 0.516398
4	4e-05	0	0	7500	2e+11 0.516398
5	5e-05	0	0	7500	2e+11 0.516398
6	6e-05	0	0	7500	2e+11 0.516398
7	7e-05	0	0	7500	2e+11 0.516398
8	8e-05	0	0	7500	2e+11 0.516398
9	9e-05	0	0	7500	2e+11 0.516398
10	0.0001	0	0	7500	2e+11 0.516398
11	0.00011	0	0	7500	2e+11 0.516398
12	0.00012	0	0	7500	2e+11 0.516398
13	0.00013	0	0	7500	2e+11 0.516398
14	0.00014	0	0	7500	2e+11 0.516398
15	0.00015	0	0	7500	2e+11 0.516398
16	0.00016	0	0	7500	2e+11 0.516398
17	0.00017	0	0	7500	2e+11 0.516398
18	0.00018	0	0	7500	2e+11 0.516398
19	0.00019	0	0	7500	2e+11 0.516398
20	0.0002	0	0	7500	2e+11 0.516398
21	0.00021	0	0	7500	2e+11 0.516398
22	0.00022	0	0	7500	2e+11 0.516398
23	0.00023	0	0	7500	2e+11 0.516398
24	0.00024	0	0	7500	2e+11 0.516398
25	0.00025	0	0	7500	2e+11 0.516398
26	0.00026	0	0	7500	2e+11 0.516398
27	0.00027	0	0	7500	2e+11 0.516398
28	0.00028	0	0	7500	2e+11 0.516398
29	0.00029	0	0	7500	2e+11 0.516398
30	0.0003	0	0	7500	2e+11 0.516398
31	0.00031	0	0	7500	2e+11 0.516398
32	0.00032	0	0	7500	2e+11 0.516398
33	0.00033	0	0	7500	2e+11 0.516398
34	0.00034	0	0	7500	2e+11 0.516398
35	0.00035	0	0	7500	2e+11 0.516398
36	0.00036	0	0	7500	2e+11 0.516398
37	0.00037	0	0	7500	2e+11 0.516398
38	0.00038	0	0	7500	2e+11 0.516398
39	0.00039	0	0	7500	2e+11 0.516398
40	0.0004	0	0	7500	2e+11 0.516398
41	0.00041	0	0	7500	2e+11 0.516398
42	0.00042	0	0	7500	2e+11 0.516398
43	0.00043	0	0	7500	2e+11 0.516398
44	0.00044	0	0	7500	2e+11 0.516398
45	0.00045	0	0	7500	2e+11 0.516398
46	0.00046	0	0	7500	2e+11 0.516398
47	0.00047	0	0	7500	2e+11 0.516398
48	0.00048	0	0	7500	2e+11 0.516398
49	0.00049	0	0	7500	2e+11 0.5164
50	0.0005	0	0	7500	2e+11 0.5164
51	0.00051	0	0	7500	2e+11 0.516397
52	0.00052	0	0	7500	2e+11 0.5164
53	0.00053	7.74282e-40	1.49939e-43	7500	2e+11 0.5164
54	0.00054	0	0	7500	2e+11 0.516397
55	0.00055	8.10462e-40	1.56945e-43	7500	2e+11 0.5164
56	0.00056	2.38797e-40	4.62428e-44	7500	2e+11 0.5164
57	0.00057	0	0	7500	2e+11 0.516397
58	0.00058	0	0	7500	2e+11 0.516397
59	0.00059	2.06661e-37	4.00197e-41	7500	2e+11 0.5164
60	0.0006	5.87064e-37	1.13685e-40	7500	2e+11 0.5164
61	0.00061	1.20729e-36	2.3379e-40	7500	2e+11 0.516397
62	0.00062	1.85232e-36	3.587e-40	7500	2e+11 0.5164
63	0.00063	2.17087e-36	4.20388e-40	7500	2e+11 0.5164
64	0.00064	4.34176e-36	8.40778e-40	7500	2e+11 0.516397
65	0.00065	8.80356e-36	1.7048e-39	7500	2e+11 0.5164
66	0.00066	2.78825e-35	5.39941e-39	7500	2e+11 0.5164
67	0.00067	6.97634e-35	1.35096e-38	7500	2e+11 0.516397
68	0.00068	1.93076e-34	3.73891e-38	7500	2e+11 0.5164
69	0.00069	5.83966e-34	1.13085e-37	7500	2e+11 0.5164
70	0.0007	1.48634e-33	2.87829e-37	7500	2e+11 0.516397
71	0.00071	4.6891e-33	9.0804e-37	7500	2e+11 0.516397
72	0.00072	1.11246e-32	2.15428e-36	7500	2e+11 0.5164
73	0.00073	3.33953e-32	6.46698e-36	7500	2e+11 0.5164
74	0.00074	9.48927e-32	1.83759e-35	7500	2e+11 0.516397
75	0.00075	2.20801e-31	4.2758e-35	7500	2e+11 0.5164
76	0.00076	7.03462e-31	1.36225e-34	7500	2e+11 0.5164
77	0.00077	2.22972e-30	4.31783e-34	7500	2e+11 0.516397
78	0.00078	5.38813e-30	1.04341e-33	7500	2e+11 0.5164
79	0.00079	1.53629e-29	2.97501e-33	7500	2e+11 0.5164
80	0.0008	3.83979e-29	7.43573e-33	7500	2e+11 0.516397
81	0.00081	1.0048e-28	1.94578e-32	7500	2e+11 0.5164
82	0.00082	2.53695e-28	4.91278e-32	7500	2e+11 0.5164
83	0.00083	6.81897e-28	1.32049e-31	7500	2e+11 0.516397
84	0.00084	2.20483e-27	4.26964e-31	7500	2e+11 0.5164
85	0.00085	5.81487e-27	1.12604e-30	7500	2e+11 0.5164
86	0.00086	1.58461e-26	3.06859e-30	7500	2e+11 0.516397
87	0.00087	5.31043e-26	1.02836e-29	7500	2e+11 0.5164
88	0.00088	1.53845e-25	2.9792e-29	7500	2e+11 0.5164
89	0.00089	4.66788e-25	9.03932e-29	7500	2e+11 0.516397
90	0.0009	1.43321e-24	2.77539e-28	7500	2e+11 0.516397
91	0.00091	3.20473e-24	6.20594e-28	7500	2e+11 0.5164
92	0.00092	1.0137e-23	1.96303e-27	7500	2e+11 0.5164
93	0.00093	2.45435e-23	4.75283e-27	7500	2e+11 0.516397
94	0.00094	6.79078e-23	1.31503e-26	7500	2e+11 0.5164
95	0.00095	1.85845e-22	3.59887e-26	7500	2e+11 0.5164
96	0.00096	5.77934e-22	1.11916e-25	7500	2e+11 0.516397
97	0.00097	1.65843e-21	3.21153e-25	7500	2e+11 0.516397
98	0.00098	3.81301e-21	7.38386e-25	7500	2e+11 0.5164
99	0.00099	8.55012e-21	1.65572e-24	7500	2e+11 0.5164
100	0.001	2.73997e-20	5.30592e-24	7500	2e+11 0.5164
101	0.00101	7.9856e-20	1.54641e-23	7500	2e+11 0.5164
102	0.00102	1.99948e-19	3.87198e-23	7500	2e+11 0.5164
103	0.00103	6.96103e-19	1.348e-22	7500	2e+11 0.5164
104	0.00104	1.85798e-18	3.59797e-22	7500	2e+11 0.5164
105	0.00105	5.11148e-18	9.89834e-22	7500	2e+11 0.5164
106	0.00106	1.36025e-17	2.63411e-21	7500	2e+11 0.5164
107	0.00107	3.66234e-17	7.09209e-21	7500	2e+11 0.5164
108	0.00108	1.0096e-16	1.95508e-20	7500	2e+11 0.5164
109	0.00109	2.28843e-16	4.43152e-20	7500	2e+11 0.5164
110	0.0011	7.69609e-16	1.49034e-19	7500	2e+11 0.5164
111	0.00111	1.80542e-15	3.49618e-19	7500	2e+11 0.5164
112	0.00112	4.69601e-15	9.09379e-19	7500	2e+11 0.5164
113	0.00113	1.43693e-14	2.78261e-18	7500	2e+11 0.5164
114	0.00114	4.09529e-14	7.93049e-18	7500	2e+11 0.5164
115	0.00115	1.02752e-13	1.98978e-17	7500	2e+11 0.5164
116	0.00116	2.8582e-13	5.53488e-17	7500	2e+11 0.5164
117	0.00117	7.81664e-13	1.51369e-16	7500	2e+11 0.5164
118	0.00118	1.75735e-12	3.40309e-16	7500	2e+11 0.5164
119	0.00119	4.9614e-12	9.60771e-16	7500	2e+11 0.5164
120	0.0012	1.75914e-11	3.40656e-15	7500	2e+11 0.5164
121	0.00121	4.55658e-11	8.82378e-15	7500	2e+11 0.5164
122	0.00122	1.22945e-10	2.38082e-14	7500	2e+11 0.5164
123	0.00123	3.02835e-10	5.86437e-14	7500	2e+11 0.5164
124	0.00124	8.0241e-10	1.55386e-13	7500	2e+11 0.5164
125	0.00125	1.8711e-09	3.62337e-13	7500	2e+11 0.5164
126	0.00126	7.65953e-09	1.48326e-12	7500	2e+11 0.5164
127	0.00127	1.98978e-08	3.85319e-12	7500	2e+11 0.5164
128	0.00128	6.81947e-08	1.32058e-11	7500	2e+11 0.5164
129	0.00129	1.71035e-07	3.31208e-11	7500	2e+11 0.5164
130	0.0013	4.78938e-07	9.27459e-11	7500	2e+11 0.5164
131	0.00131	1.05232e-06	2.03782e-10	7500	2e+11 0.5164
132	0.00132	3.13582e-06	6.0725e-10	7500	2e+11 0.5164
133	0.00133	1.05877e-05	2.0503e-09	7500	2e+11 0.5164
134	0.00134	2.8692e-05	5.55619e-09	7500	2e+11 0.5164
135	0.00135	7.50776e-05	1.45387e-08	7500	2e+11 0.5164
136	0.00136	0.0002055	3.97948e-08	7500	2e+11 0.5164
137	0.00137	0.000644431	1.24793e-07	7500	2e+11 0.5164
138	0.00138	0.00160363	3.10542e-07	7500	2e+11 0.5164
139	0.00139	0.004579	8.8672e-07	7500	2e+11 0.5164
140	0.0014	0.0125468	2.42968e-06	7500	2e+11 0.5164
141	0.00141	0.0313427	6.06948e-06	7500	2e+11 0.5164
142	0.00142	0.0979991	1.89774e-05	7500	2e+11 0.516394
143	0.00143	0.21477	4.159e-05	7500	2e+11 0.516388
144	0.00144	0.712572	0.000137989	7500	2e+11 0.516364
145	0.00145	1.73832	0.000336625	7500	2e+11 0.516304
146	0.00146001	3.28067	0.000635299	7500	2e+11 0.516189
147	0.00147001	5.27701	0.00102189	7500	2e+11 0.516027
148	0.00148003	7.65559	0.0014825	7500	2e+11 0.515817
149	0.00149004	10.3377	0.00200188	7500	2e+11 0.515577
150	0.00150006	13.243	0.0025645	7500	2e+11 0.515302
151	0.00151009	16.2932	0.00315517	7500	2e+11 0.515015
152	0.00152012	19.414	0.00375951	7500	2e+11 0.514698
153	0.00153016	22.5368	0.00436423	7500	2e+11 0.5144
154	0.00154021	25.6005	0.00495751	7500	2e+11 0.514072
155	0.00155026	28.5523	0.00552912	7500	2e+11 0.513792
156	0.00156031	31.3489	0.0060707	7500	2e+11 0.513477
157	0.00157038	33.9561	0.00657557	7500	2e+11 0.513227
158	0.00158044	36.3497	0.00703909	7500	2e+11 0.51296
159	0.00159051	38.5139	0.00745819	7500	2e+11 0.512723
160	0.00160059	40.4417	0.00783149	7500	2e+11 0.512527
161	0.00161067	42.1346	0.00815933	7500	2e+11 0.512338
162	0.00162075	43.6001	0.00844312	7500	2e+11 0.51219
163	0.00163084	44.8509	0.00868533	7500	2e+11 0.512036
164	0.00164092	45.9035	0.00888917	7500	2e+11 0.511895
165	0.00165101	46.7772	0.00905837	7500	2e+11 0.511806
166	0.0016611	47.4925	0.00919689	7500	2e+11 0.511753
167	0.0016712	48.0703	0.00930877	7500	2e+11 0.51167
168	0.00168129	48.5311	0.00939801	7500	2e+11 0.511599
169	0.00169139	48.894	0.00946828	7500	2e+11 0.51157
170	0.00170148	49.1761	0.00952291	7500	2e+11 0.51157
171	0.00171158	49.3928	0.00956487	7500	2e+11 0.511511
172	0.00172167	49.5573	0.00959672	7500	2e+11 0.51147
173	0.00173177	49.6806	0.00962062	7500	2e+11 0.51147
174	0.00174187	49.7721	0.00963834	7500	2e+11 0.51147
175	0.00175196	49.8392	0.00965133	7500	2e+11 0.51147
176	0.00176206	49.8879	0.00966075	7500	2e+11 0.511458
177	0.00177216	49.9229	0.00966752	7500	2e+11 0.511446
178	0.00178225	49.9477	0.00967233	7500	2e+11 0.511446
179	0.00179235	49.9652	0.00967571	7500	2e+11 0.511464
180	0.00180245	49.9773	0.00967807	7500	2e+11 0.511464
181	0.00181254	49.9857	0.00967969	7500	2e+11 0.51144
182	0.00182264	49.9914	0.0096808	7500	2e+11 0.511434
183	0.00183274	49.9953	0.00968156	7500	2e+11 0.51144
184	0.00184283	49.9979	0.00968206	7500	2e+11 0.51144
185	0.00185293	49.9996	0.00968239	7500	2e+11 0.511434
186	0.00186303	50.0008	0.00968261	7500	2e+11 0.511434
187	0.00187313	50.0015	0.00968275	7500	2e+11 0.511446
188	0.00188322	50.002	0.00968284	7500	2e+11 0.511446
189	0.00189332	50.0023	0.0096829	7500	2e+11 0.511434
190	0.00190342	50.0025	0.00968294	7500	2e+11 0.511422
191	0.00191351	50.0025	0.00968295	7500	2e+11 0.511422
192	0.00192361	50.0026	0.00968296	7500	2e+11 0.511446
193	0.00193371	50.0026	0.00968296	7500	2e+11 0.511446
194	0.00194381	50.0026	0.00968296	7500	2e+11 0.511428
195	0.0019539	50.0026	0.00968296	7500	2e+11 0.511428
196	0.001964	50.0026	0.00968296	7500	2e+11 0.511464
197	0.0019741	50.0026	0.00968296	7500	2e+11 0.511464
198	0.0019842	50.0026	0.00968296	7500	2e+11 0.511405
199	0.00199429	50.0026	0.00968296	7500	2e+11 0.511464
200	0.00200439	50.0026	0.00968296	7500	2e+11 0.511464
201	0.00201449	50.0026	0.00968296	7500	2e+11 0.511476
202	0.00202459	50.0026	0.00968296	7500	2e+11 0.511476
203	0.00203468	50.0026	0.00968296	7500	2e+11 0.511428
204	0.00204478	50.0026	0.00968296	7500	2e+11 0.511452
205	0.00205488	50.0026	0.00968296	7500	2e+11 0.511452
206	0.00206498	50.0026	0.00968296	7500	2e+11 0.51144
207	0.00207507	50.0026	0.00968296	7500	2e+11 0.511452
208	0.00208517	50.0026	0.00968296	7500	2e+11 0.511452
209	0.00209527	50.0026	0.00968296	7500	2e+11 0.511428
210	0.00210536	50.0026	0.00968296	7500	2e+11 0.511405
211	0.00211546	50.0026	0.00968296	7500	2e+11 0.51144
212	0.00212556	50.0026	0.00968296	7500	2e+11 0.511464
213	0.00213565	50.0026	0.00968296	7500	2e+11 0.511464
214	0.00214575	50.0026	0.00968296	7500	2e+11 0.511428
215	0.00215585	50.0026	0.00968296	7500	2e+11 0.511428
216	0.00216595	50.0026	0.00968296	7500	2e+11 0.511452
217	0.00217604	50.0026	0.00968296	7500	2e+11 0.511452
218	0.00218614	50.0026	0.00968296	7500	2e+11 0.511476
219	0.00219624	50.0026	0.00968296	7500	2e+11 0.511476
220	0.00220634	50.0026	0.00968296	7500	2e+11 0.51144
221	0.00221643	50.0026	0.00968296	7500	2e+11 0.51144
222	0.00222653	50.0026	0.00968295	7500	2e+11 0.51144
223	0.00223663	50.0025	0.00968295	7500	2e+11 0.511487
224	0.00224672	50.0025	0.00968295	7500	2e+11 0.511487
225	0.00225682	50.0025	0.00968295	7500	2e+11 0.511393
226	0.00226692	50.0025	0.00968295	7500	2e+11 0.511428
227	0.00227702	50.0025	0.00968294	7500	2e+11 0.511499
228	0.00228711	50.0025	0.00968294	7500	2e+11 0.511499
229	0.00229721	50.0025	0.00968294	7500	2e+11 0.511405
230	0.00230731	50.0025	0.00968294	7500	2e+11 0.511428
231	0.00231741	50.0025	0.00968294	7500	2e+11 0.511428
232	0.0023275	50.0025	0.00968295	7500	2e+11 0.511428
233	0.0023376	50.0025	0.00968294	7500	2e+11 0.511499
234	0.0023477	50.0025	0.00968294	7500	2e+11 0.511499
235	0.00235779	50.0025	0.00968294	7500	2e+11 0.511428
236	0.00236789	50.0025	0.00968294	7500	2e+11 0.511428
237	0.00237799	50.0024	0.00968293	7500	2e+11 0.511428
238	0.00238809	50.0023	0.0096829	7500	2e+11 0.51144
239	0.00239818	50.002	0.00968284	7500	2e+11 0.51144
240	0.00240828	50.001	0.00968266	7500	2e+11 0.511476
241	0.00241838	49.9981	0.0096821	7500	2e+11 0.511476
242	0.00242848	49.9909	0.0096807	7500	2e+11 0.511417
243	0.00243857	49.9657	0.00967582	7500	2e+11 0.511487
244	0.00244867	49.9169	0.00966637	7500	2e+11 0.511487
245	0.00245877	49.7525	0.00963453	7500	2e+11 0.511452
246	0.00246886	49.3083	0.00954851	7500	2e+11 0.511535
247	0.00247896	47.9575	0.00928693	7500	2e+11 0.511664
248	0.00248905	45.5505	0.00882082	7500	2e+11 0.511971
249	0.00249914	42.2669	0.00818494	7500	2e+11 0.512291
250	0.00250922	38.3413	0.00742475	7500	2e+11 0.51267
251	0.00251929	34.0319	0.00659025	7500	2e+11 0.513132
252	0.00252935	29.5896	0.00573001	7500	2e+11 0.513524
253	0.00253941	25.2323	0.00488622	7500	2e+11 0.513941
254	0.00254946	21.1308	0.00409196	7500	2e+11 0.514453
255	0.0025595	17.3998	0.00336946	7500	2e+11 0.514704
256	0.00256953	14.1031	0.00273105	7500	2e+11 0.515051
257	0.00257955	11.2663	0.00218171	7500	2e+11 0.515326
258	0.00258958	8.8803	0.00171966	7500	2e+11 0.515554
259	0.00259959	6.91018	0.00133815	7500	2e+11 0.515781
260	0.0026096	5.31402	0.00102906	7500	2e+11 0.515805
261	0.00261962	4.04057	0.000782454	7500	2e+11 0.516081
262	0.00262962	3.03969	0.000588633	7500	2e+11 0.516081
263	0.00263963	2.26258	0.000438148	7500	2e+11 0.516201
264	0.00264963	1.66754	0.000322918	7500	2e+11 0.516274
265	0.00265963	1.21709	0.000235688	7500	2e+11 0.516274
266	0.00266964	0.879921	0.000170396	7500	2e+11 0.51631
267	0.00267964	0.630483	0.000122092	7500	2e+11 0.516406
268	0.00268964	0.447573	8.66722e-05	7500	2e+11 0.516406
269	0.00269964	0.314957	6.09911e-05	7500	2e+11 0.516346
270	0.00270964	0.219615	4.25284e-05	7500	2e+11 0.516346
271	0.00271964	0.151748	2.93858e-05	7500	2e+11 0.516466
272	0.00272964	0.103947	2.01293e-05	7500	2e+11 0.516466
273	0.00273964	0.0706169	1.36749e-05	7500	2e+11 0.516382
274	0.00274964	0.0475848	9.21475e-06	7500	2e+11 0.51643
275	0.00275964	0.0318068	6.15936e-06	7500	2e+11 0.51643
276	0.00276964	0.0210916	4.08437e-06	7500	2e+11 0.51637
277	0.00277964	0.0138703	2.68598e-06	7500	2e+11 0.516394
278	0.00278964	0.00905242	1.75299e-06	7500	2e+11 0.516394
279	0.00279964	0.00586076	1.13493e-06	7500	2e+11 0.516454
280	0.00280964	0.00376401	7.28898e-07	7500	2e+11 0.516454
281	0.00281964	0.00239674	4.64127e-07	7500	2e+11 0.516406
282	0.00282964	0.00151449	2.93279e-07	7500	2e+11 0.51643
283	0.00283964	0.000950307	1.84026e-07	7500	2e+11 0.51643
284	0.00284964	0.000591301	1.14505e-07	7500	2e+11 0.51643
285	0.00285964	0.00036529	7.07381e-08	7500	2e+11 0.51643
286	0.00286964	0.000223879	4.33541e-08	7500	2e+11 0.51637
287	0.00287964	0.000136235	2.63819e-08	7500	2e+11 0.51643
288	0.00288964	8.23161e-05	1.59405e-08	7500	2e+11 0.51643
289	0.00289964	4.93099e-05	9.54881e-09	7500	2e+11 0.516418
290	0.00290964	2.93386e-05	5.6814e-09	7500	2e+11 0.516418
291	0.00291964	1.73177e-05	3.35356e-09	7500	2e+11 0.516394
292	0.00292964	1.01579e-05	1.96707e-09	7500	2e+11 0.516418
293	0.00293964	5.90997e-06	1.14446e-09	7500	2e+11 0.516418
294	0.00294964	3.41463e-06	6.6124e-10	7500	2e+11 0.516466
295	0.00295964	1.96081e-06	3.7971e-10	7500	2e+11 0.516466
296	0.00296965	1.11803e-06	2.16505e-10	7500	2e+11 0.516466
297	0.00297964	6.3268e-07	1.22518e-10	7500	2e+11 0.516466
298	0.00298964	3.55473e-07	6.8837e-11	7500	2e+11 0.516454
299	0.00299964	1.98189e-07	3.83792e-11	7500	2e+11 0.516406
300	0.00300964	1.09736e-07	2.12504e-11	7500	2e+11 0.51643
301	0.00301964	6.04033e-08	1.16971e-11	7500	2e+11 0.51643
302	0.00302964	3.3033e-08	6.39682e-12	7500	2e+11 0.516382
303	0.00303964	1.7922e-08	3.47058e-12	7500	2e+11 0.51643
304	0.00304964	9.66737e-09	1.87208e-12	7500	2e+11 0.51643
305	0.00305965	5.18188e-09	1.00347e-12	7500	2e+11 0.516478
306	0.00306964	2.75453e-09	5.33412e-13	7500	2e+11 0.516478
307	0.00307964	1.45501e-09	2.81762e-13	7500	2e+11 0.51637
308	0.00308964	7.64435e-10	1.48032e-13	7500	2e+11 0.516442
309	0.00309964	3.99049e-10	7.72755e-14	7500	2e+11 0.516442
310	0.00310965	2.06526e-10	3.99936e-14	7500	2e+11 0.516454
311	0.00311964	1.06296e-10	2.05841e-14	7500	2e+11 0.516454
312	0.00312964	5.43348e-11	1.05219e-14	7500	2e+11 0.516442
313	0.00313964	2.76075e-11	5.34617e-15	7500	2e+11 0.516442
314	0.00314964	1.39483e-11	2.70108e-15	7500	2e+11 0.516382
315	0.00315964	6.99521e-12	1.35462e-15	7500	2e+11 0.516382
316	0.00316965	3.47926e-12	6.73755e-16	7500	2e+11 0.516406
317	0.00317964	1.72288e-12	3.33634e-16	7500	2e+11 0.516406
318	0.00318965	8.47257e-13	1.64071e-16	7500	2e+11 0.516394
319	0.00319965	4.1347e-13	8.00681e-17	7500	2e+11 0.51643
320	0.00320964	2.00746e-13	3.88744e-17	7500	2e+11 0.51643
321	0.00321964	9.69007e-14	1.87647e-17	7500	2e+11 0.516418
322	0.00322964	4.64925e-14	9.00322e-18	7500	2e+11 0.516382
323	0.00323964	2.21872e-14	4.29653e-18	7500	2e+11 0.516406
324	0.00324964	1.0515e-14	2.03622e-18	7500	2e+11 0.516406
325	0.00325964	4.94597e-15	9.57783e-19	7500	2e+11 0.516406
326	0.00326965	2.30933e-15	4.47201e-19	7500	2e+11 0.516454
327	0.00327964	1.07364e-15	2.0791e-19	7500	2e+11 0.516454
328	0.00328964	4.96004e-16	9.60508e-20	7500	2e+11 0.516382
329	0.00329965	2.27312e-16	4.40188e-20	7500	2e+11 0.516478
330	0.00330964	1.03637e-16	2.00692e-20	7500	2e+11 0.516478
331	0.00331964	4.69431e-17	9.09049e-21	7500	2e+11 0.51643
332	0.00332964	2.11162e-17	4.08913e-21	7500	2e+11 0.516346
333	0.00333965	9.43769e-18	1.8276e-21	7500	2e+11 0.516454
334	0.00334964	4.19992e-18	8.13311e-22	7500	2e+11 0.516454
335	0.00335965	1.85844e-18	3.59885e-22	7500	2e+11 0.516394
336	0.00336965	8.17667e-19	1.58341e-22	7500	2e+11 0.516394
337	0.00337965	3.57866e-19	6.93004e-23	7500	2e+11 0.516406
338	0.00338965	1.5577e-19	3.01646e-23	7500	2e+11 0.51649
339	0.00339964	6.72142e-20	1.3016e-23	7500	2e+11 0.51649
340	0.00340965	2.88719e-20	5.59101e-24	7500	2e+11 0.516382
341	0.00341965	1.23387e-20	2.38938e-24	7500	2e+11 0.516382
342	0.00342965	5.22749e-21	1.0123e-24	7500	2e+11 0.516418
343	0.00343965	2.20174e-21	4.26364e-25	7500	2e+11 0.516418
344	0.00344965	9.22613e-22	1.78663e-25	7500	2e+11 0.516454
345	0.00345964	3.84068e-22	7.43745e-26	7500	2e+11 0.516454
346	0.00346965	1.59224e-22	3.08335e-26	7500	2e+11 0.516382
347	0.00347965	6.55152e-23	1.2687e-26	7500	2e+11 0.516382
348	0.00348965	2.67455e-23	5.17924e-27	7500	2e+11 0.516442
349	0.00349965	1.08754e-23	2.10602e-27	7500	2e+11 0.516442
350	0.00350965	4.40007e-24	8.52069e-28	7500	2e+11 0.516406
351	0.00351965	1.77284e-24	3.43309e-28	7500	2e+11 0.516454
352	0.00352965	7.09474e-25	1.37389e-28	7500	2e+11 0.516454
353	0.00353965	2.82432e-25	5.46928e-29	7500	2e+11 0.516406
354	0.00354965	1.11665e-25	2.16239e-29	7500	2e+11 0.516406
355	0.00355965	4.38739e-26	8.49615e-30	7500	2e+11 0.516394
356	0.00356965	1.71446e-26	3.32004e-30	7500	2e+11 0.51643
357	0.00357965	6.64755e-27	1.28729e-30	7500	2e+11 0.51643
358	0.00358965	2.56132e-27	4.95997e-31	7500	2e+11 0.516466
359	0.00359965	9.8331e-28	1.90417e-31	7500	2e+11 0.516466
360	0.00360965	3.76115e-28	7.28344e-32	7500	2e+11 0.516406
361	0.00361965	1.42507e-28	2.75964e-32	7500	2e+11 0.516406
362	0.00362965	5.37026e-29	1.03995e-32	7500	2e+11 0.51643
363	0.00363965	2.01717e-29	3.90624e-33	7500	2e+11 0.51643
364	0.00364965	7.51731e-30	1.45572e-33	7500	2e+11 0.516418
365	0.00365965	2.78585e-30	5.39477e-34	7500	2e+11 0.51643
366	0.00366965	1.02492e-30	1.98474e-34	7500	2e+11 0.51643
367	0.00367965	3.74568e-31	7.25347e-35	7500	2e+11 0.516502
368	0.00368965	1.36261e-31	2.63868e-35	7500	2e+11 0.516502
369	0.00369965	4.93892e-32	9.56418e-36	7500	2e+11 0.516382
370	0.00370965	1.77769e-32	3.44249e-36	7500	2e+11 0.51643
371	0.00371965	6.36024e-33	1.23166e-36	7500	2e+11 0.51643
372	0.00372965	2.2691e-33	4.39409e-37	7500	2e+11 0.516406
373	0.00373965	8.04871e-34	1.55863e-37	7500	2e+11 0.51637
374	0.00374965	2.83717e-34	5.49417e-38	7500	2e+11 0.516442
375	0.00375965	9.9141e-35	1.91986e-38	7500	2e+11 0.516442
376	0.00376965	3.44178e-35	6.66497e-39	7500	2e+11 0.516442
377	0.00377965	1.18649e-35	2.29763e-39	7500	2e+11 0.516442
378	0.00378965	4.06381e-36	7.86954e-40	7500	2e+11 0.516394
379	0.00379965	1.38891e-36	2.68961e-40	7500	2e+11 0.516442
380	0.00380965	4.73245e-37	9.16435e-41	7500	2e+11 0.516442
381	0.00381965	1.59697e-37	3.09253e-41	7500	2e+11 0.516454
382	0.00382965	5.35918e-38	1.0378e-41	7500	2e+11 0.516454
383	0.00383965	1.78157e-38	3.45e-42	7500	2e+11 0.516394
384	0.00384965	5.9048e-39	1.14346e-42	7500	2e+11 0.516442
385	0.00385965	1.93209e-39	3.74147e-43	7500	2e+11 0.516442
386	0.00386965	6.15083e-40	1.1911e-43	7500	2e+11 0.516394
387	0.00387965	1.80906e-40	3.50325e-44	7500	2e+11 0.516394
388	0.00388965	4.34178e-41	8.40779e-45	7500	2e+11 0.516382
389	0.00389965	7.23631e-42	1.4013e-45	7500	2e+11 0.516947
390	0.00390964	0	0	7500	2e+11 0.517551
391	0.00391962	0	0	7500	2e+11 0.517551
392	0.00392961	0	0	7500	2e+11 0.516514
393	0.00393962	0	0	7500	2e+11 0.51649
394	0.00394961	0	0	7500	2e+11 0.51649
395	0.00395962	0	0	7500	2e+11 0.51637
396	0.00396962	0	0	7500	2e+11 0.51637
397	0.00397962	0	0	7500	2e+11 0.516466
398	0.00398962	0	0	7500	2e+11 0.516466
399	0.00399962	0	0	7500	2e+11 0.516466
400	0.00400962	0	0	7500	2e+11 0.51649
401	0.00401961	0	0	7500	2e+11 0.51649
402	0.00402961	0	0	7500	2e+11 0.51637
403	0.00403962	0	0	7500	2e+11 0.51649
404	0.00404961	0	0	7500	2e+11 0.51649
405	0.00405961	0	0	7500	2e+11 0.516442
406	0.00406962	0	0	7500	2e+11 0.516466
407	0.00407961	0	0	7500	2e+11 0.516466
408	0.00408961	0	0	7500	2e+11 0.516394
409	0.00409961	0	0	7500	2e+11 0.516394
410	0.00410962	0	0	7500	2e+11 0.516394
411	0.00411962	0	0	7500	2e+11 0.516394
412	0.00412962	0	0	7500	2e+11 0.516442
413	0.00413961	0	0	7500	2e+11 0.516442
414	0.00414962	0	0	7500	2e+11 0.516394
415	0.00415962	0	0	7500	2e+11 0.516394
416	0.00416962	0	0	7500	2e+11 0.516418
417	0.00417962	0	0	7500	2e+11 0.516514
418	0.00418961	0	0	7500	2e+11 0.516514
419	0.00419961	0	0	7500	2e+11 0.51637
420	0.00420962	0	0	7500	2e+11 0.516346
421	0.00421962	0	0	7500	2e+11 0.51649
422	0.00422961	0	0	7500	2e+11 0.51649
423	0.00423962	0	0	7500	2e+11 0.516394
424	0.00424962	0	0	7500	2e+11 0.516418
425	0.00425962	0	0	7500	2e+11 0.516418
426	0.00426962	0	0	7500	2e+11 0.516442
427	0.00427962	0	0	7500	2e+11 0.516442
428	0.00428962	0	0	7500	2e+11 0.516418
429	0.00429962	0	0	7500	2e+11 0.516394
430	0.00430962	0	0	7500	2e+11 0.516562
431	0.00431961	0	0	7500	2e+11 0.516562
432	0.00432961	0	0	7500	2e+11 0.51637
433	0.00433961	0	0	7500	2e+11 0.51637
434	0.00434962	0	0	7500	2e+11 0.516394
435	0.00435962	0	0	7500	2e+11 0.516394
436	0.00436962	0	0	7500	2e+11 0.516466
437	0.00437961	0	0	7500	2e+11 0.516466
438	0.00438961	0	0	7500	2e+11 0.51637
439	0.00439962	0	0	7500	2e+11 0.516514
440	0.00440961	0	0	7500	2e+11 0.516514
441	0.00441961	0	0	7500	2e+11 0.516394
442	0.00442961	0	0	7500	2e+11 0.516418
443	0.00443961	0	0	7500	2e+11 0.516418
444	0.00444962	0	0	7500	2e+11 0.516418
445	0.00445962	0	0	7500	2e+11 0.516418
446	0.00446962	0	0	7500	2e+11 0.516394
447	0.00447962	0	0	7500	2e+11 0.51649
448	0.00448962	0	0	7500	2e+11 0.51649
449	0.00449961	0	0	7500	2e+11 0.516418
450	0.00450962	0	0	7500	2e+11 0.516514
451	0.00451961	0	0	7500	2e+11 0.516514
452	0.00452961	0	0	7500	2e+11 0.516418
453	0.00453962	0	0	7500	2e+11 0.516466
454	0.00454961	0	0	7500	2e+11 0.516514
455	0.00455961	0	0	7500	2e+11 0.516514
456	0.00456962	0	0	7500	2e+11 0.516442
457	0.00457962	0	0	7500	2e+11 0.516442
458	0.00458962	0	0	7500	2e+11 0.516394
459	0.00459962	0	0	7500	2e+11 0.51649
460	0.00460961	0	0	7500	2e+11 0.51649
461	0.00461961	0	0	7500	2e+11 0.516442
462	0.00462962	0	0	7500	2e+11 0.516394
463	0.00463962	0	0	7500	2e+11 0.51649
464	0.00464961	0	0	7500	2e+11 0.51649
465	0.00465961	0	0	7500	2e+11 0.516442
466	0.00466961	0	0	7500	2e+11 0.516394
467	0.00467961	0	0	7500	2e+11 0.516466
468	0.00468961	0	0	7500	2e+11 0.516466
469	0.00469962	0	0	7500	2e+11 0.516466
470	0.00470961	0	0	7500	2e+11 0.516466
471	0.00471962	0	0	7500	2e+11 0.516346
472	0.00472962	0	0	7500	2e+11 0.51661
473	0.00473961	0	0	7500	2e+11 0.51661
474	0.00474961	0	0	7500	2e+11 0.516394
475	0.00475961	0	0	7500	2e+11 0.516346
476	0.00476961	0	0	7500	2e+11 0.516394
477	0.00477961	0	0	7500	2e+11 0.516538
478	0.00478961	0	0	7500	2e+11 0.516538
479	0.00479961	0	0	7500	2e+11 0.516346
480	0.00480961	0	0	7500	2e+11 0.516442
481	0.00481961	0	0	7500	2e+11 0.516442
482	0.00482961	0	0	7500	2e+11 0.516418
483	0.00483961	0	0	7500	2e+11 0.516442
484	0.00484961	0	0	7500	2e+11 0.516442
485	0.00485961	0	0	7500	2e+11 0.516442
486	0.00486961	0	0	7500	2e+11 0.516442
487	0.00487961	0	0	7500	2e+11 0.516466
488	0.00488961	0	0	7500	2e+11 0.516466
489	0.00489962	0	0	7500	2e+11 0.516442
490	0.00490962	0	0	7500	2e+11 0.51649
491	0.00491961	0	0	7500	2e+11 0.51649
492	0.00492961	0	0	7500	2e+11 0.516418
493	0.00493961	0	0	7500	2e+11 0.516418
494	0.00494961	0	0	7500	2e+11 0.516418
495	0.00495961	0	0	7500	2e+11 0.516538
496	0.00496961	0	0	7500	2e+11 0.516538
497	0.00497961	0	0	7500	2e+11 0.516442
498	0.00498961	0	0	7500	2e+11 0.516394
499	0.00499961	0	0	7500	2e+11 0.516418
500	0.00500961	0	0	7500	2e+11 0.516442
501	0.00501961	0	0	7500	2e+11 0.516442
502	0.00502961	0	0	7500	2e+11 0.516418
503	0.00503961	0	0	7500	2e+11 0.516418
504	0.00504961	0	0	7500	2e+11 0.516418
505	0.00505961	0	0	7500	2e+11 0.516418
506	0.00506961	0	0	7500	2e+11 0.516586
507	0.00507961	0	0	7500	2e+11 0.516586
508	0.00508961	0	0	7500	2e+11 0.51637
509	0.00509961	0	0	7500	2e+11 0.516394
510	0.00510961	0	0	7500	2e+11 0.516394
511	0.00511961	0	0	7500	2e+11 0.516442
512	0.00512961	0	0	7500	2e+11 0.516442
513	0.00513961	0	0	7500	2e+11 0.516466
514	0.00514961	0	0	7500	2e+11 0.516466
515	0.00515961	0	0	7500	2e+11 0.516514
516	0.00516961	0	0	7500	2e+11 0.516514
517	0.00517961	0	0	7500	2e+11 0.516418
518	0.00518961	0	0	7500	2e+11 0.516394
519	0.00519961	0	0	7500	2e+11 0.516442
520	0.00520961	0	0	7500	2e+11 0.51649
521	0.00521961	0	0	7500	2e+11 0.51649
522	0.00522961	0	0	7500	2e+11 0.516418
523	0.00523961	0	0	7500	2e+11 0.516418
524	0.00524961	0	0	7500	2e+11 0.51649
525	0.00525961	0	0	7500	2e+11 0.51649
526	0.00526961	0	0	7500	2e+11 0.516418
527	0.00527961	0	0	7500	2e+11 0.516562
528	0.00528961	0	0	7500	2e+11 0.516562
529	0.00529961	0	0	7500	2e+11 0.516466
530	0.00530961	0	0	7500	2e+11 0.516466
531	0.00531961	0	0	7500	2e+11 0.516442
532	0.00532961	0	0	7500	2e+11 0.516442
533	0.00533961	0	0	7500	2e+11 0.516394
534	0.00534961	0	0	7500	2e+11 0.516466
535	0.00535961	0	0	7500	2e+11 0.516466
536	0.00536961	0	0	7500	2e+11 0.516418
537	0.00537961	0	0	7500	2e+11 0.516466
538	0.00538961	0	0	7500	2e+11 0.516466
539	0.00539961	0	0	7500	2e+11 0.516466
540	0.00540961	0	0	7500	2e+11 0.516466
541	0.00541961	0	0	7500	2e+11 0.516394
542	0.00542961	0	0	7500	2e+11 0.51649
543	0.00543961	0	0	7500	2e+11 0.51649
544	0.00544961	0	0	7500	2e+11 0.51637
545	0.00545961	0	0	7500	2e+11 0.51649
546	0.00546961	0	0	7500	2e+11 0.51649
547	0.00547961	0	0	7500	2e+11 0.516418
548	0.00548961	0	0	7500	2e+11 0.516418
549	0.00549961	0	0	7500	2e+11 0.516538
550	0.00550961	0	0	7500	2e+11 0.516538
551	0.00551961	0	0	7500	2e+11 0.516394
552	0.00552961	0	0	7500	2e+11 0.516442
553	0.00553961	0	0	7500	2e+11 0.516442
554	0.00554961	0	0	7500	2e+11 0.51637
555	0.00555961	0	0	7500	2e+11 0.516418
556	0.00556961	0	0	7500	2e+11 0.516418
557	0.00557961	0	0	7500	2e+11 0.516466
558	0.00558961	0	0	7500	2e+11 0.516466
559	0.00559961	0	0	7500	2e+11 0.516514
560	0.0056096	0	0	7500	2e+11 0.516514
561	0.0056196	0	0	7500	2e+11 0.516418
562	0.00562961	0	0	7500	2e+11 0.516346
563	0.00563961	0	0	7500	2e+11 0.51649
564	0.00564961	0	0	7500	2e+11 0.51649
565	0.00565961	0	0	7500	2e+11 0.516466
566	0.0056696	0	0	7500	2e+11 0.516466
567	0.0056796	0	0	7500	2e+11 0.516442
568	0.00568961	0	0	7500	2e+11 0.516442
569	0.0056996	0	0	7500	2e+11 0.516466
570	0.0057096	0	0	7500	2e+11 0.516514
571	0.0057196	0	0	7500	2e+11 0.516514
572	0.0057296	0	0	7500	2e+11 0.51637
573	0.0057396	0	0	7500	2e+11 0.516514
574	0.0057496	0	0	7500	2e+11 0.516514
575	0.0057596	0	0	7500	2e+11 0.516418
576	0.0057696	0	0	7500	2e+11 0.516514
577	0.0057796	0	0	7500	2e+11 0.516514
578	0.0057896	0	0	7500	2e+11 0.516394
579	0.0057996	0	0	7500	2e+11 0.51649
580	0.0058096	0	0	7500	2e+11 0.51649
581	0.0058196	0	0	7500	2e+11 0.516394
582	0.0058296	0	0	7500	2e+11 0.516418
583	0.0058396	0	0	7500	2e+11 0.516418
584	0.0058496	0	0	7500	2e+11 0.516394
585	0.0058596	0	0	7500	2e+11 0.51637
586	0.0058696	0	0	7500	2e+11 0.516442
587	0.0058796	0	0	7500	2e+11 0.516538
588	0.0058896	0	0	7500	2e+11 0.516538
589	0.0058996	0	0	7500	2e+11 0.51649
590	0.0059096	0	0	7500	2e+11 0.51649
591	0.0059196	0	0	7500	2e+11 0.516418
592	0.0059296	0	0	7500	2e+11 0.516418
593	0.0059396	0	0	7500	2e+11 0.516466
594	0.0059496	0	0	7500	2e+11 0.51649
595	0.0059596	0	0	7500	2e+11 0.51649
596	0.0059696	0	0	7500	2e+11 0.516394
597	0.0059796	0	0	7500	2e+11 0.51649
598	0.0059896	0	0	7500	2e+11 0.51649
599	0.0059996	0	0	7500	2e+11 0.516394
600	0.0060096	0	0	7500	2e+11 0.51649
601	0.00601959	0	0	7500	2e+11 0.51649
602	0.00602959	0	0	7500	2e+11 0.51649
603	0.00603959	0	0	7500	2e+11 0.51649
604	0.00604959	0	0	7500	2e+11 0.516442
605	0.00605959	0	0	7500	2e+11 0.516466
606	0.00606959	0	0	7500	2e+11 0.516466
607	0.00607959	0	0	7500	2e+11 0.51649
608	0.00608959	0	0	7500	2e+11 0.51649
609	0.00609959	0	0	7500	2e+11 0.51649
610	0.00610959	0	0	7500	2e+11 0.51649
611	0.00611959	0	0	7500	2e+11 0.516418
612	0.00612959	0	0	7500	2e+11 0.516418
613	0.00613959	0	0	7500	2e+11 0.51649
614	0.00614959	0	0	7500	2e+11 0.51649
615	0.00615959	0	0	7500	2e+11 0.516466
616	0.00616959	0	0	7500	2e+11 0.516466
617	0.00617959	0	0	7500	2e+11 0.516418
618	0.00618958	0	0	7500	2e+11 0.516538
619	0.00619958	0	0	7500	2e+11 0.516538
620	0.00620958	0	0	7500	2e+11 0.516442
621	0.00621958	0	0	7500	2e+11 0.516442
622	0.00622958	0	0	7500	2e+11 0.516514
623	0.00623958	0	0	7500	2e+11 0.516514
624	0.00624958	0	0	7500	2e+11 0.516442
625	0.00625958	0	0	7500	2e+11 0.516442
626	0.00626958	0	0	7500	2e+11 0.51649
627	0.00627958	0	0	7500	2e+11 0.51649
628	0.00628958	0	0	7500	2e+11 0.516418
629	0.00629958	0	0	7500	2e+11 0.516466
630	0.00630957	0	0	7500	2e+11 0.516514
631	0.00631957	0	0	7500	2e+11 0.516514
632	0.00632957	0	0	7500	2e+11 0.51661
633	0.00633957	0	0	7500	2e+11 0.51661
634	0.00634957	0	0	7500	2e+11 0.516514
635	0.00635957	0	0	7500	2e+11 0.516514
636	0.00636957	0	0	7500	2e+11 0.516514
637	0.00637956	0	0	7500	2e+11 0.516538
638	0.00638956	0	0	7500	2e+11 0.516538
639	0.00639956	0	0	7500	2e+11 0.516586
640	0.00640956	0	0	7500	2e+11 0.516586
641	0.00641956	0	0	7500	2e+11 0.516562
642	0.00642955	0	0	7500	2e+11 0.516731
643	0.00643955	0	0	7500	2e+11 0.516731
644	0.00644955	0	0	7500	2e+11 0.516707
645	0.00645954	0	0	7500	2e+11 0.516707
646	0.00646954	0	0	7500	2e+11 0.516731
647	0.00647953	0	0	7500	2e+11 0.516731
648	0.00648952	0	0	7500	2e+11 0.516851
649	0.00649952	0	0	7500	2e+11 0.517164
650	0.0065095	0	0	7500	2e+11 0.517164
651	0.00651956	0	0	7500	2e+11 0.51702
652	0.00652955	-2.1072e-38	-4.08058e-42	7500	2e+11 0.51702
653	0.00653954	-1.00143e-37	-1.93926e-41	7500	2e+11 0.516779
654	0.00654954	-2.23181e-37	-4.32188e-41	7500	2e+11 0.516658
655	0.00655953	-3.72523e-37	-7.21388e-41	7500	2e+11 0.516634
656	0.00656953	-5.21048e-37	-1.009e-40	7500	2e+11 0.516634
657	0.00657953	-6.39021e-37	-1.23746e-40	7500	2e+11 0.516538
658	0.00658952	-7.0786e-37	-1.37076e-40	7500	2e+11 0.516658
659	0.00659952	-7.23721e-37	-1.40148e-40	7500	2e+11 0.516658
660	0.00660952	-2.17148e-36	-4.20504e-40	7500	2e+11 0.516538
661	0.00661952	-7.48636e-36	-1.44973e-39	7500	2e+11 0.516538
662	0.00662951	-2.74176e-35	-5.3094e-39	7500	2e+11 0.516514
663	0.00663951	-7.3367e-35	-1.42075e-38	7500	2e+11 0.516514
664	0.00664951	-2.12011e-34	-4.10558e-38	7500	2e+11 0.51637
665	0.00665951	-4.96684e-34	-9.61824e-38	7500	2e+11 0.51637
666	0.00666951	-1.32014e-33	-2.55645e-37	7500	2e+11 0.516394
667	0.00667951	-3.95154e-33	-7.65212e-37	7500	2e+11 0.516562
668	0.00668951	-8.87637e-33	-1.7189e-36	7500	2e+11 0.516562
669	0.00669951	-2.67078e-32	-5.17193e-36	7500	2e+11 0.516418
670	0.00670951	-8.07307e-32	-1.56334e-35	7500	2e+11 0.51649
671	0.00671951	-1.90737e-31	-3.6936e-35	7500	2e+11 0.51649
672	0.00672951	-7.26386e-31	-1.40664e-34	7500	2e+11 0.51637
673	0.00673951	-1.97698e-30	-3.82841e-34	7500	2e+11 0.516538
674	0.00674951	-5.85055e-30	-1.13295e-33	7500	2e+11 0.516538
675	0.00675951	-1.44944e-29	-2.80682e-33	7500	2e+11 0.51637
676	0.00676951	-4.15222e-29	-8.04075e-33	7500	2e+11 0.51637
677	0.00677951	-1.11147e-28	-2.15236e-32	7500	2e+11 0.516442
678	0.00678951	-3.01917e-28	-5.8466e-32	7500	2e+11 0.516442
679	0.00679951	-7.42978e-28	-1.43877e-31	7500	2e+11 0.516442
680	0.00680951	-1.7707e-27	-3.42894e-31	7500	2e+11 0.516442
681	0.00681951	-5.83591e-27	-1.13012e-30	7500	2e+11 0.516394
682	0.00682951	-1.41918e-26	-2.74823e-30	7500	2e+11 0.516394
683	0.00683951	-3.66378e-26	-7.09487e-30	7500	2e+11 0.51637
684	0.00684952	-1.00896e-25	-1.95384e-29	7500	2e+11 0.516346
685	0.00685952	-2.92807e-25	-5.67018e-29	7500	2e+11 0.516346
686	0.00686952	-8.49963e-25	-1.64595e-28	7500	2e+11 0.51637
687	0.00687952	-2.64489e-24	-5.12181e-28	7500	2e+11 0.516442
688	0.00688952	-7.32941e-24	-1.41933e-27	7500	2e+11 0.516442
689	0.00689952	-2.07104e-23	-4.01056e-27	7500	2e+11 0.516418
690	0.00690952	-5.74325e-23	-1.11218e-26	7500	2e+11 0.516418
691	0.00691952	-1.47655e-22	-2.85932e-26	7500	2e+11 0.516442
692	0.00692952	-4.43163e-22	-8.58181e-26	7500	2e+11 0.516442
693	0.00693952	-1.04458e-21	-2.02283e-25	7500	2e+11 0.516466
694	0.00694952	-3.1395e-21	-6.07962e-25	7500	2e+11 0.516466
695	0.00695952	-8.32651e-21	-1.61242e-24	7500	2e+11 0.516466
696	0.00696952	-2.36319e-20	-4.57631e-24	7500	2e+11 0.516394
697	0.00697952	-6.29912e-20	-1.21982e-23	7500	2e+11 0.516418
698	0.00698952	-1.66416e-19	-3.22263e-23	7500	2e+11 0.516418
699	0.00699952	-4.31704e-19	-8.3599e-23	7500	2e+11 0.51649
700	0.00700952	-1.38571e-18	-2.68342e-22	7500	2e+11 0.51649
701	0.00701952	-3.476e-18	-6.73125e-22	7500	2e+11 0.51637
702	0.00702952	-1.01014e-17	-1.95612e-21	7500	2e+11 0.51637
703	0.00703952	-2.89498e-17	-5.6061e-21	7500	2e+11 0.516466
704	0.00704952	-7.88035e-17	-1.52602e-20	7500	2e+11 0.516466
705	0.00705952	-2.26979e-16	-4.39542e-20	7500	2e+11 0.516442
706	0.00706952	-6.40331e-16	-1.24e-19	7500	2e+11 0.516442
707	0.00707952	-1.73699e-15	-3.36367e-19	7500	2e+11 0.516442
708	0.00708952	-4.01062e-15	-7.76653e-19	7500	2e+11 0.516418
709	0.00709952	-1.39817e-14	-2.70755e-18	7500	2e+11 0.516538
710	0.00710952	-3.62432e-14	-7.01846e-18	7500	2e+11 0.516538
711	0.00711952	-9.4308e-14	-1.82627e-17	7500	2e+11 0.516442
712	0.00712952	-2.39247e-13	-4.63299e-17	7500	2e+11 0.516442
713	0.00713952	-7.91019e-13	-1.5318e-16	7500	2e+11 0.516442
714	0.00714952	-1.87087e-12	-3.62292e-16	7500	2e+11 0.516442
715	0.00715952	-5.02871e-12	-9.73805e-16	7500	2e+11 0.516394
716	0.00716952	-1.3642e-11	-2.64176e-15	7500	2e+11 0.516562
717	0.00717951	-3.89372e-11	-7.54015e-15	7500	2e+11 0.516562
718	0.00718951	-1.10689e-10	-2.14349e-14	7500	2e+11 0.516418
719	0.00719952	-3.25537e-10	-6.30401e-14	7500	2e+11 0.51649
720	0.00720951	-8.22218e-10	-1.59222e-13	7500	2e+11 0.51649
721	0.00721952	-2.04634e-09	-3.96273e-13	7500	2e+11 0.51649
722	0.00722951	-6.0369e-09	-1.16904e-12	7500	2e+11 0.51649
723	0.00723951	-1.37989e-08	-2.67214e-12	7500	2e+11 0.516442
724	0.00724951	-3.55228e-08	-6.87895e-12	7500	2e+11 0.516442
725	0.00725951	-1.12884e-07	-2.18599e-11	7500	2e+11 0.516442
726	0.00726951	-2.8314e-07	-5.48297e-11	7500	2e+11 0.516442
727	0.00727951	-7.05331e-07	-1.36587e-10	7500	2e+11 0.516442
728	0.00728951	-1.96166e-06	-3.79874e-10	7500	2e+11 0.516442
729	0.00729951	-6.51971e-06	-1.26254e-09	7500	2e+11 0.516418
730	0.00730951	-1.54082e-05	-2.98378e-09	7500	2e+11 0.516418
731	0.00731951	-5.0252e-05	-9.73126e-09	7500	2e+11 0.516514
732	0.00732951	-0.000116843	-2.26266e-08	7500	2e+11 0.516514
733	0.00733951	-0.000310424	-6.01134e-08	7500	2e+11 0.516322
734	0.00734952	-0.00100036	-1.93719e-07	7500	2e+11 0.51637
735	0.00735952	-0.00289084	-5.59809e-07	7500	2e+11 0.516418
736	0.00736952	-0.00830054	-1.60739e-06	7500	2e+11 0.51649
737	0.00737951	-0.0212106	-4.10742e-06	7500	2e+11 0.51649
738	0.00738952	-0.061782	-1.1964e-05	7500	2e+11 0.516322
739	0.00739952	-0.184092	-3.56493e-05	7500	2e+11 0.516394
740	0.00740952	-0.476789	-9.23298e-05	7500	2e+11 0.516394
741	0.00741952	-1.58139	-0.000306234	7500	2e+11 0.516538
742	0.00742952	-3.76191	-0.00072849	7500	2e+11 0.516731
743	0.00743951	-6.89499	-0.00133521	7500	2e+11 0.517068
744	0.0074495	-10.7273	-0.00207733	7500	2e+11 0.517309
745	0.00745948	-15.002	-0.00290513	7500	2e+11 0.517816
746	0.00746945	-19.4553	-0.00376751	7500	2e+11 0.518131
747	0.00747942	-23.8687	-0.00462215	7500	2e+11 0.518567
748	0.00748938	-28.0596	-0.00543372	7500	2e+11 0.519028
749	0.00749933	-31.8998	-0.00617737	7500	2e+11 0.519028
750	0.00750928	-35.3095	-0.00683765	7500	2e+11 0.523166
751	0.00751915	-38.2322	-0.00740363	7500	2e+11 0.523166
752	0.00752908	-40.7285	-0.00788703	7500	2e+11 0.519929
753	0.00753902	-42.7917	-0.00828658	7500	2e+11 0.520636
754	0.00754893	-44.4623	-0.00861009	7500	2e+11 0.520636
755	0.00755886	-45.7915	-0.00886749	7500	2e+11 0.520612
756	0.00756878	-46.8337	-0.00906932	7500	2e+11 0.521028
757	0.00757869	-47.6448	-0.00922638	7500	2e+11 0.521028
758	0.0075886	-48.2656	-0.0093466	7500	2e+11 0.521028
759	0.00759851	-48.7354	-0.00943757	7500	2e+11 0.521028
760	0.00760842	-49.0851	-0.0095053	7500	2e+11 0.521297
761	0.00761833	-49.3444	-0.0095555	7500	2e+11 0.521297
762	0.00762824	-49.5348	-0.00959237	7500	2e+11 0.52142
763	0.00763814	-49.6724	-0.00961901	7500	2e+11 0.52142
764	0.00764805	-49.7711	-0.00963813	7500	2e+11 0.521469
765	0.00765795	-49.8415	-0.00965177	7500	2e+11 0.521469
766	0.00766786	-49.8907	-0.0096613	7500	2e+11 0.521346
767	0.00767776	-49.925	-0.00966794	7500	2e+11 0.521346
768	0.00768767	-49.9486	-0.00967251	7500	2e+11 0.521371
769	0.00769758	-49.9649	-0.00967565	7500	2e+11 0.521371
770	0.00770748	-49.9758	-0.00967778	7500	2e+11 0.521518
771	0.00771739	-49.9832	-0.00967921	7500	2e+11 0.521518
772	0.0077273	-49.9882	-0.00968017	7500	2e+11 0.521444
773	0.0077372	-49.9914	-0.0096808	7500	2e+11 0.521444
774	0.0077471	-49.9936	-0.00968122	7500	2e+11 0.52142
775	0.00775701	-49.995	-0.00968149	7500	2e+11 0.521371
776	0.00776691	-49.9959	-0.00968166	7500	2e+11 0.521371
777	0.00777682	-49.9964	-0.00968176	7500	2e+11 0.521322
778	0.00778673	-49.9967	-0.00968183	7500	2e+11 0.521591
779	0.00779663	-49.9969	-0.00968187	7500	2e+11 0.521591
780	0.00780654	-49.9971	-0.0096819	7500	2e+11 0.521175
781	0.00781649	-49.9972	-0.00968191	7500	2e+11 0.520588
782	0.00782641	-49.9973	-0.00968193	7500	2e+11 0.52142
783	0.00783631	-49.9973	-0.00968194	7500	2e+11 0.521469
784	0.00784621	-49.9973	-0.00968194	7500	2e+11 0.521518
785	0.00785612	-49.9974	-0.00968195	7500	2e+11 0.521518
786	0.00786602	-49.9974	-0.00968195	7500	2e+11 0.52142
787	0.00787592	-49.9974	-0.00968195	7500	2e+11 0.521371
788	0.00788583	-49.9974	-0.00968195	7500	2e+11 0.521665
789	0.00789573	-49.9974	-0.00968195	7500	2e+11 0.521665
790	0.00790564	-49.9974	-0.00968195	7500	2e+11 0.521518
791	0.00791554	-49.9974	-0.00968195	7500	2e+11 0.521518
792	0.00792545	-49.9974	-0.00968195	7500	2e+11 0.521518
793	0.00793535	-49.9974	-0.00968195	7500	2e+11 0.521518
794	0.00794526	-49.9974	-0.00968195	7500	2e+11 0.521861
795	0.00795516	-49.9974	-0.00968195	7500	2e+11 0.521861
796	0.00796506	-49.9974	-0.00968195	7500	2e+11 0.521371
797	0.00797497	-49.9974	-0.00968195	7500	2e+11 0.521567
798	0.00798487	-49.9974	-0.00968195	7500	2e+11 0.521567
799	0.00799477	-49.9974	-0.00968195	7500	2e+11 0.521469
800	0.00800468	-49.9974	-0.00968195	7500	2e+11 0.521469
801	0.00801458	-49.9974	-0.00968195	7500	2e+11 0.521763
802	0.00802448	-49.9974	-0.00968195	7500	2e+11 0.521763
803	0.00803439	-49.9974	-0.00968195	7500	2e+11 0.521273
804	0.00804429	-49.9974	-0.00968195	7500	2e+11 0.521469
805	0.0080542	-49.9974	-0.00968195	7500	2e+11 0.521469
806	0.0080641	-49.9974	-0.00968195	7500	2e+11 0.521763
807	0.008074	-49.9974	-0.00968195	7500	2e+11 0.521763
808	0.0080839	-49.9974	-0.00968195	7500	2e+11 0.521371
809	0.00809381	-49.9974	-0.00968195	7500	2e+11 0.521322
810	0.00810371	-49.9974	-0.00968195	7500	2e+11 0.521469
811	0.00811362	-49.9974	-0.00968195	7500	2e+11 0.521469
812	0.00812352	-49.9974	-0.00968195	7500	2e+11 0.52142
813	0.00813342	-49.9974	-0.00968195	7500	2e+11 0.521371
814	0.00814333	-49.9974	-0.00968195	7500	2e+11 0.521371
815	0.00815323	-49.9974	-0.00968195	7500	2e+11 0.521371
816	0.00816314	-49.9974	-0.00968195	7500	2e+11 0.521812
817	0.00817304	-49.9974	-0.00968195	7500	2e+11 0.521812
818	0.00818294	-49.9974	-0.00968195	7500	2e+11 0.521322
819	0.00819285	-49.9974	-0.00968195	7500	2e+11 0.52142
820	0.00820275	-49.9974	-0.00968195	7500	2e+11 0.521518
821	0.00821265	-49.9974	-0.00968195	7500	2e+11 0.521665
822	0.00822255	-49.9974	-0.00968195	7500	2e+11 0.521665
823	0.00823246	-49.9974	-0.00968195	7500	2e+11 0.521616
824	0.00824236	-49.9974	-0.00968195	7500	2e+11 0.521616
825	0.00825227	-49.9974	-0.00968195	7500	2e+11 0.52142
826	0.00826217	-49.9974	-0.00968195	7500	2e+11 0.521567
827	0.00827208	-49.9973	-0.00968195	7500	2e+11 0.521567
828	0.00828198	-49.9973	-0.00968194	7500	2e+11 0.52142
829	0.00829189	-49.9973	-0.00968194	7500	2e+11 0.521567
830	0.00830179	-49.9972	-0.00968191	7500	2e+11 0.521567
831	0.00831169	-49.9969	-0.00968185	7500	2e+11 0.521469
832	0.0083216	-49.9958	-0.00968164	7500	2e+11 0.521469
833	0.0083315	-49.9937	-0.00968124	7500	2e+11 0.521371
834	0.00834141	-49.9886	-0.00968024	7500	2e+11 0.521714
835	0.0083513	-49.9673	-0.00967613	7500	2e+11 0.521763
836	0.0083612	-49.9242	-0.00966779	7500	2e+11 0.521763
837	0.00837111	-49.777	-0.00963927	7500	2e+11 0.521567
838	0.00838101	-49.4428	-0.00957456	7500	2e+11 0.521567
839	0.00839092	-48.5403	-0.00939978	7500	2e+11 0.521077
840	0.00840083	-47.124	-0.00912553	7500	2e+11 0.521273
841	0.00841074	-45.2482	-0.00876227	7500	2e+11 0.521273
842	0.00842066	-42.9717	-0.00832144	7500	2e+11 0.520783
843	0.00843057	-40.3608	-0.00781584	7500	2e+11 0.520783
844	0.0084405	-37.4939	-0.00726066	7500	2e+11 0.520294
845	0.00845043	-34.4627	-0.00667368	7500	2e+11 0.52005
846	0.00846036	-31.3405	-0.00606906	7500	2e+11 0.519807
847	0.0084703	-28.1965	-0.00546023	7500	2e+11 0.519466
848	0.00848025	-25.0943	-0.0048595	7500	2e+11 0.519028
849	0.0084902	-22.1069	-0.00428098	7500	2e+11 0.518834
850	0.00850016	-19.2744	-0.00373248	7500	2e+11 0.518494
851	0.00851013	-16.6155	-0.00321758	7500	2e+11 0.518204
852	0.0085201	-14.1753	-0.00274504	7500	2e+11 0.518204
853	0.00853007	-11.9608	-0.00231619	7500	2e+11 0.517768
854	0.00854005	-9.96992	-0.00193067	7500	2e+11 0.517623
855	0.00855003	-8.21746	-0.00159131	7500	2e+11 0.517285
856	0.00856001	-6.70555	-0.00129852	7500	2e+11 0.517285
857	0.00857001	-5.41547	-0.0010487	7500	2e+11 0.516899
858	0.00858	-4.31737	-0.000836055	7500	2e+11 0.516899
859	0.00858999	-3.40261	-0.000658912	7500	2e+11 0.516707
860	0.00859998	-2.65494	-0.000514126	7500	2e+11 0.516803
861	0.00860998	-2.04759	-0.000396514	7500	2e+11 0.516803
862	0.00861997	-1.56227	-0.000302532	7500	2e+11 0.516707
863	0.00862997	-1.17631	-0.000227791	7500	2e+11 0.516562
864	0.00863997	-0.87498	-0.000169439	7500	2e+11 0.516466
865	0.00864997	-0.64761	-0.000125409	7500	2e+11 0.51661
866	0.00865996	-0.474719	-9.19289e-05	7500	2e+11 0.51661
867	0.00866996	-0.344121	-6.66388e-05	7500	2e+11 0.516466
868	0.00867996	-0.246252	-4.76866e-05	7500	2e+11 0.516466
869	0.00868997	-0.174056	-3.37058e-05	7500	2e+11 0.51637
870	0.00869997	-0.121852	-2.35965e-05	7500	2e+11 0.51637
871	0.00870997	-0.0847404	-1.64099e-05	7500	2e+11 0.516514
872	0.00871997	-0.0584399	-1.13168e-05	7500	2e+11 0.51661
873	0.00872996	-0.0398992	-7.72644e-06	7500	2e+11 0.51661
874	0.00873996	-0.0269733	-5.22335e-06	7500	2e+11 0.516514
875	0.00874997	-0.0181327	-3.51139e-06	7500	2e+11 0.516466
876	0.00875997	-0.0120864	-2.34052e-06	7500	2e+11 0.516466
877	0.00876997	-0.00799823	-1.54885e-06	7500	2e+11 0.51661
878	0.00877996	-0.00523638	-1.01402e-06	7500	2e+11 0.51661
879	0.00878997	-0.0033941	-6.57266e-07	7500	2e+11 0.51637
880	0.00879997	-0.00218819	-4.23742e-07	7500	2e+11 0.51637
881	0.00880997	-0.00139563	-2.70262e-07	7500	2e+11 0.516322
882	0.00881997	-0.000881205	-1.70645e-07	7500	2e+11 0.516803
883	0.00882997	-0.000552826	-1.07054e-07	7500	2e+11 0.516803
884	0.00883996	-0.000345311	-6.68692e-08	7500	2e+11 0.516562
885	0.00884997	-0.000213673	-4.13776e-08	7500	2e+11 0.516322
886	0.00885997	-0.000131023	-2.53725e-08	7500	2e+11 0.51637
887	0.00886997	-7.94773e-05	-1.53907e-08	7500	2e+11 0.51637
888	0.00887997	-4.75637e-05	-9.21067e-09	7500	2e+11 0.516562
889	0.00888997	-2.81007e-05	-5.44168e-09	7500	2e+11 0.516562
890	0.00889997	-1.64043e-05	-3.17669e-09	7500	2e+11 0.51637
891	0.00890997	-9.43733e-06	-1.82753e-09	7500	2e+11 0.51637
892	0.00891998	-5.36243e-06	-1.03843e-09	7500	2e+11 0.516418
893	0.00892998	-3.01304e-06	-5.83472e-10	7500	2e+11 0.516707
894	0.00893997	-1.67944e-06	-3.25222e-10	7500	2e+11 0.516707
895	0.00894997	-9.22832e-07	-1.78706e-10	7500	2e+11 0.516418
896	0.00895997	-4.96636e-07	-9.61732e-11	7500	2e+11 0.516418
897	0.00896998	-2.61379e-07	-5.06158e-11	7500	2e+11 0.516226
898	0.00897998	-1.36412e-07	-2.6416e-11	7500	2e+11 0.516466
899	0.00898998	-6.97134e-08	-1.34999e-11	7500	2e+11 0.516466
900	0.00899998	-3.44741e-08	-6.67587e-12	7500	2e+11 0.516514
901	0.00900998	-1.69583e-08	-3.28396e-12	7500	2e+11 0.51661
902	0.00901998	-8.26658e-09	-1.60082e-12	7500	2e+11 0.51661
903	0.00902997	-3.92155e-09	-7.59405e-13	7500	2e+11 0.516466
904	0.00903998	-1.82649e-09	-3.53698e-13	7500	2e+11 0.516658
905	0.00904997	-8.3545e-10	-1.61784e-13	7500	2e+11 0.516658
906	0.00905997	-3.73124e-10	-7.22551e-14	7500	2e+11 0.516418
907	0.00906997	-1.6184e-10	-3.13402e-14	7500	2e+11 0.516322
908	0.00907998	-6.89808e-11	-1.33581e-14	7500	2e+11 0.516418
909	0.00908998	-2.9329e-11	-5.67953e-15	7500	2e+11 0.516418
910	0.00909998	-1.19851e-11	-2.3209e-15	7500	2e+11 0.516418
911	0.00910998	-4.80355e-12	-9.30203e-16	7500	2e+11 0.516418
912	0.00911998	-1.918e-12	-3.7142e-16	7500	2e+11 0.516322
913	0.00912998	-7.47006e-13	-1.44657e-16	7500	2e+11 0.516466
914	0.00913998	-2.87885e-13	-5.57488e-17	7500	2e+11 0.516466
915	0.00914998	-1.06612e-13	-2.06454e-17	7500	2e+11 0.516514
916	0.00915998	-3.94545e-14	-7.64033e-18	7500	2e+11 0.516514
917	0.00916998	-1.41339e-14	-2.73702e-18	7500	2e+11 0.516274
918	0.00917999	-4.96093e-15	-9.60679e-19	7500	2e+11 0.516466
919	0.00918998	-1.70144e-15	-3.29483e-19	7500	2e+11 0.516466
920	0.00919998	-5.80678e-16	-1.12448e-19	7500	2e+11 0.516466
921	0.00920998	-1.94503e-16	-3.76653e-20	7500	2e+11 0.516466
922	0.00921998	-6.52549e-17	-1.26365e-20	7500	2e+11 0.516562
923	0.00922998	-2.12759e-17	-4.12006e-21	7500	2e+11 0.516562
924	0.00923998	-6.84617e-18	-1.32576e-21	7500	2e+11 0.516466
925	0.00924998	-2.17738e-18	-4.21647e-22	7500	2e+11 0.516466
926	0.00925998	-6.69638e-19	-1.29675e-22	7500	2e+11 0.516562
927	0.00926998	-1.96646e-19	-3.80804e-23	7500	2e+11 0.516562
928	0.00927998	-5.79724e-20	-1.12263e-23	7500	2e+11 0.516466
929	0.00928998	-1.71094e-20	-3.31323e-24	7500	2e+11 0.516466
930	0.00929999	-4.83165e-21	-9.35646e-25	7500	2e+11 0.516466
931	0.00930998	-1.32461e-21	-2.5651e-25	7500	2e+11 0.516466
932	0.00931998	-3.60166e-22	-6.97459e-26	7500	2e+11 0.516418
933	0.00932998	-9.88685e-23	-1.91458e-26	7500	2e+11 0.516514
934	0.00933998	-2.69148e-23	-5.21203e-27	7500	2e+11 0.516514
935	0.00934999	-7.19467e-24	-1.39324e-27	7500	2e+11 0.516466
936	0.00935999	-1.83621e-24	-3.5558e-28	7500	2e+11 0.516466
937	0.00936999	-4.41746e-25	-8.55438e-29	7500	2e+11 0.516514
938	0.00937998	-1.03306e-25	-2.00051e-29	7500	2e+11 0.516514
939	0.00938999	-2.35497e-26	-4.56037e-30	7500	2e+11 0.516322
940	0.00939999	-5.22237e-27	-1.01131e-30	7500	2e+11 0.516418
941	0.00940999	-1.24389e-27	-2.40877e-31	7500	2e+11 0.516514
942	0.00941999	-2.74792e-28	-5.32133e-32	7500	2e+11 0.516514
943	0.00942999	-5.96623e-29	-1.15536e-32	7500	2e+11 0.516562
944	0.00943998	-1.23018e-29	-2.38223e-33	7500	2e+11 0.516562
945	0.00944998	-2.53021e-30	-4.89972e-34	7500	2e+11 0.51637
946	0.00945999	-5.49424e-31	-1.06395e-34	7500	2e+11 0.516274
947	0.00946999	-1.14675e-31	-2.22068e-35	7500	2e+11 0.516466
948	0.00947999	-2.23193e-32	-4.32211e-36	7500	2e+11 0.516466
949	0.00948999	-4.35654e-33	-8.4364e-37	7500	2e+11 0.516466
950	0.00949999	-8.74046e-34	-1.69258e-37	7500	2e+11 0.516322
951	0.00950999	-1.75254e-34	-3.39377e-38	7500	2e+11 0.51661
952	0.00951999	-3.56986e-35	-6.91301e-39	7500	2e+11 0.51661
953	0.00952999	-6.75526e-36	-1.30815e-39	7500	2e+11 0.51637
954	0.00954	-1.25778e-36	-2.43568e-40	7500	2e+11 0.516755
955	0.00954999	-2.36322e-37	-4.57636e-41	7500	2e+11 0.516755
956	0.00955999	-4.48649e-38	-8.68805e-42	7500	2e+11 0.51661
957	0.00956999	-8.24212e-39	-1.59608e-42	7500	2e+11 0.51661
958	0.00957999	-1.48344e-39	-2.87266e-43	7500	2e+11 0.51637
959	0.00959	-2.60506e-40	-5.04467e-44	7500	2e+11 0.516562
960	0.00959999	-3.61815e-41	-7.00649e-45	7500	2e+11 0.516562
961	0.00960999	0	-0	7500	2e+11 0.516322
962	0.00962	0	0	7500	2e+11 0.51661
963	0.00962999	0	0	7500	2e+11 0.51661
964	0.00963999	0	0	7500	2e+11 0.516514
965	0.00964999	0	0	7500	2e+11 0.516514
966	0.00966	0	0	7500	2e+11 0.516514
967	0.00967	0	0	7500	2e+11 0.516514
968	0.00968	0	0	7500	2e+11 0.516755
969	0.00968999	0	0	7500	2e+11 0.516755
970	0.0097	0	0	7500	2e+11 0.51637
971	0.00971	0	0	7500	2e+11 0.51661
972	0.00971999	0	0	7500	2e+11 0.51661
973	0.00972999	0	0	7500	2e+11 0.516466
974	0.00974	0	0	7500	2e+11 0.516755
975	0.00974999	0	0	7500	2e+11 0.516755
976	0.00976	0	0	7500	2e+11 0.516562
977	0.00976999	0	0	7500	2e+11 0.516562
978	0.00978	0	0	7500	2e+11 0.516226
979	0.00979	0	0	7500	2e+11 0.516466
980	0.0098	0	0	7500	2e+11 0.516466
981	0.00981	0	0	7500	2e+11 0.516418
982	0.00982	0	0	7500	2e+11 0.51637
983	0.00983	0	0	7500	2e+11 0.516562
984	0.00984	0	0	7500	2e+11 0.516562
985	0.00985	0	0	7500	2e+11 0.516274
986	0.00986001	0	0	7500	2e+11 0.516947
987	0.00987	0	0	7500	2e+11 0.516947
988	0.00987999	0	0	7500	2e+11 0.516803
989	0.00988999	0	0	7500	2e+11 0.516803
990	0.0099	0	0	7500	2e+11 0.516418
991	0.00991	0	0	7500	2e+11 0.516418
992	0.00992	0	0	7500	2e+11 0.51661
993	0.00993	0	0	7500	2e+11 0.516658
994	0.00993999	0	0	7500	2e+11 0.516658
995	0.00995	0	0	7500	2e+11 0.516322
996	0.00996	0	0	7500	2e+11 0.51661
997	0.00996999	0	0	7500	2e+11 0.51661
998	0.00998	0	0	7500	2e+11 0.516514
999	0.00999	0	0	7500	2e+11 0.516514
1000	0.01	0	-0	7500	2e+11 0.516322
