0	0	0	0	7500	2e+11 0.516398
1	1e-05	0	0	7500	2e+11 0.516398
2	2e-05	0	0	7500	2e+11 0.516398
3	3e-05	0	0	7500	2e+11 0.516398
4	4e-05	0	0	7500	2e+11 0.516398
5	5e-05	0	0	7500	2e+11 0.516398
6	6e-05	0	0	7500	2e+11 0.516398
7	7e-05	0	0	7500	2e+11 0.516398
8	8e-05	0	0	7500	2e+11 0.516398
9	9e-05	0	0	7500	2e+11 0.516398
10	0.0001	0	0	7500	2e+11 0.516398
11	0.00011	0	0	7500	2e+11 0.516398
12	0.00012	0	0	7500	2e+11 0.516398
13	0.00013	0	0	7500	2e+11 0.516398
14	0.00014	0	0	7500	2e+11 0.516398
15	0.00015	0	0	7500	2e+11 0.516398
16	0.00016	0	0	7500	2e+11 0.516398
17	0.00017	0	0	7500	2e+11 0.516398
18	0.00018	0	0	7500	2e+11 0.516398
19	0.00019	0	0	7500	2e+11 0.516398
20	0.0002	0	0	7500	2e+11 0.516398
21	0.00021	0	0	7500	2e+11 0.516398
22	0.00022	0	0	7500	2e+11 0.516398
23	0.00023	0	0	7500	2e+11 0.516398
24	0.00024	0	0	7500	2e+11 0.516398
25	0.00025	0	0	7500	2e+11 0.516398
26	0.00026	0	0	7500	2e+11 0.516398
27	0.00027	0	0	7500	2e+11 0.516398
28	0.00028	0	0	7500	2e+11 0.516398
29	0.00029	0	0	7500	2e+11 0.516398
30	0.0003	0	0	7500	2e+11 0.516398
31	0.00031	0	0	7500	2e+11 0.516398
32	0.00032	0	0	7500	2e+11 0.516398
33	0.00033	0	0	7500	2e+11 0.516398
34	0.00034	0	0	7500	2e+11 0.516398
35	0.00035	0	0	7500	2e+11 0.516398
36	0.00036	0	0	7500	2e+11 0.516398
37	0.00037	0	0	7500	2e+11 0.516398
38	0.00038	0	0	7500	2e+11 0.516398
39	0.00039	0	0	7500	2e+11 0.516398
40	0.0004	0	0	7500	2e+11 0.516398
41	0.00041	0	0	7500	2e+11 0.516398
42	0.00042	0	0	7500	2e+11 0.516398
43	0.00043	0	0	7500	2e+11 0.516398
44	0.00044	0	0	7500	2e+11 0.516398
45	0.00045	0	0	7500	2e+11 0.516398
46	0.00046	0	0	7500	2e+11 0.516398
47	0.00047	0	0	7500	2e+11 0.516398
48	0.00048	0	0	7500	2e+11 0.516398
49	0.00049	0	0	7500	2e+11 0.5164
50	0.0005	0	0	7500	2e+11 0.5164
51	0.00051	0	0	7500	2e+11 0.516397
52	0.00052	0	0	7500	2e+11 0.5164
53	0.00053	0	0	7500	2e+11 0.5164
54	0.00054	0	0	7500	2e+11 0.516397
55	0.00055	0	0	7500	2e+11 0.5164
56	0.00056	0	0	7500	2e+11 0.5164
57	0.00057	0	0	7500	2e+11 0.516397
58	0.00058	0	0	7500	2e+11 0.516397
59	0.00059	0	0	7500	2e+11 0.5164
60	0.0006	0	0	7500	2e+11 0.5164
61	0.00061	0	0	7500	2e+11 0.516397
62	0.00062	0	0	7500	2e+11 0.5164
63	0.00063	0	0	7500	2e+11 0.5164
64	0.00064	0	0	7500	2e+11 0.516397
65	0.00065	0	0	7500	2e+11 0.5164
66	0.00066	0	0	7500	2e+11 0.5164
67	0.00067	0	0	7500	2e+11 0.516397
68	0.00068	0	0	7500	2e+11 0.5164
69	0.00069	0	0	7500	2e+11 0.5164
70	0.0007	0	0	7500	2e+11 0.516397
71	0.00071	0	0	7500	2e+11 0.516397
72	0.00072	0	0	7500	2e+11 0.5164
73	0.00073	0	0	7500	2e+11 0.5164
74	0.00074	0	0	7500	2e+11 0.516397
75	0.00075	0	0	7500	2e+11 0.5164
76	0.00076	0	0	7500	2e+11 0.5164
77	0.00077	0	0	7500	2e+11 0.516397
78	0.00078	0	0	7500	2e+11 0.5164
79	0.00079	0	0	7500	2e+11 0.5164
80	0.0008	0	0	7500	2e+11 0.516397
81	0.00081	0	0	7500	2e+11 0.5164
82	0.00082	0	0	7500	2e+11 0.5164
83	0.00083	0	0	7500	2e+11 0.516397
84	0.00084	0	0	7500	2e+11 0.5164
85	0.00085	0	0	7500	2e+11 0.5164
86	0.00086	0	0	7500	2e+11 0.516397
87	0.00087	0	0	7500	2e+11 0.5164
88	0.00088	0	0	7500	2e+11 0.5164
89	0.00089	0	0	7500	2e+11 0.516397
90	0.0009	0	0	7500	2e+11 0.516397
91	0.00091	0	0	7500	2e+11 0.5164
92	0.00092	0	0	7500	2e+11 0.5164
93	0.00093	0	0	7500	2e+11 0.516397
94	0.00094	0	0	7500	2e+11 0.5164
95	0.00095	0	0	7500	2e+11 0.5164
96	0.00096	0	0	7500	2e+11 0.516397
97	0.00097	0	0	7500	2e+11 0.516397
98	0.00098	0	0	7500	2e+11 0.5164
99	0.00099	0	0	7500	2e+11 0.5164
100	0.001	0	0	7500	2e+11 0.5164
101	0.00101	0	0	7500	2e+11 0.5164
102	0.00102	0	0	7500	2e+11 0.5164
103	0.00103	0	0	7500	2e+11 0.5164
104	0.00104	0	0	7500	2e+11 0.5164
105	0.00105	0	0	7500	2e+11 0.5164
106	0.00106	0	0	7500	2e+11 0.5164
107	0.00107	0	0	7500	2e+11 0.5164
108	0.00108	0	0	7500	2e+11 0.5164
109	0.00109	0	0	7500	2e+11 0.5164
110	0.0011	0	0	7500	2e+11 0.5164
111	0.00111	0	0	7500	2e+11 0.5164
112	0.00112	0	0	7500	2e+11 0.5164
113	0.00113	0	0	7500	2e+11 0.5164
114	0.00114	0	0	7500	2e+11 0.5164
115	0.00115	0	0	7500	2e+11 0.5164
116	0.00116	0	0	7500	2e+11 0.5164
117	0.00117	0	0	7500	2e+11 0.5164
118	0.00118	0	0	7500	2e+11 0.5164
119	0.00119	0	0	7500	2e+11 0.5164
120	0.0012	0	0	7500	2e+11 0.5164
121	0.00121	0	0	7500	2e+11 0.5164
122	0.00122	0	0	7500	2e+11 0.5164
123	0.00123	0	0	7500	2e+11 0.5164
124	0.00124	0	0	7500	2e+11 0.5164
125	0.00125	0	0	7500	2e+11 0.5164
126	0.00126	0	0	7500	2e+11 0.5164
127	0.00127	0	0	7500	2e+11 0.5164
128	0.00128	0	0	7500	2e+11 0.5164
129	0.00129	0	0	7500	2e+11 0.5164
130	0.0013	0	0	7500	2e+11 0.5164
131	0.00131	0	0	7500	2e+11 0.5164
132	0.00132	0	0	7500	2e+11 0.5164
133	0.00133	0	0	7500	2e+11 0.5164
134	0.00134	0	0	7500	2e+11 0.5164
135	0.00135	0	0	7500	2e+11 0.5164
136	0.00136	0	0	7500	2e+11 0.5164
137	0.00137	0	0	7500	2e+11 0.5164
138	0.00138	0	0	7500	2e+11 0.5164
139	0.00139	0	0	7500	2e+11 0.5164
140	0.0014	0	0	7500	2e+11 0.5164
141	0.00141	0	0	7500	2e+11 0.5164
142	0.00142	0	0	7500	2e+11 0.5164
143	0.00143	0	0	7500	2e+11 0.5164
144	0.00144	0	0	7500	2e+11 0.5164
145	0.00145	0	0	7500	2e+11 0.5164
146	0.00146	0	0	7500	2e+11 0.5164
147	0.00147	0	0	7500	2e+11 0.5164
148	0.00148	0	0	7500	2e+11 0.5164
149	0.00149	0	0	7500	2e+11 0.5164
150	0.0015	0	0	7500	2e+11 0.5164
151	0.00151	0	0	7500	2e+11 0.5164
152	0.00152	0	0	7500	2e+11 0.5164
153	0.00153	0	0	7500	2e+11 0.5164
154	0.00154	0	0	7500	2e+11 0.5164
155	0.00155	0	0	7500	2e+11 0.5164
156	0.00156	0	0	7500	2e+11 0.5164
157	0.00157	0	0	7500	2e+11 0.5164
158	0.00158	0	0	7500	2e+11 0.5164
159	0.00159	0	0	7500	2e+11 0.5164
160	0.0016	0	0	7500	2e+11 0.5164
161	0.00161	0	0	7500	2e+11 0.5164
162	0.00162	0	0	7500	2e+11 0.5164
163	0.00163	0	0	7500	2e+11 0.5164
164	0.00164	0	0	7500	2e+11 0.5164
165	0.00165	0	0	7500	2e+11 0.5164
166	0.00166	0	0	7500	2e+11 0.5164
167	0.00167	0	0	7500	2e+11 0.5164
168	0.00168	0	0	7500	2e+11 0.5164
169	0.00169	0	0	7500	2e+11 0.5164
170	0.0017	0	0	7500	2e+11 0.5164
171	0.00171	0	0	7500	2e+11 0.5164
172	0.00172	0	0	7500	2e+11 0.5164
173	0.00173	0	0	7500	2e+11 0.5164
174	0.00174	0	0	7500	2e+11 0.5164
175	0.00175	0	0	7500	2e+11 0.5164
176	0.00176	0	0	7500	2e+11 0.5164
177	0.00177	0	0	7500	2e+11 0.5164
178	0.00178	0	0	7500	2e+11 0.5164
179	0.00179	0	0	7500	2e+11 0.5164
180	0.0018	0	0	7500	2e+11 0.5164
181	0.00181	0	0	7500	2e+11 0.5164
182	0.00182	0	0	7500	2e+11 0.5164
183	0.00183	0	0	7500	2e+11 0.5164
184	0.00184	0	0	7500	2e+11 0.5164
185	0.00185	0	0	7500	2e+11 0.5164
186	0.00186	0	0	7500	2e+11 0.5164
187	0.00187	0	0	7500	2e+11 0.5164
188	0.00188	0	0	7500	2e+11 0.5164
189	0.00189	0	0	7500	2e+11 0.5164
190	0.0019	0	0	7500	2e+11 0.5164
191	0.00191	0	0	7500	2e+11 0.5164
192	0.00192	0	0	7500	2e+11 0.5164
193	0.00193	0	0	7500	2e+11 0.5164
194	0.00194	0	0	7500	2e+11 0.5164
195	0.00195	0	0	7500	2e+11 0.5164
196	0.00196	0	0	7500	2e+11 0.516406
197	0.00197	0	0	7500	2e+11 0.516406
198	0.00198	0	0	7500	2e+11 0.516394
199	0.00199	0	0	7500	2e+11 0.516406
200	0.002	0	0	7500	2e+11 0.516406
201	0.00201	0	0	7500	2e+11 0.516394
202	0.00202	0	0	7500	2e+11 0.516406
203	0.00203	0	0	7500	2e+11 0.516406
204	0.00204	0	0	7500	2e+11 0.516394
205	0.00205	0	0	7500	2e+11 0.516406
206	0.00206	0	0	7500	2e+11 0.516406
207	0.00207	0	0	7500	2e+11 0.516394
208	0.00208	0	0	7500	2e+11 0.516406
209	0.00209	0	0	7500	2e+11 0.516406
210	0.0021	0	0	7500	2e+11 0.516394
211	0.00211	0	0	7500	2e+11 0.516406
212	0.00212	0	0	7500	2e+11 0.516406
213	0.00213	0	0	7500	2e+11 0.516394
214	0.00214	0	0	7500	2e+11 0.516406
215	0.00215	0	0	7500	2e+11 0.516406
216	0.00216	0	0	7500	2e+11 0.516394
217	0.00217	0	0	7500	2e+11 0.516406
218	0.00218	0	0	7500	2e+11 0.516406
219	0.00219	0	0	7500	2e+11 0.516394
220	0.0022	0	0	7500	2e+11 0.516406
221	0.00221	0	0	7500	2e+11 0.516406
222	0.00222	0	0	7500	2e+11 0.516394
223	0.00223	0	0	7500	2e+11 0.516406
224	0.00224	0	0	7500	2e+11 0.516406
225	0.00225	0	0	7500	2e+11 0.516394
226	0.00226	0	0	7500	2e+11 0.516394
227	0.00227	0	0	7500	2e+11 0.516406
228	0.00228	0	0	7500	2e+11 0.516406
229	0.00229	0	0	7500	2e+11 0.516394
230	0.0023	0	0	7500	2e+11 0.516406
231	0.00231	0	0	7500	2e+11 0.516406
232	0.00232	0	0	7500	2e+11 0.516394
233	0.00233	0	0	7500	2e+11 0.516406
234	0.00234	0	0	7500	2e+11 0.516406
235	0.00235	0	0	7500	2e+11 0.516394
236	0.00236	0	0	7500	2e+11 0.516406
237	0.00237	0	0	7500	2e+11 0.516406
238	0.00238	0	0	7500	2e+11 0.516394
239	0.00239	0	0	7500	2e+11 0.516406
240	0.0024	0	0	7500	2e+11 0.516406
241	0.00241	0	0	7500	2e+11 0.516394
242	0.00242	0	0	7500	2e+11 0.516406
243	0.00243	0	0	7500	2e+11 0.516406
244	0.00244	0	0	7500	2e+11 0.516394
245	0.00245	0	0	7500	2e+11 0.516406
246	0.00246	0	0	7500	2e+11 0.516406
247	0.00247	0	0	7500	2e+11 0.516394
248	0.00248	0	0	7500	2e+11 0.516406
249	0.00249	0	0	7500	2e+11 0.516406
250	0.0025	0	0	7500	2e+11 0.516394
251	0.00251	0	0	7500	2e+11 0.516406
252	0.00252	0	0	7500	2e+11 0.516406
253	0.00253	0	0	7500	2e+11 0.516394
254	0.00254	0	0	7500	2e+11 0.516406
255	0.00255	0	0	7500	2e+11 0.516406
256	0.00256	0	0	7500	2e+11 0.516394
257	0.00257	0	0	7500	2e+11 0.516406
258	0.00258	0	0	7500	2e+11 0.516406
259	0.00259	0	0	7500	2e+11 0.516394
260	0.0026	0	0	7500	2e+11 0.516406
261	0.00261	0	0	7500	2e+11 0.516406
262	0.00262	0	0	7500	2e+11 0.516394
263	0.00263	0	0	7500	2e+11 0.516406
264	0.00264	0	0	7500	2e+11 0.516406
265	0.00265	0	0	7500	2e+11 0.516394
266	0.00266	0	0	7500	2e+11 0.516406
267	0.00267	0	0	7500	2e+11 0.516406
268	0.00268	0	0	7500	2e+11 0.516394
269	0.00269	0	0	7500	2e+11 0.516406
270	0.0027	0	0	7500	2e+11 0.516406
271	0.00271	0	0	7500	2e+11 0.516394
272	0.00272	0	0	7500	2e+11 0.516406
273	0.00273	0	0	7500	2e+11 0.516406
274	0.00274	0	0	7500	2e+11 0.516394
275	0.00275	0	0	7500	2e+11 0.516406
276	0.00276	0	0	7500	2e+11 0.516406
277	0.00277	0	0	7500	2e+11 0.516394
278	0.00278	0	0	7500	2e+11 0.516406
279	0.00279	0	0	7500	2e+11 0.516406
280	0.0028	0	0	7500	2e+11 0.516394
281	0.00281	0	0	7500	2e+11 0.516406
282	0.00282	0	0	7500	2e+11 0.516406
283	0.00283	0	0	7500	2e+11 0.516394
284	0.00284	0	0	7500	2e+11 0.516406
285	0.00285	0	0	7500	2e+11 0.516406
286	0.00286	0	0	7500	2e+11 0.516394
287	0.00287	0	0	7500	2e+11 0.516394
288	0.00288	0	0	7500	2e+11 0.516406
289	0.00289	0	0	7500	2e+11 0.516406
290	0.0029	0	0	7500	2e+11 0.516394
291	0.00291	0	0	7500	2e+11 0.516406
292	0.00292	0	0	7500	2e+11 0.516406
293	0.00293	0	0	7500	2e+11 0.516394
294	0.00294	0	0	7500	2e+11 0.516406
295	0.00295	0	0	7500	2e+11 0.516406
296	0.00296	0	0	7500	2e+11 0.516394
297	0.00297	0	0	7500	2e+11 0.516406
298	0.00298	0	0	7500	2e+11 0.516406
299	0.00299	0	0	7500	2e+11 0.516394
300	0.003	0	0	7500	2e+11 0.516406
301	0.00301	0	0	7500	2e+11 0.516406
302	0.00302	0	0	7500	2e+11 0.516394
303	0.00303	0	0	7500	2e+11 0.516406
304	0.00304	0	0	7500	2e+11 0.516406
305	0.00305	0	0	7500	2e+11 0.516394
306	0.00306	0	0	7500	2e+11 0.516406
307	0.00307	0	0	7500	2e+11 0.516406
308	0.00308	0	0	7500	2e+11 0.516394
309	0.00309	0	0	7500	2e+11 0.516406
310	0.0031	0	0	7500	2e+11 0.516406
311	0.00311	0	0	7500	2e+11 0.516394
312	0.00312	0	0	7500	2e+11 0.516406
313	0.00313	0	0	7500	2e+11 0.516406
314	0.00314	0	0	7500	2e+11 0.516394
315	0.00315	0	0	7500	2e+11 0.516406
316	0.00316	0	0	7500	2e+11 0.516406
317	0.00317	0	0	7500	2e+11 0.516394
318	0.00318	0	0	7500	2e+11 0.516406
319	0.00319	0	0	7500	2e+11 0.516406
320	0.0032	0	0	7500	2e+11 0.516394
321	0.00321	0	0	7500	2e+11 0.516406
322	0.00322	0	0	7500	2e+11 0.516406
323	0.00323	0	0	7500	2e+11 0.516394
324	0.00324	0	0	7500	2e+11 0.516406
325	0.00325	0	0	7500	2e+11 0.516406
326	0.00326	0	0	7500	2e+11 0.516394
327	0.00327	0	0	7500	2e+11 0.516406
328	0.00328	0	0	7500	2e+11 0.516406
329	0.00329	0	0	7500	2e+11 0.516394
330	0.0033	0	0	7500	2e+11 0.516406
331	0.00331	0	0	7500	2e+11 0.516406
332	0.00332	0	0	7500	2e+11 0.516394
333	0.00333	0	0	7500	2e+11 0.516406
334	0.00334	0	0	7500	2e+11 0.516406
335	0.00335	0	0	7500	2e+11 0.516394
336	0.00336	0	0	7500	2e+11 0.516406
337	0.00337	0	0	7500	2e+11 0.516406
338	0.00338	0	0	7500	2e+11 0.516394
339	0.00339	0	0	7500	2e+11 0.516406
340	0.0034	0	0	7500	2e+11 0.516406
341	0.00341	0	0	7500	2e+11 0.516394
342	0.00342	5.57627e-38	1.07984e-41	7500	2e+11 0.516406
343	0.00343	2.17023e-37	4.20263e-41	7500	2e+11 0.516406
344	0.00344	4.14913e-37	8.03477e-41	7500	2e+11 0.516394
345	0.00345	5.90306e-37	1.14312e-40	7500	2e+11 0.516406
346	0.00346	7.2362e-37	1.40128e-40	7500	2e+11 0.516406
347	0.00347	7.2362e-37	1.40128e-40	7500	2e+11 0.516394
348	0.00348	2.89455e-36	5.60528e-40	7500	2e+11 0.516406
349	0.00349	6.56648e-36	1.27159e-39	7500	2e+11 0.516406
350	0.0035	2.60504e-35	5.04464e-39	7500	2e+11 0.516394
351	0.00351	6.4891e-35	1.25661e-38	7500	2e+11 0.516406
352	0.00352	2.09883e-34	4.06437e-38	7500	2e+11 0.516406
353	0.00353	7.65592e-34	1.48256e-37	7500	2e+11 0.516394
354	0.00354	2.09862e-33	4.06397e-37	7500	2e+11 0.516394
355	0.00355	5.22974e-33	1.01273e-36	7500	2e+11 0.516406
356	0.00356	1.29129e-32	2.50058e-36	7500	2e+11 0.516406
357	0.00357	3.93462e-32	7.61936e-36	7500	2e+11 0.516394
358	0.00358	9.29483e-32	1.79994e-35	7500	2e+11 0.516406
359	0.00359	2.77915e-31	5.38179e-35	7500	2e+11 0.516406
360	0.0036	7.61543e-31	1.47472e-34	7500	2e+11 0.516394
361	0.00361	1.79813e-30	3.48206e-34	7500	2e+11 0.516406
362	0.00362	5.32147e-30	1.0305e-33	7500	2e+11 0.516406
363	0.00363	1.72261e-29	3.33582e-33	7500	2e+11 0.516394
364	0.00364	4.47236e-29	8.66069e-33	7500	2e+11 0.516406
365	0.00365	1.20457e-28	2.33263e-32	7500	2e+11 0.516406
366	0.00366	3.16606e-28	6.13105e-32	7500	2e+11 0.516394
367	0.00367	1.02901e-27	1.99267e-31	7500	2e+11 0.516406
368	0.00368	2.49447e-27	4.83051e-31	7500	2e+11 0.516406
369	0.00369	7.40939e-27	1.43482e-30	7500	2e+11 0.516394
370	0.0037	1.92652e-26	3.73068e-30	7500	2e+11 0.516406
371	0.00371	6.381e-26	1.23568e-29	7500	2e+11 0.516406
372	0.00372	1.59919e-25	3.09681e-29	7500	2e+11 0.516394
373	0.00373	4.11948e-25	7.97734e-29	7500	2e+11 0.516406
374	0.00374	1.15469e-24	2.23604e-28	7500	2e+11 0.516406
375	0.00375	3.32896e-24	6.4465e-28	7500	2e+11 0.516394
376	0.00376	7.38112e-24	1.42935e-27	7500	2e+11 0.516406
377	0.00377	2.19441e-23	4.24945e-27	7500	2e+11 0.516406
378	0.00378	5.09759e-23	9.87144e-27	7500	2e+11 0.516394
379	0.00379	1.47018e-22	2.84699e-26	7500	2e+11 0.516406
380	0.0038	3.97681e-22	7.70106e-26	7500	2e+11 0.516406
381	0.00381	1.24662e-21	2.41406e-25	7500	2e+11 0.516394
382	0.00382	3.14822e-21	6.09649e-25	7500	2e+11 0.516406
383	0.00383	1.03255e-20	1.99953e-24	7500	2e+11 0.516406
384	0.00384	2.25227e-20	4.36151e-24	7500	2e+11 0.516394
385	0.00385	6.60669e-20	1.27938e-23	7500	2e+11 0.516406
386	0.00386	2.04666e-19	3.96334e-23	7500	2e+11 0.516406
387	0.00387	6.1283e-19	1.18674e-22	7500	2e+11 0.516394
388	0.00388	1.67207e-18	3.23795e-22	7500	2e+11 0.516406
389	0.00389	5.26664e-18	1.01988e-21	7500	2e+11 0.516406
390	0.0039	1.21453e-17	2.35192e-21	7500	2e+11 0.516394
391	0.00391	3.96347e-17	7.67522e-21	7500	2e+11 0.516394
392	0.00392	1.17589e-16	2.27711e-20	7500	2e+11 0.516394
393	0.00393	3.43457e-16	6.65102e-20	7500	2e+11 0.516418
394	0.00394	8.20716e-16	1.58931e-19	7500	2e+11 0.516418
395	0.00395	2.22534e-15	4.30935e-19	7500	2e+11 0.516394
396	0.00396	5.7072e-15	1.10519e-18	7500	2e+11 0.516394
397	0.00397	1.24859e-14	2.41788e-18	7500	2e+11 0.516394
398	0.00398	4.1028e-14	7.94505e-18	7500	2e+11 0.516394
399	0.00399	1.21899e-13	2.36056e-17	7500	2e+11 0.516418
400	0.004	3.60289e-13	6.97697e-17	7500	2e+11 0.516418
401	0.00401	9.83728e-13	1.90498e-16	7500	2e+11 0.516394
402	0.00402	2.50613e-12	4.85309e-16	7500	2e+11 0.516394
403	0.00403	8.05336e-12	1.55953e-15	7500	2e+11 0.516394
404	0.00404	2.57081e-11	4.97836e-15	7500	2e+11 0.516394
405	0.00405	6.7402e-11	1.30523e-14	7500	2e+11 0.516418
406	0.00406	1.48673e-10	2.87904e-14	7500	2e+11 0.516418
407	0.00407	5.44247e-10	1.05393e-13	7500	2e+11 0.516394
408	0.00408	1.6029e-09	3.10401e-13	7500	2e+11 0.516394
409	0.00409	4.30002e-09	8.32696e-13	7500	2e+11 0.516394
410	0.0041	1.34347e-08	2.60161e-12	7500	2e+11 0.516394
411	0.00411	3.33136e-08	6.45115e-12	7500	2e+11 0.516418
412	0.00412	1.0104e-07	1.95663e-11	7500	2e+11 0.516418
413	0.00413	2.52654e-07	4.89261e-11	7500	2e+11 0.516394
414	0.00414	6.18687e-07	1.19808e-10	7500	2e+11 0.516394
415	0.00415	1.27825e-06	2.47532e-10	7500	2e+11 0.516394
416	0.00416	3.88875e-06	7.53054e-10	7500	2e+11 0.516394
417	0.00417	1.38931e-05	2.69038e-09	7500	2e+11 0.516418
418	0.00418	3.85058e-05	7.45662e-09	7500	2e+11 0.516418
419	0.00419	0.000112035	2.16956e-08	7500	2e+11 0.516394
420	0.0042	0.000302289	5.85381e-08	7500	2e+11 0.516394
421	0.00421	0.000766689	1.48469e-07	7500	2e+11 0.516394
422	0.00422	0.00195311	3.78217e-07	7500	2e+11 0.516394
423	0.00423	0.00614005	1.18902e-06	7500	2e+11 0.516418
424	0.00424	0.0151473	2.93327e-06	7500	2e+11 0.516418
425	0.00425	0.042941	8.31549e-06	7500	2e+11 0.516394
426	0.00426	0.111054	2.15056e-05	7500	2e+11 0.516394
427	0.00427	0.392155	7.59406e-05	7500	2e+11 0.516394
428	0.00428	1.06938	0.000207084	7500	2e+11 0.516346
429	0.00429	2.84113	0.000550182	7500	2e+11 0.51625
430	0.00430001	5.5695	0.00107853	7500	2e+11 0.516057
431	0.00431002	9.075	0.00175737	7500	2e+11 0.515769
432	0.00432004	13.1246	0.00254157	7500	2e+11 0.515434
433	0.00433007	17.486	0.00338615	7500	2e+11 0.514955
434	0.00434011	21.939	0.00424847	7500	2e+11 0.514549
435	0.00435015	26.2927	0.00509156	7500	2e+11 0.514096
436	0.0043602	30.3912	0.00588523	7500	2e+11 0.513738
437	0.00437026	34.1197	0.00660725	7500	2e+11 0.513334
438	0.00438033	37.4062	0.00724368	7500	2e+11 0.512907
439	0.0043904	40.2186	0.00778831	7500	2e+11 0.512575
440	0.00440048	42.5567	0.00824108	7500	2e+11 0.512433
441	0.00441056	44.4507	0.00860785	7500	2e+11 0.512125
442	0.00442065	45.9487	0.00889793	7500	2e+11 0.511936
443	0.00443074	47.1003	0.00912093	7500	2e+11 0.511841
444	0.00444083	47.9654	0.00928846	7500	2e+11 0.5117
445	0.00445093	48.6018	0.0094117	7500	2e+11 0.5117
446	0.00446102	49.0579	0.00950002	7500	2e+11 0.511558
447	0.00447112	49.3773	0.00956186	7500	2e+11 0.511558
448	0.00448121	49.5965	0.00960431	7500	2e+11 0.511558
449	0.00449131	49.7433	0.00963274	7500	2e+11 0.511487
450	0.00450141	49.8397	0.00965142	7500	2e+11 0.511487
451	0.0045115	49.9021	0.00966351	7500	2e+11 0.511511
452	0.0045216	49.9418	0.00967119	7500	2e+11 0.511511
453	0.0045317	49.9664	0.00967596	7500	2e+11 0.511558
454	0.00454179	49.9814	0.00967886	7500	2e+11 0.511558
455	0.00455189	49.9904	0.0096806	7500	2e+11 0.511464
456	0.00456199	49.9957	0.00968163	7500	2e+11 0.511464
457	0.00457208	49.9988	0.00968222	7500	2e+11 0.511464
458	0.00458218	50.0005	0.00968256	7500	2e+11 0.511464
459	0.00459228	50.0015	0.00968276	7500	2e+11 0.511464
460	0.00460237	50.0021	0.00968286	7500	2e+11 0.511511
461	0.00461247	50.0023	0.00968291	7500	2e+11 0.511511
462	0.00462257	50.0025	0.00968294	7500	2e+11 0.511487
463	0.00463266	50.0026	0.00968296	7500	2e+11 0.511487
464	0.00464276	50.0026	0.00968296	7500	2e+11 0.511487
465	0.00465285	50.0026	0.00968296	7500	2e+11 0.511487
466	0.00466295	50.0026	0.00968296	7500	2e+11 0.511464
467	0.00467305	50.0026	0.00968296	7500	2e+11 0.511535
468	0.00468314	50.0026	0.00968296	7500	2e+11 0.511535
469	0.00469324	50.0026	0.00968296	7500	2e+11 0.511417
470	0.00470334	50.0026	0.00968296	7500	2e+11 0.51144
471	0.00471343	50.0026	0.00968296	7500	2e+11 0.51144
472	0.00472353	50.0026	0.00968296	7500	2e+11 0.511558
473	0.00473363	50.0026	0.00968296	7500	2e+11 0.511558
474	0.00474372	50.0026	0.00968296	7500	2e+11 0.511487
475	0.00475382	50.0026	0.00968296	7500	2e+11 0.511464
476	0.00476392	50.0026	0.00968296	7500	2e+11 0.511464
477	0.00477401	50.0026	0.00968296	7500	2e+11 0.511535
478	0.00478411	50.0026	0.00968296	7500	2e+11 0.511535
479	0.00479421	50.0026	0.00968296	7500	2e+11 0.51144
480	0.0048043	50.0026	0.00968296	7500	2e+11 0.511464
481	0.0048144	50.0026	0.00968296	7500	2e+11 0.511464
482	0.0048245	50.0026	0.00968296	7500	2e+11 0.511487
483	0.00483459	50.0026	0.00968296	7500	2e+11 0.511487
484	0.00484469	50.0026	0.00968296	7500	2e+11 0.511464
485	0.00485479	50.0026	0.00968296	7500	2e+11 0.511535
486	0.00486488	50.0026	0.00968296	7500	2e+11 0.511535
487	0.00487498	50.0026	0.00968296	7500	2e+11 0.511464
488	0.00488508	50.0026	0.00968296	7500	2e+11 0.511464
489	0.00489517	50.0026	0.00968296	7500	2e+11 0.51144
490	0.00490527	50.0026	0.00968296	7500	2e+11 0.511558
491	0.00491537	50.0026	0.00968296	7500	2e+11 0.511558
492	0.00492546	50.0026	0.00968296	7500	2e+11 0.511464
493	0.00493556	50.0026	0.00968296	7500	2e+11 0.511464
494	0.00494566	50.0026	0.00968295	7500	2e+11 0.511464
495	0.00495575	50.0025	0.00968295	7500	2e+11 0.511511
496	0.00496585	50.0025	0.00968295	7500	2e+11 0.511511
497	0.00497594	50.0025	0.00968295	7500	2e+11 0.511511
498	0.00498604	50.0025	0.00968295	7500	2e+11 0.51144
499	0.00499614	50.0025	0.00968295	7500	2e+11 0.51144
500	0.00500624	50.0025	0.00968295	7500	2e+11 0.511535
501	0.00501633	50.0025	0.00968295	7500	2e+11 0.511535
502	0.00502643	50.0025	0.00968295	7500	2e+11 0.511511
503	0.00503652	50.0025	0.00968295	7500	2e+11 0.511511
504	0.00504662	50.0025	0.00968295	7500	2e+11 0.511464
505	0.00505672	50.0025	0.00968295	7500	2e+11 0.511464
506	0.00506681	50.0025	0.00968295	7500	2e+11 0.511535
507	0.00507691	50.0025	0.00968295	7500	2e+11 0.511535
508	0.00508701	50.0025	0.00968295	7500	2e+11 0.51144
509	0.0050971	50.0025	0.00968295	7500	2e+11 0.51144
510	0.0051072	50.0025	0.00968295	7500	2e+11 0.511464
511	0.0051173	50.0025	0.00968295	7500	2e+11 0.511511
512	0.00512739	50.0025	0.00968295	7500	2e+11 0.511511
513	0.00513749	50.0025	0.00968295	7500	2e+11 0.511535
514	0.00514759	50.0025	0.00968295	7500	2e+11 0.511535
515	0.00515768	50.0025	0.00968295	7500	2e+11 0.511535
516	0.00516778	50.0025	0.00968295	7500	2e+11 0.511535
517	0.00517788	50.0025	0.00968294	7500	2e+11 0.511464
518	0.00518797	50.0025	0.00968294	7500	2e+11 0.511487
519	0.00519807	50.0025	0.00968294	7500	2e+11 0.511487
520	0.00520817	50.0024	0.00968292	7500	2e+11 0.511558
521	0.00521826	50.0022	0.00968288	7500	2e+11 0.511558
522	0.00522836	50.0015	0.00968275	7500	2e+11 0.511487
523	0.00523845	49.9996	0.00968238	7500	2e+11 0.511487
524	0.00524855	49.9935	0.00968121	7500	2e+11 0.511487
525	0.00525865	49.9786	0.00967832	7500	2e+11 0.511487
526	0.00526874	49.929	0.00966872	7500	2e+11 0.511487
527	0.00527884	49.8393	0.00965135	7500	2e+11 0.511558
528	0.00528894	49.4057	0.00956738	7500	2e+11 0.511558
529	0.00529903	48.3719	0.00936717	7500	2e+11 0.511629
530	0.00530913	45.6941	0.00884863	7500	2e+11 0.511936
531	0.00531921	41.6828	0.00807184	7500	2e+11 0.512409
532	0.00532929	36.745	0.00711563	7500	2e+11 0.512883
533	0.00533936	31.3497	0.00607084	7500	2e+11 0.513358
534	0.00534942	25.9224	0.00501985	7500	2e+11 0.513977
535	0.00535947	20.8152	0.00403085	7500	2e+11 0.514453
536	0.0053695	16.2581	0.00314837	7500	2e+11 0.514859
537	0.00537953	12.3732	0.00239607	7500	2e+11 0.515266
538	0.00538956	9.19163	0.00177995	7500	2e+11 0.515554
539	0.00539957	6.67595	0.00129279	7500	2e+11 0.515841
540	0.00540958	4.74802	0.000919449	7500	2e+11 0.515865
541	0.00541959	3.30876	0.00064074	7500	2e+11 0.516081
542	0.0054296	2.26159	0.000437954	7500	2e+11 0.516274
543	0.0054396	1.5164	0.00029365	7500	2e+11 0.516274
544	0.00544961	0.9988	0.000193417	7500	2e+11 0.516274
545	0.00545961	0.646525	0.000125199	7500	2e+11 0.516442
546	0.00546961	0.411424	7.9672e-05	7500	2e+11 0.516442
547	0.00547961	0.2572	4.98066e-05	7500	2e+11 0.516394
548	0.00548961	0.158069	3.06099e-05	7500	2e+11 0.516394
549	0.00549961	0.0957129	1.85347e-05	7500	2e+11 0.516538
550	0.00550961	0.0570557	1.10488e-05	7500	2e+11 0.516538
551	0.00551961	0.0334561	6.47876e-06	7500	2e+11 0.516394
552	0.00552961	0.0193603	3.7491e-06	7500	2e+11 0.516442
553	0.00553961	0.0110282	2.13559e-06	7500	2e+11 0.516442
554	0.00554961	0.00615985	1.19285e-06	7500	2e+11 0.51637
555	0.00555961	0.0033842	6.55347e-07	7500	2e+11 0.516418
556	0.00556961	0.00183751	3.55832e-07	7500	2e+11 0.516418
557	0.00557961	0.000985855	1.9091e-07	7500	2e+11 0.516466
558	0.00558961	0.000518574	1.00422e-07	7500	2e+11 0.516466
559	0.00559961	0.000269352	5.21597e-08	7500	2e+11 0.516514
560	0.0056096	0.000137214	2.65713e-08	7500	2e+11 0.516514
561	0.0056196	6.9062e-05	1.33738e-08	7500	2e+11 0.516418
562	0.00562961	3.41272e-05	6.6087e-09	7500	2e+11 0.516346
563	0.00563961	1.66238e-05	3.21918e-09	7500	2e+11 0.51649
564	0.00564961	7.99169e-06	1.54758e-09	7500	2e+11 0.51649
565	0.00565961	3.80249e-06	7.36348e-10	7500	2e+11 0.516466
566	0.0056696	1.77911e-06	3.44523e-10	7500	2e+11 0.516466
567	0.0056796	8.21409e-07	1.59065e-10	7500	2e+11 0.516442
568	0.00568961	3.71339e-07	7.19095e-11	7500	2e+11 0.516442
569	0.0056996	1.65484e-07	3.20459e-11	7500	2e+11 0.516466
570	0.0057096	7.25081e-08	1.40411e-11	7500	2e+11 0.516514
571	0.0057196	3.16122e-08	6.12168e-12	7500	2e+11 0.516514
572	0.0057296	1.35649e-08	2.62683e-12	7500	2e+11 0.51637
573	0.0057396	5.72215e-09	1.10809e-12	7500	2e+11 0.516514
574	0.0057496	2.37277e-09	4.59485e-13	7500	2e+11 0.516514
575	0.0057596	9.71021e-10	1.88037e-13	7500	2e+11 0.516418
576	0.0057696	3.92407e-10	7.59893e-14	7500	2e+11 0.516514
577	0.0057796	1.56029e-10	3.02148e-14	7500	2e+11 0.516514
578	0.0057896	6.17509e-11	1.1958e-14	7500	2e+11 0.516394
579	0.0057996	2.42897e-11	4.70368e-15	7500	2e+11 0.51649
580	0.0058096	9.36449e-12	1.81342e-15	7500	2e+11 0.51649
581	0.0058196	3.51827e-12	6.8131e-16	7500	2e+11 0.516394
582	0.0058296	1.3192e-12	2.55463e-16	7500	2e+11 0.516418
583	0.0058396	4.81898e-13	9.33191e-17	7500	2e+11 0.516418
584	0.0058496	1.74898e-13	3.38688e-17	7500	2e+11 0.516394
585	0.0058596	6.26415e-14	1.21305e-17	7500	2e+11 0.51637
586	0.0058696	2.22066e-14	4.30028e-18	7500	2e+11 0.516442
587	0.0058796	7.74973e-15	1.50073e-18	7500	2e+11 0.516538
588	0.0058896	2.64954e-15	5.13081e-19	7500	2e+11 0.516538
589	0.0058996	8.98942e-16	1.74079e-19	7500	2e+11 0.51649
590	0.0059096	3.01851e-16	5.84532e-20	7500	2e+11 0.51649
591	0.0059196	9.80764e-17	1.89924e-20	7500	2e+11 0.516418
592	0.0059296	3.15399e-17	6.10768e-21	7500	2e+11 0.516418
593	0.0059396	1.00103e-17	1.93848e-21	7500	2e+11 0.516466
594	0.0059496	3.18648e-18	6.17059e-22	7500	2e+11 0.51649
595	0.0059596	9.80865e-19	1.89944e-22	7500	2e+11 0.51649
596	0.0059696	2.93787e-19	5.68917e-23	7500	2e+11 0.516394
597	0.0059796	8.6586e-20	1.67673e-23	7500	2e+11 0.51649
598	0.0059896	2.52611e-20	4.8918e-24	7500	2e+11 0.51649
599	0.0059996	7.44471e-21	1.44166e-24	7500	2e+11 0.516394
600	0.0060096	2.11604e-21	4.09769e-25	7500	2e+11 0.51649
601	0.00601959	5.90161e-22	1.14284e-25	7500	2e+11 0.51649
602	0.00602959	1.63801e-22	3.17198e-26	7500	2e+11 0.51649
603	0.00603959	4.57323e-23	8.85603e-27	7500	2e+11 0.51649
604	0.00604959	1.23323e-23	2.38814e-27	7500	2e+11 0.516442
605	0.00605959	3.31702e-24	6.42339e-28	7500	2e+11 0.516466
606	0.00606959	8.89002e-25	1.72154e-28	7500	2e+11 0.516466
607	0.00607959	2.32994e-25	4.51192e-29	7500	2e+11 0.51649
608	0.00608959	5.88567e-26	1.13975e-29	7500	2e+11 0.51649
609	0.00609959	1.47003e-26	2.8467e-30	7500	2e+11 0.51649
610	0.00610959	3.58247e-27	6.93741e-31	7500	2e+11 0.51649
611	0.00611959	8.52762e-28	1.65137e-31	7500	2e+11 0.516418
612	0.00612959	2.00138e-28	3.87567e-32	7500	2e+11 0.516418
613	0.00613959	4.5867e-29	8.88211e-33	7500	2e+11 0.51649
614	0.00614959	1.0796e-29	2.09064e-33	7500	2e+11 0.51649
615	0.00615959	2.4569e-30	4.75777e-34	7500	2e+11 0.516466
616	0.00616959	5.51437e-31	1.06785e-34	7500	2e+11 0.516466
617	0.00617959	1.20166e-31	2.327e-35	7500	2e+11 0.516418
618	0.00618958	2.58025e-32	4.99662e-36	7500	2e+11 0.516538
619	0.00619958	5.55613e-33	1.07594e-36	7500	2e+11 0.516538
620	0.00620958	1.15715e-33	2.24082e-37	7500	2e+11 0.516442
621	0.00621958	2.48804e-34	4.81806e-38	7500	2e+11 0.516442
622	0.00622958	5.27743e-35	1.02197e-38	7500	2e+11 0.516514
623	0.00623958	1.07457e-35	2.08089e-39	7500	2e+11 0.516514
624	0.00624958	2.19416e-36	4.24898e-40	7500	2e+11 0.516442
625	0.00625958	4.47969e-37	8.67488e-41	7500	2e+11 0.516442
626	0.00626958	9.12639e-38	1.76732e-41	7500	2e+11 0.51649
627	0.00627958	1.76493e-38	3.41777e-42	7500	2e+11 0.51649
628	0.00628958	3.25632e-39	6.30584e-43	7500	2e+11 0.516418
629	0.00629958	6.00611e-40	1.16308e-43	7500	2e+11 0.516466
630	0.00630957	1.01308e-40	1.96182e-44	7500	2e+11 0.516514
631	0.00631957	7.23631e-42	1.4013e-45	7500	2e+11 0.516514
632	0.00632957	0	0	7500	2e+11 0.51661
633	0.00633957	0	0	7500	2e+11 0.51661
634	0.00634957	0	0	7500	2e+11 0.516514
635	0.00635957	0	0	7500	2e+11 0.516514
636	0.00636957	0	0	7500	2e+11 0.516514
637	0.00637956	0	0	7500	2e+11 0.516538
638	0.00638956	0	0	7500	2e+11 0.516538
639	0.00639956	0	0	7500	2e+11 0.516586
640	0.00640956	0	0	7500	2e+11 0.516586
641	0.00641956	0	0	7500	2e+11 0.516562
642	0.00642955	0	0	7500	2e+11 0.516731
643	0.00643955	0	0	7500	2e+11 0.516731
644	0.00644955	0	0	7500	2e+11 0.516707
645	0.00645954	0	0	7500	2e+11 0.516707
646	0.00646954	0	0	7500	2e+11 0.516731
647	0.00647953	0	0	7500	2e+11 0.516731
648	0.00648952	0	0	7500	2e+11 0.516851
649	0.00649952	0	0	7500	2e+11 0.517164
650	0.0065095	0	0	7500	2e+11 0.517164
651	0.00651956	0	0	7500	2e+11 0.51702
652	0.00652955	0	0	7500	2e+11 0.51702
653	0.00653954	0	0	7500	2e+11 0.516779
654	0.00654954	0	0	7500	2e+11 0.516658
655	0.00655953	0	0	7500	2e+11 0.516634
656	0.00656953	0	0	7500	2e+11 0.516634
657	0.00657953	0	0	7500	2e+11 0.516538
658	0.00658952	0	0	7500	2e+11 0.516658
659	0.00659952	0	0	7500	2e+11 0.516658
660	0.00660952	0	0	7500	2e+11 0.516538
661	0.00661952	0	0	7500	2e+11 0.516538
662	0.00662951	0	0	7500	2e+11 0.516514
663	0.00663951	0	0	7500	2e+11 0.516514
664	0.00664951	0	0	7500	2e+11 0.51637
665	0.00665951	0	0	7500	2e+11 0.51637
666	0.00666951	0	0	7500	2e+11 0.516394
667	0.00667951	0	0	7500	2e+11 0.516562
668	0.00668951	0	0	7500	2e+11 0.516562
669	0.00669951	0	0	7500	2e+11 0.516418
670	0.00670951	0	0	7500	2e+11 0.51649
671	0.00671951	0	0	7500	2e+11 0.51649
672	0.00672951	0	0	7500	2e+11 0.51637
673	0.00673951	0	0	7500	2e+11 0.516538
674	0.00674951	0	0	7500	2e+11 0.516538
675	0.00675951	0	0	7500	2e+11 0.51637
676	0.00676951	0	0	7500	2e+11 0.51637
677	0.00677951	0	0	7500	2e+11 0.516442
678	0.00678951	0	0	7500	2e+11 0.516442
679	0.00679951	0	0	7500	2e+11 0.516442
680	0.00680951	0	0	7500	2e+11 0.516442
681	0.00681951	0	0	7500	2e+11 0.516394
682	0.00682951	0	0	7500	2e+11 0.516394
683	0.00683951	0	0	7500	2e+11 0.51637
684	0.00684952	0	0	7500	2e+11 0.516346
685	0.00685952	0	0	7500	2e+11 0.516346
686	0.00686952	0	0	7500	2e+11 0.51637
687	0.00687952	0	0	7500	2e+11 0.516442
688	0.00688952	0	0	7500	2e+11 0.516442
689	0.00689952	0	0	7500	2e+11 0.516418
690	0.00690952	0	0	7500	2e+11 0.516418
691	0.00691952	0	0	7500	2e+11 0.516442
692	0.00692952	0	0	7500	2e+11 0.516442
693	0.00693952	0	0	7500	2e+11 0.516466
694	0.00694952	0	0	7500	2e+11 0.516466
695	0.00695952	0	0	7500	2e+11 0.516466
696	0.00696952	0	0	7500	2e+11 0.516394
697	0.00697952	0	0	7500	2e+11 0.516418
698	0.00698952	0	0	7500	2e+11 0.516418
699	0.00699952	0	0	7500	2e+11 0.51649
700	0.00700952	0	0	7500	2e+11 0.51649
701	0.00701952	0	0	7500	2e+11 0.51637
702	0.00702952	0	0	7500	2e+11 0.51637
703	0.00703952	0	0	7500	2e+11 0.516466
704	0.00704952	0	0	7500	2e+11 0.516466
705	0.00705952	0	0	7500	2e+11 0.516442
706	0.00706952	0	0	7500	2e+11 0.516442
707	0.00707952	0	0	7500	2e+11 0.516442
708	0.00708952	0	0	7500	2e+11 0.516418
709	0.00709952	0	0	7500	2e+11 0.516538
710	0.00710952	0	0	7500	2e+11 0.516538
711	0.00711952	0	0	7500	2e+11 0.516442
712	0.00712952	0	0	7500	2e+11 0.516442
713	0.00713952	0	0	7500	2e+11 0.516442
714	0.00714952	0	0	7500	2e+11 0.516442
715	0.00715952	0	0	7500	2e+11 0.516394
716	0.00716952	0	0	7500	2e+11 0.516562
717	0.00717951	0	0	7500	2e+11 0.516562
718	0.00718951	0	0	7500	2e+11 0.516418
719	0.00719952	0	0	7500	2e+11 0.51649
720	0.00720951	0	0	7500	2e+11 0.51649
721	0.00721952	0	0	7500	2e+11 0.51649
722	0.00722951	0	0	7500	2e+11 0.51649
723	0.00723951	0	0	7500	2e+11 0.516442
724	0.00724951	0	0	7500	2e+11 0.516442
725	0.00725951	0	0	7500	2e+11 0.516442
726	0.00726951	0	0	7500	2e+11 0.516442
727	0.00727951	0	0	7500	2e+11 0.516442
728	0.00728951	0	0	7500	2e+11 0.516442
729	0.00729951	0	0	7500	2e+11 0.516418
730	0.00730951	0	0	7500	2e+11 0.516418
731	0.00731951	0	0	7500	2e+11 0.516514
732	0.00732951	0	0	7500	2e+11 0.516514
733	0.00733951	0	0	7500	2e+11 0.516322
734	0.00734952	0	0	7500	2e+11 0.51637
735	0.00735952	0	0	7500	2e+11 0.516418
736	0.00736952	0	0	7500	2e+11 0.51649
737	0.00737951	0	0	7500	2e+11 0.51649
738	0.00738952	0	0	7500	2e+11 0.516322
739	0.00739952	0	0	7500	2e+11 0.51637
740	0.00740952	0	0	7500	2e+11 0.51637
741	0.00741952	0	0	7500	2e+11 0.516346
742	0.00742952	0	0	7500	2e+11 0.516346
743	0.00743952	0	0	7500	2e+11 0.516274
744	0.00744953	0	0	7500	2e+11 0.516274
745	0.00745953	0	0	7500	2e+11 0.516226
746	0.00746953	0	0	7500	2e+11 0.516226
747	0.00747954	0	0	7500	2e+11 0.516105
748	0.00748955	0	0	7500	2e+11 0.516129
749	0.00749955	0	0	7500	2e+11 0.516129
750	0.00750956	0	0	7500	2e+11 0.519466
751	0.0075195	0	0	7500	2e+11 0.519466
752	0.00752952	0	0	7500	2e+11 0.515841
753	0.00753953	0	0	7500	2e+11 0.516274
754	0.00754953	0	0	7500	2e+11 0.516274
755	0.00755954	0	0	7500	2e+11 0.516033
756	0.00756954	0	0	7500	2e+11 0.516346
757	0.00757955	0	0	7500	2e+11 0.516346
758	0.00758955	0	0	7500	2e+11 0.516177
759	0.00759955	0	0	7500	2e+11 0.516177
760	0.00760956	0	0	7500	2e+11 0.516298
761	0.00761956	0	0	7500	2e+11 0.516298
762	0.00762957	0	0	7500	2e+11 0.516442
763	0.00763956	0	0	7500	2e+11 0.516442
764	0.00764957	0	0	7500	2e+11 0.516538
765	0.00765957	0	0	7500	2e+11 0.516538
766	0.00766957	0	0	7500	2e+11 0.516346
767	0.00767957	0	0	7500	2e+11 0.516346
768	0.00768957	0	0	7500	2e+11 0.516346
769	0.00769957	0	0	7500	2e+11 0.516346
770	0.00770958	2.89452e-41	-5.60519e-45	7500	2e+11 0.516442
771	0.00771958	1.95379e-40	-3.78351e-44	7500	2e+11 0.516442
772	0.00772958	1.13609e-39	-2.20004e-43	7500	2e+11 0.516346
773	0.00773958	6.43305e-39	-1.24575e-42	7500	2e+11 0.516346
774	0.00774958	3.49005e-38	-6.75846e-42	7500	2e+11 0.516394
775	0.00775958	1.91363e-37	-3.70573e-41	7500	2e+11 0.516394
776	0.00776958	1.01485e-36	-1.96525e-40	7500	2e+11 0.51637
777	0.00777958	5.41838e-36	-1.04926e-39	7500	2e+11 0.51637
778	0.00778959	2.7882e-35	-5.39932e-39	7500	2e+11 0.51649
779	0.00779958	1.43789e-34	-2.78446e-38	7500	2e+11 0.51649
780	0.00780959	7.15312e-34	-1.3852e-37	7500	2e+11 0.516201
781	0.00781965	3.62825e-33	-7.02607e-37	7500	2e+11 0.51541
782	0.00782966	1.80039e-32	-3.48644e-36	7500	2e+11 0.51637
783	0.00783966	9.20031e-32	-1.78163e-35	7500	2e+11 0.51637
784	0.00784967	4.39163e-31	-8.50436e-35	7500	2e+11 0.516466
785	0.00785966	1.92912e-30	-3.73572e-34	7500	2e+11 0.516466
786	0.00786967	8.4681e-30	-1.63984e-33	7500	2e+11 0.516514
787	0.00787966	3.78489e-29	-7.3294e-33	7500	2e+11 0.516514
788	0.00788967	1.66501e-28	-3.22427e-32	7500	2e+11 0.516466
789	0.00789967	7.46675e-28	-1.44593e-31	7500	2e+11 0.516466
790	0.00790967	3.13997e-27	-6.08052e-31	7500	2e+11 0.51661
791	0.00791967	1.27151e-26	-2.46228e-30	7500	2e+11 0.51661
792	0.00792967	5.29686e-26	-1.02573e-29	7500	2e+11 0.516466
793	0.00793967	2.02581e-25	-3.92296e-29	7500	2e+11 0.516466
794	0.00794967	7.70799e-25	-1.49265e-28	7500	2e+11 0.51661
795	0.00795967	2.99077e-24	-5.7916e-28	7500	2e+11 0.51661
796	0.00796967	1.11886e-23	-2.16665e-27	7500	2e+11 0.516322
797	0.00797968	4.24947e-23	-8.22906e-27	7500	2e+11 0.516514
798	0.00798967	1.59143e-22	-3.0818e-26	7500	2e+11 0.516514
799	0.00799967	5.85629e-22	-1.13407e-25	7500	2e+11 0.516514
800	0.00800967	2.08654e-21	-4.04056e-25	7500	2e+11 0.516466
801	0.00801967	7.41376e-21	-1.43567e-24	7500	2e+11 0.516514
802	0.00802967	2.53334e-20	-4.90579e-24	7500	2e+11 0.516514
803	0.00803967	8.60614e-20	-1.66657e-23	7500	2e+11 0.516274
804	0.00804968	2.91028e-19	-5.63574e-23	7500	2e+11 0.516418
805	0.00805968	9.79724e-19	-1.89723e-22	7500	2e+11 0.516466
806	0.00806968	3.17986e-18	-6.15778e-22	7500	2e+11 0.516658
807	0.00807967	1.03113e-17	-1.99678e-21	7500	2e+11 0.516658
808	0.00808967	3.28694e-17	-6.36513e-21	7500	2e+11 0.51637
809	0.00809967	1.00866e-16	-1.95326e-20	7500	2e+11 0.51637
810	0.00810968	3.12731e-16	-6.05602e-20	7500	2e+11 0.516466
811	0.00811968	9.32529e-16	-1.80584e-19	7500	2e+11 0.516466
812	0.00812968	2.83144e-15	-5.48306e-19	7500	2e+11 0.51637
813	0.00813968	8.44571e-15	-1.63551e-18	7500	2e+11 0.516322
814	0.00814968	2.46177e-14	-4.7672e-18	7500	2e+11 0.51637
815	0.00815968	7.11268e-14	-1.37736e-17	7500	2e+11 0.51637
816	0.00816968	1.99998e-13	-3.87295e-17	7500	2e+11 0.516658
817	0.00817968	5.62266e-13	-1.08882e-16	7500	2e+11 0.516658
818	0.00818968	1.53327e-12	-2.96917e-16	7500	2e+11 0.516322
819	0.00819968	4.0352e-12	-7.81413e-16	7500	2e+11 0.51637
820	0.00820968	1.08099e-11	-2.09332e-15	7500	2e+11 0.51637
821	0.00821968	2.83088e-11	-5.48197e-15	7500	2e+11 0.51661
822	0.00822968	7.24566e-11	-1.40312e-14	7500	2e+11 0.51661
823	0.00823968	1.8382e-10	-3.55966e-14	7500	2e+11 0.516514
824	0.00824968	4.49195e-10	-8.69863e-14	7500	2e+11 0.516514
825	0.00825968	1.1039e-09	-2.13769e-13	7500	2e+11 0.51637
826	0.00826968	2.63892e-09	-5.11024e-13	7500	2e+11 0.516562
827	0.00827968	6.27695e-09	-1.21553e-12	7500	2e+11 0.516562
828	0.00828968	1.46517e-08	-2.8373e-12	7500	2e+11 0.516514
829	0.00829968	3.34271e-08	-6.47313e-12	7500	2e+11 0.516466
830	0.00830968	7.52249e-08	-1.45672e-11	7500	2e+11 0.516466
831	0.00831969	1.67745e-07	-3.24838e-11	7500	2e+11 0.51637
832	0.00832969	3.78614e-07	-7.33183e-11	7500	2e+11 0.51637
833	0.00833969	8.33485e-07	-1.61404e-10	7500	2e+11 0.51637
834	0.00834969	1.78572e-06	-3.45803e-10	7500	2e+11 0.51661
835	0.00835968	3.77131e-06	-7.3031e-10	7500	2e+11 0.51661
836	0.00836968	7.82264e-06	-1.51485e-09	7500	2e+11 0.51661
837	0.00837968	1.60615e-05	-3.11029e-09	7500	2e+11 0.516466
838	0.00838968	3.25542e-05	-6.30409e-09	7500	2e+11 0.516466
839	0.00839969	6.57381e-05	-1.27301e-08	7500	2e+11 0.516418
840	0.00840969	0.000129853	-2.51459e-08	7500	2e+11 0.516418
841	0.00841969	0.000252213	-4.88408e-08	7500	2e+11 0.516418
842	0.00842969	0.000484541	-9.3831e-08	7500	2e+11 0.516418
843	0.00843969	0.000912956	-1.76793e-07	7500	2e+11 0.516418
844	0.00844969	0.00169718	-3.28657e-07	7500	2e+11 0.516418
845	0.00845969	0.00310061	-6.0043e-07	7500	2e+11 0.516466
846	0.00846968	0.00556967	-1.07856e-06	7500	2e+11 0.516466
847	0.00847969	0.00980553	-1.89883e-06	7500	2e+11 0.516322
848	0.00848969	0.0170911	-3.30967e-06	7500	2e+11 0.516322
849	0.00849969	0.0292213	-5.65868e-06	7500	2e+11 0.51637
850	0.00850969	0.0491084	-9.5098e-06	7500	2e+11 0.51637
851	0.00851969	0.0816366	-1.58089e-05	7500	2e+11 0.51661
852	0.00852969	0.132624	-2.56826e-05	7500	2e+11 0.51661
853	0.00853969	0.211122	-4.08837e-05	7500	2e+11 0.51661
854	0.00854969	0.329974	-6.38993e-05	7500	2e+11 0.51661
855	0.00855969	0.508737	-9.85164e-05	7500	2e+11 0.516562
856	0.00856969	0.767688	-0.000148662	7500	2e+11 0.516562
857	0.00857968	1.14158	-0.000221067	7500	2e+11 0.516466
858	0.00858968	1.67242	-0.000323862	7500	2e+11 0.516707
859	0.00859968	2.40635	-0.000465987	7500	2e+11 0.516707
860	0.00860967	3.38587	-0.000655671	7500	2e+11 0.516803
861	0.00861967	4.67562	-0.00090543	7500	2e+11 0.517092
862	0.00862965	6.36737	-0.00123304	7500	2e+11 0.517189
863	0.00863964	8.47224	-0.00164064	7500	2e+11 0.51743
864	0.00864962	11.0274	-0.00213544	7500	2e+11 0.517671
865	0.00865959	14.0482	-0.00272043	7500	2e+11 0.518058
866	0.00866956	17.5236	-0.00339344	7500	2e+11 0.518494
867	0.00867952	21.4404	-0.00415192	7500	2e+11 0.518834
868	0.00868947	25.6495	-0.00496701	7500	2e+11 0.519125
869	0.00869942	30.0295	-0.00581519	7500	2e+11 0.519807
870	0.00870935	34.437	-0.00666869	7500	2e+11 0.520099
871	0.00871928	38.6649	-0.00748742	7500	2e+11 0.520636
872	0.0087292	42.487	-0.00822757	7500	2e+11 0.520881
873	0.00873912	45.688	-0.00884745	7500	2e+11 0.52142
874	0.00874902	48.0618	-0.00930714	7500	2e+11 0.52142
875	0.00875893	49.3702	-0.0095605	7500	2e+11 0.521224
876	0.00876884	49.7677	-0.00963747	7500	2e+11 0.521469
877	0.00877874	49.9074	-0.00966452	7500	2e+11 0.521518
878	0.00878864	49.9682	-0.0096763	7500	2e+11 0.521518
879	0.00879854	49.9852	-0.00967959	7500	2e+11 0.521469
880	0.00880845	49.9931	-0.00968113	7500	2e+11 0.521469
881	0.00881835	49.9959	-0.00968167	7500	2e+11 0.521371
882	0.00882826	49.9968	-0.00968184	7500	2e+11 0.521567
883	0.00883816	49.9972	-0.00968191	7500	2e+11 0.521567
884	0.00884806	49.9973	-0.00968194	7500	2e+11 0.521469
885	0.00885797	49.9973	-0.00968194	7500	2e+11 0.521469
886	0.00886787	49.9973	-0.00968195	7500	2e+11 0.52142
887	0.00887777	49.9974	-0.00968195	7500	2e+11 0.52142
888	0.00888768	49.9974	-0.00968195	7500	2e+11 0.52142
889	0.00889758	49.9974	-0.00968195	7500	2e+11 0.521469
890	0.00890749	49.9974	-0.00968195	7500	2e+11 0.521518
891	0.00891739	49.9974	-0.00968195	7500	2e+11 0.521518
892	0.00892729	49.9974	-0.00968195	7500	2e+11 0.521469
893	0.00893719	49.9974	-0.00968195	7500	2e+11 0.521469
894	0.0089471	49.9974	-0.00968195	7500	2e+11 0.521469
895	0.008957	49.9974	-0.00968195	7500	2e+11 0.52142
896	0.0089669	49.9974	-0.00968195	7500	2e+11 0.52142
897	0.00897681	49.9974	-0.00968195	7500	2e+11 0.521469
898	0.00898671	49.9974	-0.00968196	7500	2e+11 0.521469
899	0.00899662	49.9974	-0.00968196	7500	2e+11 0.521469
900	0.00900652	49.9974	-0.00968196	7500	2e+11 0.521469
901	0.00901642	49.9974	-0.00968196	7500	2e+11 0.521518
902	0.00902633	49.9974	-0.00968196	7500	2e+11 0.521518
903	0.00903623	49.9974	-0.00968196	7500	2e+11 0.521469
904	0.00904613	49.9974	-0.00968196	7500	2e+11 0.521469
905	0.00905604	49.9974	-0.00968196	7500	2e+11 0.521469
906	0.00906594	49.9974	-0.00968196	7500	2e+11 0.521371
907	0.00907584	49.9974	-0.00968196	7500	2e+11 0.521469
908	0.00908575	49.9974	-0.00968196	7500	2e+11 0.521469
909	0.00909565	49.9974	-0.00968196	7500	2e+11 0.521469
910	0.00910555	49.9974	-0.00968196	7500	2e+11 0.521518
911	0.00911546	49.9974	-0.00968196	7500	2e+11 0.521518
912	0.00912536	49.9974	-0.00968196	7500	2e+11 0.52142
913	0.00913526	49.9974	-0.00968196	7500	2e+11 0.52142
914	0.00914517	49.9974	-0.00968196	7500	2e+11 0.52142
915	0.00915507	49.9974	-0.00968196	7500	2e+11 0.521469
916	0.00916497	49.9974	-0.00968196	7500	2e+11 0.521469
917	0.00917488	49.9974	-0.00968196	7500	2e+11 0.521322
918	0.00918479	49.9974	-0.00968196	7500	2e+11 0.521567
919	0.00919469	49.9974	-0.00968196	7500	2e+11 0.521567
920	0.00920459	49.9974	-0.00968196	7500	2e+11 0.521469
921	0.00921449	49.9974	-0.00968196	7500	2e+11 0.52142
922	0.0092244	49.9974	-0.00968196	7500	2e+11 0.521567
923	0.0092343	49.9974	-0.00968196	7500	2e+11 0.521567
924	0.0092442	49.9974	-0.00968196	7500	2e+11 0.521469
925	0.00925411	49.9974	-0.00968196	7500	2e+11 0.521469
926	0.00926401	49.9974	-0.00968196	7500	2e+11 0.521469
927	0.00927391	49.9974	-0.00968196	7500	2e+11 0.521469
928	0.00928382	49.9974	-0.00968196	7500	2e+11 0.52142
929	0.00929372	49.9974	-0.00968196	7500	2e+11 0.52142
930	0.00930362	49.9974	-0.00968196	7500	2e+11 0.521469
931	0.00931353	49.9974	-0.00968196	7500	2e+11 0.521469
932	0.00932343	49.9974	-0.00968196	7500	2e+11 0.521371
933	0.00933334	49.9974	-0.00968196	7500	2e+11 0.521567
934	0.00934324	49.9974	-0.00968196	7500	2e+11 0.521567
935	0.00935314	49.9974	-0.00968196	7500	2e+11 0.52142
936	0.00936304	49.9974	-0.00968196	7500	2e+11 0.52142
937	0.00937295	49.9974	-0.00968196	7500	2e+11 0.521371
938	0.00938286	49.9974	-0.00968196	7500	2e+11 0.521567
939	0.00939276	49.9974	-0.00968196	7500	2e+11 0.521567
940	0.00940266	49.9974	-0.00968196	7500	2e+11 0.521567
941	0.00941256	49.9974	-0.00968196	7500	2e+11 0.521567
942	0.00942246	49.9974	-0.00968196	7500	2e+11 0.52142
943	0.00943237	49.9973	-0.00968194	7500	2e+11 0.52142
944	0.00944227	49.9972	-0.00968191	7500	2e+11 0.521518
945	0.00945218	49.9969	-0.00968185	7500	2e+11 0.521518
946	0.00946208	49.9963	-0.00968174	7500	2e+11 0.52142
947	0.00947199	49.9952	-0.00968153	7500	2e+11 0.521469
948	0.00948189	49.9933	-0.00968117	7500	2e+11 0.521518
949	0.00949179	49.99	-0.00968053	7500	2e+11 0.521518
950	0.00950169	49.9841	-0.00967938	7500	2e+11 0.521371
951	0.0095116	49.974	-0.00967743	7500	2e+11 0.521567
952	0.0095215	49.9571	-0.00967416	7500	2e+11 0.521567
953	0.0095314	49.9292	-0.00966874	7500	2e+11 0.521567
954	0.00954131	49.8837	-0.00965993	7500	2e+11 0.521518
955	0.00955121	49.8096	-0.00964559	7500	2e+11 0.521518
956	0.00956111	49.6929	-0.00962299	7500	2e+11 0.521469
957	0.00957102	49.5113	-0.00958782	7500	2e+11 0.52142
958	0.00958093	49.2361	-0.00953453	7500	2e+11 0.521175
959	0.00959084	48.8228	-0.00945449	7500	2e+11 0.52142
960	0.00960074	48.2167	-0.00933712	7500	2e+11 0.52142
961	0.00961065	47.3594	-0.0091711	7500	2e+11 0.521126
962	0.00962056	46.1615	-0.00893913	7500	2e+11 0.520979
963	0.00963047	44.5484	-0.00862675	7500	2e+11 0.520979
964	0.00964039	42.4173	-0.00821407	7500	2e+11 0.520685
965	0.00965031	39.641	-0.00767645	7500	2e+11 0.520539
966	0.00966025	36.1634	-0.00700301	7500	2e+11 0.519855
967	0.00967018	31.998	-0.00619639	7500	2e+11 0.519758
968	0.00968013	27.1568	-0.00525888	7500	2e+11 0.519223
969	0.00969008	21.846	-0.00423046	7500	2e+11 0.518737
970	0.00970005	16.3647	-0.00316901	7500	2e+11 0.51801
971	0.00971003	11.0902	-0.00214761	7500	2e+11 0.517671
972	0.00972001	6.4969	-0.00125812	7500	2e+11 0.517189
973	0.00973	3.03562	-0.000587845	7500	2e+11 0.516755
974	0.00974	1.0878	-0.000210652	7500	2e+11 0.516562
975	0.00975	0.383653	-7.42941e-05	7500	2e+11 0.516418
976	0.00976	0.142805	-2.7654e-05	7500	2e+11 0.516418
977	0.00977	0.0614354	-1.18969e-05	7500	2e+11 0.516418
978	0.00978	0.0197359	-3.82184e-06	7500	2e+11 0.516418
979	0.00979	0.00693883	-1.3437e-06	7500	2e+11 0.516418
980	0.0098	0.00255976	-4.95696e-07	7500	2e+11 0.516418
981	0.00981	0.000798535	-1.54636e-07	7500	2e+11 0.516418
982	0.00982	0.000343226	-6.64653e-08	7500	2e+11 0.516418
983	0.00983	0.000137454	-2.66178e-08	7500	2e+11 0.516418
984	0.00984	3.82706e-05	-7.41107e-09	7500	2e+11 0.516418
985	0.00985	1.55138e-05	-3.00423e-09	7500	2e+11 0.516418
986	0.00986	5.16228e-06	-9.99672e-10	7500	2e+11 0.516418
987	0.00987	1.48984e-06	-2.88506e-10	7500	2e+11 0.516418
988	0.00988	5.37257e-07	-1.04039e-10	7500	2e+11 0.516418
989	0.00989	1.79795e-07	-3.48171e-11	7500	2e+11 0.516418
990	0.0099	6.44477e-08	-1.24803e-11	7500	2e+11 0.516418
991	0.00991	2.46514e-08	-4.77373e-12	7500	2e+11 0.516418
992	0.00992	6.94019e-09	-1.34396e-12	7500	2e+11 0.516418
993	0.00993	3.14682e-09	-6.09379e-13	7500	2e+11 0.516418
994	0.00994	1.00815e-09	-1.95229e-13	7500	2e+11 0.516418
995	0.00995	3.4177e-10	-6.61881e-14	7500	2e+11 0.516418
996	0.00996	1.46841e-10	-2.84526e-14	7500	2e+11 0.516418
997	0.00997	4.60176e-11	-8.94982e-15	7500	2e+11 0.516418
998	0.00998	1.52017e-11	-3.04776e-15	7500	2e+11 0.516418
999	0.00999	6.156e-12	-1.5395e-15	7500	2e+11 0.516418
1000	0.01	0	-9.24659e-16	7500	2e+11 0.516418
