0	0	0	0	7500	2e+11 0.516398
1	1e-05	0	0	7500	2e+11 0.516398
2	2e-05	0	0	7500	2e+11 0.516398
3	3e-05	0	0	7500	2e+11 0.516398
4	4e-05	0	0	7500	2e+11 0.516398
5	5e-05	0	0	7500	2e+11 0.516398
6	6e-05	0	0	7500	2e+11 0.516398
7	7e-05	0	0	7500	2e+11 0.516398
8	8e-05	0	0	7500	2e+11 0.516398
9	9e-05	0	0	7500	2e+11 0.516398
10	0.0001	0	0	7500	2e+11 0.516398
11	0.00011	0	0	7500	2e+11 0.516398
12	0.00012	0	0	7500	2e+11 0.516398
13	0.00013	0	0	7500	2e+11 0.516398
14	0.00014	0	0	7500	2e+11 0.516398
15	0.00015	0	0	7500	2e+11 0.516398
16	0.00016	0	0	7500	2e+11 0.516398
17	0.00017	0	0	7500	2e+11 0.516398
18	0.00018	0	0	7500	2e+11 0.516398
19	0.00019	0	0	7500	2e+11 0.516398
20	0.0002	0	0	7500	2e+11 0.516398
21	0.00021	0	0	7500	2e+11 0.516398
22	0.00022	0	0	7500	2e+11 0.516398
23	0.00023	0	0	7500	2e+11 0.516398
24	0.00024	0	0	7500	2e+11 0.516398
25	0.00025	0	0	7500	2e+11 0.516398
26	0.00026	0	0	7500	2e+11 0.516398
27	0.00027	0	0	7500	2e+11 0.516398
28	0.00028	0	0	7500	2e+11 0.516398
29	0.00029	0	0	7500	2e+11 0.516398
30	0.0003	0	0	7500	2e+11 0.516398
31	0.00031	0	0	7500	2e+11 0.516398
32	0.00032	0	0	7500	2e+11 0.516398
33	0.00033	0	0	7500	2e+11 0.516398
34	0.00034	0	0	7500	2e+11 0.516398
35	0.00035	0	0	7500	2e+11 0.516398
36	0.00036	0	0	7500	2e+11 0.516398
37	0.00037	0	0	7500	2e+11 0.516398
38	0.00038	0	0	7500	2e+11 0.516398
39	0.00039	0	0	7500	2e+11 0.516398
40	0.0004	0	0	7500	2e+11 0.516398
41	0.00041	0	0	7500	2e+11 0.516398
42	0.00042	0	0	7500	2e+11 0.516398
43	0.00043	0	0	7500	2e+11 0.516398
44	0.00044	0	0	7500	2e+11 0.516398
45	0.00045	0	0	7500	2e+11 0.516398
46	0.00046	0	0	7500	2e+11 0.516398
47	0.00047	0	0	7500	2e+11 0.516398
48	0.00048	0	0	7500	2e+11 0.516398
49	0.00049	0	0	7500	2e+11 0.5164
50	0.0005	0	0	7500	2e+11 0.5164
51	0.00051	0	0	7500	2e+11 0.516397
52	0.00052	0	0	7500	2e+11 0.5164
53	0.00053	0	0	7500	2e+11 0.5164
54	0.00054	0	0	7500	2e+11 0.516397
55	0.00055	0	0	7500	2e+11 0.5164
56	0.00056	0	0	7500	2e+11 0.5164
57	0.00057	0	0	7500	2e+11 0.516397
58	0.00058	0	0	7500	2e+11 0.516397
59	0.00059	0	0	7500	2e+11 0.5164
60	0.0006	0	0	7500	2e+11 0.5164
61	0.00061	0	0	7500	2e+11 0.516397
62	0.00062	0	0	7500	2e+11 0.5164
63	0.00063	0	0	7500	2e+11 0.5164
64	0.00064	0	0	7500	2e+11 0.516397
65	0.00065	0	0	7500	2e+11 0.5164
66	0.00066	0	0	7500	2e+11 0.5164
67	0.00067	0	0	7500	2e+11 0.516397
68	0.00068	0	0	7500	2e+11 0.5164
69	0.00069	0	0	7500	2e+11 0.5164
70	0.0007	0	0	7500	2e+11 0.516397
71	0.00071	0	0	7500	2e+11 0.516397
72	0.00072	0	0	7500	2e+11 0.5164
73	0.00073	0	0	7500	2e+11 0.5164
74	0.00074	0	0	7500	2e+11 0.516397
75	0.00075	0	0	7500	2e+11 0.5164
76	0.00076	0	0	7500	2e+11 0.5164
77	0.00077	0	0	7500	2e+11 0.516397
78	0.00078	0	0	7500	2e+11 0.5164
79	0.00079	0	0	7500	2e+11 0.5164
80	0.0008	0	0	7500	2e+11 0.516397
81	0.00081	0	0	7500	2e+11 0.5164
82	0.00082	0	0	7500	2e+11 0.5164
83	0.00083	0	0	7500	2e+11 0.516397
84	0.00084	0	0	7500	2e+11 0.5164
85	0.00085	0	0	7500	2e+11 0.5164
86	0.00086	0	0	7500	2e+11 0.516397
87	0.00087	0	0	7500	2e+11 0.5164
88	0.00088	0	0	7500	2e+11 0.5164
89	0.00089	0	0	7500	2e+11 0.516397
90	0.0009	0	0	7500	2e+11 0.516397
91	0.00091	0	0	7500	2e+11 0.5164
92	0.00092	0	0	7500	2e+11 0.5164
93	0.00093	0	0	7500	2e+11 0.516397
94	0.00094	0	0	7500	2e+11 0.5164
95	0.00095	0	0	7500	2e+11 0.5164
96	0.00096	0	0	7500	2e+11 0.516397
97	0.00097	0	0	7500	2e+11 0.516397
98	0.00098	0	0	7500	2e+11 0.5164
99	0.00099	0	0	7500	2e+11 0.5164
100	0.001	0	0	7500	2e+11 0.5164
101	0.00101	0	0	7500	2e+11 0.5164
102	0.00102	0	0	7500	2e+11 0.5164
103	0.00103	0	0	7500	2e+11 0.5164
104	0.00104	0	0	7500	2e+11 0.5164
105	0.00105	0	0	7500	2e+11 0.5164
106	0.00106	0	0	7500	2e+11 0.5164
107	0.00107	0	0	7500	2e+11 0.5164
108	0.00108	0	0	7500	2e+11 0.5164
109	0.00109	0	0	7500	2e+11 0.5164
110	0.0011	0	0	7500	2e+11 0.5164
111	0.00111	0	0	7500	2e+11 0.5164
112	0.00112	0	0	7500	2e+11 0.5164
113	0.00113	0	0	7500	2e+11 0.5164
114	0.00114	0	0	7500	2e+11 0.5164
115	0.00115	0	0	7500	2e+11 0.5164
116	0.00116	0	0	7500	2e+11 0.5164
117	0.00117	0	0	7500	2e+11 0.5164
118	0.00118	0	0	7500	2e+11 0.5164
119	0.00119	0	0	7500	2e+11 0.5164
120	0.0012	0	0	7500	2e+11 0.5164
121	0.00121	0	0	7500	2e+11 0.5164
122	0.00122	0	0	7500	2e+11 0.5164
123	0.00123	0	0	7500	2e+11 0.5164
124	0.00124	0	0	7500	2e+11 0.5164
125	0.00125	0	0	7500	2e+11 0.5164
126	0.00126	0	0	7500	2e+11 0.5164
127	0.00127	0	0	7500	2e+11 0.5164
128	0.00128	0	0	7500	2e+11 0.5164
129	0.00129	0	0	7500	2e+11 0.5164
130	0.0013	0	0	7500	2e+11 0.5164
131	0.00131	0	0	7500	2e+11 0.5164
132	0.00132	0	0	7500	2e+11 0.5164
133	0.00133	0	0	7500	2e+11 0.5164
134	0.00134	0	0	7500	2e+11 0.5164
135	0.00135	0	0	7500	2e+11 0.5164
136	0.00136	0	0	7500	2e+11 0.5164
137	0.00137	0	0	7500	2e+11 0.5164
138	0.00138	0	0	7500	2e+11 0.5164
139	0.00139	0	0	7500	2e+11 0.5164
140	0.0014	0	0	7500	2e+11 0.5164
141	0.00141	0	0	7500	2e+11 0.5164
142	0.00142	0	0	7500	2e+11 0.5164
143	0.00143	0	0	7500	2e+11 0.5164
144	0.00144	0	0	7500	2e+11 0.5164
145	0.00145	0	0	7500	2e+11 0.5164
146	0.00146	0	0	7500	2e+11 0.5164
147	0.00147	0	0	7500	2e+11 0.5164
148	0.00148	0	0	7500	2e+11 0.5164
149	0.00149	0	0	7500	2e+11 0.5164
150	0.0015	0	0	7500	2e+11 0.5164
151	0.00151	0	0	7500	2e+11 0.5164
152	0.00152	0	0	7500	2e+11 0.5164
153	0.00153	0	0	7500	2e+11 0.5164
154	0.00154	0	0	7500	2e+11 0.5164
155	0.00155	0	0	7500	2e+11 0.5164
156	0.00156	0	0	7500	2e+11 0.5164
157	0.00157	0	0	7500	2e+11 0.5164
158	0.00158	0	0	7500	2e+11 0.5164
159	0.00159	0	0	7500	2e+11 0.5164
160	0.0016	0	0	7500	2e+11 0.5164
161	0.00161	0	0	7500	2e+11 0.5164
162	0.00162	0	0	7500	2e+11 0.5164
163	0.00163	0	0	7500	2e+11 0.5164
164	0.00164	0	0	7500	2e+11 0.5164
165	0.00165	0	0	7500	2e+11 0.5164
166	0.00166	0	0	7500	2e+11 0.5164
167	0.00167	0	0	7500	2e+11 0.5164
168	0.00168	0	0	7500	2e+11 0.5164
169	0.00169	0	0	7500	2e+11 0.5164
170	0.0017	0	0	7500	2e+11 0.5164
171	0.00171	0	0	7500	2e+11 0.5164
172	0.00172	0	0	7500	2e+11 0.5164
173	0.00173	0	0	7500	2e+11 0.5164
174	0.00174	0	0	7500	2e+11 0.5164
175	0.00175	0	0	7500	2e+11 0.5164
176	0.00176	0	0	7500	2e+11 0.5164
177	0.00177	0	0	7500	2e+11 0.5164
178	0.00178	0	0	7500	2e+11 0.5164
179	0.00179	0	0	7500	2e+11 0.5164
180	0.0018	0	0	7500	2e+11 0.5164
181	0.00181	0	0	7500	2e+11 0.5164
182	0.00182	0	0	7500	2e+11 0.5164
183	0.00183	0	0	7500	2e+11 0.5164
184	0.00184	0	0	7500	2e+11 0.5164
185	0.00185	0	0	7500	2e+11 0.5164
186	0.00186	0	0	7500	2e+11 0.5164
187	0.00187	0	0	7500	2e+11 0.5164
188	0.00188	0	0	7500	2e+11 0.5164
189	0.00189	0	0	7500	2e+11 0.5164
190	0.0019	0	0	7500	2e+11 0.5164
191	0.00191	0	0	7500	2e+11 0.5164
192	0.00192	0	0	7500	2e+11 0.5164
193	0.00193	0	0	7500	2e+11 0.5164
194	0.00194	0	0	7500	2e+11 0.5164
195	0.00195	0	0	7500	2e+11 0.5164
196	0.00196	0	0	7500	2e+11 0.516406
197	0.00197	0	0	7500	2e+11 0.516406
198	0.00198	0	0	7500	2e+11 0.516394
199	0.00199	0	0	7500	2e+11 0.516406
200	0.002	0	0	7500	2e+11 0.516406
201	0.00201	0	0	7500	2e+11 0.516394
202	0.00202	0	0	7500	2e+11 0.516406
203	0.00203	0	0	7500	2e+11 0.516406
204	0.00204	0	0	7500	2e+11 0.516394
205	0.00205	0	0	7500	2e+11 0.516406
206	0.00206	0	0	7500	2e+11 0.516406
207	0.00207	0	0	7500	2e+11 0.516394
208	0.00208	0	0	7500	2e+11 0.516406
209	0.00209	0	0	7500	2e+11 0.516406
210	0.0021	0	0	7500	2e+11 0.516394
211	0.00211	0	0	7500	2e+11 0.516406
212	0.00212	0	0	7500	2e+11 0.516406
213	0.00213	0	0	7500	2e+11 0.516394
214	0.00214	0	0	7500	2e+11 0.516406
215	0.00215	0	0	7500	2e+11 0.516406
216	0.00216	0	0	7500	2e+11 0.516394
217	0.00217	0	0	7500	2e+11 0.516406
218	0.00218	0	0	7500	2e+11 0.516406
219	0.00219	0	0	7500	2e+11 0.516394
220	0.0022	0	0	7500	2e+11 0.516406
221	0.00221	0	0	7500	2e+11 0.516406
222	0.00222	0	0	7500	2e+11 0.516394
223	0.00223	0	0	7500	2e+11 0.516406
224	0.00224	0	0	7500	2e+11 0.516406
225	0.00225	0	0	7500	2e+11 0.516394
226	0.00226	0	0	7500	2e+11 0.516394
227	0.00227	0	0	7500	2e+11 0.516406
228	0.00228	0	0	7500	2e+11 0.516406
229	0.00229	0	0	7500	2e+11 0.516394
230	0.0023	0	0	7500	2e+11 0.516406
231	0.00231	0	0	7500	2e+11 0.516406
232	0.00232	0	0	7500	2e+11 0.516394
233	0.00233	0	0	7500	2e+11 0.516406
234	0.00234	0	0	7500	2e+11 0.516406
235	0.00235	0	0	7500	2e+11 0.516394
236	0.00236	0	0	7500	2e+11 0.516406
237	0.00237	0	0	7500	2e+11 0.516406
238	0.00238	0	0	7500	2e+11 0.516394
239	0.00239	0	0	7500	2e+11 0.516406
240	0.0024	0	0	7500	2e+11 0.516406
241	0.00241	0	0	7500	2e+11 0.516394
242	0.00242	0	0	7500	2e+11 0.516406
243	0.00243	0	0	7500	2e+11 0.516406
244	0.00244	0	0	7500	2e+11 0.516394
245	0.00245	0	0	7500	2e+11 0.516406
246	0.00246	0	0	7500	2e+11 0.516406
247	0.00247	0	0	7500	2e+11 0.516394
248	0.00248	0	0	7500	2e+11 0.516406
249	0.00249	0	0	7500	2e+11 0.516406
250	0.0025	0	0	7500	2e+11 0.516394
251	0.00251	0	0	7500	2e+11 0.516406
252	0.00252	0	0	7500	2e+11 0.516406
253	0.00253	0	0	7500	2e+11 0.516394
254	0.00254	0	0	7500	2e+11 0.516406
255	0.00255	0	0	7500	2e+11 0.516406
256	0.00256	0	0	7500	2e+11 0.516394
257	0.00257	0	0	7500	2e+11 0.516406
258	0.00258	0	0	7500	2e+11 0.516406
259	0.00259	0	0	7500	2e+11 0.516394
260	0.0026	0	0	7500	2e+11 0.516406
261	0.00261	0	0	7500	2e+11 0.516406
262	0.00262	0	0	7500	2e+11 0.516394
263	0.00263	0	0	7500	2e+11 0.516406
264	0.00264	0	0	7500	2e+11 0.516406
265	0.00265	0	0	7500	2e+11 0.516394
266	0.00266	0	0	7500	2e+11 0.516406
267	0.00267	0	0	7500	2e+11 0.516406
268	0.00268	0	0	7500	2e+11 0.516394
269	0.00269	0	0	7500	2e+11 0.516406
270	0.0027	0	0	7500	2e+11 0.516406
271	0.00271	0	0	7500	2e+11 0.516394
272	0.00272	0	0	7500	2e+11 0.516406
273	0.00273	0	0	7500	2e+11 0.516406
274	0.00274	0	0	7500	2e+11 0.516394
275	0.00275	0	0	7500	2e+11 0.516406
276	0.00276	0	0	7500	2e+11 0.516406
277	0.00277	0	0	7500	2e+11 0.516394
278	0.00278	0	0	7500	2e+11 0.516406
279	0.00279	0	0	7500	2e+11 0.516406
280	0.0028	0	0	7500	2e+11 0.516394
281	0.00281	0	0	7500	2e+11 0.516406
282	0.00282	0	0	7500	2e+11 0.516406
283	0.00283	0	0	7500	2e+11 0.516394
284	0.00284	0	0	7500	2e+11 0.516406
285	0.00285	0	0	7500	2e+11 0.516406
286	0.00286	0	0	7500	2e+11 0.516394
287	0.00287	0	0	7500	2e+11 0.516394
288	0.00288	0	0	7500	2e+11 0.516406
289	0.00289	0	0	7500	2e+11 0.516406
290	0.0029	0	0	7500	2e+11 0.516394
291	0.00291	0	0	7500	2e+11 0.516406
292	0.00292	0	0	7500	2e+11 0.516406
293	0.00293	0	0	7500	2e+11 0.516394
294	0.00294	0	0	7500	2e+11 0.516406
295	0.00295	0	0	7500	2e+11 0.516406
296	0.00296	0	0	7500	2e+11 0.516394
297	0.00297	0	0	7500	2e+11 0.516406
298	0.00298	0	0	7500	2e+11 0.516406
299	0.00299	0	0	7500	2e+11 0.516394
300	0.003	0	0	7500	2e+11 0.516406
301	0.00301	0	0	7500	2e+11 0.516406
302	0.00302	0	0	7500	2e+11 0.516394
303	0.00303	0	0	7500	2e+11 0.516406
304	0.00304	0	0	7500	2e+11 0.516406
305	0.00305	0	0	7500	2e+11 0.516394
306	0.00306	0	0	7500	2e+11 0.516406
307	0.00307	0	0	7500	2e+11 0.516406
308	0.00308	0	0	7500	2e+11 0.516394
309	0.00309	0	0	7500	2e+11 0.516406
310	0.0031	0	0	7500	2e+11 0.516406
311	0.00311	0	0	7500	2e+11 0.516394
312	0.00312	0	0	7500	2e+11 0.516406
313	0.00313	0	0	7500	2e+11 0.516406
314	0.00314	0	0	7500	2e+11 0.516394
315	0.00315	0	0	7500	2e+11 0.516406
316	0.00316	0	0	7500	2e+11 0.516406
317	0.00317	0	0	7500	2e+11 0.516394
318	0.00318	0	0	7500	2e+11 0.516406
319	0.00319	0	0	7500	2e+11 0.516406
320	0.0032	0	0	7500	2e+11 0.516394
321	0.00321	0	0	7500	2e+11 0.516406
322	0.00322	0	0	7500	2e+11 0.516406
323	0.00323	0	0	7500	2e+11 0.516394
324	0.00324	0	0	7500	2e+11 0.516406
325	0.00325	0	0	7500	2e+11 0.516406
326	0.00326	0	0	7500	2e+11 0.516394
327	0.00327	0	0	7500	2e+11 0.516406
328	0.00328	0	0	7500	2e+11 0.516406
329	0.00329	0	0	7500	2e+11 0.516394
330	0.0033	0	0	7500	2e+11 0.516406
331	0.00331	0	0	7500	2e+11 0.516406
332	0.00332	0	0	7500	2e+11 0.516394
333	0.00333	0	0	7500	2e+11 0.516406
334	0.00334	0	0	7500	2e+11 0.516406
335	0.00335	0	0	7500	2e+11 0.516394
336	0.00336	0	0	7500	2e+11 0.516406
337	0.00337	0	0	7500	2e+11 0.516406
338	0.00338	0	0	7500	2e+11 0.516394
339	0.00339	0	0	7500	2e+11 0.516406
340	0.0034	0	0	7500	2e+11 0.516406
341	0.00341	0	0	7500	2e+11 0.516394
342	0.00342	0	0	7500	2e+11 0.516406
343	0.00343	0	0	7500	2e+11 0.516406
344	0.00344	0	0	7500	2e+11 0.516394
345	0.00345	0	0	7500	2e+11 0.516406
346	0.00346	0	0	7500	2e+11 0.516406
347	0.00347	0	0	7500	2e+11 0.516394
348	0.00348	0	0	7500	2e+11 0.516406
349	0.00349	0	0	7500	2e+11 0.516406
350	0.0035	0	0	7500	2e+11 0.516394
351	0.00351	0	0	7500	2e+11 0.516406
352	0.00352	0	0	7500	2e+11 0.516406
353	0.00353	0	0	7500	2e+11 0.516394
354	0.00354	0	0	7500	2e+11 0.516394
355	0.00355	0	0	7500	2e+11 0.516406
356	0.00356	0	0	7500	2e+11 0.516406
357	0.00357	0	0	7500	2e+11 0.516394
358	0.00358	0	0	7500	2e+11 0.516406
359	0.00359	0	0	7500	2e+11 0.516406
360	0.0036	0	0	7500	2e+11 0.516394
361	0.00361	0	0	7500	2e+11 0.516406
362	0.00362	0	0	7500	2e+11 0.516406
363	0.00363	0	0	7500	2e+11 0.516394
364	0.00364	0	0	7500	2e+11 0.516406
365	0.00365	0	0	7500	2e+11 0.516406
366	0.00366	0	0	7500	2e+11 0.516394
367	0.00367	0	0	7500	2e+11 0.516406
368	0.00368	0	0	7500	2e+11 0.516406
369	0.00369	0	0	7500	2e+11 0.516394
370	0.0037	0	0	7500	2e+11 0.516406
371	0.00371	0	0	7500	2e+11 0.516406
372	0.00372	0	0	7500	2e+11 0.516394
373	0.00373	0	0	7500	2e+11 0.516406
374	0.00374	0	0	7500	2e+11 0.516406
375	0.00375	0	0	7500	2e+11 0.516394
376	0.00376	0	0	7500	2e+11 0.516406
377	0.00377	0	0	7500	2e+11 0.516406
378	0.00378	0	0	7500	2e+11 0.516394
379	0.00379	0	0	7500	2e+11 0.516406
380	0.0038	0	0	7500	2e+11 0.516406
381	0.00381	0	0	7500	2e+11 0.516394
382	0.00382	0	0	7500	2e+11 0.516406
383	0.00383	0	0	7500	2e+11 0.516406
384	0.00384	0	0	7500	2e+11 0.516394
385	0.00385	0	0	7500	2e+11 0.516406
386	0.00386	0	0	7500	2e+11 0.516406
387	0.00387	0	0	7500	2e+11 0.516394
388	0.00388	0	0	7500	2e+11 0.516406
389	0.00389	0	0	7500	2e+11 0.516406
390	0.0039	0	0	7500	2e+11 0.516394
391	0.00391	0	0	7500	2e+11 0.516394
392	0.00392	0	0	7500	2e+11 0.516394
393	0.00393	0	0	7500	2e+11 0.516418
394	0.00394	0	0	7500	2e+11 0.516418
395	0.00395	0	0	7500	2e+11 0.516394
396	0.00396	0	0	7500	2e+11 0.516394
397	0.00397	0	0	7500	2e+11 0.516394
398	0.00398	0	0	7500	2e+11 0.516394
399	0.00399	0	0	7500	2e+11 0.516418
400	0.004	0	0	7500	2e+11 0.516418
401	0.00401	0	0	7500	2e+11 0.516394
402	0.00402	0	0	7500	2e+11 0.516394
403	0.00403	0	0	7500	2e+11 0.516394
404	0.00404	0	0	7500	2e+11 0.516394
405	0.00405	0	0	7500	2e+11 0.516418
406	0.00406	0	0	7500	2e+11 0.516418
407	0.00407	0	0	7500	2e+11 0.516394
408	0.00408	0	0	7500	2e+11 0.516394
409	0.00409	0	0	7500	2e+11 0.516394
410	0.0041	0	0	7500	2e+11 0.516394
411	0.00411	0	0	7500	2e+11 0.516418
412	0.00412	0	0	7500	2e+11 0.516418
413	0.00413	0	0	7500	2e+11 0.516394
414	0.00414	0	0	7500	2e+11 0.516394
415	0.00415	0	0	7500	2e+11 0.516394
416	0.00416	0	0	7500	2e+11 0.516394
417	0.00417	0	0	7500	2e+11 0.516418
418	0.00418	0	0	7500	2e+11 0.516418
419	0.00419	0	0	7500	2e+11 0.516394
420	0.0042	0	0	7500	2e+11 0.516394
421	0.00421	0	0	7500	2e+11 0.516394
422	0.00422	0	0	7500	2e+11 0.516394
423	0.00423	0	0	7500	2e+11 0.516418
424	0.00424	0	0	7500	2e+11 0.516418
425	0.00425	0	0	7500	2e+11 0.516394
426	0.00426	0	0	7500	2e+11 0.516394
427	0.00427	0	0	7500	2e+11 0.516394
428	0.00428	0	0	7500	2e+11 0.516394
429	0.00429	0	0	7500	2e+11 0.516418
430	0.0043	0	0	7500	2e+11 0.516418
431	0.00431	0	0	7500	2e+11 0.516394
432	0.00432	0	0	7500	2e+11 0.516394
433	0.00433	0	0	7500	2e+11 0.516394
434	0.00434	0	0	7500	2e+11 0.516394
435	0.00435	0	0	7500	2e+11 0.516418
436	0.00436	0	0	7500	2e+11 0.516418
437	0.00437	0	0	7500	2e+11 0.516394
438	0.00438	0	0	7500	2e+11 0.516394
439	0.00439	0	0	7500	2e+11 0.516394
440	0.0044	0	0	7500	2e+11 0.516394
441	0.00441	0	0	7500	2e+11 0.516418
442	0.00442	0	0	7500	2e+11 0.516418
443	0.00443	0	0	7500	2e+11 0.516394
444	0.00444	0	0	7500	2e+11 0.516394
445	0.00445	0	0	7500	2e+11 0.516394
446	0.00446	0	0	7500	2e+11 0.516394
447	0.00447	0	0	7500	2e+11 0.516418
448	0.00448	0	0	7500	2e+11 0.516418
449	0.00449	0	0	7500	2e+11 0.516394
450	0.0045	0	0	7500	2e+11 0.516394
451	0.00451	0	0	7500	2e+11 0.516394
452	0.00452	0	0	7500	2e+11 0.516394
453	0.00453	0	0	7500	2e+11 0.516394
454	0.00454	0	0	7500	2e+11 0.516418
455	0.00455	0	0	7500	2e+11 0.516418
456	0.00456	0	0	7500	2e+11 0.516394
457	0.00457	0	0	7500	2e+11 0.516394
458	0.00458	0	0	7500	2e+11 0.516394
459	0.00459	0	0	7500	2e+11 0.516394
460	0.0046	0	0	7500	2e+11 0.516418
461	0.00461	0	0	7500	2e+11 0.516418
462	0.00462	0	0	7500	2e+11 0.516394
463	0.00463	0	0	7500	2e+11 0.516394
464	0.00464	0	0	7500	2e+11 0.516394
465	0.00465	0	0	7500	2e+11 0.516394
466	0.00466	0	0	7500	2e+11 0.516418
467	0.00467	0	0	7500	2e+11 0.516418
468	0.00468	0	0	7500	2e+11 0.516394
469	0.00469	0	0	7500	2e+11 0.516394
470	0.0047	0	0	7500	2e+11 0.516394
471	0.00471	0	0	7500	2e+11 0.516394
472	0.00472	0	0	7500	2e+11 0.516418
473	0.00473	0	0	7500	2e+11 0.516418
474	0.00474	0	0	7500	2e+11 0.516394
475	0.00475	0	0	7500	2e+11 0.516394
476	0.00476	0	0	7500	2e+11 0.516394
477	0.00477	0	0	7500	2e+11 0.516394
478	0.00478	0	0	7500	2e+11 0.516418
479	0.00479	0	0	7500	2e+11 0.516418
480	0.0048	0	0	7500	2e+11 0.516394
481	0.00481	0	0	7500	2e+11 0.516394
482	0.00482	0	0	7500	2e+11 0.516394
483	0.00483	0	0	7500	2e+11 0.516394
484	0.00484	0	0	7500	2e+11 0.516418
485	0.00485	0	0	7500	2e+11 0.516418
486	0.00486	0	0	7500	2e+11 0.516394
487	0.00487	0	0	7500	2e+11 0.516394
488	0.00488	0	0	7500	2e+11 0.516394
489	0.00489	0	0	7500	2e+11 0.516394
490	0.0049	0	0	7500	2e+11 0.516418
491	0.00491	0	0	7500	2e+11 0.516418
492	0.00492	0	0	7500	2e+11 0.516394
493	0.00493	0	0	7500	2e+11 0.516394
494	0.00494	0	0	7500	2e+11 0.516394
495	0.00495	0	0	7500	2e+11 0.516394
496	0.00496	0	0	7500	2e+11 0.516418
497	0.00497	0	0	7500	2e+11 0.516418
498	0.00498	0	0	7500	2e+11 0.516394
499	0.00499	0	0	7500	2e+11 0.516394
500	0.005	0	0	7500	2e+11 0.516394
501	0.00501	0	0	7500	2e+11 0.516394
502	0.00502	0	0	7500	2e+11 0.516418
503	0.00503	0	0	7500	2e+11 0.516418
504	0.00504	0	0	7500	2e+11 0.516394
505	0.00505	0	0	7500	2e+11 0.516394
506	0.00506	0	0	7500	2e+11 0.516394
507	0.00507	0	0	7500	2e+11 0.516394
508	0.00508	0	0	7500	2e+11 0.516418
509	0.00509	7.2362e-37	1.40128e-40	7500	2e+11 0.516418
510	0.0051	2.89449e-36	5.60515e-40	7500	2e+11 0.516394
511	0.00511	1.2591e-34	2.43824e-38	7500	2e+11 0.516394
512	0.00512	4.18109e-33	8.09664e-37	7500	2e+11 0.516394
513	0.00513	1.08139e-31	2.0941e-35	7500	2e+11 0.516394
514	0.00514	2.25609e-30	4.3689e-34	7500	2e+11 0.516394
515	0.00515	3.88255e-29	7.51853e-33	7500	2e+11 0.516418
516	0.00516	5.58356e-28	1.08125e-31	7500	2e+11 0.516418
517	0.00517	6.48326e-27	1.25548e-30	7500	2e+11 0.516394
518	0.00518	3.77096e-26	7.30243e-30	7500	2e+11 0.516394
519	0.00519	2.54676e-25	4.93178e-29	7500	2e+11 0.516394
520	0.0052	1.17597e-24	2.27725e-28	7500	2e+11 0.516394
521	0.00521	5.47605e-24	1.06043e-27	7500	2e+11 0.516418
522	0.00522	1.64325e-23	3.18213e-27	7500	2e+11 0.516418
523	0.00523	7.31521e-23	1.41658e-26	7500	2e+11 0.516394
524	0.00524	2.40466e-22	4.65661e-26	7500	2e+11 0.516394
525	0.00525	6.74862e-22	1.30686e-25	7500	2e+11 0.516394
526	0.00526	2.77554e-21	5.37481e-25	7500	2e+11 0.516394
527	0.00527	8.98038e-21	1.73904e-24	7500	2e+11 0.516418
528	0.00528	2.87992e-20	5.57693e-24	7500	2e+11 0.516418
529	0.00529	8.02673e-20	1.55437e-23	7500	2e+11 0.516394
530	0.0053	2.54506e-19	4.92848e-23	7500	2e+11 0.516394
531	0.00531	5.89104e-19	1.14079e-22	7500	2e+11 0.516394
532	0.00532	1.86845e-18	3.61823e-22	7500	2e+11 0.516394
533	0.00533	5.75802e-18	1.11504e-21	7500	2e+11 0.516418
534	0.00534	1.60101e-17	3.10035e-21	7500	2e+11 0.516418
535	0.00535	4.79909e-17	9.29339e-21	7500	2e+11 0.516394
536	0.00536	1.81212e-16	3.50915e-20	7500	2e+11 0.516394
537	0.00537	4.82566e-16	9.34484e-20	7500	2e+11 0.516394
538	0.00538	1.2893e-15	2.49672e-19	7500	2e+11 0.516394
539	0.00539	3.0655e-15	5.93631e-19	7500	2e+11 0.516418
540	0.0054	1.11041e-14	2.15029e-18	7500	2e+11 0.516418
541	0.00541	3.54852e-14	6.87168e-18	7500	2e+11 0.516394
542	0.00542	9.77059e-14	1.89207e-17	7500	2e+11 0.516394
543	0.00543	3.11562e-13	6.03337e-17	7500	2e+11 0.516394
544	0.00544	8.2632e-13	1.60016e-16	7500	2e+11 0.516394
545	0.00545	2.41936e-12	4.68506e-16	7500	2e+11 0.516418
546	0.00546	6.38096e-12	1.23567e-15	7500	2e+11 0.516418
547	0.00547	2.20021e-11	4.2607e-15	7500	2e+11 0.516394
548	0.00548	6.0633e-11	1.17415e-14	7500	2e+11 0.516394
549	0.00549	2.29461e-10	4.44349e-14	7500	2e+11 0.516394
550	0.0055	5.60792e-10	1.08597e-13	7500	2e+11 0.516394
551	0.00551	1.71446e-09	3.32004e-13	7500	2e+11 0.516418
552	0.00552	6.09025e-09	1.17937e-12	7500	2e+11 0.516418
553	0.00553	1.53689e-08	2.97618e-12	7500	2e+11 0.516394
554	0.00554	4.60613e-08	8.91974e-12	7500	2e+11 0.516394
555	0.00555	1.15323e-07	2.23323e-11	7500	2e+11 0.516394
556	0.00556	3.07203e-07	5.94896e-11	7500	2e+11 0.516394
557	0.00557	7.66441e-07	1.48421e-10	7500	2e+11 0.516418
558	0.00558	2.67348e-06	5.17717e-10	7500	2e+11 0.516418
559	0.00559	6.89514e-06	1.33524e-09	7500	2e+11 0.516394
560	0.0056	2.19037e-05	4.24163e-09	7500	2e+11 0.516394
561	0.00561	5.59686e-05	1.08383e-08	7500	2e+11 0.516394
562	0.00562	0.000130688	2.53077e-08	7500	2e+11 0.516394
563	0.00563	0.000433201	8.3889e-08	7500	2e+11 0.516418
564	0.00564	0.00127774	2.47433e-07	7500	2e+11 0.516418
565	0.00565	0.003468	6.71575e-07	7500	2e+11 0.516394
566	0.00566	0.0110019	2.13051e-06	7500	2e+11 0.516394
567	0.00567	0.0246452	4.77252e-06	7500	2e+11 0.516394
568	0.00568	0.0909917	1.76205e-05	7500	2e+11 0.516394
569	0.00569	0.248648	4.81504e-05	7500	2e+11 0.516394
570	0.0057	0.604925	0.000117143	7500	2e+11 0.516394
571	0.00571	1.82499	0.000353408	7500	2e+11 0.516322
572	0.00572001	5.04014	0.000976019	7500	2e+11 0.516153
573	0.00573002	10.1631	0.00196807	7500	2e+11 0.515793
574	0.00574004	16.4444	0.00318444	7500	2e+11 0.515242
575	0.00575007	23.0825	0.00446991	7500	2e+11 0.514644
576	0.00576012	29.4119	0.0056956	7500	2e+11 0.513929
577	0.00577018	35.0054	0.00677876	7500	2e+11 0.513453
578	0.00578025	39.5777	0.0076642	7500	2e+11 0.512812
579	0.00579033	43.066	0.0083397	7500	2e+11 0.512362
580	0.00580041	45.5942	0.00882927	7500	2e+11 0.512149
581	0.0058105	47.3199	0.00916347	7500	2e+11 0.511818
582	0.00582059	48.4493	0.00938216	7500	2e+11 0.511723
583	0.00583069	49.1356	0.00951507	7500	2e+11 0.511582
584	0.00584078	49.5379	0.00959298	7500	2e+11 0.511511
585	0.00585088	49.7642	0.0096368	7500	2e+11 0.511511
586	0.00586098	49.8849	0.00966018	7500	2e+11 0.51144
587	0.00587107	49.947	0.0096722	7500	2e+11 0.511605
588	0.00588117	49.9773	0.00967806	7500	2e+11 0.511605
589	0.00589126	49.9915	0.00968081	7500	2e+11 0.511487
590	0.00590136	49.9979	0.00968206	7500	2e+11 0.511464
591	0.00591145	50.0007	0.00968259	7500	2e+11 0.511487
592	0.00592155	50.0018	0.00968281	7500	2e+11 0.511487
593	0.00593165	50.0023	0.0096829	7500	2e+11 0.511511
594	0.00594174	50.0025	0.00968294	7500	2e+11 0.511582
595	0.00595184	50.0026	0.00968295	7500	2e+11 0.511582
596	0.00596193	50.0026	0.00968296	7500	2e+11 0.51144
597	0.00597203	50.0026	0.00968296	7500	2e+11 0.511487
598	0.00598213	50.0026	0.00968296	7500	2e+11 0.511487
599	0.00599222	50.0026	0.00968296	7500	2e+11 0.511487
600	0.00600232	50.0026	0.00968296	7500	2e+11 0.511511
601	0.00601242	50.0026	0.00968296	7500	2e+11 0.511535
602	0.00602251	50.0026	0.00968296	7500	2e+11 0.511535
603	0.00603261	50.0026	0.00968296	7500	2e+11 0.511558
604	0.0060427	50.0026	0.00968296	7500	2e+11 0.511558
605	0.0060528	50.0026	0.00968296	7500	2e+11 0.511487
606	0.0060629	50.0026	0.00968296	7500	2e+11 0.511511
607	0.00607299	50.0026	0.00968296	7500	2e+11 0.511535
608	0.00608309	50.0026	0.00968296	7500	2e+11 0.511535
609	0.00609318	50.0026	0.00968296	7500	2e+11 0.511558
610	0.00610328	50.0026	0.00968296	7500	2e+11 0.511558
611	0.00611338	50.0026	0.00968296	7500	2e+11 0.511487
612	0.00612347	50.0026	0.00968296	7500	2e+11 0.511487
613	0.00613357	50.0026	0.00968296	7500	2e+11 0.511535
614	0.00614366	50.0026	0.00968296	7500	2e+11 0.511535
615	0.00615376	50.0026	0.00968296	7500	2e+11 0.511511
616	0.00616385	50.0026	0.00968296	7500	2e+11 0.511511
617	0.00617395	50.0026	0.00968296	7500	2e+11 0.511511
618	0.00618405	50.0026	0.00968296	7500	2e+11 0.511535
619	0.00619414	50.0026	0.00968296	7500	2e+11 0.511535
620	0.00620424	50.0026	0.00968296	7500	2e+11 0.511511
621	0.00621433	50.0026	0.00968296	7500	2e+11 0.511487
622	0.00622443	50.0026	0.00968296	7500	2e+11 0.511558
623	0.00623452	50.0026	0.00968296	7500	2e+11 0.511558
624	0.00624462	50.0026	0.00968296	7500	2e+11 0.511511
625	0.00625472	50.0026	0.00968296	7500	2e+11 0.511558
626	0.00626481	50.0026	0.00968296	7500	2e+11 0.511558
627	0.00627491	50.0026	0.00968296	7500	2e+11 0.511535
628	0.006285	50.0026	0.00968296	7500	2e+11 0.511511
629	0.0062951	50.0026	0.00968296	7500	2e+11 0.511511
630	0.00630519	50.0026	0.00968296	7500	2e+11 0.511558
631	0.00631529	50.0026	0.00968296	7500	2e+11 0.511558
632	0.00632538	50.0026	0.00968296	7500	2e+11 0.511605
633	0.00633548	50.0026	0.00968296	7500	2e+11 0.511605
634	0.00634557	50.0026	0.00968296	7500	2e+11 0.511558
635	0.00635567	50.0026	0.00968296	7500	2e+11 0.511558
636	0.00636576	50.0026	0.00968296	7500	2e+11 0.511558
637	0.00637586	50.0026	0.00968296	7500	2e+11 0.511605
638	0.00638595	50.0026	0.00968296	7500	2e+11 0.511605
639	0.00639605	50.0026	0.00968296	7500	2e+11 0.511605
640	0.00640614	50.0026	0.00968296	7500	2e+11 0.511605
641	0.00641624	50.0026	0.00968296	7500	2e+11 0.511605
642	0.00642633	50.0026	0.00968296	7500	2e+11 0.511747
643	0.00643642	50.0026	0.00968296	7500	2e+11 0.511747
644	0.00644651	50.0026	0.00968296	7500	2e+11 0.511747
645	0.0064566	50.0026	0.00968296	7500	2e+11 0.511747
646	0.0064667	50.0026	0.00968296	7500	2e+11 0.511794
647	0.00647679	50.0026	0.00968296	7500	2e+11 0.511794
648	0.00648688	50.0026	0.00968296	7500	2e+11 0.511912
649	0.00649696	50.0026	0.00968296	7500	2e+11 0.512172
650	0.00650705	50.0026	0.00968296	7500	2e+11 0.512172
651	0.0065172	50.0026	0.00968296	7500	2e+11 0.512054
652	0.00652729	50.0026	0.00968296	7500	2e+11 0.512054
653	0.00653738	50.0026	0.00968296	7500	2e+11 0.511889
654	0.00654747	50.0026	0.00968296	7500	2e+11 0.511747
655	0.00655756	50.0026	0.00968296	7500	2e+11 0.511747
656	0.00656765	50.0026	0.00968296	7500	2e+11 0.5117
657	0.00657775	50.0026	0.00968296	7500	2e+11 0.511653
658	0.00658784	50.0026	0.00968296	7500	2e+11 0.511653
659	0.00659793	50.0026	0.00968296	7500	2e+11 0.511653
660	0.00660803	50.0026	0.00968295	7500	2e+11 0.511558
661	0.00661812	50.0025	0.00968295	7500	2e+11 0.511605
662	0.00662822	50.0024	0.00968293	7500	2e+11 0.511605
663	0.00663831	50.0021	0.00968286	7500	2e+11 0.511487
664	0.00664841	50.0011	0.00968267	7500	2e+11 0.511487
665	0.0066585	49.999	0.00968226	7500	2e+11 0.511487
666	0.0066686	49.9933	0.00968116	7500	2e+11 0.511487
667	0.0066787	49.9723	0.00967709	7500	2e+11 0.511558
668	0.00668879	49.9281	0.00966853	7500	2e+11 0.511558
669	0.00669889	49.7917	0.00964213	7500	2e+11 0.511487
670	0.00670898	49.3864	0.00956363	7500	2e+11 0.511605
671	0.00671908	48.1549	0.00932516	7500	2e+11 0.511676
672	0.00672917	44.363	0.00859086	7500	2e+11 0.512054
673	0.00673926	38.388	0.00743381	7500	2e+11 0.512907
674	0.00674932	31.2306	0.00604778	7500	2e+11 0.513405
675	0.00675938	23.939	0.00463576	7500	2e+11 0.514096
676	0.00676943	17.3427	0.00335839	7500	2e+11 0.514668
677	0.00677946	11.903	0.002305	7500	2e+11 0.515314
678	0.00678948	7.76919	0.0015045	7500	2e+11 0.515721
679	0.00679949	4.82465	0.00093429	7500	2e+11 0.516009
680	0.0068095	2.86635	0.000555066	7500	2e+11 0.516081
681	0.00681951	1.63182	0.000316001	7500	2e+11 0.516226
682	0.00682951	0.890801	0.000172503	7500	2e+11 0.516298
683	0.00683951	0.465367	9.01179e-05	7500	2e+11 0.516298
684	0.00684951	0.233534	4.52237e-05	7500	2e+11 0.516322
685	0.00685952	0.112249	2.1737e-05	7500	2e+11 0.516346
686	0.00686952	0.0518547	1.00416e-05	7500	2e+11 0.51637
687	0.00687952	0.0230403	4.46174e-06	7500	2e+11 0.516442
688	0.00688952	0.00988495	1.91421e-06	7500	2e+11 0.516442
689	0.00689952	0.00410236	7.94418e-07	7500	2e+11 0.516418
690	0.00690952	0.00162741	3.15146e-07	7500	2e+11 0.516418
691	0.00691952	0.000619243	1.19916e-07	7500	2e+11 0.516442
692	0.00692952	0.000227358	4.40277e-08	7500	2e+11 0.516442
693	0.00693952	7.94486e-05	1.53852e-08	7500	2e+11 0.516466
694	0.00694952	2.62489e-05	5.08307e-09	7500	2e+11 0.516466
695	0.00695952	8.15187e-06	1.5786e-09	7500	2e+11 0.516466
696	0.00696952	2.33249e-06	4.51685e-10	7500	2e+11 0.516394
697	0.00697952	6.04308e-07	1.17023e-10	7500	2e+11 0.516418
698	0.00698952	1.38181e-07	2.67456e-11	7500	2e+11 0.516418
699	0.00699952	2.84999e-08	5.36799e-12	7500	2e+11 0.51649
700	0.00700952	8.45714e-09	4.09965e-13	7500	2e+11 0.51649
701	0.00701952	2.13344e-08	-3.737e-12	7500	2e+11 0.51637
702	0.00702952	1.10437e-07	-2.13057e-11	7500	2e+11 0.51637
703	0.00703952	5.30207e-07	-1.02659e-10	7500	2e+11 0.516466
704	0.00704952	2.17128e-06	-4.20464e-10	7500	2e+11 0.516466
705	0.00705952	7.8807e-06	-1.52609e-09	7500	2e+11 0.516442
706	0.00706952	2.62482e-05	-5.08293e-09	7500	2e+11 0.516442
707	0.00707952	8.02995e-05	-1.55499e-08	7500	2e+11 0.516442
708	0.00708952	0.000231412	-4.48127e-08	7500	2e+11 0.516418
709	0.00709952	0.000631808	-1.22349e-07	7500	2e+11 0.516538
710	0.00710952	0.00164772	-3.1908e-07	7500	2e+11 0.516538
711	0.00711952	0.00409163	-7.92341e-07	7500	2e+11 0.516442
712	0.00712952	0.00971075	-1.88048e-06	7500	2e+11 0.516442
713	0.00713952	0.0222818	-4.31486e-06	7500	2e+11 0.516442
714	0.00714952	0.0493734	-9.56112e-06	7500	2e+11 0.516442
715	0.00715952	0.10468	-2.02712e-05	7500	2e+11 0.516394
716	0.00716952	0.211802	-4.10153e-05	7500	2e+11 0.51661
717	0.00717951	0.412384	-7.98579e-05	7500	2e+11 0.51661
718	0.00718951	0.774833	-0.000150046	7500	2e+11 0.51649
719	0.00719951	1.39754	-0.000270633	7500	2e+11 0.516707
720	0.00720951	2.41288	-0.000467253	7500	2e+11 0.516755
721	0.0072195	3.99488	-0.000773605	7500	2e+11 0.517068
722	0.00722949	6.33442	-0.00122665	7500	2e+11 0.517333
723	0.00723947	9.62396	-0.00186367	7500	2e+11 0.517575
724	0.00724945	13.9284	-0.00269723	7500	2e+11 0.518228
725	0.00725941	19.2519	-0.00372812	7500	2e+11 0.518858
726	0.00726936	25.4392	-0.00492627	7500	2e+11 0.519466
727	0.0072793	32.0506	-0.00620657	7500	2e+11 0.520148
728	0.00728923	38.4806	-0.00745173	7500	2e+11 0.520636
729	0.00729915	43.9405	-0.00850904	7500	2e+11 0.521101
730	0.00730906	47.7094	-0.00923889	7500	2e+11 0.521248
731	0.00731897	49.1992	-0.00952738	7500	2e+11 0.521444
732	0.00732887	49.7876	-0.00964134	7500	2e+11 0.521444
733	0.00733878	49.9236	-0.00966766	7500	2e+11 0.521297
734	0.00734868	49.9658	-0.00967584	7500	2e+11 0.521371
735	0.00735859	49.9864	-0.00967982	7500	2e+11 0.521371
736	0.00736849	49.9931	-0.00968112	7500	2e+11 0.52142
737	0.0073784	49.9961	-0.00968171	7500	2e+11 0.52142
738	0.0073883	49.9969	-0.00968187	7500	2e+11 0.521395
739	0.00739821	49.9973	-0.00968193	7500	2e+11 0.521395
740	0.00740811	49.9974	-0.00968195	7500	2e+11 0.521273
741	0.00741802	49.9974	-0.00968196	7500	2e+11 0.521322
742	0.00742793	49.9974	-0.00968196	7500	2e+11 0.521322
743	0.00743783	49.9974	-0.00968196	7500	2e+11 0.521273
744	0.00744774	49.9974	-0.00968196	7500	2e+11 0.521224
745	0.00745765	49.9974	-0.00968196	7500	2e+11 0.521224
746	0.00746756	49.9974	-0.00968196	7500	2e+11 0.52115
747	0.00747746	49.9974	-0.00968196	7500	2e+11 0.52115
748	0.00748738	49.9974	-0.00968196	7500	2e+11 0.521003
749	0.00749729	49.9974	-0.00968196	7500	2e+11 0.521003
750	0.0075072	49.9974	-0.00968196	7500	2e+11 0.524527
751	0.00751705	49.9974	-0.00968196	7500	2e+11 0.524527
752	0.00752697	49.9974	-0.00968196	7500	2e+11 0.520905
753	0.00753688	49.9974	-0.00968196	7500	2e+11 0.521175
754	0.00754679	49.9974	-0.00968196	7500	2e+11 0.521175
755	0.0075567	49.9974	-0.00968196	7500	2e+11 0.521028
756	0.00756661	49.9974	-0.00968196	7500	2e+11 0.521199
757	0.00757652	49.9974	-0.00968196	7500	2e+11 0.521224
758	0.00758643	49.9974	-0.00968196	7500	2e+11 0.521224
759	0.00759633	49.9974	-0.00968196	7500	2e+11 0.521199
760	0.00760624	49.9974	-0.00968196	7500	2e+11 0.521224
761	0.00761615	49.9974	-0.00968196	7500	2e+11 0.521224
762	0.00762606	49.9974	-0.00968196	7500	2e+11 0.521395
763	0.00763596	49.9974	-0.00968196	7500	2e+11 0.521395
764	0.00764587	49.9974	-0.00968196	7500	2e+11 0.52142
765	0.00765577	49.9974	-0.00968196	7500	2e+11 0.52142
766	0.00766568	49.9974	-0.00968196	7500	2e+11 0.521297
767	0.00767559	49.9974	-0.00968196	7500	2e+11 0.521297
768	0.00768549	49.9974	-0.00968196	7500	2e+11 0.521322
769	0.0076954	49.9974	-0.00968196	7500	2e+11 0.521322
770	0.00770531	49.9974	-0.00968196	7500	2e+11 0.521371
771	0.00771521	49.9974	-0.00968196	7500	2e+11 0.521371
772	0.00772512	49.9974	-0.00968196	7500	2e+11 0.521297
773	0.00773502	49.9974	-0.00968196	7500	2e+11 0.521395
774	0.00774493	49.9974	-0.00968196	7500	2e+11 0.521395
775	0.00775483	49.9974	-0.00968196	7500	2e+11 0.521346
776	0.00776474	49.9974	-0.00968196	7500	2e+11 0.521346
777	0.00777464	49.9974	-0.00968196	7500	2e+11 0.521322
778	0.00778455	49.9974	-0.00968196	7500	2e+11 0.521371
779	0.00779445	49.9974	-0.00968196	7500	2e+11 0.521371
780	0.00780436	49.9974	-0.00968196	7500	2e+11 0.521346
781	0.00781428	49.9974	-0.00968196	7500	2e+11 0.52049
782	0.0078242	49.9974	-0.00968196	7500	2e+11 0.521469
783	0.0078341	49.9974	-0.00968196	7500	2e+11 0.521469
784	0.00784401	49.9974	-0.00968196	7500	2e+11 0.521518
785	0.00785391	49.9974	-0.00968196	7500	2e+11 0.521518
786	0.00786382	49.9974	-0.00968196	7500	2e+11 0.52142
787	0.00787372	49.9974	-0.00968196	7500	2e+11 0.52142
788	0.00788363	49.9974	-0.00968196	7500	2e+11 0.521518
789	0.00789353	49.9974	-0.00968196	7500	2e+11 0.521518
790	0.00790344	49.9974	-0.00968196	7500	2e+11 0.521518
791	0.00791334	49.9974	-0.00968196	7500	2e+11 0.521518
792	0.00792324	49.9974	-0.00968196	7500	2e+11 0.521469
793	0.00793314	49.9974	-0.00968196	7500	2e+11 0.521469
794	0.00794305	49.9974	-0.00968196	7500	2e+11 0.521567
795	0.00795295	49.9974	-0.00968196	7500	2e+11 0.521567
796	0.00796286	49.9974	-0.00968196	7500	2e+11 0.521371
797	0.00797276	49.9974	-0.00968196	7500	2e+11 0.521469
798	0.00798267	49.9974	-0.00968196	7500	2e+11 0.521469
799	0.00799257	49.9974	-0.00968196	7500	2e+11 0.52142
800	0.00800247	49.9974	-0.00968196	7500	2e+11 0.52142
801	0.00801238	49.9974	-0.00968196	7500	2e+11 0.521567
802	0.00802228	49.9974	-0.00968196	7500	2e+11 0.521567
803	0.00803219	49.9974	-0.00968196	7500	2e+11 0.521469
804	0.00804209	49.9974	-0.00968196	7500	2e+11 0.521469
805	0.00805199	49.9974	-0.00968196	7500	2e+11 0.521469
806	0.0080619	49.9974	-0.00968196	7500	2e+11 0.521469
807	0.0080718	49.9974	-0.00968196	7500	2e+11 0.52142
808	0.0080817	49.9974	-0.00968195	7500	2e+11 0.52142
809	0.00809161	49.9972	-0.00968192	7500	2e+11 0.52142
810	0.00810151	49.9969	-0.00968185	7500	2e+11 0.521469
811	0.00811142	49.996	-0.00968168	7500	2e+11 0.521469
812	0.00812132	49.9939	-0.00968127	7500	2e+11 0.52142
813	0.00813122	49.9888	-0.0096803	7500	2e+11 0.52142
814	0.00814113	49.9773	-0.00967806	7500	2e+11 0.521469
815	0.00815103	49.9521	-0.00967318	7500	2e+11 0.521469
816	0.00816094	49.8991	-0.00966293	7500	2e+11 0.52142
817	0.00817084	49.796	-0.00964295	7500	2e+11 0.52142
818	0.00818075	49.5969	-0.00960439	7500	2e+11 0.521371
819	0.00819065	49.2264	-0.00953265	7500	2e+11 0.521371
820	0.00820056	48.5716	-0.00940584	7500	2e+11 0.521175
821	0.00821047	47.4734	-0.00919319	7500	2e+11 0.521175
822	0.00822038	45.6881	-0.00884747	7500	2e+11 0.521126
823	0.0082303	42.9934	-0.00832563	7500	2e+11 0.520588
824	0.00824022	39.1426	-0.00757993	7500	2e+11 0.52049
825	0.00825015	34.0105	-0.00658611	7500	2e+11 0.519953
826	0.0082601	27.7174	-0.00536745	7500	2e+11 0.519125
827	0.00827005	20.5885	-0.00398696	7500	2e+11 0.518688
828	0.00828002	13.3605	-0.00258724	7500	2e+11 0.517913
829	0.00829001	6.99744	-0.00135505	7500	2e+11 0.51714
830	0.0083	2.60851	-0.000505136	7500	2e+11 0.516803
831	0.00831	0.939204	-0.000181876	7500	2e+11 0.516466
832	0.00832	0.256135	-4.96003e-05	7500	2e+11 0.516418
833	0.00833	0.121501	-2.35286e-05	7500	2e+11 0.516418
834	0.00834	0.0411747	-7.97344e-06	7500	2e+11 0.516418
835	0.00835	0.0146925	-2.84518e-06	7500	2e+11 0.516418
836	0.00836	0.00546878	-1.05902e-06	7500	2e+11 0.516418
837	0.00837	0.00199675	-3.86669e-07	7500	2e+11 0.516418
838	0.00838	0.000573685	-1.11094e-07	7500	2e+11 0.516418
839	0.00839	0.000211452	-4.09475e-08	7500	2e+11 0.516418
840	0.0084	6.79469e-05	-1.31579e-08	7500	2e+11 0.516418
841	0.00841	2.6238e-05	-5.08097e-09	7500	2e+11 0.516418
842	0.00842	6.58875e-06	-1.27591e-09	7500	2e+11 0.516418
843	0.00843	2.96743e-06	-5.74641e-10	7500	2e+11 0.516418
844	0.00844	1.1795e-06	-2.28409e-10	7500	2e+11 0.516418
845	0.00845	3.58184e-07	-6.93619e-11	7500	2e+11 0.516418
846	0.00846	1.50876e-07	-2.9217e-11	7500	2e+11 0.516418
847	0.00847	4.00383e-08	-7.75338e-12	7500	2e+11 0.516418
848	0.00848	1.76533e-08	-3.41855e-12	7500	2e+11 0.516418
849	0.00849	5.90387e-09	-1.14328e-12	7500	2e+11 0.516418
850	0.0085	2.01744e-09	-3.90676e-13	7500	2e+11 0.516418
851	0.00851	8.01956e-10	-1.55298e-13	7500	2e+11 0.516418
852	0.00852	2.33223e-10	-4.51634e-14	7500	2e+11 0.516418
853	0.00853	9.55671e-11	-1.85065e-14	7500	2e+11 0.516418
854	0.00854	3.00039e-11	-5.81024e-15	7500	2e+11 0.516418
855	0.00855	9.86033e-12	-1.90945e-15	7500	2e+11 0.516418
856	0.00856	3.31831e-12	-6.42587e-16	7500	2e+11 0.516418
857	0.00857	1.57167e-12	-3.04353e-16	7500	2e+11 0.516418
858	0.00858	4.91155e-13	-9.51118e-17	7500	2e+11 0.516418
859	0.00859	1.65855e-13	-3.21177e-17	7500	2e+11 0.516418
860	0.0086	7.33364e-14	-1.42015e-17	7500	2e+11 0.516418
861	0.00861	2.40801e-14	-4.66309e-18	7500	2e+11 0.516418
862	0.00862	7.8928e-15	-1.52843e-18	7500	2e+11 0.516418
863	0.00863	2.5551e-15	-4.94794e-19	7500	2e+11 0.516418
864	0.00864	8.639e-16	-1.67294e-19	7500	2e+11 0.516418
865	0.00865	2.87486e-16	-5.56715e-20	7500	2e+11 0.516418
866	0.00866	1.28111e-16	-2.48086e-20	7500	2e+11 0.516418
867	0.00867	3.72527e-17	-7.21395e-21	7500	2e+11 0.516418
868	0.00868	1.40895e-17	-2.72841e-21	7500	2e+11 0.516418
869	0.00869	4.21796e-18	-8.16804e-22	7500	2e+11 0.516418
870	0.0087	1.45066e-18	-2.8092e-22	7500	2e+11 0.516418
871	0.00871	4.57273e-19	-8.85506e-23	7500	2e+11 0.516418
872	0.00872	1.47104e-19	-2.84866e-23	7500	2e+11 0.516418
873	0.00873	3.92221e-20	-7.59532e-24	7500	2e+11 0.516418
874	0.00874	1.51357e-20	-2.93102e-24	7500	2e+11 0.516418
875	0.00875	3.85832e-21	-7.4716e-25	7500	2e+11 0.516418
876	0.00876	1.28264e-21	-2.48381e-25	7500	2e+11 0.516418
877	0.00877	3.56139e-22	-6.8966e-26	7500	2e+11 0.516418
878	0.00878	1.06023e-22	-2.05312e-26	7500	2e+11 0.516418
879	0.00879	2.93869e-23	-5.69074e-27	7500	2e+11 0.516418
880	0.0088	7.31838e-24	-1.4172e-27	7500	2e+11 0.516418
881	0.00881	1.63728e-24	-3.17057e-28	7500	2e+11 0.516418
882	0.00882	3.83176e-25	-7.42018e-29	7500	2e+11 0.516418
883	0.00883	5.37487e-26	-1.04084e-29	7500	2e+11 0.516418
884	0.00884	6.07754e-27	-1.17691e-30	7500	2e+11 0.516418
885	0.00885	5.11623e-28	-9.90753e-32	7500	2e+11 0.516418
886	0.00886	3.58723e-29	-6.94664e-33	7500	2e+11 0.516418
887	0.00887	2.11289e-30	-4.09159e-34	7500	2e+11 0.516418
888	0.00888	1.0351e-31	-2.00447e-35	7500	2e+11 0.516418
889	0.00889	4.12445e-33	-7.98697e-37	7500	2e+11 0.516418
890	0.0089	1.28087e-34	-2.48039e-38	7500	2e+11 0.516418
891	0.00891	2.89463e-36	-5.60542e-40	7500	2e+11 0.516418
892	0.00892	7.23591e-37	-1.40123e-40	7500	2e+11 0.516418
893	0.00893	0	0	7500	2e+11 0.516418
894	0.00894	0	0	7500	2e+11 0.516418
895	0.00895	0	0	7500	2e+11 0.516418
896	0.00896	0	0	7500	2e+11 0.516418
897	0.00897	0	0	7500	2e+11 0.516418
898	0.00898	0	0	7500	2e+11 0.516418
899	0.00899	0	0	7500	2e+11 0.516418
900	0.009	0	0	7500	2e+11 0.516418
901	0.00901	0	0	7500	2e+11 0.516418
902	0.00902	0	0	7500	2e+11 0.516418
903	0.00903	0	0	7500	2e+11 0.516418
904	0.00904	0	0	7500	2e+11 0.516418
905	0.00905	0	0	7500	2e+11 0.516418
906	0.00906	0	0	7500	2e+11 0.516418
907	0.00907	0	0	7500	2e+11 0.516418
908	0.00908	0	0	7500	2e+11 0.516418
909	0.00909	0	0	7500	2e+11 0.516418
910	0.0091	0	0	7500	2e+11 0.516418
911	0.00911	0	0	7500	2e+11 0.516418
912	0.00912	0	0	7500	2e+11 0.516418
913	0.00913	0	0	7500	2e+11 0.516418
914	0.00914	0	0	7500	2e+11 0.516418
915	0.00915	0	0	7500	2e+11 0.516418
916	0.00916	0	0	7500	2e+11 0.516418
917	0.00917	0	0	7500	2e+11 0.516418
918	0.00918	0	0	7500	2e+11 0.516418
919	0.00919	0	0	7500	2e+11 0.516418
920	0.0092	0	0	7500	2e+11 0.516418
921	0.00921	0	0	7500	2e+11 0.516418
922	0.00922	0	0	7500	2e+11 0.516418
923	0.00923	0	0	7500	2e+11 0.516418
924	0.00924	0	0	7500	2e+11 0.516418
925	0.00925	0	0	7500	2e+11 0.516418
926	0.00926	0	0	7500	2e+11 0.516418
927	0.00927	0	0	7500	2e+11 0.516418
928	0.00928	0	0	7500	2e+11 0.516418
929	0.00929	0	0	7500	2e+11 0.516418
930	0.0093	0	0	7500	2e+11 0.516418
931	0.00931	0	0	7500	2e+11 0.516418
932	0.00932	0	0	7500	2e+11 0.516418
933	0.00933	0	0	7500	2e+11 0.516418
934	0.00934	0	0	7500	2e+11 0.516418
935	0.00935	0	0	7500	2e+11 0.516418
936	0.00936	0	0	7500	2e+11 0.516418
937	0.00937	0	0	7500	2e+11 0.516418
938	0.00938	0	0	7500	2e+11 0.516418
939	0.00939	0	0	7500	2e+11 0.516418
940	0.0094	0	0	7500	2e+11 0.516418
941	0.00941	0	0	7500	2e+11 0.516418
942	0.00942	0	0	7500	2e+11 0.516418
943	0.00943	0	0	7500	2e+11 0.516418
944	0.00944	0	0	7500	2e+11 0.516418
945	0.00945	0	0	7500	2e+11 0.516418
946	0.00946	0	0	7500	2e+11 0.516418
947	0.00947	0	0	7500	2e+11 0.516418
948	0.00948	0	0	7500	2e+11 0.516418
949	0.00949	0	0	7500	2e+11 0.516418
950	0.0095	0	0	7500	2e+11 0.516418
951	0.00951	0	0	7500	2e+11 0.516418
952	0.00952	0	0	7500	2e+11 0.516418
953	0.00953	0	0	7500	2e+11 0.516418
954	0.00954	0	0	7500	2e+11 0.516418
955	0.00955	0	0	7500	2e+11 0.516418
956	0.00956	0	0	7500	2e+11 0.516418
957	0.00957	0	0	7500	2e+11 0.516418
958	0.00958	0	0	7500	2e+11 0.516418
959	0.00959	0	0	7500	2e+11 0.516418
960	0.0096	0	0	7500	2e+11 0.516418
961	0.00961	0	0	7500	2e+11 0.516418
962	0.00962	0	0	7500	2e+11 0.516418
963	0.00963	0	0	7500	2e+11 0.516418
964	0.00964	0	0	7500	2e+11 0.516418
965	0.00965	0	0	7500	2e+11 0.516418
966	0.00966	0	0	7500	2e+11 0.516418
967	0.00967	0	0	7500	2e+11 0.516418
968	0.00968	0	0	7500	2e+11 0.516418
969	0.00969	0	0	7500	2e+11 0.516418
970	0.0097	0	0	7500	2e+11 0.516418
971	0.00971	0	0	7500	2e+11 0.516418
972	0.00972	0	0	7500	2e+11 0.516418
973	0.00973	0	0	7500	2e+11 0.516418
974	0.00974	0	0	7500	2e+11 0.516418
975	0.00975	0	0	7500	2e+11 0.516418
976	0.00976	0	0	7500	2e+11 0.516418
977	0.00977	0	0	7500	2e+11 0.516418
978	0.00978	0	0	7500	2e+11 0.516418
979	0.00979	0	0	7500	2e+11 0.516418
980	0.0098	0	0	7500	2e+11 0.516418
981	0.00981	0	0	7500	2e+11 0.516418
982	0.00982	0	0	7500	2e+11 0.516418
983	0.00983	0	0	7500	2e+11 0.516418
984	0.00984	0	0	7500	2e+11 0.516418
985	0.00985	0	0	7500	2e+11 0.516418
986	0.00986	0	0	7500	2e+11 0.516418
987	0.00987	0	0	7500	2e+11 0.516418
988	0.00988	0	0	7500	2e+11 0.516418
989	0.00989	0	0	7500	2e+11 0.516418
990	0.0099	0	0	7500	2e+11 0.516418
991	0.00991	0	0	7500	2e+11 0.516418
992	0.00992	0	0	7500	2e+11 0.516418
993	0.00993	0	0	7500	2e+11 0.516418
994	0.00994	0	0	7500	2e+11 0.516418
995	0.00995	0	0	7500	2e+11 0.516418
996	0.00996	0	0	7500	2e+11 0.516418
997	0.00997	0	0	7500	2e+11 0.516418
998	0.00998	0	0	7500	2e+11 0.516418
999	0.00999	0	0	7500	2e+11 0.516418
1000	0.01	0	-0	7500	2e+11 0.516418
