0	0	0	0	7500	2e+11 0.516398
1	1e-05	0	0	7500	2e+11 0.516398
2	2e-05	0	0	7500	2e+11 0.516398
3	3e-05	0	0	7500	2e+11 0.516398
4	4e-05	0	0	7500	2e+11 0.516398
5	5e-05	0	0	7500	2e+11 0.516398
6	6e-05	0	0	7500	2e+11 0.516398
7	7e-05	0	0	7500	2e+11 0.516398
8	8e-05	0	0	7500	2e+11 0.516398
9	9e-05	0	0	7500	2e+11 0.516398
10	0.0001	0	0	7500	2e+11 0.516398
11	0.00011	0	0	7500	2e+11 0.516398
12	0.00012	0	0	7500	2e+11 0.516398
13	0.00013	0	0	7500	2e+11 0.516398
14	0.00014	0	0	7500	2e+11 0.516398
15	0.00015	0	0	7500	2e+11 0.516398
16	0.00016	0	0	7500	2e+11 0.516398
17	0.00017	0	0	7500	2e+11 0.516398
18	0.00018	0	0	7500	2e+11 0.516398
19	0.00019	0	0	7500	2e+11 0.516398
20	0.0002	0	0	7500	2e+11 0.516398
21	0.00021	0	0	7500	2e+11 0.516398
22	0.00022	0	0	7500	2e+11 0.516398
23	0.00023	0	0	7500	2e+11 0.516398
24	0.00024	0	0	7500	2e+11 0.516398
25	0.00025	0	0	7500	2e+11 0.516398
26	0.00026	0	0	7500	2e+11 0.516398
27	0.00027	0	0	7500	2e+11 0.516398
28	0.00028	0	0	7500	2e+11 0.516398
29	0.00029	0	0	7500	2e+11 0.516398
30	0.0003	0	0	7500	2e+11 0.516398
31	0.00031	0	0	7500	2e+11 0.516398
32	0.00032	0	0	7500	2e+11 0.516398
33	0.00033	0	0	7500	2e+11 0.516398
34	0.00034	0	0	7500	2e+11 0.516398
35	0.00035	0	0	7500	2e+11 0.516398
36	0.00036	0	0	7500	2e+11 0.516398
37	0.00037	0	0	7500	2e+11 0.516398
38	0.00038	0	0	7500	2e+11 0.516398
39	0.00039	0	0	7500	2e+11 0.516398
40	0.0004	0	0	7500	2e+11 0.516398
41	0.00041	0	0	7500	2e+11 0.516398
42	0.00042	0	0	7500	2e+11 0.516398
43	0.00043	0	0	7500	2e+11 0.516398
44	0.00044	0	0	7500	2e+11 0.516398
45	0.00045	0	0	7500	2e+11 0.516398
46	0.00046	0	0	7500	2e+11 0.516398
47	0.00047	0	0	7500	2e+11 0.516398
48	0.00048	0	0	7500	2e+11 0.516398
49	0.00049	0	0	7500	2e+11 0.5164
50	0.0005	0	0	7500	2e+11 0.5164
51	0.00051	0	0	7500	2e+11 0.516397
52	0.00052	0	0	7500	2e+11 0.5164
53	0.00053	0	0	7500	2e+11 0.5164
54	0.00054	0	0	7500	2e+11 0.516397
55	0.00055	0	0	7500	2e+11 0.5164
56	0.00056	0	0	7500	2e+11 0.5164
57	0.00057	0	0	7500	2e+11 0.516397
58	0.00058	0	0	7500	2e+11 0.516397
59	0.00059	0	0	7500	2e+11 0.5164
60	0.0006	0	0	7500	2e+11 0.5164
61	0.00061	0	0	7500	2e+11 0.516397
62	0.00062	0	0	7500	2e+11 0.5164
63	0.00063	0	0	7500	2e+11 0.5164
64	0.00064	0	0	7500	2e+11 0.516397
65	0.00065	0	0	7500	2e+11 0.5164
66	0.00066	0	0	7500	2e+11 0.5164
67	0.00067	0	0	7500	2e+11 0.516397
68	0.00068	0	0	7500	2e+11 0.5164
69	0.00069	0	0	7500	2e+11 0.5164
70	0.0007	0	0	7500	2e+11 0.516397
71	0.00071	0	0	7500	2e+11 0.516397
72	0.00072	0	0	7500	2e+11 0.5164
73	0.00073	0	0	7500	2e+11 0.5164
74	0.00074	0	0	7500	2e+11 0.516397
75	0.00075	0	0	7500	2e+11 0.5164
76	0.00076	0	0	7500	2e+11 0.5164
77	0.00077	0	0	7500	2e+11 0.516397
78	0.00078	0	0	7500	2e+11 0.5164
79	0.00079	0	0	7500	2e+11 0.5164
80	0.0008	0	0	7500	2e+11 0.516397
81	0.00081	0	0	7500	2e+11 0.5164
82	0.00082	0	0	7500	2e+11 0.5164
83	0.00083	0	0	7500	2e+11 0.516397
84	0.00084	0	0	7500	2e+11 0.5164
85	0.00085	0	0	7500	2e+11 0.5164
86	0.00086	0	0	7500	2e+11 0.516397
87	0.00087	0	0	7500	2e+11 0.5164
88	0.00088	0	0	7500	2e+11 0.5164
89	0.00089	0	0	7500	2e+11 0.516397
90	0.0009	0	0	7500	2e+11 0.516397
91	0.00091	0	0	7500	2e+11 0.5164
92	0.00092	0	0	7500	2e+11 0.5164
93	0.00093	0	0	7500	2e+11 0.516397
94	0.00094	0	0	7500	2e+11 0.5164
95	0.00095	0	0	7500	2e+11 0.5164
96	0.00096	0	0	7500	2e+11 0.516397
97	0.00097	0	0	7500	2e+11 0.516397
98	0.00098	0	0	7500	2e+11 0.5164
99	0.00099	0	0	7500	2e+11 0.5164
100	0.001	0	0	7500	2e+11 0.5164
101	0.00101	0	0	7500	2e+11 0.5164
102	0.00102	0	0	7500	2e+11 0.5164
103	0.00103	0	0	7500	2e+11 0.5164
104	0.00104	0	0	7500	2e+11 0.5164
105	0.00105	0	0	7500	2e+11 0.5164
106	0.00106	0	0	7500	2e+11 0.5164
107	0.00107	0	0	7500	2e+11 0.5164
108	0.00108	0	0	7500	2e+11 0.5164
109	0.00109	0	0	7500	2e+11 0.5164
110	0.0011	0	0	7500	2e+11 0.5164
111	0.00111	0	0	7500	2e+11 0.5164
112	0.00112	0	0	7500	2e+11 0.5164
113	0.00113	0	0	7500	2e+11 0.5164
114	0.00114	0	0	7500	2e+11 0.5164
115	0.00115	0	0	7500	2e+11 0.5164
116	0.00116	0	0	7500	2e+11 0.5164
117	0.00117	0	0	7500	2e+11 0.5164
118	0.00118	0	0	7500	2e+11 0.5164
119	0.00119	0	0	7500	2e+11 0.5164
120	0.0012	0	0	7500	2e+11 0.5164
121	0.00121	1.45666e-38	2.82081e-42	7500	2e+11 0.5164
122	0.00122	6.88966e-38	1.33418e-41	7500	2e+11 0.5164
123	0.00123	1.53141e-37	2.96557e-41	7500	2e+11 0.5164
124	0.00124	2.56714e-37	4.97125e-41	7500	2e+11 0.5164
125	0.00125	3.71814e-37	7.20015e-41	7500	2e+11 0.5164
126	0.00126	4.92472e-37	9.53668e-41	7500	2e+11 0.5164
127	0.00127	6.03896e-37	1.16944e-40	7500	2e+11 0.5164
128	0.00128	6.85094e-37	1.32668e-40	7500	2e+11 0.5164
129	0.00129	7.2362e-37	1.40128e-40	7500	2e+11 0.5164
130	0.0013	7.23627e-37	1.4013e-40	7500	2e+11 0.5164
131	0.00131	3.61815e-36	7.00652e-40	7500	2e+11 0.5164
132	0.00132	9.85558e-36	1.90853e-39	7500	2e+11 0.5164
133	0.00133	3.03925e-35	5.88548e-39	7500	2e+11 0.5164
134	0.00134	8.68356e-35	1.68156e-38	7500	2e+11 0.5164
135	0.00135	2.54693e-34	4.93211e-38	7500	2e+11 0.5164
136	0.00136	7.37379e-34	1.42793e-37	7500	2e+11 0.5164
137	0.00137	1.77101e-33	3.42956e-37	7500	2e+11 0.5164
138	0.00138	6.45688e-33	1.25037e-36	7500	2e+11 0.5164
139	0.00139	1.73022e-32	3.35056e-36	7500	2e+11 0.5164
140	0.0014	4.35298e-32	8.42952e-36	7500	2e+11 0.5164
141	0.00141	1.32846e-31	2.57256e-35	7500	2e+11 0.5164
142	0.00142	3.43304e-31	6.64805e-35	7500	2e+11 0.5164
143	0.00143	8.36517e-31	1.61991e-34	7500	2e+11 0.5164
144	0.00144	2.50668e-30	4.85417e-34	7500	2e+11 0.5164
145	0.00145	7.27703e-30	1.40919e-33	7500	2e+11 0.5164
146	0.00146	1.88479e-29	3.64988e-33	7500	2e+11 0.5164
147	0.00147	4.49332e-29	8.70129e-33	7500	2e+11 0.5164
148	0.00148	1.27639e-28	2.47171e-32	7500	2e+11 0.5164
149	0.00149	3.38056e-28	6.54642e-32	7500	2e+11 0.5164
150	0.0015	1.11886e-27	2.16667e-31	7500	2e+11 0.5164
151	0.00151	2.81087e-27	5.44323e-31	7500	2e+11 0.5164
152	0.00152	7.7597e-27	1.50266e-30	7500	2e+11 0.5164
153	0.00153	2.16042e-26	4.18364e-30	7500	2e+11 0.5164
154	0.00154	5.54363e-26	1.07352e-29	7500	2e+11 0.5164
155	0.00155	1.45972e-25	2.82673e-29	7500	2e+11 0.5164
156	0.00156	3.8049e-25	7.36816e-29	7500	2e+11 0.5164
157	0.00157	1.08364e-24	2.09846e-28	7500	2e+11 0.5164
158	0.00158	3.44694e-24	6.67496e-28	7500	2e+11 0.5164
159	0.00159	9.20134e-24	1.78183e-27	7500	2e+11 0.5164
160	0.0016	2.35809e-23	4.56642e-27	7500	2e+11 0.5164
161	0.00161	5.73617e-23	1.11081e-26	7500	2e+11 0.5164
162	0.00162	1.3707e-22	2.65434e-26	7500	2e+11 0.5164
163	0.00163	4.60671e-22	8.92086e-26	7500	2e+11 0.5164
164	0.00164	1.23249e-21	2.38671e-25	7500	2e+11 0.5164
165	0.00165	3.95031e-21	7.64974e-25	7500	2e+11 0.5164
166	0.00166	9.94084e-21	1.92504e-24	7500	2e+11 0.5164
167	0.00167	2.56913e-20	4.9751e-24	7500	2e+11 0.5164
168	0.00168	7.48817e-20	1.45008e-23	7500	2e+11 0.5164
169	0.00169	1.57252e-19	3.04517e-23	7500	2e+11 0.5164
170	0.0017	3.7817e-19	7.32324e-23	7500	2e+11 0.5164
171	0.00171	1.27957e-18	2.47787e-22	7500	2e+11 0.5164
172	0.00172	3.07115e-18	5.94725e-22	7500	2e+11 0.5164
173	0.00173	8.93834e-18	1.7309e-21	7500	2e+11 0.5164
174	0.00174	2.65601e-17	5.14335e-21	7500	2e+11 0.5164
175	0.00175	6.66617e-17	1.2909e-20	7500	2e+11 0.5164
176	0.00176	1.6566e-16	3.20799e-20	7500	2e+11 0.5164
177	0.00177	6.70955e-16	1.2993e-19	7500	2e+11 0.5164
178	0.00178	2.01779e-15	3.90744e-19	7500	2e+11 0.5164
179	0.00179	4.91059e-15	9.50932e-19	7500	2e+11 0.5164
180	0.0018	1.35394e-14	2.62189e-18	7500	2e+11 0.5164
181	0.00181	4.82692e-14	9.3473e-18	7500	2e+11 0.5164
182	0.00182	1.22624e-13	2.3746e-17	7500	2e+11 0.5164
183	0.00183	3.01482e-13	5.83817e-17	7500	2e+11 0.5164
184	0.00184	7.69977e-13	1.49105e-16	7500	2e+11 0.5164
185	0.00185	2.06492e-12	3.9987e-16	7500	2e+11 0.5164
186	0.00186	5.57064e-12	1.07875e-15	7500	2e+11 0.5164
187	0.00187	1.42715e-11	2.76365e-15	7500	2e+11 0.5164
188	0.00188	3.83779e-11	7.43185e-15	7500	2e+11 0.5164
189	0.00189	1.16652e-10	2.25895e-14	7500	2e+11 0.5164
190	0.0019	3.47821e-10	6.73553e-14	7500	2e+11 0.5164
191	0.00191	9.4199e-10	1.82416e-13	7500	2e+11 0.5164
192	0.00192	2.57198e-09	4.98062e-13	7500	2e+11 0.5164
193	0.00193	6.38425e-09	1.2363e-12	7500	2e+11 0.5164
194	0.00194	1.76544e-08	3.41876e-12	7500	2e+11 0.5164
195	0.00195	4.87224e-08	9.43505e-12	7500	2e+11 0.5164
196	0.00196	1.12054e-07	2.16992e-11	7500	2e+11 0.516406
197	0.00197	4.27169e-07	8.2721e-11	7500	2e+11 0.516406
198	0.00198	1.03385e-06	2.00203e-10	7500	2e+11 0.516394
199	0.00199	2.77261e-06	5.36914e-10	7500	2e+11 0.516406
200	0.002	9.8322e-06	1.904e-09	7500	2e+11 0.516406
201	0.00201	2.2136e-05	4.28661e-09	7500	2e+11 0.516394
202	0.00202	8.4462e-05	1.6356e-08	7500	2e+11 0.516406
203	0.00203	0.000227713	4.40963e-08	7500	2e+11 0.516406
204	0.00204	0.000627765	1.21566e-07	7500	2e+11 0.516394
205	0.00205	0.00165619	3.2072e-07	7500	2e+11 0.516406
206	0.00206	0.00494115	9.5685e-07	7500	2e+11 0.516406
207	0.00207	0.0125645	2.43311e-06	7500	2e+11 0.516394
208	0.00208	0.0345431	6.68925e-06	7500	2e+11 0.516406
209	0.00209	0.0740942	1.43483e-05	7500	2e+11 0.516406
210	0.0021	0.260204	5.03883e-05	7500	2e+11 0.516382
211	0.00211	0.687328	0.0001331	7500	2e+11 0.516358
212	0.00212	1.76432	0.000341658	7500	2e+11 0.51631
213	0.00213001	3.42448	0.000663147	7500	2e+11 0.516201
214	0.00214001	5.59594	0.00108365	7500	2e+11 0.516021
215	0.00215003	8.19096	0.00158617	7500	2e+11 0.515781
216	0.00216004	11.1145	0.00215232	7500	2e+11 0.515506
217	0.00217007	14.2683	0.00276305	7500	2e+11 0.51523
218	0.0021801	17.5579	0.00340008	7500	2e+11 0.514871
219	0.00219013	20.8942	0.00404614	7500	2e+11 0.514597
220	0.00220017	24.1977	0.00468586	7500	2e+11 0.514215
221	0.00221022	27.3992	0.00530582	7500	2e+11 0.513941
222	0.00222027	30.4413	0.00589492	7500	2e+11 0.513619
223	0.00223034	33.2788	0.00644442	7500	2e+11 0.513263
224	0.0022404	35.8795	0.00694804	7500	2e+11 0.513061
225	0.00225047	38.2221	0.00740168	7500	2e+11 0.512741
226	0.00226055	40.2968	0.00780345	7500	2e+11 0.512527
227	0.00227063	42.1048	0.00815355	7500	2e+11 0.512362
228	0.00228071	43.6559	0.00845393	7500	2e+11 0.512232
229	0.00229079	44.965	0.00870745	7500	2e+11 0.512019
230	0.00230088	46.0534	0.00891821	7500	2e+11 0.511889
231	0.00231097	46.945	0.00909086	7500	2e+11 0.511806
232	0.00232106	47.6638	0.00923005	7500	2e+11 0.511723
233	0.00233116	48.2349	0.00934065	7500	2e+11 0.511676
234	0.00234125	48.6824	0.0094273	7500	2e+11 0.511676
235	0.00235134	49.0283	0.00949428	7500	2e+11 0.511546
236	0.00236144	49.2918	0.00954531	7500	2e+11 0.511523
237	0.00237153	49.49	0.0095837	7500	2e+11 0.511499
238	0.00238163	49.637	0.00961217	7500	2e+11 0.511487
239	0.00239173	49.7447	0.00963302	7500	2e+11 0.511487
240	0.00240182	49.8227	0.00964812	7500	2e+11 0.511499
241	0.00241192	49.8784	0.0096589	7500	2e+11 0.511499
242	0.00242202	49.9177	0.00966653	7500	2e+11 0.51144
243	0.00243212	49.9452	0.00967185	7500	2e+11 0.511487
244	0.00244221	49.9642	0.00967553	7500	2e+11 0.511487
245	0.00245231	49.9772	0.00967805	7500	2e+11 0.511417
246	0.00246241	49.986	0.00967975	7500	2e+11 0.51144
247	0.0024725	49.9919	0.00968089	7500	2e+11 0.51144
248	0.0024826	49.9958	0.00968164	7500	2e+11 0.511452
249	0.0024927	49.9984	0.00968214	7500	2e+11 0.511452
250	0.0025028	50	0.00968246	7500	2e+11 0.511428
251	0.00251289	50.0011	0.00968266	7500	2e+11 0.51144
252	0.00252299	50.0017	0.00968279	7500	2e+11 0.51144
253	0.00253309	50.0022	0.00968288	7500	2e+11 0.511417
254	0.00254318	50.0024	0.00968292	7500	2e+11 0.511511
255	0.00255328	50.0025	0.00968294	7500	2e+11 0.511511
256	0.00256338	50.0026	0.00968296	7500	2e+11 0.511452
257	0.00257348	50.0026	0.00968296	7500	2e+11 0.511452
258	0.00258357	50.0026	0.00968296	7500	2e+11 0.51144
259	0.00259367	50.0026	0.00968296	7500	2e+11 0.51144
260	0.00260377	50.0026	0.00968296	7500	2e+11 0.511428
261	0.00261386	50.0026	0.00968296	7500	2e+11 0.511464
262	0.00262396	50.0026	0.00968296	7500	2e+11 0.511464
263	0.00263406	50.0026	0.00968296	7500	2e+11 0.511452
264	0.00264416	50.0026	0.00968296	7500	2e+11 0.511452
265	0.00265425	50.0026	0.00968296	7500	2e+11 0.511428
266	0.00266435	50.0026	0.00968296	7500	2e+11 0.51144
267	0.00267445	50.0026	0.00968296	7500	2e+11 0.511464
268	0.00268455	50.0026	0.00968296	7500	2e+11 0.511464
269	0.00269464	50.0026	0.00968296	7500	2e+11 0.511405
270	0.00270474	50.0026	0.00968296	7500	2e+11 0.51144
271	0.00271484	50.0026	0.00968296	7500	2e+11 0.511464
272	0.00272493	50.0026	0.00968296	7500	2e+11 0.511464
273	0.00273503	50.0026	0.00968296	7500	2e+11 0.511417
274	0.00274513	50.0026	0.00968296	7500	2e+11 0.51144
275	0.00275523	50.0026	0.00968296	7500	2e+11 0.51144
276	0.00276532	50.0026	0.00968296	7500	2e+11 0.511405
277	0.00277542	50.0026	0.00968296	7500	2e+11 0.511417
278	0.00278552	50.0026	0.00968296	7500	2e+11 0.51144
279	0.00279562	50.0026	0.00968296	7500	2e+11 0.51144
280	0.00280571	50.0026	0.00968296	7500	2e+11 0.51144
281	0.00281581	50.0026	0.00968296	7500	2e+11 0.511428
282	0.00282591	50.0026	0.00968296	7500	2e+11 0.51144
283	0.002836	50.0026	0.00968296	7500	2e+11 0.51144
284	0.0028461	50.0026	0.00968296	7500	2e+11 0.511476
285	0.0028562	50.0026	0.00968296	7500	2e+11 0.511476
286	0.00286629	50.0026	0.00968295	7500	2e+11 0.511417
287	0.00287639	50.0025	0.00968295	7500	2e+11 0.511428
288	0.00288649	50.0025	0.00968295	7500	2e+11 0.51144
289	0.00289659	50.0025	0.00968295	7500	2e+11 0.51144
290	0.00290668	50.0025	0.00968295	7500	2e+11 0.51144
291	0.00291678	50.0025	0.00968294	7500	2e+11 0.51144
292	0.00292688	50.0025	0.00968294	7500	2e+11 0.51144
293	0.00293698	50.0025	0.00968294	7500	2e+11 0.51144
294	0.00294707	50.0025	0.00968294	7500	2e+11 0.511464
295	0.00295717	50.0025	0.00968294	7500	2e+11 0.511464
296	0.00296727	50.0025	0.00968294	7500	2e+11 0.511476
297	0.00297736	50.0025	0.00968294	7500	2e+11 0.511476
298	0.00298746	50.0025	0.00968294	7500	2e+11 0.511452
299	0.00299756	50.0025	0.00968294	7500	2e+11 0.511452
300	0.00300766	50.0025	0.00968294	7500	2e+11 0.511487
301	0.00301775	50.0025	0.00968294	7500	2e+11 0.511487
302	0.00302785	50.0025	0.00968294	7500	2e+11 0.511428
303	0.00303795	50.0025	0.00968293	7500	2e+11 0.51144
304	0.00304805	50.0024	0.00968292	7500	2e+11 0.51144
305	0.00305814	50.0021	0.00968287	7500	2e+11 0.511464
306	0.00306824	50.0015	0.00968275	7500	2e+11 0.511464
307	0.00307834	49.9996	0.00968237	7500	2e+11 0.511417
308	0.00308843	49.9959	0.00968167	7500	2e+11 0.51144
309	0.00309853	49.9843	0.00967942	7500	2e+11 0.51144
310	0.00310863	49.951	0.00967297	7500	2e+11 0.51144
311	0.00311873	49.8849	0.00966016	7500	2e+11 0.51144
312	0.00312882	49.6287	0.00961055	7500	2e+11 0.511535
313	0.00313892	49.0245	0.00949355	7500	2e+11 0.511546
314	0.00314901	47.2979	0.00915921	7500	2e+11 0.511759
315	0.0031591	44.4984	0.00861708	7500	2e+11 0.51203
316	0.00316919	40.8402	0.00790868	7500	2e+11 0.512456
317	0.00317926	36.5966	0.00708691	7500	2e+11 0.512824
318	0.00318933	32.052	0.00620684	7500	2e+11 0.51331
319	0.00319939	27.4704	0.00531962	7500	2e+11 0.513762
320	0.00320945	23.0727	0.00446801	7500	2e+11 0.514227
321	0.00321949	19.0182	0.00368286	7500	2e+11 0.514561
322	0.00322952	15.4037	0.00298291	7500	2e+11 0.514931
323	0.00323955	12.2733	0.00237671	7500	2e+11 0.515218
324	0.00324958	9.63175	0.00186518	7500	2e+11 0.515494
325	0.00325959	7.4519	0.00144305	7500	2e+11 0.515673
326	0.00326961	5.68721	0.00110132	7500	2e+11 0.515925
327	0.00327962	4.28553	0.000829889	7500	2e+11 0.515985
328	0.00328962	3.19074	0.000617885	7500	2e+11 0.515997
329	0.00329963	2.34811	0.00045471	7500	2e+11 0.51625
330	0.00330963	1.70961	0.000331065	7500	2e+11 0.516286
331	0.00331964	1.23042	0.00023827	7500	2e+11 0.516286
332	0.00332964	0.876255	0.000169686	7500	2e+11 0.516262
333	0.00333964	0.617847	0.000119646	7500	2e+11 0.516394
334	0.00334964	0.431282	8.35175e-05	7500	2e+11 0.516394
335	0.00335965	0.297976	5.77028e-05	7500	2e+11 0.51637
336	0.00336965	0.20398	3.95005e-05	7500	2e+11 0.51637
337	0.00337965	0.138304	2.67825e-05	7500	2e+11 0.516394
338	0.00338965	0.0929024	1.79905e-05	7500	2e+11 0.51649
339	0.00339964	0.0617926	1.19661e-05	7500	2e+11 0.51649
340	0.00340965	0.0407272	7.88679e-06	7500	2e+11 0.516382
341	0.00341965	0.0265993	5.15093e-06	7500	2e+11 0.516382
342	0.00342965	0.0172018	3.33112e-06	7500	2e+11 0.516418
343	0.00343965	0.0110242	2.13482e-06	7500	2e+11 0.516418
344	0.00344965	0.00700298	1.35612e-06	7500	2e+11 0.516454
345	0.00345964	0.00440839	8.5368e-07	7500	2e+11 0.516454
346	0.00346965	0.00275178	5.3288e-07	7500	2e+11 0.516382
347	0.00347965	0.00170188	3.29568e-07	7500	2e+11 0.516382
348	0.00348965	0.00104281	2.0194e-07	7500	2e+11 0.516442
349	0.00349965	0.000633851	1.22745e-07	7500	2e+11 0.516442
350	0.00350965	0.000382073	7.3988e-08	7500	2e+11 0.516406
351	0.00351965	0.00022848	4.42449e-08	7500	2e+11 0.516454
352	0.00352965	0.000135451	2.62299e-08	7500	2e+11 0.516454
353	0.00353965	7.96419e-05	1.54226e-08	7500	2e+11 0.516406
354	0.00354965	4.64264e-05	8.99043e-09	7500	2e+11 0.516406
355	0.00355965	2.68376e-05	5.19708e-09	7500	2e+11 0.516394
356	0.00356965	1.53891e-05	2.98009e-09	7500	2e+11 0.51643
357	0.00357965	8.74705e-06	1.69386e-09	7500	2e+11 0.51643
358	0.00358965	4.93073e-06	9.54831e-10	7500	2e+11 0.516466
359	0.00359965	2.75956e-06	5.34386e-10	7500	2e+11 0.516466
360	0.00360965	1.53325e-06	2.96912e-10	7500	2e+11 0.516406
361	0.00361965	8.44017e-07	1.63443e-10	7500	2e+11 0.516406
362	0.00362965	4.61046e-07	8.92813e-11	7500	2e+11 0.51643
363	0.00363965	2.50117e-07	4.84349e-11	7500	2e+11 0.51643
364	0.00364965	1.34527e-07	2.60511e-11	7500	2e+11 0.516418
365	0.00365965	7.17998e-08	1.3904e-11	7500	2e+11 0.51643
366	0.00366965	3.8005e-08	7.35964e-12	7500	2e+11 0.51643
367	0.00367965	1.99548e-08	3.86423e-12	7500	2e+11 0.516502
368	0.00368965	1.04036e-08	2.01466e-12	7500	2e+11 0.516502
369	0.00369965	5.38733e-09	1.04325e-12	7500	2e+11 0.516382
370	0.00370965	2.76733e-09	5.35891e-13	7500	2e+11 0.51643
371	0.00371965	1.41081e-09	2.73202e-13	7500	2e+11 0.51643
372	0.00372965	7.14752e-10	1.38411e-13	7500	2e+11 0.516406
373	0.00373965	3.59424e-10	6.96021e-14	7500	2e+11 0.51637
374	0.00374965	1.79365e-10	3.47339e-14	7500	2e+11 0.516442
375	0.00375965	8.87402e-11	1.71845e-14	7500	2e+11 0.516442
376	0.00376965	4.35651e-11	8.43634e-15	7500	2e+11 0.516442
377	0.00377965	2.12199e-11	4.10922e-15	7500	2e+11 0.516442
378	0.00378965	1.02577e-11	1.98639e-15	7500	2e+11 0.516394
379	0.00379965	4.93054e-12	9.54795e-16	7500	2e+11 0.516442
380	0.00380965	2.35583e-12	4.56204e-16	7500	2e+11 0.516442
381	0.00381965	1.11557e-12	2.1603e-16	7500	2e+11 0.516454
382	0.00382965	5.24576e-13	1.01584e-16	7500	2e+11 0.516454
383	0.00383965	2.44613e-13	4.73692e-17	7500	2e+11 0.516394
384	0.00384965	1.13463e-13	2.19721e-17	7500	2e+11 0.516442
385	0.00385965	5.22683e-14	1.01217e-17	7500	2e+11 0.516442
386	0.00386965	2.38859e-14	4.62548e-18	7500	2e+11 0.516394
387	0.00387965	1.08353e-14	2.09824e-18	7500	2e+11 0.516394
388	0.00388965	4.88077e-15	9.45157e-19	7500	2e+11 0.516382
389	0.00389965	2.18479e-15	4.23083e-19	7500	2e+11 0.516947
390	0.00390964	9.69949e-16	1.8783e-19	7500	2e+11 0.517551
391	0.00391962	4.2785e-16	8.28528e-20	7500	2e+11 0.517551
392	0.00392961	1.87275e-16	3.62656e-20	7500	2e+11 0.516514
393	0.00393962	8.14207e-17	1.5767e-20	7500	2e+11 0.51649
394	0.00394961	3.52382e-17	6.82385e-21	7500	2e+11 0.51649
395	0.00395962	1.51787e-17	2.93935e-21	7500	2e+11 0.51637
396	0.00396962	6.45835e-18	1.25065e-21	7500	2e+11 0.51637
397	0.00397962	2.72351e-18	5.27405e-22	7500	2e+11 0.516466
398	0.00398962	1.14622e-18	2.21965e-22	7500	2e+11 0.516466
399	0.00399962	4.77092e-19	9.23884e-23	7500	2e+11 0.516466
400	0.00400962	1.97758e-19	3.82957e-23	7500	2e+11 0.51649
401	0.00401961	8.13874e-20	1.57606e-23	7500	2e+11 0.51649
402	0.00402961	3.33808e-20	6.46416e-24	7500	2e+11 0.51637
403	0.00403962	1.35547e-20	2.62486e-24	7500	2e+11 0.51649
404	0.00404961	5.45252e-21	1.05588e-24	7500	2e+11 0.51649
405	0.00405961	2.17396e-21	4.20986e-25	7500	2e+11 0.516442
406	0.00406962	8.63389e-22	1.67195e-25	7500	2e+11 0.516466
407	0.00407961	3.41566e-22	6.61439e-26	7500	2e+11 0.516466
408	0.00408961	1.33798e-22	2.59099e-26	7500	2e+11 0.516394
409	0.00409961	5.18913e-23	1.00487e-26	7500	2e+11 0.516394
410	0.00410962	2.01381e-23	3.89973e-27	7500	2e+11 0.516394
411	0.00411962	7.79033e-24	1.50859e-27	7500	2e+11 0.516394
412	0.00412962	2.99624e-24	5.80219e-28	7500	2e+11 0.516442
413	0.00413961	1.13732e-24	2.2024e-28	7500	2e+11 0.516442
414	0.00414962	4.26738e-25	8.26375e-29	7500	2e+11 0.516394
415	0.00415962	1.5921e-25	3.08309e-29	7500	2e+11 0.516394
416	0.00416962	5.9066e-26	1.14381e-29	7500	2e+11 0.516418
417	0.00417962	2.18688e-26	4.23488e-30	7500	2e+11 0.516514
418	0.00418961	8.06954e-27	1.56266e-30	7500	2e+11 0.516514
419	0.00419961	2.93285e-27	5.67945e-31	7500	2e+11 0.51637
420	0.00420962	1.05372e-27	2.04053e-31	7500	2e+11 0.516346
421	0.00421962	3.76438e-28	7.28968e-32	7500	2e+11 0.51649
422	0.00422961	1.33975e-28	2.59441e-32	7500	2e+11 0.51649
423	0.00423962	4.71797e-29	9.13632e-33	7500	2e+11 0.516394
424	0.00424962	1.65967e-29	3.21394e-33	7500	2e+11 0.516418
425	0.00425962	5.80543e-30	1.12422e-33	7500	2e+11 0.516418
426	0.00426962	2.01144e-30	3.89514e-34	7500	2e+11 0.516442
427	0.00427962	6.92716e-31	1.34144e-34	7500	2e+11 0.516442
428	0.00428962	2.37088e-31	4.59118e-35	7500	2e+11 0.516418
429	0.00429962	8.03614e-32	1.55619e-35	7500	2e+11 0.516394
430	0.00430962	2.72859e-32	5.2839e-36	7500	2e+11 0.516562
431	0.00431961	9.17719e-33	1.77715e-36	7500	2e+11 0.516562
432	0.00432961	3.04399e-33	5.89467e-37	7500	2e+11 0.51637
433	0.00433961	1.00681e-33	1.94968e-37	7500	2e+11 0.51637
434	0.00434962	3.30925e-34	6.40834e-38	7500	2e+11 0.516394
435	0.00435962	1.08119e-34	2.09371e-38	7500	2e+11 0.516394
436	0.00436962	3.52048e-35	6.81738e-39	7500	2e+11 0.516466
437	0.00437961	1.13939e-35	2.20643e-39	7500	2e+11 0.516466
438	0.00438961	3.66419e-36	7.09567e-40	7500	2e+11 0.51637
439	0.00439962	1.16846e-36	2.2627e-40	7500	2e+11 0.516514
440	0.00440961	3.67769e-37	7.12182e-41	7500	2e+11 0.516514
441	0.00441961	1.15397e-37	2.23465e-41	7500	2e+11 0.516394
442	0.00442961	3.60439e-38	6.97987e-42	7500	2e+11 0.516418
443	0.00443961	1.11366e-38	2.1566e-42	7500	2e+11 0.516418
444	0.00444962	3.38658e-39	6.55808e-43	7500	2e+11 0.516418
445	0.00445962	1.00584e-39	1.9478e-43	7500	2e+11 0.516418
446	0.00446962	2.96687e-40	5.74532e-44	7500	2e+11 0.516394
447	0.00447962	7.95994e-41	1.54143e-44	7500	2e+11 0.51649
448	0.00448962	7.23631e-42	1.4013e-45	7500	2e+11 0.51649
449	0.00449961	0	0	7500	2e+11 0.516418
450	0.00450962	0	0	7500	2e+11 0.516514
451	0.00451961	0	0	7500	2e+11 0.516514
452	0.00452961	0	0	7500	2e+11 0.516418
453	0.00453962	0	0	7500	2e+11 0.516466
454	0.00454961	0	0	7500	2e+11 0.516514
455	0.00455961	0	0	7500	2e+11 0.516514
456	0.00456962	0	0	7500	2e+11 0.516442
457	0.00457962	0	0	7500	2e+11 0.516442
458	0.00458962	0	0	7500	2e+11 0.516394
459	0.00459962	0	0	7500	2e+11 0.51649
460	0.00460961	0	0	7500	2e+11 0.51649
461	0.00461961	0	0	7500	2e+11 0.516442
462	0.00462962	0	0	7500	2e+11 0.516394
463	0.00463962	0	0	7500	2e+11 0.51649
464	0.00464961	0	0	7500	2e+11 0.51649
465	0.00465961	0	0	7500	2e+11 0.516442
466	0.00466961	0	0	7500	2e+11 0.516394
467	0.00467961	0	0	7500	2e+11 0.516466
468	0.00468961	0	0	7500	2e+11 0.516466
469	0.00469962	0	0	7500	2e+11 0.516466
470	0.00470961	0	0	7500	2e+11 0.516466
471	0.00471962	0	0	7500	2e+11 0.516346
472	0.00472962	0	0	7500	2e+11 0.51661
473	0.00473961	0	0	7500	2e+11 0.51661
474	0.00474961	0	0	7500	2e+11 0.516394
475	0.00475961	0	0	7500	2e+11 0.516346
476	0.00476961	0	0	7500	2e+11 0.516394
477	0.00477961	0	0	7500	2e+11 0.516538
478	0.00478961	0	0	7500	2e+11 0.516538
479	0.00479961	0	0	7500	2e+11 0.516346
480	0.00480961	0	0	7500	2e+11 0.516442
481	0.00481961	0	0	7500	2e+11 0.516442
482	0.00482961	0	0	7500	2e+11 0.516418
483	0.00483961	0	0	7500	2e+11 0.516442
484	0.00484961	0	0	7500	2e+11 0.516442
485	0.00485961	0	0	7500	2e+11 0.516442
486	0.00486961	0	0	7500	2e+11 0.516442
487	0.00487961	0	0	7500	2e+11 0.516466
488	0.00488961	0	0	7500	2e+11 0.516466
489	0.00489962	0	0	7500	2e+11 0.516442
490	0.00490962	0	0	7500	2e+11 0.51649
491	0.00491961	0	0	7500	2e+11 0.51649
492	0.00492961	0	0	7500	2e+11 0.516418
493	0.00493961	0	0	7500	2e+11 0.516418
494	0.00494961	0	0	7500	2e+11 0.516418
495	0.00495961	0	0	7500	2e+11 0.516538
496	0.00496961	0	0	7500	2e+11 0.516538
497	0.00497961	0	0	7500	2e+11 0.516442
498	0.00498961	0	0	7500	2e+11 0.516394
499	0.00499961	0	0	7500	2e+11 0.516418
500	0.00500961	0	0	7500	2e+11 0.516442
501	0.00501961	0	0	7500	2e+11 0.516442
502	0.00502961	0	0	7500	2e+11 0.516418
503	0.00503961	0	0	7500	2e+11 0.516418
504	0.00504961	0	0	7500	2e+11 0.516418
505	0.00505961	0	0	7500	2e+11 0.516418
506	0.00506961	0	0	7500	2e+11 0.516586
507	0.00507961	0	0	7500	2e+11 0.516586
508	0.00508961	0	0	7500	2e+11 0.51637
509	0.00509961	0	0	7500	2e+11 0.516394
510	0.00510961	0	0	7500	2e+11 0.516394
511	0.00511961	0	0	7500	2e+11 0.516442
512	0.00512961	0	0	7500	2e+11 0.516442
513	0.00513961	0	0	7500	2e+11 0.516466
514	0.00514961	0	0	7500	2e+11 0.516466
515	0.00515961	0	0	7500	2e+11 0.516514
516	0.00516961	0	0	7500	2e+11 0.516514
517	0.00517961	0	0	7500	2e+11 0.516418
518	0.00518961	0	0	7500	2e+11 0.516394
519	0.00519961	0	0	7500	2e+11 0.516442
520	0.00520961	0	0	7500	2e+11 0.51649
521	0.00521961	0	0	7500	2e+11 0.51649
522	0.00522961	0	0	7500	2e+11 0.516418
523	0.00523961	0	0	7500	2e+11 0.516418
524	0.00524961	0	0	7500	2e+11 0.51649
525	0.00525961	0	0	7500	2e+11 0.51649
526	0.00526961	0	0	7500	2e+11 0.516418
527	0.00527961	0	0	7500	2e+11 0.516562
528	0.00528961	0	0	7500	2e+11 0.516562
529	0.00529961	0	0	7500	2e+11 0.516466
530	0.00530961	0	0	7500	2e+11 0.516466
531	0.00531961	0	0	7500	2e+11 0.516442
532	0.00532961	0	0	7500	2e+11 0.516442
533	0.00533961	0	0	7500	2e+11 0.516394
534	0.00534961	0	0	7500	2e+11 0.516466
535	0.00535961	0	0	7500	2e+11 0.516466
536	0.00536961	0	0	7500	2e+11 0.516418
537	0.00537961	0	0	7500	2e+11 0.516466
538	0.00538961	0	0	7500	2e+11 0.516466
539	0.00539961	0	0	7500	2e+11 0.516466
540	0.00540961	0	0	7500	2e+11 0.516466
541	0.00541961	0	0	7500	2e+11 0.516394
542	0.00542961	0	0	7500	2e+11 0.51649
543	0.00543961	0	0	7500	2e+11 0.51649
544	0.00544961	0	0	7500	2e+11 0.51637
545	0.00545961	0	0	7500	2e+11 0.51649
546	0.00546961	0	0	7500	2e+11 0.51649
547	0.00547961	0	0	7500	2e+11 0.516418
548	0.00548961	0	0	7500	2e+11 0.516418
549	0.00549961	0	0	7500	2e+11 0.516538
550	0.00550961	0	0	7500	2e+11 0.516538
551	0.00551961	0	0	7500	2e+11 0.516394
552	0.00552961	0	0	7500	2e+11 0.516442
553	0.00553961	0	0	7500	2e+11 0.516442
554	0.00554961	0	0	7500	2e+11 0.51637
555	0.00555961	0	0	7500	2e+11 0.516418
556	0.00556961	0	0	7500	2e+11 0.516418
557	0.00557961	0	0	7500	2e+11 0.516466
558	0.00558961	0	0	7500	2e+11 0.516466
559	0.00559961	0	0	7500	2e+11 0.516514
560	0.0056096	0	0	7500	2e+11 0.516514
561	0.0056196	0	0	7500	2e+11 0.516418
562	0.00562961	0	0	7500	2e+11 0.516346
563	0.00563961	0	0	7500	2e+11 0.51649
564	0.00564961	0	0	7500	2e+11 0.51649
565	0.00565961	0	0	7500	2e+11 0.516466
566	0.0056696	0	0	7500	2e+11 0.516466
567	0.0056796	0	0	7500	2e+11 0.516442
568	0.00568961	0	0	7500	2e+11 0.516442
569	0.0056996	0	0	7500	2e+11 0.516466
570	0.0057096	0	0	7500	2e+11 0.516514
571	0.0057196	0	0	7500	2e+11 0.516514
572	0.0057296	0	0	7500	2e+11 0.51637
573	0.0057396	0	0	7500	2e+11 0.516514
574	0.0057496	0	0	7500	2e+11 0.516514
575	0.0057596	0	0	7500	2e+11 0.516418
576	0.0057696	0	0	7500	2e+11 0.516514
577	0.0057796	0	0	7500	2e+11 0.516514
578	0.0057896	0	0	7500	2e+11 0.516394
579	0.0057996	0	0	7500	2e+11 0.51649
580	0.0058096	0	0	7500	2e+11 0.51649
581	0.0058196	0	0	7500	2e+11 0.516394
582	0.0058296	0	0	7500	2e+11 0.516418
583	0.0058396	0	0	7500	2e+11 0.516418
584	0.0058496	0	0	7500	2e+11 0.516394
585	0.0058596	0	0	7500	2e+11 0.51637
586	0.0058696	0	0	7500	2e+11 0.516442
587	0.0058796	0	0	7500	2e+11 0.516538
588	0.0058896	0	0	7500	2e+11 0.516538
589	0.0058996	0	0	7500	2e+11 0.51649
590	0.0059096	0	0	7500	2e+11 0.51649
591	0.0059196	0	0	7500	2e+11 0.516418
592	0.0059296	0	0	7500	2e+11 0.516418
593	0.0059396	0	0	7500	2e+11 0.516466
594	0.0059496	0	0	7500	2e+11 0.51649
595	0.0059596	0	0	7500	2e+11 0.51649
596	0.0059696	0	0	7500	2e+11 0.516394
597	0.0059796	0	0	7500	2e+11 0.51649
598	0.0059896	0	0	7500	2e+11 0.51649
599	0.0059996	0	0	7500	2e+11 0.516394
600	0.0060096	0	0	7500	2e+11 0.51649
601	0.00601959	0	0	7500	2e+11 0.51649
602	0.00602959	0	0	7500	2e+11 0.51649
603	0.00603959	0	0	7500	2e+11 0.51649
604	0.00604959	0	0	7500	2e+11 0.516442
605	0.00605959	0	0	7500	2e+11 0.516466
606	0.00606959	0	0	7500	2e+11 0.516466
607	0.00607959	0	0	7500	2e+11 0.51649
608	0.00608959	0	0	7500	2e+11 0.51649
609	0.00609959	0	0	7500	2e+11 0.51649
610	0.00610959	0	0	7500	2e+11 0.51649
611	0.00611959	0	0	7500	2e+11 0.516418
612	0.00612959	0	0	7500	2e+11 0.516418
613	0.00613959	0	0	7500	2e+11 0.51649
614	0.00614959	0	0	7500	2e+11 0.51649
615	0.00615959	0	0	7500	2e+11 0.516466
616	0.00616959	0	0	7500	2e+11 0.516466
617	0.00617959	0	0	7500	2e+11 0.516418
618	0.00618958	0	0	7500	2e+11 0.516538
619	0.00619958	0	0	7500	2e+11 0.516538
620	0.00620958	0	0	7500	2e+11 0.516442
621	0.00621958	0	0	7500	2e+11 0.516442
622	0.00622958	0	0	7500	2e+11 0.516514
623	0.00623958	0	0	7500	2e+11 0.516514
624	0.00624958	0	0	7500	2e+11 0.516442
625	0.00625958	0	0	7500	2e+11 0.516442
626	0.00626958	0	0	7500	2e+11 0.51649
627	0.00627958	0	0	7500	2e+11 0.51649
628	0.00628958	0	0	7500	2e+11 0.516418
629	0.00629958	0	0	7500	2e+11 0.516466
630	0.00630957	0	0	7500	2e+11 0.516514
631	0.00631957	0	0	7500	2e+11 0.516514
632	0.00632957	0	0	7500	2e+11 0.51661
633	0.00633957	0	0	7500	2e+11 0.51661
634	0.00634957	0	0	7500	2e+11 0.516514
635	0.00635957	0	0	7500	2e+11 0.516514
636	0.00636957	0	0	7500	2e+11 0.516514
637	0.00637956	0	0	7500	2e+11 0.516538
638	0.00638956	0	0	7500	2e+11 0.516538
639	0.00639956	0	0	7500	2e+11 0.516586
640	0.00640956	0	0	7500	2e+11 0.516586
641	0.00641956	0	0	7500	2e+11 0.516562
642	0.00642955	0	0	7500	2e+11 0.516731
643	0.00643955	0	0	7500	2e+11 0.516731
644	0.00644955	0	0	7500	2e+11 0.516707
645	0.00645954	0	0	7500	2e+11 0.516707
646	0.00646954	0	0	7500	2e+11 0.516731
647	0.00647953	0	0	7500	2e+11 0.516731
648	0.00648952	0	0	7500	2e+11 0.516851
649	0.00649952	0	0	7500	2e+11 0.517164
650	0.0065095	0	0	7500	2e+11 0.517164
651	0.00651956	0	0	7500	2e+11 0.51702
652	0.00652955	0	0	7500	2e+11 0.51702
653	0.00653954	0	0	7500	2e+11 0.516779
654	0.00654954	0	0	7500	2e+11 0.516658
655	0.00655953	0	0	7500	2e+11 0.516634
656	0.00656953	0	0	7500	2e+11 0.516634
657	0.00657953	0	0	7500	2e+11 0.516538
658	0.00658952	0	0	7500	2e+11 0.516658
659	0.00659952	0	0	7500	2e+11 0.516658
660	0.00660952	0	0	7500	2e+11 0.516538
661	0.00661952	0	0	7500	2e+11 0.516538
662	0.00662951	0	0	7500	2e+11 0.516514
663	0.00663951	0	0	7500	2e+11 0.516514
664	0.00664951	0	0	7500	2e+11 0.51637
665	0.00665951	0	0	7500	2e+11 0.51637
666	0.00666951	0	0	7500	2e+11 0.516394
667	0.00667951	0	0	7500	2e+11 0.516562
668	0.00668951	0	0	7500	2e+11 0.516562
669	0.00669951	0	0	7500	2e+11 0.516418
670	0.00670951	0	0	7500	2e+11 0.51649
671	0.00671951	0	0	7500	2e+11 0.51649
672	0.00672951	0	0	7500	2e+11 0.51637
673	0.00673951	0	0	7500	2e+11 0.516538
674	0.00674951	0	0	7500	2e+11 0.516538
675	0.00675951	0	0	7500	2e+11 0.51637
676	0.00676951	0	0	7500	2e+11 0.51637
677	0.00677951	0	0	7500	2e+11 0.516442
678	0.00678951	0	0	7500	2e+11 0.516442
679	0.00679951	0	0	7500	2e+11 0.516442
680	0.00680951	0	0	7500	2e+11 0.516442
681	0.00681951	0	0	7500	2e+11 0.516394
682	0.00682951	0	0	7500	2e+11 0.516394
683	0.00683951	0	0	7500	2e+11 0.51637
684	0.00684952	0	0	7500	2e+11 0.516346
685	0.00685952	0	0	7500	2e+11 0.516346
686	0.00686952	0	0	7500	2e+11 0.51637
687	0.00687952	0	0	7500	2e+11 0.516442
688	0.00688952	0	0	7500	2e+11 0.516442
689	0.00689952	0	0	7500	2e+11 0.516418
690	0.00690952	0	0	7500	2e+11 0.516418
691	0.00691952	0	0	7500	2e+11 0.516442
692	0.00692952	0	0	7500	2e+11 0.516442
693	0.00693952	0	0	7500	2e+11 0.516466
694	0.00694952	0	0	7500	2e+11 0.516466
695	0.00695952	0	0	7500	2e+11 0.516466
696	0.00696952	0	0	7500	2e+11 0.516394
697	0.00697952	0	0	7500	2e+11 0.516418
698	0.00698952	0	0	7500	2e+11 0.516418
699	0.00699952	0	0	7500	2e+11 0.51649
700	0.00700952	0	0	7500	2e+11 0.51649
701	0.00701952	0	0	7500	2e+11 0.51637
702	0.00702952	0	0	7500	2e+11 0.51637
703	0.00703952	0	0	7500	2e+11 0.516466
704	0.00704952	0	0	7500	2e+11 0.516466
705	0.00705952	0	0	7500	2e+11 0.516442
706	0.00706952	0	0	7500	2e+11 0.516442
707	0.00707952	0	0	7500	2e+11 0.516442
708	0.00708952	0	0	7500	2e+11 0.516418
709	0.00709952	0	0	7500	2e+11 0.516538
710	0.00710952	0	0	7500	2e+11 0.516538
711	0.00711952	0	0	7500	2e+11 0.516442
712	0.00712952	0	0	7500	2e+11 0.516442
713	0.00713952	0	0	7500	2e+11 0.516442
714	0.00714952	0	0	7500	2e+11 0.516442
715	0.00715952	0	0	7500	2e+11 0.516394
716	0.00716952	0	0	7500	2e+11 0.516562
717	0.00717951	0	0	7500	2e+11 0.516562
718	0.00718951	0	0	7500	2e+11 0.516418
719	0.00719952	0	0	7500	2e+11 0.51649
720	0.00720951	0	0	7500	2e+11 0.51649
721	0.00721952	0	0	7500	2e+11 0.51649
722	0.00722951	-7.2862e-38	-1.41097e-41	7500	2e+11 0.51649
723	0.00723951	-2.8377e-37	-5.49519e-41	7500	2e+11 0.516442
724	0.00724951	-5.20947e-37	-1.00881e-40	7500	2e+11 0.516442
725	0.00725951	-6.84457e-37	-1.32545e-40	7500	2e+11 0.516442
726	0.00726951	-7.2362e-37	-1.40128e-40	7500	2e+11 0.516442
727	0.00727951	-1.44738e-36	-2.80284e-40	7500	2e+11 0.516442
728	0.00728951	-5.09531e-36	-9.86703e-40	7500	2e+11 0.516442
729	0.00729951	-1.81445e-35	-3.51366e-39	7500	2e+11 0.516418
730	0.00730951	-6.60742e-35	-1.27952e-38	7500	2e+11 0.516418
731	0.00731951	-1.74433e-34	-3.37789e-38	7500	2e+11 0.516514
732	0.00732951	-4.50711e-34	-8.72799e-38	7500	2e+11 0.516514
733	0.00733951	-9.8725e-34	-1.9118e-37	7500	2e+11 0.516322
734	0.00734952	-2.9568e-33	-5.72582e-37	7500	2e+11 0.51637
735	0.00735952	-1.08548e-32	-2.10203e-36	7500	2e+11 0.516418
736	0.00736952	-2.62453e-32	-5.08237e-36	7500	2e+11 0.51649
737	0.00737951	-8.42245e-32	-1.631e-35	7500	2e+11 0.51649
738	0.00738952	-1.9431e-31	-3.7628e-35	7500	2e+11 0.516322
739	0.00739952	-5.70685e-31	-1.10513e-34	7500	2e+11 0.51637
740	0.00740952	-1.45266e-30	-2.81306e-34	7500	2e+11 0.51637
741	0.00741952	-4.23084e-30	-8.19298e-34	7500	2e+11 0.516346
742	0.00742952	-1.0376e-29	-2.00931e-33	7500	2e+11 0.516346
743	0.00743952	-2.95954e-29	-5.73112e-33	7500	2e+11 0.516274
744	0.00744953	-6.75045e-29	-1.30722e-32	7500	2e+11 0.516274
745	0.00745953	-1.87479e-28	-3.63052e-32	7500	2e+11 0.516226
746	0.00746953	-4.65585e-28	-9.01601e-32	7500	2e+11 0.516226
747	0.00747954	-1.11557e-27	-2.16029e-31	7500	2e+11 0.516105
748	0.00748955	-3.45982e-27	-6.6999e-31	7500	2e+11 0.516129
749	0.00749955	-9.15658e-27	-1.77316e-30	7500	2e+11 0.516129
750	0.00750956	-3.46432e-26	-6.70863e-30	7500	2e+11 0.519466
751	0.0075195	-8.21837e-26	-1.59148e-29	7500	2e+11 0.519466
752	0.00752952	-2.88475e-25	-5.5863e-29	7500	2e+11 0.515841
753	0.00753953	-6.94156e-25	-1.34423e-28	7500	2e+11 0.516274
754	0.00754953	-2.23827e-24	-4.33438e-28	7500	2e+11 0.516274
755	0.00755954	-5.51485e-24	-1.06795e-27	7500	2e+11 0.516033
756	0.00756954	-1.58123e-23	-3.06204e-27	7500	2e+11 0.516346
757	0.00757955	-4.51415e-23	-8.74162e-27	7500	2e+11 0.516346
758	0.00758955	-1.08426e-22	-2.09966e-26	7500	2e+11 0.516177
759	0.00759955	-3.30305e-22	-6.39633e-26	7500	2e+11 0.516177
760	0.00760956	-8.19346e-22	-1.58666e-25	7500	2e+11 0.516298
761	0.00761956	-2.63993e-21	-5.11221e-25	7500	2e+11 0.516298
762	0.00762957	-5.67325e-21	-1.09862e-24	7500	2e+11 0.516442
763	0.00763956	-1.75628e-20	-3.40103e-24	7500	2e+11 0.516442
764	0.00764957	-5.8385e-20	-1.13062e-23	7500	2e+11 0.516538
765	0.00765957	-1.45125e-19	-2.81033e-23	7500	2e+11 0.516538
766	0.00766957	-4.17006e-19	-8.07529e-23	7500	2e+11 0.516346
767	0.00767957	-1.15755e-18	-2.24159e-22	7500	2e+11 0.516346
768	0.00768957	-3.4948e-18	-6.76764e-22	7500	2e+11 0.516346
769	0.00769957	-8.71084e-18	-1.68685e-21	7500	2e+11 0.516346
770	0.00770958	-2.26949e-17	-4.39485e-21	7500	2e+11 0.516442
771	0.00771958	-4.96246e-17	-9.60977e-21	7500	2e+11 0.516442
772	0.00772958	-2.06102e-16	-3.99115e-20	7500	2e+11 0.516346
773	0.00773958	-5.43834e-16	-1.05313e-19	7500	2e+11 0.516346
774	0.00774958	-1.70893e-15	-3.30932e-19	7500	2e+11 0.516394
775	0.00775958	-4.41484e-15	-8.54931e-19	7500	2e+11 0.516394
776	0.00776958	-1.55603e-14	-3.01324e-18	7500	2e+11 0.51637
777	0.00777958	-4.11769e-14	-7.97388e-18	7500	2e+11 0.51637
778	0.00778959	-1.02648e-13	-1.98777e-17	7500	2e+11 0.51649
779	0.00779958	-2.59819e-13	-5.03137e-17	7500	2e+11 0.51649
780	0.00780959	-6.89742e-13	-1.33568e-16	7500	2e+11 0.516201
781	0.00781965	-1.5798e-12	-3.05927e-16	7500	2e+11 0.51541
782	0.00782966	-4.38505e-12	-8.49161e-16	7500	2e+11 0.51637
783	0.00783966	-1.1964e-11	-2.31683e-15	7500	2e+11 0.51637
784	0.00784967	-3.05957e-11	-5.92484e-15	7500	2e+11 0.516466
785	0.00785966	-8.21395e-11	-1.59063e-14	7500	2e+11 0.516466
786	0.00786967	-2.49169e-10	-4.82513e-14	7500	2e+11 0.516514
787	0.00787966	-7.19724e-10	-1.39374e-13	7500	2e+11 0.516514
788	0.00788967	-2.03167e-09	-3.93431e-13	7500	2e+11 0.516466
789	0.00789967	-4.63757e-09	-8.98063e-13	7500	2e+11 0.516466
790	0.00790967	-1.36208e-08	-2.63765e-12	7500	2e+11 0.51661
791	0.00791967	-4.59071e-08	-8.88986e-12	7500	2e+11 0.51661
792	0.00792967	-1.20739e-07	-2.3381e-11	7500	2e+11 0.516466
793	0.00793967	-3.22124e-07	-6.23791e-11	7500	2e+11 0.516466
794	0.00794967	-7.05606e-07	-1.3664e-10	7500	2e+11 0.51661
795	0.00795967	-2.35509e-06	-4.56062e-10	7500	2e+11 0.51661
796	0.00796967	-6.54652e-06	-1.26773e-09	7500	2e+11 0.516322
797	0.00797968	-2.17757e-05	-4.21685e-09	7500	2e+11 0.516514
798	0.00798967	-5.80985e-05	-1.12507e-08	7500	2e+11 0.516514
799	0.00799967	-0.000167946	-3.25226e-08	7500	2e+11 0.516514
800	0.00800967	-0.000461805	-8.94281e-08	7500	2e+11 0.516466
801	0.00801967	-0.00121138	-2.34583e-07	7500	2e+11 0.516514
802	0.00802967	-0.00311579	-6.0337e-07	7500	2e+11 0.516514
803	0.00803967	-0.00807692	-1.56409e-06	7500	2e+11 0.516274
804	0.00804968	-0.0232846	-4.50904e-06	7500	2e+11 0.516418
805	0.00805968	-0.0549105	-1.06334e-05	7500	2e+11 0.516466
806	0.00806968	-0.129454	-2.50686e-05	7500	2e+11 0.516658
807	0.00807967	-0.407003	-7.88159e-05	7500	2e+11 0.516658
808	0.00808967	-1.08391	-0.000209899	7500	2e+11 0.516514
809	0.00809967	-2.9407	-0.000569465	7500	2e+11 0.51661
810	0.00810967	-5.87645	-0.00113797	7500	2e+11 0.517092
811	0.00811965	-9.66921	-0.00187243	7500	2e+11 0.517478
812	0.00812963	-14.0299	-0.00271688	7500	2e+11 0.517816
813	0.0081396	-18.6519	-0.00361193	7500	2e+11 0.5183
814	0.00814957	-23.2377	-0.00449997	7500	2e+11 0.518737
815	0.00815952	-27.611	-0.00534684	7500	2e+11 0.519028
816	0.00816947	-31.6334	-0.00612578	7500	2e+11 0.519953
817	0.0081794	-35.2017	-0.00681678	7500	2e+11 0.519953
818	0.00818934	-38.2537	-0.0074078	7500	2e+11 0.520148
819	0.00819926	-40.8256	-0.00790584	7500	2e+11 0.520539
820	0.00820918	-42.9345	-0.00831422	7500	2e+11 0.520783
821	0.0082191	-44.6312	-0.00864279	7500	2e+11 0.521126
822	0.00822901	-45.979	-0.0089038	7500	2e+11 0.521126
823	0.00823893	-47.0309	-0.00910749	7500	2e+11 0.521322
824	0.00824883	-47.8297	-0.00926217	7500	2e+11 0.521322
825	0.00825874	-48.4223	-0.00937694	7500	2e+11 0.521175
826	0.00826865	-48.8671	-0.00946307	7500	2e+11 0.52142
827	0.00827855	-49.1967	-0.0095269	7500	2e+11 0.52142
828	0.00828846	-49.4353	-0.0095731	7500	2e+11 0.521322
829	0.00829837	-49.6068	-0.00960631	7500	2e+11 0.521469
830	0.00830827	-49.7287	-0.00962992	7500	2e+11 0.521469
831	0.00831818	-49.815	-0.00964664	7500	2e+11 0.52142
832	0.00832808	-49.8746	-0.00965818	7500	2e+11 0.52142
833	0.00833799	-49.9156	-0.00966611	7500	2e+11 0.521371
834	0.00834789	-49.9433	-0.00967147	7500	2e+11 0.521714
835	0.00835779	-49.9619	-0.00967508	7500	2e+11 0.521763
836	0.00836769	-49.9743	-0.00967749	7500	2e+11 0.521763
837	0.0083776	-49.9825	-0.00967907	7500	2e+11 0.521665
838	0.0083875	-49.988	-0.00968013	7500	2e+11 0.521665
839	0.00839741	-49.9915	-0.0096808	7500	2e+11 0.521322
840	0.00840731	-49.9937	-0.00968124	7500	2e+11 0.521567
841	0.00841721	-49.9951	-0.00968151	7500	2e+11 0.521567
842	0.00842712	-49.996	-0.00968169	7500	2e+11 0.521567
843	0.00843702	-49.9966	-0.00968179	7500	2e+11 0.521567
844	0.00844692	-49.9969	-0.00968186	7500	2e+11 0.52142
845	0.00845683	-49.9971	-0.00968189	7500	2e+11 0.521469
846	0.00846673	-49.9972	-0.00968191	7500	2e+11 0.521469
847	0.00847663	-49.9973	-0.00968193	7500	2e+11 0.52142
848	0.00848654	-49.9973	-0.00968194	7500	2e+11 0.52142
849	0.00849644	-49.9974	-0.00968195	7500	2e+11 0.521469
850	0.00850635	-49.9974	-0.00968195	7500	2e+11 0.521469
851	0.00851625	-49.9974	-0.00968195	7500	2e+11 0.521518
852	0.00852615	-49.9974	-0.00968195	7500	2e+11 0.521518
853	0.00853606	-49.9974	-0.00968195	7500	2e+11 0.521567
854	0.00854596	-49.9974	-0.00968195	7500	2e+11 0.521567
855	0.00855586	-49.9974	-0.00968195	7500	2e+11 0.521518
856	0.00856577	-49.9974	-0.00968195	7500	2e+11 0.521518
857	0.00857567	-49.9974	-0.00968195	7500	2e+11 0.521371
858	0.00858558	-49.9974	-0.00968195	7500	2e+11 0.52142
859	0.00859548	-49.9974	-0.00968195	7500	2e+11 0.521469
860	0.00860538	-49.9974	-0.00968195	7500	2e+11 0.521518
861	0.00861529	-49.9974	-0.00968195	7500	2e+11 0.521518
862	0.00862519	-49.9974	-0.00968195	7500	2e+11 0.521469
863	0.00863509	-49.9974	-0.00968195	7500	2e+11 0.52142
864	0.008645	-49.9974	-0.00968195	7500	2e+11 0.52142
865	0.0086549	-49.9974	-0.00968195	7500	2e+11 0.52142
866	0.00866481	-49.9974	-0.00968195	7500	2e+11 0.521518
867	0.00867471	-49.9974	-0.00968195	7500	2e+11 0.521518
868	0.00868461	-49.9974	-0.00968195	7500	2e+11 0.521518
869	0.00869451	-49.9974	-0.00968195	7500	2e+11 0.521469
870	0.00870442	-49.9974	-0.00968195	7500	2e+11 0.521469
871	0.00871432	-49.9974	-0.00968195	7500	2e+11 0.521469
872	0.00872423	-49.9974	-0.00968195	7500	2e+11 0.521567
873	0.00873413	-49.9974	-0.00968195	7500	2e+11 0.521616
874	0.00874403	-49.9974	-0.00968195	7500	2e+11 0.521616
875	0.00875393	-49.9974	-0.00968195	7500	2e+11 0.521469
876	0.00876384	-49.9974	-0.00968195	7500	2e+11 0.521469
877	0.00877374	-49.9974	-0.00968195	7500	2e+11 0.521616
878	0.00878364	-49.9974	-0.00968195	7500	2e+11 0.521616
879	0.00879355	-49.9974	-0.00968195	7500	2e+11 0.521371
880	0.00880345	-49.9974	-0.00968195	7500	2e+11 0.521371
881	0.00881336	-49.9974	-0.00968195	7500	2e+11 0.521371
882	0.00882327	-49.9974	-0.00968195	7500	2e+11 0.521861
883	0.00883316	-49.9974	-0.00968195	7500	2e+11 0.521861
884	0.00884306	-49.9974	-0.00968195	7500	2e+11 0.521469
885	0.00885297	-49.9974	-0.00968195	7500	2e+11 0.521469
886	0.00886287	-49.9974	-0.00968195	7500	2e+11 0.521469
887	0.00887278	-49.9974	-0.00968195	7500	2e+11 0.521322
888	0.00888268	-49.9974	-0.00968195	7500	2e+11 0.521616
889	0.00889258	-49.9974	-0.00968195	7500	2e+11 0.521616
890	0.00890249	-49.9974	-0.00968195	7500	2e+11 0.521469
891	0.00891239	-49.9974	-0.00968195	7500	2e+11 0.521371
892	0.0089223	-49.9974	-0.00968195	7500	2e+11 0.521469
893	0.0089322	-49.9973	-0.00968195	7500	2e+11 0.521665
894	0.0089421	-49.9973	-0.00968195	7500	2e+11 0.521665
895	0.008952	-49.9973	-0.00968194	7500	2e+11 0.521469
896	0.00896191	-49.9973	-0.00968194	7500	2e+11 0.521469
897	0.00897182	-49.9973	-0.00968193	7500	2e+11 0.521273
898	0.00898172	-49.9971	-0.0096819	7500	2e+11 0.521469
899	0.00899163	-49.9968	-0.00968183	7500	2e+11 0.521469
900	0.00900153	-49.9956	-0.0096816	7500	2e+11 0.521616
901	0.00901143	-49.993	-0.0096811	7500	2e+11 0.521665
902	0.00902133	-49.9853	-0.00967962	7500	2e+11 0.521665
903	0.00903123	-49.9668	-0.00967602	7500	2e+11 0.521518
904	0.00904114	-49.8978	-0.00966267	7500	2e+11 0.521616
905	0.00905104	-49.7761	-0.00963911	7500	2e+11 0.521616
906	0.00906094	-49.2128	-0.00953002	7500	2e+11 0.521273
907	0.00907085	-48.0812	-0.00931089	7500	2e+11 0.521175
908	0.00908076	-46.3543	-0.00897647	7500	2e+11 0.521126
909	0.00909067	-44.1466	-0.00854896	7500	2e+11 0.521126
910	0.00910059	-41.5091	-0.0080382	7500	2e+11 0.520685
911	0.00911051	-38.5423	-0.00746368	7500	2e+11 0.520539
912	0.00912044	-35.3711	-0.00684959	7500	2e+11 0.52005
913	0.00913038	-32.0758	-0.00621145	7500	2e+11 0.519758
914	0.00914031	-28.7377	-0.00556503	7500	2e+11 0.519612
915	0.00915026	-25.4314	-0.00492478	7500	2e+11 0.519077
916	0.00916021	-22.2349	-0.00430577	7500	2e+11 0.519028
917	0.00917017	-19.1957	-0.00371723	7500	2e+11 0.518446
918	0.00918014	-16.3765	-0.0031713	7500	2e+11 0.518107
919	0.00919011	-13.7919	-0.0026708	7500	2e+11 0.518107
920	0.00920008	-11.467	-0.00222057	7500	2e+11 0.517816
921	0.00921006	-9.43416	-0.00182692	7500	2e+11 0.517478
922	0.00922004	-7.67436	-0.00148613	7500	2e+11 0.517333
923	0.00923002	-6.16257	-0.00119338	7500	2e+11 0.517237
924	0.00924002	-4.87781	-0.000944583	7500	2e+11 0.516947
925	0.00925001	-3.80874	-0.000737559	7500	2e+11 0.516947
926	0.00926	-2.94438	-0.000570176	7500	2e+11 0.516803
927	0.00926999	-2.24765	-0.000435255	7500	2e+11 0.516803
928	0.00927999	-1.69419	-0.000328079	7500	2e+11 0.516658
929	0.00928999	-1.26365	-0.000244704	7500	2e+11 0.516658
930	0.00929999	-0.930701	-0.00018023	7500	2e+11 0.516562
931	0.00930999	-0.677863	-0.000131268	7500	2e+11 0.516562
932	0.00931998	-0.487276	-9.43606e-05	7500	2e+11 0.516514
933	0.00932998	-0.3466	-6.71188e-05	7500	2e+11 0.516514
934	0.00933998	-0.244306	-4.73097e-05	7500	2e+11 0.516514
935	0.00934999	-0.170382	-3.29943e-05	7500	2e+11 0.516466
936	0.00935999	-0.117355	-2.27257e-05	7500	2e+11 0.516466
937	0.00936999	-0.0797782	-1.5449e-05	7500	2e+11 0.516514
938	0.00937998	-0.0536477	-1.03888e-05	7500	2e+11 0.516514
939	0.00938999	-0.0356921	-6.91174e-06	7500	2e+11 0.516322
940	0.00939999	-0.0235047	-4.55166e-06	7500	2e+11 0.516418
941	0.00940999	-0.0154236	-2.98677e-06	7500	2e+11 0.516514
942	0.00941999	-0.00998342	-1.93328e-06	7500	2e+11 0.516514
943	0.00942999	-0.00640154	-1.23965e-06	7500	2e+11 0.516562
944	0.00943998	-0.00405995	-7.86206e-07	7500	2e+11 0.516562
945	0.00944998	-0.00255751	-4.9526e-07	7500	2e+11 0.51637
946	0.00945999	-0.00160742	-3.11276e-07	7500	2e+11 0.516274
947	0.00946999	-0.00100114	-1.9387e-07	7500	2e+11 0.516466
948	0.00947999	-0.000616795	-1.19442e-07	7500	2e+11 0.516466
949	0.00948999	-0.000377852	-7.31707e-08	7500	2e+11 0.516466
950	0.00949999	-0.000230265	-4.45907e-08	7500	2e+11 0.516322
951	0.00950999	-0.000139051	-2.6927e-08	7500	2e+11 0.51661
952	0.00951999	-8.30751e-05	-1.60874e-08	7500	2e+11 0.51661
953	0.00952999	-4.85736e-05	-9.40624e-09	7500	2e+11 0.51637
954	0.00954	-2.78426e-05	-5.3917e-09	7500	2e+11 0.516755
955	0.00954999	-1.56429e-05	-3.02924e-09	7500	2e+11 0.516755
956	0.00955999	-8.58619e-06	-1.66271e-09	7500	2e+11 0.51661
957	0.00956999	-4.57599e-06	-8.86137e-10	7500	2e+11 0.51661
958	0.00957999	-2.36551e-06	-4.58079e-10	7500	2e+11 0.51637
959	0.00959	-1.18351e-06	-2.29187e-10	7500	2e+11 0.516562
960	0.00959999	-5.71676e-07	-1.10705e-10	7500	2e+11 0.516562
961	0.00960999	-2.67282e-07	-5.1759e-11	7500	2e+11 0.516322
962	0.00962	-1.19871e-07	-2.32128e-11	7500	2e+11 0.51661
963	0.00962999	-5.14331e-08	-9.95997e-12	7500	2e+11 0.51661
964	0.00963999	-2.16299e-08	-4.18862e-12	7500	2e+11 0.516514
965	0.00964999	-8.8866e-09	-1.72088e-12	7500	2e+11 0.516514
966	0.00966	-3.43274e-09	-6.64748e-13	7500	2e+11 0.516514
967	0.00967	-1.25798e-09	-2.43606e-13	7500	2e+11 0.516514
968	0.00968	-4.58511e-10	-8.87902e-14	7500	2e+11 0.516755
969	0.00968999	-1.59793e-10	-3.09439e-14	7500	2e+11 0.516755
970	0.0097	-5.36135e-11	-1.03822e-14	7500	2e+11 0.51637
971	0.00971	-1.70579e-11	-3.30324e-15	7500	2e+11 0.51661
972	0.00971999	-5.37541e-12	-1.04094e-15	7500	2e+11 0.51661
973	0.00972999	-1.62648e-12	-3.14967e-16	7500	2e+11 0.516466
974	0.00974	-4.79189e-13	-9.27945e-17	7500	2e+11 0.516755
975	0.00974999	-1.34516e-13	-2.60489e-17	7500	2e+11 0.516755
976	0.00976	-3.66965e-14	-7.10624e-18	7500	2e+11 0.516562
977	0.00976999	-9.54216e-15	-1.84783e-18	7500	2e+11 0.516562
978	0.00978	-2.41008e-15	-4.66711e-19	7500	2e+11 0.516226
979	0.00979	-6.10585e-16	-1.18239e-19	7500	2e+11 0.516466
980	0.0098	-1.41165e-16	-2.73364e-20	7500	2e+11 0.516466
981	0.00981	-3.12657e-17	-6.05457e-21	7500	2e+11 0.516418
982	0.00982	-6.517e-18	-1.26201e-21	7500	2e+11 0.51637
983	0.00983	-1.42056e-18	-2.75089e-22	7500	2e+11 0.516562
984	0.00984	-2.89544e-19	-5.60699e-23	7500	2e+11 0.516562
985	0.00985	-5.59964e-20	-1.08436e-23	7500	2e+11 0.516274
986	0.00986001	-1.0942e-20	-2.1189e-24	7500	2e+11 0.516947
987	0.00987	-2.15591e-21	-4.17491e-25	7500	2e+11 0.516947
988	0.00987999	-4.16617e-22	-8.06775e-26	7500	2e+11 0.516803
989	0.00988999	-7.47374e-23	-1.44728e-26	7500	2e+11 0.516803
990	0.0099	-1.35263e-23	-2.61936e-27	7500	2e+11 0.516418
991	0.00991	-2.25239e-24	-4.36174e-28	7500	2e+11 0.516418
992	0.00992	-3.79024e-25	-7.33976e-29	7500	2e+11 0.51661
993	0.00993	-6.03054e-26	-1.16781e-29	7500	2e+11 0.516658
994	0.00993999	-1.03683e-26	-2.00782e-30	7500	2e+11 0.516658
995	0.00995	-1.79123e-27	-3.46871e-31	7500	2e+11 0.516322
996	0.00996	-3.00172e-28	-5.8128e-32	7500	2e+11 0.51661
997	0.00996999	-4.73576e-29	-9.17075e-33	7500	2e+11 0.51661
998	0.00998	-7.31641e-30	-1.41683e-33	7500	2e+11 0.516514
999	0.00999	-1.2323e-30	-2.3869e-34	7500	2e+11 0.516514
1000	0.01	0	-3.38662e-37	7500	2e+11 0.516322
