0	0	-7.27596e-12	4.01242e-05	1	1 -2.00621e-05 2.00621e-05
1	0.01	-1.82225e-06	-4.00981e-05	1	1 1.91379e-05 -2.09602e-05
2	0.02	3.64026e-06	4.00197e-05	1	1 -1.81897e-05 2.183e-05
3	0.03	-5.44988e-06	-3.98892e-05	1	1 1.72197e-05 -2.26695e-05
4	0.04	7.24689e-06	3.97064e-05	1	1 -1.62298e-05 2.34767e-05
5	0.05	-9.0271e-06	-3.94715e-05	1	1 1.52222e-05 -2.42493e-05
6	0.06	1.07864e-05	3.91844e-05	1	1 -1.4199e-05 2.49854e-05
7	0.07	-1.25207e-05	-3.88452e-05	1	1 1.31622e-05 -2.5683e-05
8	0.08	1.4226e-05	3.84539e-05	1	1 -1.2114e-05 2.634e-05
9	0.09	-1.58983e-05	-3.80106e-05	1	1 1.10562e-05 -2.69545e-05
10	0.1	1.75337e-05	3.75154e-05	1	1 -9.99089e-06 2.75245e-05
11	0.11	0.00821743	-0.00827352	1	1 0.00824547 -2.8044e-05
12	0.12	0.0114531	-0.011396	1	1 0.0114245 2.85292e-05
13	0.13	0.00883434	-0.00889224	1	1 0.00886329 -2.89492e-05
14	0.14	0.0109162	-0.0108576	1	1 0.0108869 2.93208e-05
15	0.15	0.0092989	-0.00935819	1	1 0.00932855 -2.9644e-05
16	0.16	0.0105168	-0.010457	1	1 0.0104869 2.99113e-05
17	0.17	0.00963983	-0.00970007	1	1 0.00966995 -3.01208e-05
18	0.18	0.0102283	-0.0101677	1	1 0.010198 3.02754e-05
19	0.19	0.00988152	-0.00994225	1	1 0.00991188 -3.03686e-05
20	0.2	0.0100283	-0.00996751	1	1 0.0099979 3.03937e-05
21	0.21	0.00180799	-0.00186874	1	1 0.00183837 -3.03716e-05
22	0.22	-0.00153447	0.00159503	1	1 -0.00156475 3.02811e-05
23	0.23	0.00128962	-0.00134988	1	1 0.00131975 -3.01285e-05
24	0.24	-0.00107113	0.00113096	1	1 -0.00110105 2.99114e-05
25	0.25	0.000876815	-0.000936075	1	1 0.000906445 -2.963e-05
26	0.26	-0.000704636	0.000763204	1	1 -0.00073392 2.9284e-05
27	0.27	0.000552705	-0.000610451	1	1 0.000581578 -2.88727e-05
28	0.28	-0.00041926	0.000476052	1	1 -0.000447656 2.83961e-05
29	0.29	0.000302664	-0.000358372	1	1 0.000330518 -2.7854e-05
30	0.3	-0.000201395	0.000255888	1	1 -0.000228641 2.72465e-05
31	0.31	0.00011404	-0.000167189	1	1 0.000140615 -2.65742e-05
32	0.32	-3.92918e-05	9.09661e-05	1	1 -6.5129e-05 2.58371e-05
33	0.33	-2.40643e-05	-2.60082e-05	1	1 9.71904e-07 -2.50363e-05
34	0.34	7.71503e-05	-2.88058e-05	1	1 5.29781e-05 2.41722e-05
35	0.35	-0.000121004	7.45114e-05	1	1 -9.77574e-05 -2.32461e-05
36	0.36	0.000156581	-0.000112064	1	1 0.000134322 2.22588e-05
37	0.37	-0.000184767	0.000142343	1	1 -0.000163555 -2.12121e-05
38	0.38	0.000206373	-0.000166159	1	1 0.000186266 2.01071e-05
39	0.39	-0.000222147	0.000184255	1	1 -0.000203201 -1.89459e-05
40	0.4	0.000232776	-0.000197316	1	1 0.000215046 1.77302e-05
41	0.41	-0.000238889	0.000205965	1	1 -0.000222427 -1.64623e-05
42	0.42	0.000241062	-0.000210773	1	1 0.000225918 1.51446e-05
43	0.43	-0.000239821	0.000212262	1	1 -0.000226042 -1.37795e-05
44	0.44	0.000235646	-0.000210907	1	1 0.000223276 1.23697e-05
45	0.45	-0.000228973	0.000207137	1	1 -0.000218055 -1.09184e-05
46	0.46	0.0002202	-0.000201342	1	1 0.000210771 9.42872e-06
47	0.47	-0.000209684	0.000193877	1	1 -0.00020178 -7.90393e-06
48	0.48	0.000197752	-0.000185056	1	1 0.000191404 6.34771e-06
49	0.49	-0.000184694	0.000175167	1	1 -0.000179931 -4.76379e-06
50	0.5	0.000170775	-0.000164463	1	1 0.000167619 3.15616e-06
51	0.51	-0.000156229	0.000153171	1	1 -0.0001547 -1.52906e-06
52	0.52	0.000141267	-0.000141493	1	1 0.00014138 -1.13214e-07
53	0.53	-0.000126074	0.000129606	1	1 -0.00012784 1.76595e-06
54	0.54	0.000110816	-0.000117665	1	1 0.000114241 -3.42458e-06
55	0.55	-9.56379e-05	0.000105806	1	1 -0.000100722 5.08407e-06
56	0.56	8.06662e-05	-9.41448e-05	1	1 8.74055e-05 -6.7393e-06
57	0.57	-6.60112e-05	8.27814e-05	1	1 -7.43963e-05 8.38508e-06
58	0.58	5.1768e-05	-7.18e-05	1	1 6.1784e-05 -1.0016e-05
59	0.59	-3.80173e-05	6.12702e-05	1	1 -4.96437e-05 1.16264e-05
60	0.6	2.48275e-05	-5.1249e-05	1	1 3.80382e-05 -1.32108e-05
61	0.61	-1.22551e-05	4.17815e-05	1	1 -2.70183e-05 1.47632e-05
62	0.62	3.46477e-07	-3.29021e-05	1	1 1.66243e-05 -1.62778e-05
63	0.63	1.08617e-05	2.46356e-05	1	1 -6.88693e-06 1.77487e-05
64	0.64	-2.13413e-05	-1.69979e-05	1	1 -2.17172e-06 -1.91696e-05
65	0.65	3.10718e-05	9.99741e-06	1	1 1.05372e-05 2.05346e-05
66	0.66	-4.00395e-05	-3.63543e-06	1	1 -1.8202e-05 -2.18375e-05
67	0.67	4.82368e-05	-2.09298e-06	1	1 2.51649e-05 2.30719e-05
68	0.68	-5.56619e-05	7.19816e-06	1	1 -3.143e-05 -2.42319e-05
69	0.69	6.23175e-05	-1.16953e-05	1	1 3.70064e-05 2.53111e-05
70	0.7	-6.82107e-05	1.56036e-05	1	1 -4.19071e-05 -2.63035e-05
71	0.71	7.33522e-05	-1.8946e-05	1	1 4.61491e-05 2.72031e-05
72	0.72	-7.7756e-05	2.17485e-05	1	1 -4.97523e-05 -2.80037e-05
73	0.73	8.1439e-05	-2.40396e-05	1	1 5.27393e-05 2.86997e-05
74	0.74	-8.44203e-05	2.58498e-05	1	1 -5.5135e-05 -2.92852e-05
75	0.75	8.67211e-05	-2.72115e-05	1	1 5.69663e-05 2.97548e-05
76	0.76	-8.83644e-05	2.81583e-05	1	1 -5.82613e-05 -3.0103e-05
77	0.77	8.93744e-05	-2.87246e-05	1	1 5.90495e-05 3.03249e-05
78	0.78	-8.97764e-05	2.89454e-05	1	1 -5.93609e-05 -3.04155e-05
79	0.79	8.9597e-05	-2.88562e-05	1	1 5.92266e-05 3.03704e-05
80	0.8	-8.8863e-05	2.84924e-05	1	1 -5.86777e-05 -3.01853e-05
81	0.81	8.76018e-05	-2.78891e-05	1	1 5.77455e-05 2.98564e-05
82	0.82	-8.58413e-05	2.70809e-05	1	1 -5.64611e-05 -2.93802e-05
83	0.83	8.36095e-05	-2.61018e-05	1	1 5.48556e-05 2.87538e-05
84	0.84	-8.09343e-05	2.49849e-05	1	1 -5.29596e-05 -2.79747e-05
85	0.85	7.78438e-05	-2.3762e-05	1	1 5.08029e-05 2.70409e-05
86	0.86	-7.43659e-05	2.24641e-05	1	1 -4.8415e-05 -2.59509e-05
87	0.87	7.05282e-05	-2.11204e-05	1	1 4.58243e-05 2.47039e-05
88	0.88	-6.63583e-05	1.97588e-05	1	1 -4.30585e-05 -2.32997e-05
89	0.89	6.18833e-05	-1.84055e-05	1	1 4.01444e-05 2.17389e-05
90	0.9	-5.71301e-05	1.7085e-05	1	1 -3.71076e-05 -2.00226e-05
91	0.91	5.21254e-05	-1.582e-05	1	1 3.39727e-05 1.81527e-05
92	0.92	-4.68952e-05	1.46312e-05	1	1 -3.07632e-05 -1.6132e-05
93	0.93	4.14657e-05	-1.35374e-05	1	1 2.75015e-05 1.39642e-05
94	0.94	-3.58624e-05	1.25551e-05	1	1 -2.42087e-05 -1.16536e-05
95	0.95	3.01108e-05	-1.16991e-05	1	1 2.09049e-05 9.20584e-06
96	0.96	-2.42359e-05	1.09816e-05	1	1 -1.76087e-05 -6.62715e-06
97	0.97	1.82627e-05	-1.0413e-05	1	1 1.43378e-05 3.92488e-06
98	0.98	-1.2216e-05	1.0001e-05	1	1 -1.11085e-05 -1.10748e-06
99	0.99	6.12021e-06	-9.75157e-06	1	1 7.93589e-06 -1.81568e-06
100	1	-4.54747e-13	9.66807e-06	1	1 -4.83403e-06 4.83403e-06
