0	0	0	0	7500	2e+11 0.516398
1	1e-05	0	0	7500	2e+11 0.516398
2	2e-05	0	0	7500	2e+11 0.516398
3	3e-05	0	0	7500	2e+11 0.516398
4	4e-05	0	0	7500	2e+11 0.516398
5	5e-05	0	0	7500	2e+11 0.516398
6	6e-05	0	0	7500	2e+11 0.516398
7	7e-05	0	0	7500	2e+11 0.516398
8	8e-05	0	0	7500	2e+11 0.516398
9	9e-05	0	0	7500	2e+11 0.516398
10	0.0001	0	0	7500	2e+11 0.516398
11	0.00011	0	0	7500	2e+11 0.516398
12	0.00012	0	0	7500	2e+11 0.516398
13	0.00013	0	0	7500	2e+11 0.516398
14	0.00014	0	0	7500	2e+11 0.516398
15	0.00015	0	0	7500	2e+11 0.516398
16	0.00016	0	0	7500	2e+11 0.516398
17	0.00017	0	0	7500	2e+11 0.516398
18	0.00018	0	0	7500	2e+11 0.516398
19	0.00019	0	0	7500	2e+11 0.516398
20	0.0002	0	0	7500	2e+11 0.516398
21	0.00021	0	0	7500	2e+11 0.516398
22	0.00022	0	0	7500	2e+11 0.516398
23	0.00023	0	0	7500	2e+11 0.516398
24	0.00024	0	0	7500	2e+11 0.516398
25	0.00025	0	0	7500	2e+11 0.516398
26	0.00026	0	0	7500	2e+11 0.516398
27	0.00027	0	0	7500	2e+11 0.516398
28	0.00028	0	0	7500	2e+11 0.516398
29	0.00029	0	0	7500	2e+11 0.516398
30	0.0003	0	0	7500	2e+11 0.516398
31	0.00031	0	0	7500	2e+11 0.516398
32	0.00032	0	0	7500	2e+11 0.516398
33	0.00033	0	0	7500	2e+11 0.516398
34	0.00034	0	0	7500	2e+11 0.516398
35	0.00035	0	0	7500	2e+11 0.516398
36	0.00036	0	0	7500	2e+11 0.516398
37	0.00037	0	0	7500	2e+11 0.516398
38	0.00038	0	0	7500	2e+11 0.516398
39	0.00039	0	0	7500	2e+11 0.516398
40	0.0004	0	0	7500	2e+11 0.516398
41	0.00041	0	0	7500	2e+11 0.516398
42	0.00042	0	0	7500	2e+11 0.516398
43	0.00043	0	0	7500	2e+11 0.516398
44	0.00044	0	0	7500	2e+11 0.516398
45	0.00045	0	0	7500	2e+11 0.516398
46	0.00046	0	0	7500	2e+11 0.516398
47	0.00047	0	0	7500	2e+11 0.516398
48	0.00048	0	0	7500	2e+11 0.516398
49	0.00049	0	0	7500	2e+11 0.5164
50	0.0005	0	0	7500	2e+11 0.5164
51	0.00051	0	0	7500	2e+11 0.516397
52	0.00052	0	0	7500	2e+11 0.5164
53	0.00053	0	0	7500	2e+11 0.5164
54	0.00054	0	0	7500	2e+11 0.516397
55	0.00055	0	0	7500	2e+11 0.5164
56	0.00056	0	0	7500	2e+11 0.5164
57	0.00057	0	0	7500	2e+11 0.516397
58	0.00058	0	0	7500	2e+11 0.516397
59	0.00059	0	0	7500	2e+11 0.5164
60	0.0006	0	0	7500	2e+11 0.5164
61	0.00061	0	0	7500	2e+11 0.516397
62	0.00062	0	0	7500	2e+11 0.5164
63	0.00063	0	0	7500	2e+11 0.5164
64	0.00064	0	0	7500	2e+11 0.516397
65	0.00065	0	0	7500	2e+11 0.5164
66	0.00066	0	0	7500	2e+11 0.5164
67	0.00067	0	0	7500	2e+11 0.516397
68	0.00068	0	0	7500	2e+11 0.5164
69	0.00069	0	0	7500	2e+11 0.5164
70	0.0007	0	0	7500	2e+11 0.516397
71	0.00071	0	0	7500	2e+11 0.516397
72	0.00072	0	0	7500	2e+11 0.5164
73	0.00073	0	0	7500	2e+11 0.5164
74	0.00074	0	0	7500	2e+11 0.516397
75	0.00075	0	0	7500	2e+11 0.5164
76	0.00076	0	0	7500	2e+11 0.5164
77	0.00077	0	0	7500	2e+11 0.516397
78	0.00078	0	0	7500	2e+11 0.5164
79	0.00079	0	0	7500	2e+11 0.5164
80	0.0008	0	0	7500	2e+11 0.516397
81	0.00081	0	0	7500	2e+11 0.5164
82	0.00082	0	0	7500	2e+11 0.5164
83	0.00083	0	0	7500	2e+11 0.516397
84	0.00084	0	0	7500	2e+11 0.5164
85	0.00085	0	0	7500	2e+11 0.5164
86	0.00086	0	0	7500	2e+11 0.516397
87	0.00087	0	0	7500	2e+11 0.5164
88	0.00088	0	0	7500	2e+11 0.5164
89	0.00089	0	0	7500	2e+11 0.516397
90	0.0009	0	0	7500	2e+11 0.516397
91	0.00091	0	0	7500	2e+11 0.5164
92	0.00092	0	0	7500	2e+11 0.5164
93	0.00093	0	0	7500	2e+11 0.516397
94	0.00094	0	0	7500	2e+11 0.5164
95	0.00095	0	0	7500	2e+11 0.5164
96	0.00096	0	0	7500	2e+11 0.516397
97	0.00097	0	0	7500	2e+11 0.516397
98	0.00098	0	0	7500	2e+11 0.5164
99	0.00099	0	0	7500	2e+11 0.5164
100	0.001	0	0	7500	2e+11 0.5164
101	0.00101	0	0	7500	2e+11 0.5164
102	0.00102	0	0	7500	2e+11 0.5164
103	0.00103	0	0	7500	2e+11 0.5164
104	0.00104	0	0	7500	2e+11 0.5164
105	0.00105	0	0	7500	2e+11 0.5164
106	0.00106	0	0	7500	2e+11 0.5164
107	0.00107	0	0	7500	2e+11 0.5164
108	0.00108	0	0	7500	2e+11 0.5164
109	0.00109	0	0	7500	2e+11 0.5164
110	0.0011	0	0	7500	2e+11 0.5164
111	0.00111	0	0	7500	2e+11 0.5164
112	0.00112	0	0	7500	2e+11 0.5164
113	0.00113	0	0	7500	2e+11 0.5164
114	0.00114	0	0	7500	2e+11 0.5164
115	0.00115	0	0	7500	2e+11 0.5164
116	0.00116	0	0	7500	2e+11 0.5164
117	0.00117	0	0	7500	2e+11 0.5164
118	0.00118	0	0	7500	2e+11 0.5164
119	0.00119	0	0	7500	2e+11 0.5164
120	0.0012	0	0	7500	2e+11 0.5164
121	0.00121	0	0	7500	2e+11 0.5164
122	0.00122	0	0	7500	2e+11 0.5164
123	0.00123	0	0	7500	2e+11 0.5164
124	0.00124	0	0	7500	2e+11 0.5164
125	0.00125	0	0	7500	2e+11 0.5164
126	0.00126	0	0	7500	2e+11 0.5164
127	0.00127	0	0	7500	2e+11 0.5164
128	0.00128	0	0	7500	2e+11 0.5164
129	0.00129	0	0	7500	2e+11 0.5164
130	0.0013	0	0	7500	2e+11 0.5164
131	0.00131	0	0	7500	2e+11 0.5164
132	0.00132	0	0	7500	2e+11 0.5164
133	0.00133	0	0	7500	2e+11 0.5164
134	0.00134	0	0	7500	2e+11 0.5164
135	0.00135	0	0	7500	2e+11 0.5164
136	0.00136	0	0	7500	2e+11 0.5164
137	0.00137	0	0	7500	2e+11 0.5164
138	0.00138	0	0	7500	2e+11 0.5164
139	0.00139	0	0	7500	2e+11 0.5164
140	0.0014	0	0	7500	2e+11 0.5164
141	0.00141	0	0	7500	2e+11 0.5164
142	0.00142	0	0	7500	2e+11 0.5164
143	0.00143	0	0	7500	2e+11 0.5164
144	0.00144	0	0	7500	2e+11 0.5164
145	0.00145	0	0	7500	2e+11 0.5164
146	0.00146	0	0	7500	2e+11 0.5164
147	0.00147	0	0	7500	2e+11 0.5164
148	0.00148	0	0	7500	2e+11 0.5164
149	0.00149	0	0	7500	2e+11 0.5164
150	0.0015	0	0	7500	2e+11 0.5164
151	0.00151	0	0	7500	2e+11 0.5164
152	0.00152	0	0	7500	2e+11 0.5164
153	0.00153	0	0	7500	2e+11 0.5164
154	0.00154	0	0	7500	2e+11 0.5164
155	0.00155	0	0	7500	2e+11 0.5164
156	0.00156	0	0	7500	2e+11 0.5164
157	0.00157	0	0	7500	2e+11 0.5164
158	0.00158	0	0	7500	2e+11 0.5164
159	0.00159	0	0	7500	2e+11 0.5164
160	0.0016	0	0	7500	2e+11 0.5164
161	0.00161	0	0	7500	2e+11 0.5164
162	0.00162	0	0	7500	2e+11 0.5164
163	0.00163	0	0	7500	2e+11 0.5164
164	0.00164	0	0	7500	2e+11 0.5164
165	0.00165	0	0	7500	2e+11 0.5164
166	0.00166	0	0	7500	2e+11 0.5164
167	0.00167	0	0	7500	2e+11 0.5164
168	0.00168	0	0	7500	2e+11 0.5164
169	0.00169	0	0	7500	2e+11 0.5164
170	0.0017	0	0	7500	2e+11 0.5164
171	0.00171	0	0	7500	2e+11 0.5164
172	0.00172	0	0	7500	2e+11 0.5164
173	0.00173	0	0	7500	2e+11 0.5164
174	0.00174	0	0	7500	2e+11 0.5164
175	0.00175	0	0	7500	2e+11 0.5164
176	0.00176	0	0	7500	2e+11 0.5164
177	0.00177	0	0	7500	2e+11 0.5164
178	0.00178	0	0	7500	2e+11 0.5164
179	0.00179	0	0	7500	2e+11 0.5164
180	0.0018	0	0	7500	2e+11 0.5164
181	0.00181	0	0	7500	2e+11 0.5164
182	0.00182	0	0	7500	2e+11 0.5164
183	0.00183	0	0	7500	2e+11 0.5164
184	0.00184	0	0	7500	2e+11 0.5164
185	0.00185	0	0	7500	2e+11 0.5164
186	0.00186	0	0	7500	2e+11 0.5164
187	0.00187	0	0	7500	2e+11 0.5164
188	0.00188	0	0	7500	2e+11 0.5164
189	0.00189	0	0	7500	2e+11 0.5164
190	0.0019	0	0	7500	2e+11 0.5164
191	0.00191	0	0	7500	2e+11 0.5164
192	0.00192	0	0	7500	2e+11 0.5164
193	0.00193	0	0	7500	2e+11 0.5164
194	0.00194	0	0	7500	2e+11 0.5164
195	0.00195	0	0	7500	2e+11 0.5164
196	0.00196	0	0	7500	2e+11 0.516406
197	0.00197	0	0	7500	2e+11 0.516406
198	0.00198	0	0	7500	2e+11 0.516394
199	0.00199	0	0	7500	2e+11 0.516406
200	0.002	0	0	7500	2e+11 0.516406
201	0.00201	0	0	7500	2e+11 0.516394
202	0.00202	0	0	7500	2e+11 0.516406
203	0.00203	0	0	7500	2e+11 0.516406
204	0.00204	0	0	7500	2e+11 0.516394
205	0.00205	0	0	7500	2e+11 0.516406
206	0.00206	0	0	7500	2e+11 0.516406
207	0.00207	0	0	7500	2e+11 0.516394
208	0.00208	0	0	7500	2e+11 0.516406
209	0.00209	0	0	7500	2e+11 0.516406
210	0.0021	0	0	7500	2e+11 0.516394
211	0.00211	0	0	7500	2e+11 0.516406
212	0.00212	0	0	7500	2e+11 0.516406
213	0.00213	0	0	7500	2e+11 0.516394
214	0.00214	0	0	7500	2e+11 0.516406
215	0.00215	0	0	7500	2e+11 0.516406
216	0.00216	0	0	7500	2e+11 0.516394
217	0.00217	0	0	7500	2e+11 0.516406
218	0.00218	0	0	7500	2e+11 0.516406
219	0.00219	0	0	7500	2e+11 0.516394
220	0.0022	0	0	7500	2e+11 0.516406
221	0.00221	0	0	7500	2e+11 0.516406
222	0.00222	0	0	7500	2e+11 0.516394
223	0.00223	0	0	7500	2e+11 0.516406
224	0.00224	0	0	7500	2e+11 0.516406
225	0.00225	0	0	7500	2e+11 0.516394
226	0.00226	0	0	7500	2e+11 0.516394
227	0.00227	0	0	7500	2e+11 0.516406
228	0.00228	0	0	7500	2e+11 0.516406
229	0.00229	0	0	7500	2e+11 0.516394
230	0.0023	0	0	7500	2e+11 0.516406
231	0.00231	0	0	7500	2e+11 0.516406
232	0.00232	0	0	7500	2e+11 0.516394
233	0.00233	0	0	7500	2e+11 0.516406
234	0.00234	0	0	7500	2e+11 0.516406
235	0.00235	0	0	7500	2e+11 0.516394
236	0.00236	0	0	7500	2e+11 0.516406
237	0.00237	0	0	7500	2e+11 0.516406
238	0.00238	0	0	7500	2e+11 0.516394
239	0.00239	0	0	7500	2e+11 0.516406
240	0.0024	0	0	7500	2e+11 0.516406
241	0.00241	0	0	7500	2e+11 0.516394
242	0.00242	0	0	7500	2e+11 0.516406
243	0.00243	0	0	7500	2e+11 0.516406
244	0.00244	0	0	7500	2e+11 0.516394
245	0.00245	0	0	7500	2e+11 0.516406
246	0.00246	0	0	7500	2e+11 0.516406
247	0.00247	0	0	7500	2e+11 0.516394
248	0.00248	0	0	7500	2e+11 0.516406
249	0.00249	0	0	7500	2e+11 0.516406
250	0.0025	0	0	7500	2e+11 0.516394
251	0.00251	0	0	7500	2e+11 0.516406
252	0.00252	0	0	7500	2e+11 0.516406
253	0.00253	0	0	7500	2e+11 0.516394
254	0.00254	0	0	7500	2e+11 0.516406
255	0.00255	0	0	7500	2e+11 0.516406
256	0.00256	0	0	7500	2e+11 0.516394
257	0.00257	0	0	7500	2e+11 0.516406
258	0.00258	0	0	7500	2e+11 0.516406
259	0.00259	0	0	7500	2e+11 0.516394
260	0.0026	0	0	7500	2e+11 0.516406
261	0.00261	0	0	7500	2e+11 0.516406
262	0.00262	0	0	7500	2e+11 0.516394
263	0.00263	0	0	7500	2e+11 0.516406
264	0.00264	0	0	7500	2e+11 0.516406
265	0.00265	0	0	7500	2e+11 0.516394
266	0.00266	0	0	7500	2e+11 0.516406
267	0.00267	0	0	7500	2e+11 0.516406
268	0.00268	0	0	7500	2e+11 0.516394
269	0.00269	0	0	7500	2e+11 0.516406
270	0.0027	0	0	7500	2e+11 0.516406
271	0.00271	0	0	7500	2e+11 0.516394
272	0.00272	0	0	7500	2e+11 0.516406
273	0.00273	0	0	7500	2e+11 0.516406
274	0.00274	0	0	7500	2e+11 0.516394
275	0.00275	0	0	7500	2e+11 0.516406
276	0.00276	0	0	7500	2e+11 0.516406
277	0.00277	0	0	7500	2e+11 0.516394
278	0.00278	0	0	7500	2e+11 0.516406
279	0.00279	0	0	7500	2e+11 0.516406
280	0.0028	0	0	7500	2e+11 0.516394
281	0.00281	0	0	7500	2e+11 0.516406
282	0.00282	0	0	7500	2e+11 0.516406
283	0.00283	0	0	7500	2e+11 0.516394
284	0.00284	0	0	7500	2e+11 0.516406
285	0.00285	0	0	7500	2e+11 0.516406
286	0.00286	0	0	7500	2e+11 0.516394
287	0.00287	0	0	7500	2e+11 0.516394
288	0.00288	0	0	7500	2e+11 0.516406
289	0.00289	0	0	7500	2e+11 0.516406
290	0.0029	0	0	7500	2e+11 0.516394
291	0.00291	0	0	7500	2e+11 0.516406
292	0.00292	0	0	7500	2e+11 0.516406
293	0.00293	0	0	7500	2e+11 0.516394
294	0.00294	0	0	7500	2e+11 0.516406
295	0.00295	0	0	7500	2e+11 0.516406
296	0.00296	0	0	7500	2e+11 0.516394
297	0.00297	0	0	7500	2e+11 0.516406
298	0.00298	0	0	7500	2e+11 0.516406
299	0.00299	0	0	7500	2e+11 0.516394
300	0.003	0	0	7500	2e+11 0.516406
301	0.00301	0	0	7500	2e+11 0.516406
302	0.00302	0	0	7500	2e+11 0.516394
303	0.00303	0	0	7500	2e+11 0.516406
304	0.00304	0	0	7500	2e+11 0.516406
305	0.00305	0	0	7500	2e+11 0.516394
306	0.00306	0	0	7500	2e+11 0.516406
307	0.00307	0	0	7500	2e+11 0.516406
308	0.00308	0	0	7500	2e+11 0.516394
309	0.00309	0	0	7500	2e+11 0.516406
310	0.0031	0	0	7500	2e+11 0.516406
311	0.00311	0	0	7500	2e+11 0.516394
312	0.00312	0	0	7500	2e+11 0.516406
313	0.00313	0	0	7500	2e+11 0.516406
314	0.00314	0	0	7500	2e+11 0.516394
315	0.00315	0	0	7500	2e+11 0.516406
316	0.00316	0	0	7500	2e+11 0.516406
317	0.00317	0	0	7500	2e+11 0.516394
318	0.00318	0	0	7500	2e+11 0.516406
319	0.00319	0	0	7500	2e+11 0.516406
320	0.0032	0	0	7500	2e+11 0.516394
321	0.00321	0	0	7500	2e+11 0.516406
322	0.00322	0	0	7500	2e+11 0.516406
323	0.00323	0	0	7500	2e+11 0.516394
324	0.00324	0	0	7500	2e+11 0.516406
325	0.00325	0	0	7500	2e+11 0.516406
326	0.00326	0	0	7500	2e+11 0.516394
327	0.00327	0	0	7500	2e+11 0.516406
328	0.00328	0	0	7500	2e+11 0.516406
329	0.00329	0	0	7500	2e+11 0.516394
330	0.0033	0	0	7500	2e+11 0.516406
331	0.00331	0	0	7500	2e+11 0.516406
332	0.00332	0	0	7500	2e+11 0.516394
333	0.00333	0	0	7500	2e+11 0.516406
334	0.00334	0	0	7500	2e+11 0.516406
335	0.00335	0	0	7500	2e+11 0.516394
336	0.00336	0	0	7500	2e+11 0.516406
337	0.00337	0	0	7500	2e+11 0.516406
338	0.00338	0	0	7500	2e+11 0.516394
339	0.00339	9.01133e-38	1.74504e-41	7500	2e+11 0.516406
340	0.0034	2.52879e-37	4.89698e-41	7500	2e+11 0.516406
341	0.00341	4.54814e-37	8.80744e-41	7500	2e+11 0.516394
342	0.00342	6.31763e-37	1.2234e-40	7500	2e+11 0.516406
343	0.00343	7.2362e-37	1.40128e-40	7500	2e+11 0.516406
344	0.00344	7.2362e-37	1.40128e-40	7500	2e+11 0.516394
345	0.00345	3.61819e-36	7.0066e-40	7500	2e+11 0.516406
346	0.00346	1.08543e-35	2.10193e-39	7500	2e+11 0.516406
347	0.00347	3.69047e-35	7.14657e-39	7500	2e+11 0.516394
348	0.00348	9.94108e-35	1.92508e-38	7500	2e+11 0.516406
349	0.00349	2.96891e-34	5.74927e-38	7500	2e+11 0.516406
350	0.0035	9.2913e-34	1.79925e-37	7500	2e+11 0.516394
351	0.00351	2.28771e-33	4.43014e-37	7500	2e+11 0.516406
352	0.00352	7.0336e-33	1.36205e-36	7500	2e+11 0.516406
353	0.00353	1.65914e-32	3.2129e-36	7500	2e+11 0.516394
354	0.00354	3.9446e-32	7.63868e-36	7500	2e+11 0.516394
355	0.00355	1.02816e-31	1.99102e-35	7500	2e+11 0.516406
356	0.00356	2.65287e-31	5.13727e-35	7500	2e+11 0.516406
357	0.00357	8.34528e-31	1.61606e-34	7500	2e+11 0.516394
358	0.00358	2.06955e-30	4.00767e-34	7500	2e+11 0.516406
359	0.00359	6.05957e-30	1.17343e-33	7500	2e+11 0.516406
360	0.0036	1.85316e-29	3.58862e-33	7500	2e+11 0.516394
361	0.00361	4.76279e-29	9.22311e-33	7500	2e+11 0.516406
362	0.00362	1.40857e-28	2.72769e-32	7500	2e+11 0.516406
363	0.00363	3.84787e-28	7.45138e-32	7500	2e+11 0.516394
364	0.00364	1.24153e-27	2.40421e-31	7500	2e+11 0.516406
365	0.00365	3.09338e-27	5.9903e-31	7500	2e+11 0.516406
366	0.00366	9.49884e-27	1.83944e-30	7500	2e+11 0.516394
367	0.00367	2.21223e-26	4.28396e-30	7500	2e+11 0.516406
368	0.00368	6.51447e-26	1.26152e-29	7500	2e+11 0.516406
369	0.00369	1.41798e-25	2.74591e-29	7500	2e+11 0.516394
370	0.0037	4.23127e-25	8.19381e-29	7500	2e+11 0.516406
371	0.00371	1.3298e-24	2.57515e-28	7500	2e+11 0.516406
372	0.00372	3.16922e-24	6.13716e-28	7500	2e+11 0.516394
373	0.00373	9.99694e-24	1.9359e-27	7500	2e+11 0.516406
374	0.00374	2.36347e-23	4.57684e-27	7500	2e+11 0.516406
375	0.00375	6.39649e-23	1.23867e-26	7500	2e+11 0.516394
376	0.00376	1.63402e-22	3.16426e-26	7500	2e+11 0.516406
377	0.00377	4.4971e-22	8.70859e-26	7500	2e+11 0.516406
378	0.00378	1.14473e-21	2.21676e-25	7500	2e+11 0.516394
379	0.00379	3.26046e-21	6.31385e-25	7500	2e+11 0.516406
380	0.0038	1.12605e-20	2.18059e-24	7500	2e+11 0.516406
381	0.00381	2.70597e-20	5.24009e-24	7500	2e+11 0.516394
382	0.00382	8.96642e-20	1.73634e-23	7500	2e+11 0.516406
383	0.00383	2.18562e-19	4.23243e-23	7500	2e+11 0.516406
384	0.00384	6.81942e-19	1.32057e-22	7500	2e+11 0.516394
385	0.00385	1.67287e-18	3.23951e-22	7500	2e+11 0.516406
386	0.00386	4.48105e-18	8.67752e-22	7500	2e+11 0.516406
387	0.00387	1.54547e-17	2.9928e-21	7500	2e+11 0.516394
388	0.00388	3.98679e-17	7.72039e-21	7500	2e+11 0.516406
389	0.00389	1.19804e-16	2.32e-20	7500	2e+11 0.516406
390	0.0039	2.76991e-16	5.36391e-20	7500	2e+11 0.516394
391	0.00391	7.88689e-16	1.52729e-19	7500	2e+11 0.516394
392	0.00392	2.0021e-15	3.87706e-19	7500	2e+11 0.516394
393	0.00393	6.76721e-15	1.31046e-18	7500	2e+11 0.516418
394	0.00394	1.58028e-14	3.0602e-18	7500	2e+11 0.516418
395	0.00395	5.3264e-14	1.03145e-17	7500	2e+11 0.516394
396	0.00396	1.55188e-13	3.00521e-17	7500	2e+11 0.516394
397	0.00397	3.76239e-13	7.28584e-17	7500	2e+11 0.516394
398	0.00398	1.16066e-12	2.24761e-16	7500	2e+11 0.516394
399	0.00399	3.778e-12	7.31607e-16	7500	2e+11 0.516418
400	0.004	1.25471e-11	2.42974e-15	7500	2e+11 0.516418
401	0.00401	3.32631e-11	6.44138e-15	7500	2e+11 0.516394
402	0.00402	9.07187e-11	1.75676e-14	7500	2e+11 0.516394
403	0.00403	2.31027e-10	4.47382e-14	7500	2e+11 0.516394
404	0.00404	6.82663e-10	1.32197e-13	7500	2e+11 0.516394
405	0.00405	1.90395e-09	3.68698e-13	7500	2e+11 0.516418
406	0.00406	4.3966e-09	8.51397e-13	7500	2e+11 0.516418
407	0.00407	1.21454e-08	2.35194e-12	7500	2e+11 0.516394
408	0.00408	3.41027e-08	6.60396e-12	7500	2e+11 0.516394
409	0.00409	1.00995e-07	1.95576e-11	7500	2e+11 0.516394
410	0.0041	2.47058e-07	4.78425e-11	7500	2e+11 0.516394
411	0.00411	6.74275e-07	1.30573e-10	7500	2e+11 0.516418
412	0.00412	2.00859e-06	3.88962e-10	7500	2e+11 0.516418
413	0.00413	4.9245e-06	9.53625e-10	7500	2e+11 0.516394
414	0.00414	1.32608e-05	2.56795e-09	7500	2e+11 0.516394
415	0.00415	4.03839e-05	7.82031e-09	7500	2e+11 0.516394
416	0.00416	0.000133748	2.59002e-08	7500	2e+11 0.516394
417	0.00417	0.00031025	6.00796e-08	7500	2e+11 0.516418
418	0.00418	0.000844687	1.63573e-07	7500	2e+11 0.516418
419	0.00419	0.00258269	5.00136e-07	7500	2e+11 0.516394
420	0.0042	0.00682433	1.32153e-06	7500	2e+11 0.516394
421	0.00421	0.0169585	3.284e-06	7500	2e+11 0.516394
422	0.00422	0.0510036	9.8768e-06	7500	2e+11 0.516394
423	0.00423	0.164312	3.18189e-05	7500	2e+11 0.516394
424	0.00424	0.364586	7.06018e-05	7500	2e+11 0.516394
425	0.00425	1.25017	0.000242095	7500	2e+11 0.51637
426	0.00426	3.13606	0.000607296	7500	2e+11 0.516226
427	0.00427001	5.95997	0.00115414	7500	2e+11 0.516033
428	0.00428002	9.5221	0.00184395	7500	2e+11 0.515721
429	0.00429004	13.5967	0.00263298	7500	2e+11 0.515338
430	0.00430007	17.9538	0.00347674	7500	2e+11 0.514931
431	0.00431011	22.3812	0.0043341	7500	2e+11 0.514549
432	0.00432015	26.6907	0.00516862	7500	2e+11 0.514072
433	0.00433021	30.7369	0.00595217	7500	2e+11 0.513643
434	0.00434027	34.4093	0.00666334	7500	2e+11 0.513239
435	0.00435034	37.6399	0.00728894	7500	2e+11 0.512883
436	0.00436041	40.3988	0.0078232	7500	2e+11 0.51267
437	0.00437049	42.6943	0.00826772	7500	2e+11 0.512362
438	0.00438057	44.5555	0.00862813	7500	2e+11 0.512054
439	0.00439066	46.0219	0.0089121	7500	2e+11 0.511936
440	0.00440075	47.148	0.00913016	7500	2e+11 0.511865
441	0.00441084	47.9982	0.00929482	7500	2e+11 0.511723
442	0.00442094	48.6227	0.00941574	7500	2e+11 0.511605
443	0.00443103	49.0703	0.00950241	7500	2e+11 0.511605
444	0.00444113	49.385	0.00956336	7500	2e+11 0.511582
445	0.00445122	49.6006	0.00960512	7500	2e+11 0.511582
446	0.00446132	49.7454	0.00963316	7500	2e+11 0.51144
447	0.00447142	49.8409	0.00965165	7500	2e+11 0.511511
448	0.00448151	49.9027	0.00966361	7500	2e+11 0.511511
449	0.00449161	49.9419	0.00967121	7500	2e+11 0.511487
450	0.00450171	49.9664	0.00967594	7500	2e+11 0.511487
451	0.0045118	49.9813	0.00967884	7500	2e+11 0.511511
452	0.0045219	49.9903	0.00968058	7500	2e+11 0.511511
453	0.004532	49.9956	0.00968161	7500	2e+11 0.511558
454	0.00454209	49.9987	0.00968221	7500	2e+11 0.511558
455	0.00455219	50.0005	0.00968256	7500	2e+11 0.511464
456	0.00456228	50.0015	0.00968275	7500	2e+11 0.511464
457	0.00457238	50.002	0.00968285	7500	2e+11 0.511464
458	0.00458248	50.0023	0.00968291	7500	2e+11 0.511464
459	0.00459257	50.0025	0.00968294	7500	2e+11 0.511464
460	0.00460267	50.0026	0.00968296	7500	2e+11 0.511511
461	0.00461277	50.0026	0.00968296	7500	2e+11 0.511511
462	0.00462286	50.0026	0.00968296	7500	2e+11 0.511487
463	0.00463296	50.0026	0.00968296	7500	2e+11 0.511487
464	0.00464306	50.0026	0.00968296	7500	2e+11 0.511487
465	0.00465315	50.0026	0.00968296	7500	2e+11 0.511487
466	0.00466325	50.0026	0.00968296	7500	2e+11 0.511464
467	0.00467335	50.0026	0.00968296	7500	2e+11 0.511535
468	0.00468344	50.0026	0.00968296	7500	2e+11 0.511535
469	0.00469354	50.0026	0.00968296	7500	2e+11 0.511417
470	0.00470364	50.0026	0.00968296	7500	2e+11 0.51144
471	0.00471373	50.0026	0.00968296	7500	2e+11 0.51144
472	0.00472383	50.0026	0.00968296	7500	2e+11 0.511558
473	0.00473393	50.0026	0.00968296	7500	2e+11 0.511558
474	0.00474402	50.0026	0.00968296	7500	2e+11 0.511487
475	0.00475412	50.0026	0.00968296	7500	2e+11 0.511464
476	0.00476422	50.0026	0.00968296	7500	2e+11 0.511464
477	0.00477431	50.0026	0.00968296	7500	2e+11 0.511535
478	0.00478441	50.0026	0.00968296	7500	2e+11 0.511535
479	0.00479451	50.0026	0.00968296	7500	2e+11 0.51144
480	0.0048046	50.0026	0.00968296	7500	2e+11 0.511464
481	0.0048147	50.0026	0.00968296	7500	2e+11 0.511464
482	0.0048248	50.0026	0.00968296	7500	2e+11 0.511487
483	0.00483489	50.0026	0.00968296	7500	2e+11 0.511487
484	0.00484499	50.0026	0.00968296	7500	2e+11 0.511464
485	0.00485509	50.0026	0.00968296	7500	2e+11 0.511535
486	0.00486518	50.0026	0.00968296	7500	2e+11 0.511535
487	0.00487528	50.0026	0.00968296	7500	2e+11 0.511464
488	0.00488538	50.0026	0.00968296	7500	2e+11 0.511464
489	0.00489547	50.0026	0.00968296	7500	2e+11 0.51144
490	0.00490557	50.0026	0.00968296	7500	2e+11 0.511558
491	0.00491566	50.0026	0.00968295	7500	2e+11 0.511558
492	0.00492576	50.0025	0.00968295	7500	2e+11 0.511464
493	0.00493586	50.0025	0.00968295	7500	2e+11 0.511464
494	0.00494595	50.0025	0.00968295	7500	2e+11 0.511464
495	0.00495605	50.0025	0.00968295	7500	2e+11 0.511511
496	0.00496615	50.0025	0.00968295	7500	2e+11 0.511511
497	0.00497624	50.0025	0.00968295	7500	2e+11 0.511511
498	0.00498634	50.0025	0.00968295	7500	2e+11 0.51144
499	0.00499644	50.0025	0.00968295	7500	2e+11 0.51144
500	0.00500653	50.0025	0.00968295	7500	2e+11 0.511535
501	0.00501663	50.0025	0.00968295	7500	2e+11 0.511535
502	0.00502673	50.0025	0.00968295	7500	2e+11 0.511511
503	0.00503682	50.0025	0.00968295	7500	2e+11 0.511511
504	0.00504692	50.0025	0.00968295	7500	2e+11 0.511464
505	0.00505702	50.0025	0.00968295	7500	2e+11 0.511464
506	0.00506711	50.0025	0.00968295	7500	2e+11 0.511535
507	0.00507721	50.0025	0.00968295	7500	2e+11 0.511535
508	0.0050873	50.0025	0.00968295	7500	2e+11 0.51144
509	0.0050974	50.0025	0.00968295	7500	2e+11 0.51144
510	0.0051075	50.0025	0.00968295	7500	2e+11 0.511464
511	0.0051176	50.0025	0.00968295	7500	2e+11 0.511511
512	0.00512769	50.0025	0.00968295	7500	2e+11 0.511511
513	0.00513779	50.0025	0.00968295	7500	2e+11 0.511535
514	0.00514789	50.0025	0.00968294	7500	2e+11 0.511535
515	0.00515798	50.0025	0.00968294	7500	2e+11 0.511535
516	0.00516808	50.0025	0.00968294	7500	2e+11 0.511535
517	0.00517817	50.0024	0.00968292	7500	2e+11 0.511464
518	0.00518827	50.0022	0.00968288	7500	2e+11 0.511487
519	0.00519837	50.0014	0.00968272	7500	2e+11 0.511487
520	0.00520847	49.9991	0.00968228	7500	2e+11 0.511558
521	0.00521856	49.993	0.00968111	7500	2e+11 0.511558
522	0.00522866	49.9764	0.00967789	7500	2e+11 0.511487
523	0.00523875	49.9297	0.00966885	7500	2e+11 0.511487
524	0.00524885	49.7631	0.00963658	7500	2e+11 0.511487
525	0.00525895	49.4687	0.00957957	7500	2e+11 0.511558
526	0.00526904	48.1159	0.0093176	7500	2e+11 0.511629
527	0.00527913	45.2931	0.00877096	7500	2e+11 0.512101
528	0.00528922	41.1764	0.00797378	7500	2e+11 0.512362
529	0.0052993	36.1872	0.00700762	7500	2e+11 0.512907
530	0.00530937	30.7905	0.00596255	7500	2e+11 0.513405
531	0.00531942	25.4027	0.00491922	7500	2e+11 0.514048
532	0.00532947	20.3558	0.00394189	7500	2e+11 0.514501
533	0.00533951	15.8734	0.00307386	7500	2e+11 0.514859
534	0.00534954	12.0692	0.00233719	7500	2e+11 0.515314
535	0.00535956	8.95661	0.00173444	7500	2e+11 0.515577
536	0.00536957	6.50257	0.00125922	7500	2e+11 0.515745
537	0.00537959	4.62721	0.000896056	7500	2e+11 0.516033
538	0.00538959	3.22615	0.000624742	7500	2e+11 0.516129
539	0.0053996	2.20625	0.000427239	7500	2e+11 0.51625
540	0.0054096	1.48027	0.000286654	7500	2e+11 0.51625
541	0.00541961	0.976222	0.000189045	7500	2e+11 0.516298
542	0.00542961	0.632825	0.000122546	7500	2e+11 0.516442
543	0.00543961	0.402888	7.80189e-05	7500	2e+11 0.516442
544	0.00544961	0.25214	4.88267e-05	7500	2e+11 0.516346
545	0.00545961	0.155372	3.00876e-05	7500	2e+11 0.51649
546	0.00546961	0.0942572	1.82528e-05	7500	2e+11 0.51649
547	0.00547961	0.0562183	1.08866e-05	7500	2e+11 0.516418
548	0.00548961	0.0330352	6.39724e-06	7500	2e+11 0.516418
549	0.00549961	0.019136	3.70568e-06	7500	2e+11 0.516538
550	0.00550961	0.0109072	2.11216e-06	7500	2e+11 0.516538
551	0.00551961	0.0061145	1.18407e-06	7500	2e+11 0.516394
552	0.00552961	0.0033856	6.55618e-07	7500	2e+11 0.516442
553	0.00553961	0.0018464	3.57553e-07	7500	2e+11 0.516442
554	0.00554961	0.000987423	1.91214e-07	7500	2e+11 0.51637
555	0.00555961	0.000519679	1.00635e-07	7500	2e+11 0.516418
556	0.00556961	0.000270634	5.2408e-08	7500	2e+11 0.516418
557	0.00557961	0.000139421	2.69987e-08	7500	2e+11 0.516466
558	0.00558961	7.04131e-05	1.36354e-08	7500	2e+11 0.516466
559	0.00559961	3.51472e-05	6.80623e-09	7500	2e+11 0.516514
560	0.0056096	1.72059e-05	3.33191e-09	7500	2e+11 0.516514
561	0.0056196	8.32957e-06	1.61301e-09	7500	2e+11 0.516418
562	0.00562961	3.9593e-06	7.66715e-10	7500	2e+11 0.516346
563	0.00563961	1.85611e-06	3.59434e-10	7500	2e+11 0.51649
564	0.00564961	8.59249e-07	1.66393e-10	7500	2e+11 0.51649
565	0.00565961	3.94033e-07	7.63042e-11	7500	2e+11 0.516466
566	0.0056696	1.77703e-07	3.4412e-11	7500	2e+11 0.516466
567	0.0056796	7.91186e-08	1.53212e-11	7500	2e+11 0.516442
568	0.00568961	3.44799e-08	6.67701e-12	7500	2e+11 0.516442
569	0.0056996	1.4817e-08	2.86931e-12	7500	2e+11 0.516466
570	0.0057096	6.26033e-09	1.21231e-12	7500	2e+11 0.516514
571	0.0057196	2.63484e-09	5.10235e-13	7500	2e+11 0.516514
572	0.0057296	1.09154e-09	2.11376e-13	7500	2e+11 0.51637
573	0.0057396	4.44513e-10	8.60796e-14	7500	2e+11 0.516514
574	0.0057496	1.77929e-10	3.44558e-14	7500	2e+11 0.516514
575	0.0057596	7.03086e-11	1.36152e-14	7500	2e+11 0.516418
576	0.0057696	2.74429e-11	5.3143e-15	7500	2e+11 0.516514
577	0.0057796	1.05388e-11	2.04083e-15	7500	2e+11 0.516514
578	0.0057896	4.03186e-12	7.80766e-16	7500	2e+11 0.516394
579	0.0057996	1.53422e-12	2.971e-16	7500	2e+11 0.51649
580	0.0058096	5.72014e-13	1.1077e-16	7500	2e+11 0.51649
581	0.0058196	2.07667e-13	4.02146e-17	7500	2e+11 0.516394
582	0.0058296	7.53226e-14	1.45862e-17	7500	2e+11 0.516418
583	0.0058396	2.65953e-14	5.15015e-18	7500	2e+11 0.516418
584	0.0058496	9.33614e-15	1.80794e-18	7500	2e+11 0.516394
585	0.0058596	3.23486e-15	6.26428e-19	7500	2e+11 0.51637
586	0.0058696	1.10983e-15	2.14918e-19	7500	2e+11 0.516442
587	0.0058796	3.74851e-16	7.25896e-20	7500	2e+11 0.516538
588	0.0058896	1.23994e-16	2.40114e-20	7500	2e+11 0.516538
589	0.0058996	4.07264e-17	7.88663e-21	7500	2e+11 0.51649
590	0.0059096	1.32444e-17	2.56477e-21	7500	2e+11 0.51649
591	0.0059196	4.16338e-18	8.06235e-22	7500	2e+11 0.516418
592	0.0059296	1.29589e-18	2.50949e-22	7500	2e+11 0.516418
593	0.0059396	3.98183e-19	7.71078e-23	7500	2e+11 0.516466
594	0.0059496	1.22865e-19	2.37927e-23	7500	2e+11 0.51649
595	0.0059596	3.66262e-20	7.09264e-24	7500	2e+11 0.51649
596	0.0059696	1.06179e-20	2.05615e-24	7500	2e+11 0.516394
597	0.0059796	3.02928e-21	5.86618e-25	7500	2e+11 0.51649
598	0.0059896	8.55913e-22	1.65747e-25	7500	2e+11 0.51649
599	0.0059996	2.44705e-22	4.7387e-26	7500	2e+11 0.516394
600	0.0060096	6.7409e-23	1.30537e-26	7500	2e+11 0.51649
601	0.00601959	1.82209e-23	3.52846e-27	7500	2e+11 0.51649
602	0.00602959	4.9053e-24	9.49907e-28	7500	2e+11 0.51649
603	0.00603959	1.33022e-24	2.57597e-28	7500	2e+11 0.51649
604	0.00604959	3.48144e-25	6.74177e-29	7500	2e+11 0.516442
605	0.00605959	9.0965e-26	1.76153e-29	7500	2e+11 0.516466
606	0.00606959	2.37034e-26	4.59013e-30	7500	2e+11 0.516466
607	0.00607959	6.03979e-27	1.1696e-30	7500	2e+11 0.51649
608	0.00608959	1.48226e-27	2.87038e-31	7500	2e+11 0.51649
609	0.00609959	3.59875e-28	6.96896e-32	7500	2e+11 0.51649
610	0.00610959	8.52476e-29	1.65081e-32	7500	2e+11 0.51649
611	0.00611959	1.9725e-29	3.81974e-33	7500	2e+11 0.516418
612	0.00612959	4.50223e-30	8.71853e-34	7500	2e+11 0.516418
613	0.00613959	1.00351e-30	1.94329e-34	7500	2e+11 0.51649
614	0.00614959	2.30248e-31	4.45873e-35	7500	2e+11 0.51649
615	0.00615959	5.10607e-32	9.88786e-36	7500	2e+11 0.516466
616	0.00616959	1.11737e-32	2.16378e-36	7500	2e+11 0.516466
617	0.00617959	2.37381e-33	4.59686e-37	7500	2e+11 0.516418
618	0.00618958	4.97177e-34	9.6278e-38	7500	2e+11 0.516538
619	0.00619958	1.04548e-34	2.02456e-38	7500	2e+11 0.516538
620	0.00620958	2.12581e-35	4.11662e-39	7500	2e+11 0.516442
621	0.00621958	4.47184e-36	8.65967e-40	7500	2e+11 0.516442
622	0.00622958	9.28399e-37	1.79784e-40	7500	2e+11 0.516514
623	0.00623958	1.84923e-37	3.58102e-41	7500	2e+11 0.516514
624	0.00624958	3.69701e-38	7.15923e-42	7500	2e+11 0.516442
625	0.00625958	7.38824e-39	1.43073e-42	7500	2e+11 0.516442
626	0.00626958	1.45449e-39	2.81661e-43	7500	2e+11 0.51649
627	0.00627958	2.60506e-40	5.04467e-44	7500	2e+11 0.51649
628	0.00628958	3.61815e-41	7.00649e-45	7500	2e+11 0.516418
629	0.00629958	0	0	7500	2e+11 0.516466
630	0.00630957	0	0	7500	2e+11 0.516514
631	0.00631957	0	0	7500	2e+11 0.516514
632	0.00632957	0	0	7500	2e+11 0.51661
633	0.00633957	0	0	7500	2e+11 0.51661
634	0.00634957	0	0	7500	2e+11 0.516514
635	0.00635957	0	0	7500	2e+11 0.516514
636	0.00636957	0	0	7500	2e+11 0.516514
637	0.00637956	0	0	7500	2e+11 0.516538
638	0.00638956	0	0	7500	2e+11 0.516538
639	0.00639956	0	0	7500	2e+11 0.516586
640	0.00640956	0	0	7500	2e+11 0.516586
641	0.00641956	0	0	7500	2e+11 0.516562
642	0.00642955	0	0	7500	2e+11 0.516731
643	0.00643955	0	0	7500	2e+11 0.516731
644	0.00644955	0	0	7500	2e+11 0.516707
645	0.00645954	0	0	7500	2e+11 0.516707
646	0.00646954	0	0	7500	2e+11 0.516731
647	0.00647953	0	0	7500	2e+11 0.516731
648	0.00648952	0	0	7500	2e+11 0.516851
649	0.00649952	0	0	7500	2e+11 0.517164
650	0.0065095	0	0	7500	2e+11 0.517164
651	0.00651956	0	0	7500	2e+11 0.51702
652	0.00652955	0	0	7500	2e+11 0.51702
653	0.00653954	0	0	7500	2e+11 0.516779
654	0.00654954	0	0	7500	2e+11 0.516658
655	0.00655953	0	0	7500	2e+11 0.516634
656	0.00656953	0	0	7500	2e+11 0.516634
657	0.00657953	0	0	7500	2e+11 0.516538
658	0.00658952	0	0	7500	2e+11 0.516658
659	0.00659952	0	0	7500	2e+11 0.516658
660	0.00660952	0	0	7500	2e+11 0.516538
661	0.00661952	0	0	7500	2e+11 0.516538
662	0.00662951	0	0	7500	2e+11 0.516514
663	0.00663951	0	0	7500	2e+11 0.516514
664	0.00664951	0	0	7500	2e+11 0.51637
665	0.00665951	0	0	7500	2e+11 0.51637
666	0.00666951	0	0	7500	2e+11 0.516394
667	0.00667951	0	0	7500	2e+11 0.516562
668	0.00668951	0	0	7500	2e+11 0.516562
669	0.00669951	0	0	7500	2e+11 0.516418
670	0.00670951	0	0	7500	2e+11 0.51649
671	0.00671951	0	0	7500	2e+11 0.51649
672	0.00672951	0	0	7500	2e+11 0.51637
673	0.00673951	0	0	7500	2e+11 0.516538
674	0.00674951	0	0	7500	2e+11 0.516538
675	0.00675951	0	0	7500	2e+11 0.51637
676	0.00676951	0	0	7500	2e+11 0.51637
677	0.00677951	0	0	7500	2e+11 0.516442
678	0.00678951	0	0	7500	2e+11 0.516442
679	0.00679951	0	0	7500	2e+11 0.516442
680	0.00680951	0	0	7500	2e+11 0.516442
681	0.00681951	0	0	7500	2e+11 0.516394
682	0.00682951	0	0	7500	2e+11 0.516394
683	0.00683951	0	0	7500	2e+11 0.51637
684	0.00684952	0	0	7500	2e+11 0.516346
685	0.00685952	0	0	7500	2e+11 0.516346
686	0.00686952	0	0	7500	2e+11 0.51637
687	0.00687952	0	0	7500	2e+11 0.516442
688	0.00688952	0	0	7500	2e+11 0.516442
689	0.00689952	0	0	7500	2e+11 0.516418
690	0.00690952	0	0	7500	2e+11 0.516418
691	0.00691952	0	0	7500	2e+11 0.516442
692	0.00692952	0	0	7500	2e+11 0.516442
693	0.00693952	0	0	7500	2e+11 0.516466
694	0.00694952	0	0	7500	2e+11 0.516466
695	0.00695952	0	0	7500	2e+11 0.516466
696	0.00696952	0	0	7500	2e+11 0.516394
697	0.00697952	0	0	7500	2e+11 0.516418
698	0.00698952	0	0	7500	2e+11 0.516418
699	0.00699952	0	0	7500	2e+11 0.51649
700	0.00700952	0	0	7500	2e+11 0.51649
701	0.00701952	0	0	7500	2e+11 0.51637
702	0.00702952	0	0	7500	2e+11 0.51637
703	0.00703952	0	0	7500	2e+11 0.516466
704	0.00704952	0	0	7500	2e+11 0.516466
705	0.00705952	0	0	7500	2e+11 0.516442
706	0.00706952	0	0	7500	2e+11 0.516442
707	0.00707952	0	0	7500	2e+11 0.516442
708	0.00708952	0	0	7500	2e+11 0.516418
709	0.00709952	0	0	7500	2e+11 0.516538
710	0.00710952	0	0	7500	2e+11 0.516538
711	0.00711952	0	0	7500	2e+11 0.516442
712	0.00712952	0	0	7500	2e+11 0.516442
713	0.00713952	0	0	7500	2e+11 0.516442
714	0.00714952	0	0	7500	2e+11 0.516442
715	0.00715952	0	0	7500	2e+11 0.516394
716	0.00716952	0	0	7500	2e+11 0.516562
717	0.00717951	0	0	7500	2e+11 0.516562
718	0.00718951	0	0	7500	2e+11 0.516418
719	0.00719952	0	0	7500	2e+11 0.51649
720	0.00720951	0	0	7500	2e+11 0.51649
721	0.00721952	0	0	7500	2e+11 0.51649
722	0.00722951	0	0	7500	2e+11 0.51649
723	0.00723951	0	0	7500	2e+11 0.516442
724	0.00724951	0	0	7500	2e+11 0.516442
725	0.00725951	0	0	7500	2e+11 0.516442
726	0.00726951	0	0	7500	2e+11 0.516442
727	0.00727951	0	0	7500	2e+11 0.516442
728	0.00728951	0	0	7500	2e+11 0.516442
729	0.00729951	0	0	7500	2e+11 0.516418
730	0.00730951	0	0	7500	2e+11 0.516418
731	0.00731951	0	0	7500	2e+11 0.516514
732	0.00732951	0	0	7500	2e+11 0.516514
733	0.00733951	0	0	7500	2e+11 0.516322
734	0.00734952	0	0	7500	2e+11 0.51637
735	0.00735952	0	0	7500	2e+11 0.516418
736	0.00736952	0	0	7500	2e+11 0.51649
737	0.00737951	0	0	7500	2e+11 0.51649
738	0.00738952	0	0	7500	2e+11 0.516322
739	0.00739952	0	0	7500	2e+11 0.51637
740	0.00740952	0	0	7500	2e+11 0.51637
741	0.00741952	0	0	7500	2e+11 0.516346
742	0.00742952	0	0	7500	2e+11 0.516346
743	0.00743952	0	0	7500	2e+11 0.516274
744	0.00744953	0	0	7500	2e+11 0.516274
745	0.00745953	0	0	7500	2e+11 0.516226
746	0.00746953	0	0	7500	2e+11 0.516226
747	0.00747954	0	0	7500	2e+11 0.516105
748	0.00748955	0	0	7500	2e+11 0.516129
749	0.00749955	0	0	7500	2e+11 0.516129
750	0.00750956	0	0	7500	2e+11 0.519466
751	0.0075195	0	0	7500	2e+11 0.519466
752	0.00752952	0	0	7500	2e+11 0.515841
753	0.00753953	0	0	7500	2e+11 0.516274
754	0.00754953	0	0	7500	2e+11 0.516274
755	0.00755954	0	0	7500	2e+11 0.516033
756	0.00756954	0	0	7500	2e+11 0.516346
757	0.00757955	0	0	7500	2e+11 0.516346
758	0.00758955	0	0	7500	2e+11 0.516177
759	0.00759955	0	0	7500	2e+11 0.516177
760	0.00760956	0	0	7500	2e+11 0.516298
761	0.00761956	0	0	7500	2e+11 0.516298
762	0.00762957	0	0	7500	2e+11 0.516442
763	0.00763956	0	0	7500	2e+11 0.516442
764	0.00764957	0	0	7500	2e+11 0.516538
765	0.00765957	0	0	7500	2e+11 0.516538
766	0.00766957	0	0	7500	2e+11 0.516346
767	0.00767957	0	0	7500	2e+11 0.516346
768	0.00768957	0	0	7500	2e+11 0.516346
769	0.00769957	0	0	7500	2e+11 0.516346
770	0.00770958	0	0	7500	2e+11 0.516442
771	0.00771958	0	0	7500	2e+11 0.516442
772	0.00772958	7.23631e-42	-1.4013e-45	7500	2e+11 0.516346
773	0.00773958	8.68357e-41	-1.68156e-44	7500	2e+11 0.516346
774	0.00774958	4.8483e-40	-9.3887e-44	7500	2e+11 0.516394
775	0.00775958	2.76426e-39	-5.35296e-43	7500	2e+11 0.516394
776	0.00776958	1.51093e-38	-2.92591e-42	7500	2e+11 0.51637
777	0.00777958	8.31375e-38	-1.60995e-41	7500	2e+11 0.51637
778	0.00778959	4.40407e-37	-8.52844e-41	7500	2e+11 0.51649
779	0.00779958	2.34046e-36	-4.53229e-40	7500	2e+11 0.51649
780	0.00780959	1.19898e-35	-2.32181e-39	7500	2e+11 0.516201
781	0.00781965	6.27329e-35	-1.21482e-38	7500	2e+11 0.51541
782	0.00782966	3.21127e-34	-6.21861e-38	7500	2e+11 0.51637
783	0.00783966	1.69714e-33	-3.2865e-37	7500	2e+11 0.51637
784	0.00784967	8.35845e-33	-1.61861e-36	7500	2e+11 0.516466
785	0.00785966	3.77739e-32	-7.31488e-36	7500	2e+11 0.516466
786	0.00786967	1.70749e-31	-3.30655e-35	7500	2e+11 0.516514
787	0.00787966	7.8732e-31	-1.52464e-34	7500	2e+11 0.516514
788	0.00788967	3.57357e-30	-6.9202e-34	7500	2e+11 0.516466
789	0.00789967	1.65689e-29	-3.20855e-33	7500	2e+11 0.516466
790	0.00790967	7.18697e-29	-1.39175e-32	7500	2e+11 0.51661
791	0.00791967	2.99939e-28	-5.8083e-32	7500	2e+11 0.51661
792	0.00792967	1.29091e-27	-2.49984e-31	7500	2e+11 0.516466
793	0.00793967	5.08311e-27	-9.8434e-31	7500	2e+11 0.516466
794	0.00794967	1.9927e-26	-3.85884e-30	7500	2e+11 0.51661
795	0.00795967	7.9824e-26	-1.54578e-29	7500	2e+11 0.51661
796	0.00796967	3.07981e-25	-5.96402e-29	7500	2e+11 0.516322
797	0.00797968	1.20863e-24	-2.3405e-28	7500	2e+11 0.516514
798	0.00798967	4.67805e-24	-9.059e-28	7500	2e+11 0.516514
799	0.00799967	1.77926e-23	-3.44553e-27	7500	2e+11 0.516514
800	0.00800967	6.54683e-23	-1.26779e-26	7500	2e+11 0.516466
801	0.00801967	2.40458e-22	-4.65645e-26	7500	2e+11 0.516514
802	0.00802967	8.48283e-22	-1.64269e-25	7500	2e+11 0.516514
803	0.00803967	2.97723e-21	-5.76539e-25	7500	2e+11 0.516274
804	0.00804968	1.04098e-20	-2.01585e-24	7500	2e+11 0.516418
805	0.00805968	3.62634e-20	-7.02237e-24	7500	2e+11 0.516466
806	0.00806968	1.21648e-19	-2.3557e-23	7500	2e+11 0.516658
807	0.00807967	4.0815e-19	-7.90379e-23	7500	2e+11 0.516658
808	0.00808967	1.34615e-18	-2.60681e-22	7500	2e+11 0.51637
809	0.00809967	4.26827e-18	-8.26548e-22	7500	2e+11 0.51637
810	0.00810968	1.36988e-17	-2.65276e-21	7500	2e+11 0.516466
811	0.00811968	4.22196e-17	-8.17578e-21	7500	2e+11 0.516466
812	0.00812968	1.32818e-16	-2.572e-20	7500	2e+11 0.51637
813	0.00813968	4.10423e-16	-7.9478e-20	7500	2e+11 0.516322
814	0.00814968	1.23879e-15	-2.3989e-19	7500	2e+11 0.51637
815	0.00815968	3.70849e-15	-7.18147e-19	7500	2e+11 0.51637
816	0.00816968	1.07959e-14	-2.09063e-18	7500	2e+11 0.516658
817	0.00817968	3.14632e-14	-6.09282e-18	7500	2e+11 0.516658
818	0.00818968	8.88422e-14	-1.72042e-17	7500	2e+11 0.516322
819	0.00819968	2.41756e-13	-4.68159e-17	7500	2e+11 0.51637
820	0.00820968	6.71437e-13	-1.30023e-16	7500	2e+11 0.51637
821	0.00821968	1.82191e-12	-3.52812e-16	7500	2e+11 0.51661
822	0.00822968	4.82928e-12	-9.35186e-16	7500	2e+11 0.51661
823	0.00823968	1.26955e-11	-2.45848e-15	7500	2e+11 0.516514
824	0.00824968	3.20907e-11	-6.21434e-15	7500	2e+11 0.516514
825	0.00825968	8.17266e-11	-1.58263e-14	7500	2e+11 0.51637
826	0.00826968	2.02252e-10	-3.91659e-14	7500	2e+11 0.516562
827	0.00827968	4.98524e-10	-9.65388e-14	7500	2e+11 0.516562
828	0.00828968	1.20554e-09	-2.33452e-13	7500	2e+11 0.516514
829	0.00829968	2.84756e-09	-5.51427e-13	7500	2e+11 0.516466
830	0.00830968	6.63636e-09	-1.28513e-12	7500	2e+11 0.516466
831	0.00831969	1.53353e-08	-2.96966e-12	7500	2e+11 0.51637
832	0.00832969	3.59708e-08	-6.96573e-12	7500	2e+11 0.51637
833	0.00833969	8.22235e-08	-1.59225e-11	7500	2e+11 0.51637
834	0.00834969	1.82734e-07	-3.53863e-11	7500	2e+11 0.51661
835	0.00835968	4.00462e-07	-7.7549e-11	7500	2e+11 0.51661
836	0.00836968	8.61882e-07	-1.66903e-10	7500	2e+11 0.51661
837	0.00837968	1.83758e-06	-3.55845e-10	7500	2e+11 0.516466
838	0.00838968	3.8697e-06	-7.49364e-10	7500	2e+11 0.516466
839	0.00839969	8.13299e-06	-1.57495e-09	7500	2e+11 0.516418
840	0.00840969	1.67132e-05	-3.23651e-09	7500	2e+11 0.516418
841	0.00841969	3.37813e-05	-6.54172e-09	7500	2e+11 0.516418
842	0.00842969	6.76135e-05	-1.30933e-08	7500	2e+11 0.516418
843	0.00843969	0.000132726	-2.57023e-08	7500	2e+11 0.516418
844	0.00844969	0.000257314	-4.98287e-08	7500	2e+11 0.516418
845	0.00845969	0.000490482	-9.49814e-08	7500	2e+11 0.516466
846	0.00846968	0.000919878	-1.78134e-07	7500	2e+11 0.516466
847	0.00847969	0.00169109	-3.27479e-07	7500	2e+11 0.516322
848	0.00848969	0.00308434	-5.97279e-07	7500	2e+11 0.516322
849	0.00849969	0.00552078	-1.06909e-06	7500	2e+11 0.51637
850	0.00850969	0.00972327	-1.8829e-06	7500	2e+11 0.51637
851	0.00851969	0.0169829	-3.28872e-06	7500	2e+11 0.51661
852	0.00852969	0.0289913	-5.61413e-06	7500	2e+11 0.51661
853	0.00853969	0.0485248	-9.39679e-06	7500	2e+11 0.51661
854	0.00854969	0.0798141	-1.54559e-05	7500	2e+11 0.51661
855	0.00855969	0.129953	-2.51653e-05	7500	2e+11 0.516466
856	0.00856969	0.20751	-4.01842e-05	7500	2e+11 0.516466
857	0.00857969	0.325285	-6.29911e-05	7500	2e+11 0.51637
858	0.00858969	0.499031	-9.6637e-05	7500	2e+11 0.516562
859	0.00859969	0.752144	-0.000145652	7500	2e+11 0.516562
860	0.00860969	1.11078	-0.000215102	7500	2e+11 0.516514
861	0.00861968	1.62516	-0.000314711	7500	2e+11 0.516707
862	0.00862968	2.33519	-0.000452207	7500	2e+11 0.516707
863	0.00863967	3.2933	-0.000637744	7500	2e+11 0.516803
864	0.00864966	4.55138	-0.000881371	7500	2e+11 0.516947
865	0.00865965	6.17552	-0.00119589	7500	2e+11 0.51714
866	0.00866964	8.23365	-0.00159444	7500	2e+11 0.51743
867	0.00867962	10.7457	-0.0020809	7500	2e+11 0.517623
868	0.0086896	13.6991	-0.00265281	7500	2e+11 0.517962
869	0.00869957	17.107	-0.00331276	7500	2e+11 0.518397
870	0.00870953	20.9425	-0.00405549	7500	2e+11 0.518785
871	0.00871948	25.0978	-0.00486016	7500	2e+11 0.519271
872	0.00872943	29.46	-0.00570491	7500	2e+11 0.519758
873	0.00873936	33.8419	-0.00655345	7500	2e+11 0.520343
874	0.00874929	38.0839	-0.00737493	7500	2e+11 0.520392
875	0.00875921	41.967	-0.00812688	7500	2e+11 0.520734
876	0.00876913	45.2413	-0.00876094	7500	2e+11 0.521126
877	0.00877903	47.7131	-0.00923961	7500	2e+11 0.521371
878	0.00878894	49.1698	-0.00952169	7500	2e+11 0.521371
879	0.00879885	49.7234	-0.0096289	7500	2e+11 0.521469
880	0.00880875	49.8891	-0.00966099	7500	2e+11 0.521469
881	0.00881865	49.9648	-0.00967564	7500	2e+11 0.521371
882	0.00882856	49.9825	-0.00967907	7500	2e+11 0.521567
883	0.00883846	49.9919	-0.00968089	7500	2e+11 0.521567
884	0.00884836	49.9953	-0.00968155	7500	2e+11 0.521469
885	0.00885827	49.9968	-0.00968183	7500	2e+11 0.521469
886	0.00886817	49.9971	-0.0096819	7500	2e+11 0.52142
887	0.00887808	49.9973	-0.00968193	7500	2e+11 0.52142
888	0.00888798	49.9973	-0.00968194	7500	2e+11 0.52142
889	0.00889788	49.9973	-0.00968195	7500	2e+11 0.521469
890	0.00890779	49.9974	-0.00968195	7500	2e+11 0.521518
891	0.00891769	49.9974	-0.00968195	7500	2e+11 0.521518
892	0.00892759	49.9974	-0.00968195	7500	2e+11 0.521469
893	0.0089375	49.9974	-0.00968195	7500	2e+11 0.521469
894	0.0089474	49.9974	-0.00968195	7500	2e+11 0.521469
895	0.0089573	49.9974	-0.00968195	7500	2e+11 0.52142
896	0.00896721	49.9974	-0.00968195	7500	2e+11 0.52142
897	0.00897711	49.9974	-0.00968195	7500	2e+11 0.521469
898	0.00898702	49.9974	-0.00968195	7500	2e+11 0.521469
899	0.00899692	49.9974	-0.00968195	7500	2e+11 0.521469
900	0.00900682	49.9974	-0.00968195	7500	2e+11 0.521469
901	0.00901673	49.9974	-0.00968196	7500	2e+11 0.521518
902	0.00902663	49.9974	-0.00968196	7500	2e+11 0.521518
903	0.00903653	49.9974	-0.00968196	7500	2e+11 0.521469
904	0.00904643	49.9974	-0.00968196	7500	2e+11 0.521469
905	0.00905634	49.9974	-0.00968196	7500	2e+11 0.521469
906	0.00906624	49.9974	-0.00968196	7500	2e+11 0.521371
907	0.00907615	49.9974	-0.00968196	7500	2e+11 0.521469
908	0.00908605	49.9974	-0.00968196	7500	2e+11 0.521469
909	0.00909595	49.9974	-0.00968196	7500	2e+11 0.521469
910	0.00910586	49.9974	-0.00968196	7500	2e+11 0.521518
911	0.00911576	49.9974	-0.00968196	7500	2e+11 0.521518
912	0.00912566	49.9974	-0.00968196	7500	2e+11 0.52142
913	0.00913557	49.9974	-0.00968196	7500	2e+11 0.52142
914	0.00914547	49.9974	-0.00968196	7500	2e+11 0.52142
915	0.00915537	49.9974	-0.00968196	7500	2e+11 0.521469
916	0.00916528	49.9974	-0.00968196	7500	2e+11 0.521469
917	0.00917518	49.9974	-0.00968196	7500	2e+11 0.521322
918	0.00918509	49.9974	-0.00968196	7500	2e+11 0.521567
919	0.00919499	49.9974	-0.00968196	7500	2e+11 0.521567
920	0.00920489	49.9974	-0.00968196	7500	2e+11 0.521469
921	0.0092148	49.9974	-0.00968196	7500	2e+11 0.52142
922	0.0092247	49.9974	-0.00968196	7500	2e+11 0.521567
923	0.0092346	49.9974	-0.00968196	7500	2e+11 0.521567
924	0.0092445	49.9974	-0.00968196	7500	2e+11 0.521469
925	0.00925441	49.9974	-0.00968196	7500	2e+11 0.521469
926	0.00926431	49.9974	-0.00968196	7500	2e+11 0.521469
927	0.00927421	49.9974	-0.00968196	7500	2e+11 0.521469
928	0.00928412	49.9974	-0.00968196	7500	2e+11 0.52142
929	0.00929402	49.9974	-0.00968196	7500	2e+11 0.52142
930	0.00930393	49.9974	-0.00968196	7500	2e+11 0.521469
931	0.00931383	49.9974	-0.00968196	7500	2e+11 0.521469
932	0.00932373	49.9974	-0.00968196	7500	2e+11 0.521371
933	0.00933364	49.9974	-0.00968196	7500	2e+11 0.521567
934	0.00934354	49.9974	-0.00968196	7500	2e+11 0.521567
935	0.00935344	49.9974	-0.00968196	7500	2e+11 0.52142
936	0.00936335	49.9974	-0.00968196	7500	2e+11 0.52142
937	0.00937325	49.9974	-0.00968196	7500	2e+11 0.521371
938	0.00938316	49.9974	-0.00968196	7500	2e+11 0.521567
939	0.00939306	49.9974	-0.00968196	7500	2e+11 0.521567
940	0.00940296	49.9974	-0.00968196	7500	2e+11 0.521567
941	0.00941286	49.9974	-0.00968196	7500	2e+11 0.521567
942	0.00942277	49.9974	-0.00968196	7500	2e+11 0.52142
943	0.00943267	49.9974	-0.00968196	7500	2e+11 0.52142
944	0.00944258	49.9974	-0.00968196	7500	2e+11 0.521518
945	0.00945248	49.9974	-0.00968196	7500	2e+11 0.521518
946	0.00946238	49.9973	-0.00968194	7500	2e+11 0.52142
947	0.00947229	49.9972	-0.00968191	7500	2e+11 0.521469
948	0.00948219	49.9969	-0.00968185	7500	2e+11 0.521518
949	0.00949209	49.9963	-0.00968174	7500	2e+11 0.521518
950	0.009502	49.9953	-0.00968155	7500	2e+11 0.521371
951	0.0095119	49.9934	-0.00968119	7500	2e+11 0.521567
952	0.0095218	49.9902	-0.00968055	7500	2e+11 0.521567
953	0.0095317	49.9844	-0.00967944	7500	2e+11 0.521567
954	0.00954161	49.9747	-0.00967756	7500	2e+11 0.521567
955	0.00955151	49.9583	-0.00967437	7500	2e+11 0.521567
956	0.00956141	49.9306	-0.00966903	7500	2e+11 0.521567
957	0.00957132	49.8863	-0.00966043	7500	2e+11 0.521518
958	0.00958122	49.8153	-0.00964668	7500	2e+11 0.521224
959	0.00959113	49.7012	-0.0096246	7500	2e+11 0.521518
960	0.00960103	49.5262	-0.00959072	7500	2e+11 0.521518
961	0.00961094	49.2594	-0.00953904	7500	2e+11 0.521322
962	0.00962085	48.8633	-0.00946234	7500	2e+11 0.521322
963	0.00963075	48.2823	-0.00934983	7500	2e+11 0.521322
964	0.00964066	47.4479	-0.00918824	7500	2e+11 0.521175
965	0.00965057	46.2912	-0.00896426	7500	2e+11 0.521175
966	0.00966049	44.7217	-0.00866032	7500	2e+11 0.520832
967	0.0096704	42.654	-0.00825991	7500	2e+11 0.520832
968	0.00968033	39.9749	-0.00774112	7500	2e+11 0.520441
969	0.00969025	36.6168	-0.00709081	7500	2e+11 0.520246
970	0.00970019	32.5343	-0.00630024	7500	2e+11 0.519466
971	0.00971013	27.7789	-0.00537937	7500	2e+11 0.519369
972	0.00972009	22.5466	-0.00436613	7500	2e+11 0.518883
973	0.00973005	17.0921	-0.00330988	7500	2e+11 0.518204
974	0.00974003	11.7815	-0.00228148	7500	2e+11 0.51772
975	0.00975001	7.0907	-0.00137311	7500	2e+11 0.51714
976	0.00976	3.45971	-0.000669971	7500	2e+11 0.516851
977	0.00977	1.23555	-0.000239264	7500	2e+11 0.516562
978	0.00978	0.457085	-8.85141e-05	7500	2e+11 0.516418
979	0.00979	0.141438	-2.73893e-05	7500	2e+11 0.516418
980	0.0098	0.0531053	-1.02838e-05	7500	2e+11 0.516418
981	0.00981	0.0189932	-3.67802e-06	7500	2e+11 0.516418
982	0.00982	0.00788702	-1.52731e-06	7500	2e+11 0.516418
983	0.00983	0.00294313	-5.69935e-07	7500	2e+11 0.516418
984	0.00984	0.00105487	-2.04275e-07	7500	2e+11 0.516418
985	0.00985	0.000397047	-7.68879e-08	7500	2e+11 0.516418
986	0.00986	0.000144735	-2.80279e-08	7500	2e+11 0.516418
987	0.00987	5.30039e-05	-1.02642e-08	7500	2e+11 0.516418
988	0.00988	1.88829e-05	-3.65666e-09	7500	2e+11 0.516418
989	0.00989	5.82909e-06	-1.1288e-09	7500	2e+11 0.516418
990	0.0099	2.34931e-06	-4.54942e-10	7500	2e+11 0.516418
991	0.00991	7.39583e-07	-1.4322e-10	7500	2e+11 0.516418
992	0.00992	2.86387e-07	-5.54586e-11	7500	2e+11 0.516418
993	0.00993	7.81791e-08	-1.51393e-11	7500	2e+11 0.516418
994	0.00994	3.05271e-08	-5.9116e-12	7500	2e+11 0.516418
995	0.00995	8.20587e-09	-1.5892e-12	7500	2e+11 0.516418
996	0.00996	3.67411e-09	-7.11829e-13	7500	2e+11 0.516418
997	0.00997	1.02401e-09	-1.99467e-13	7500	2e+11 0.516418
998	0.00998	3.98398e-10	-7.96641e-14	7500	2e+11 0.516418
999	0.00999	1.15702e-10	-3.10926e-14	7500	2e+11 0.516418
1000	0.01	0	-2.38799e-14	7500	2e+11 0.516418
