0	0	0	0	1	1
1	0.01	0	0	1	1
2	0.02	0	0	1	1
3	0.03	0	0	1	1
4	0.04	0	0	1	1
5	0.05	0	0	1	1
6	0.06	0	0	1	1
7	0.07	0	0	1	1
8	0.08	0	0	1	1
9	0.09	0	0	1	1
10	0.1	0	0	1	1
11	0.11	0	0	1	1
12	0.12	0	0	1	1
13	0.13	0	0	1	1
14	0.14	0	0	1	1
15	0.15	0	0	1	1
16	0.16	0	0	1	1
17	0.17	0	0	1	1
18	0.18	0	0	1	1
19	0.19	0	0	1	1
20	0.2	0	0	1	1
21	0.21	0	0	1	1
22	0.22	0	0	1	1
23	0.23	0	0	1	1
24	0.24	0	0	1	1
25	0.25	0	0	1	1
26	0.26	0	0	1	1
27	0.27	0	0	1	1
28	0.28	0	0	1	1
29	0.29	0	0	1	1
30	0.3	0	0	1	1
31	0.31	0	0	1	1
32	0.32	0	0	1	1
33	0.33	0	0	1	1
34	0.34	0	0	1	1
35	0.35	0	0	1	1
36	0.36	0	0	1	1
37	0.37	0	0	1	1
38	0.38	0	0	1	1
39	0.39	0	0	1	1
40	0.4	0	0	1	1
41	0.409049	-9.76787e-05	9.76787e-05	1	1
42	0.418105	-0.000798805	0.000798805	1	1
43	0.427183	-0.00331368	0.00331368	1	1
44	0.436316	-0.00930205	0.00930205	1	1
45	0.445545	-0.0198783	0.0198783	1	1
46	0.454911	-0.0345463	0.0345463	1	1
47	0.464434	-0.0510961	0.0510961	1	1
48	0.474106	-0.0667046	0.0667046	1	1
49	0.483901	-0.079306	0.079306	1	1
50	-0.0106639	-46.7396	14.7804	0.1	1
51	0.391406	-12.0927	3.82404	0.1	1
52	0.462509	-6.26027	1.97967	0.1	1
53	0.495257	-3.76932	1.19196	0.1	1
54	0.516268	-2.35513	0.744759	0.1	1
55	0.53219	-1.47379	0.466052	0.1	1
56	0.545584	-0.924852	0.292464	0.1	1
57	0.557687	-0.603963	0.19099	0.1	1
58	0.569162	-0.435193	0.13762	0.1	1
59	0.580356	-0.356595	0.112765	0.1	1
60	0.591431	-0.322942	0.102123	0.1	1
61	0.60245	-0.307077	0.0971062	0.1	1
62	0.61343	-0.295559	0.0934639	0.1	1
63	0.624365	-0.282754	0.0894147	0.1	1
64	0.635245	-0.266694	0.084336	0.1	1
65	0.646058	-0.247021	0.0781149	0.1	1
66	0.656792	-0.224149	0.0708823	0.1	1
67	0.667441	-0.198919	0.0629037	0.1	1
68	0.678002	-0.1724	0.0545178	0.1	1
69	0.688473	-0.145748	0.0460896	0.1	1
70	0.69886	-0.120058	0.0379655	0.1	1
71	0.709169	-0.0962591	0.0304398	0.1	1
72	0.719409	-0.0750493	0.0237327	0.1	1
73	0.729591	-0.0568489	0.0179772	0.1	1
74	0.739724	-0.0418069	0.0132205	0.1	1
75	0.749819	-0.0298313	0.00943348	0.1	1
76	0.759884	-0.020645	0.00652852	0.1	1
77	0.769928	-0.0138542	0.00438107	0.1	1
78	0.779957	-0.00901498	0.00285079	0.1	1
79	0.789975	-0.00568879	0.00179895	0.1	1
80	0.799986	-0.00348229	0.0011012	0.1	1
81	0.809992	-0.00206855	0.000654134	0.1	1
82	0.819996	-0.00119297	0.00037725	0.1	1
83	0.829998	-0.000668303	0.000211336	0.1	1
84	0.84	-0.000363859	0.000115062	0.1	1
85	0.85	-0.00019265	6.09212e-05	0.1	1
86	0.86	-9.92429e-05	3.13834e-05	0.1	1
87	0.87	-4.97695e-05	1.57385e-05	0.1	1
88	0.88	-2.43109e-05	7.68777e-06	0.1	1
89	0.89	-1.15729e-05	3.65966e-06	0.1	1
90	0.9	-5.37164e-06	1.69866e-06	0.1	1
91	0.91	-2.43228e-06	7.69155e-07	0.1	1
92	0.92	-1.07491e-06	3.39915e-07	0.1	1
93	0.93	-4.63846e-07	1.46681e-07	0.1	1
94	0.94	-1.95533e-07	6.18336e-08	0.1	1
95	0.95	-8.05528e-08	2.54753e-08	0.1	1
96	0.96	-3.24375e-08	1.02642e-08	0.1	1
97	0.97	-1.27531e-08	4.05227e-09	0.1	1
98	0.98	-4.83991e-09	1.58629e-09	0.1	1
99	0.99	-1.6109e-09	6.66692e-10	0.1	1
100	1	0	4.3456e-10	0.1	1
