0	0	-2.84217e-12	2.9919e-06	1	1 -1.49595e-06 1.49595e-06
1	0.01	-4.99348e-08	-2.9921e-06	1	1 1.47108e-06 -1.52102e-06
2	0.02	9.98745e-08	2.99272e-06	1	1 -1.44642e-06 1.54629e-06
3	0.03	-1.49819e-07	-2.99374e-06	1	1 1.42196e-06 -1.57178e-06
4	0.04	1.9977e-07	2.99517e-06	1	1 -1.3977e-06 1.59747e-06
5	0.05	-2.49731e-07	-2.99701e-06	1	1 1.37364e-06 -1.62337e-06
6	0.06	2.99704e-07	2.99926e-06	1	1 -1.34978e-06 1.64948e-06
7	0.07	-3.49691e-07	-3.00192e-06	1	1 1.32611e-06 -1.6758e-06
8	0.08	3.99696e-07	3.00498e-06	1	1 -1.30264e-06 1.70234e-06
9	0.09	-4.49719e-07	-3.00846e-06	1	1 1.27937e-06 -1.72909e-06
10	0.1	4.99764e-07	3.01234e-06	1	1 -1.25629e-06 1.75605e-06
11	0.11	0.00989995	-0.00990351	1	1 0.00990173 -1.78348e-06
12	0.12	0.0100991	-0.0100955	1	1 0.0100973 1.81142e-06
13	0.13	0.00990183	-0.0099055	1	1 0.00990367 -1.8375e-06
14	0.14	0.0100972	-0.0100935	1	1 0.0100954 1.86544e-06
15	0.15	0.00990368	-0.00990747	1	1 0.00990558 -1.89431e-06
16	0.16	0.0100954	-0.0100916	1	1 0.0100935 1.92225e-06
17	0.17	0.00990551	-0.00990941	1	1 0.00990746 -1.95112e-06
18	0.18	0.0100936	-0.0100896	1	1 0.0100916 1.97906e-06
19	0.19	0.00990731	-0.00991133	1	1 0.00990932 -2.00886e-06
20	0.2	0.0100918	-0.0100877	1	1 0.0100898 2.0368e-06
21	0.21	8.58729e-06	-1.27217e-05	1	1 1.06545e-05 -2.06723e-06
22	0.22	-8.47085e-06	1.26646e-05	1	1 -1.05677e-05 2.09687e-06
23	0.23	8.3547e-06	-1.26082e-05	1	1 1.04815e-05 -2.12675e-06
24	0.24	-8.23885e-06	1.25526e-05	1	1 -1.03957e-05 2.15687e-06
25	0.25	8.12329e-06	-1.24977e-05	1	1 1.03105e-05 -2.18721e-06
26	0.26	-8.00802e-06	1.24436e-05	1	1 -1.02258e-05 2.2178e-06
27	0.27	7.89302e-06	-1.23903e-05	1	1 1.01416e-05 -2.24862e-06
28	0.28	-7.77831e-06	1.23377e-05	1	1 -1.0058e-05 2.27968e-06
29	0.29	7.66387e-06	-1.22858e-05	1	1 9.97485e-06 -2.31098e-06
30	0.3	-7.5497e-06	1.22347e-05	1	1 -9.89222e-06 2.34252e-06
31	0.31	7.4358e-06	-1.21844e-05	1	1 9.8101e-06 -2.3743e-06
32	0.32	-7.32216e-06	1.21348e-05	1	1 -9.72849e-06 2.40633e-06
33	0.33	7.20878e-06	-1.2086e-05	1	1 9.64738e-06 -2.4386e-06
34	0.34	-7.09565e-06	1.20379e-05	1	1 -9.56677e-06 2.47112e-06
35	0.35	6.98277e-06	-1.19906e-05	1	1 9.48667e-06 -2.50389e-06
36	0.36	-6.87014e-06	1.1944e-05	1	1 -9.40705e-06 2.53691e-06
37	0.37	6.75776e-06	-1.18981e-05	1	1 9.32794e-06 -2.57018e-06
38	0.38	-6.64561e-06	1.1853e-05	1	1 -9.24931e-06 2.6037e-06
39	0.39	6.5337e-06	-1.18087e-05	1	1 9.17118e-06 -2.63748e-06
40	0.4	-6.42202e-06	1.1765e-05	1	1 -9.09353e-06 2.67151e-06
41	0.41	6.31057e-06	-1.17222e-05	1	1 9.01636e-06 -2.70579e-06
42	0.42	-6.19934e-06	1.168e-05	1	1 -8.93968e-06 2.74034e-06
43	0.43	6.08833e-06	-1.16386e-05	1	1 8.86347e-06 -2.77514e-06
44	0.44	-5.97754e-06	1.1598e-05	1	1 -8.78775e-06 2.81021e-06
45	0.45	5.86696e-06	-1.1558e-05	1	1 8.71249e-06 -2.84554e-06
46	0.46	-5.75658e-06	1.15188e-05	1	1 -8.63771e-06 2.88113e-06
47	0.47	5.64641e-06	-1.14804e-05	1	1 8.5634e-06 -2.91699e-06
48	0.48	-5.53645e-06	1.14427e-05	1	1 -8.48956e-06 2.95311e-06
49	0.49	5.42668e-06	-1.14057e-05	1	1 8.41618e-06 -2.98951e-06
50	0.5	-5.3171e-06	1.13694e-05	1	1 -8.34326e-06 3.02617e-06
51	0.51	5.20771e-06	-1.13339e-05	1	1 8.27081e-06 -3.0631e-06
52	0.52	-5.0985e-06	1.12991e-05	1	1 -8.19881e-06 3.10031e-06
53	0.53	4.98948e-06	-1.12651e-05	1	1 8.12727e-06 -3.13779e-06
54	0.54	-4.88064e-06	1.12317e-05	1	1 -8.05618e-06 3.17555e-06
55	0.55	4.77196e-06	-1.11991e-05	1	1 7.98555e-06 -3.21358e-06
56	0.56	-4.66346e-06	1.11673e-05	1	1 -7.91536e-06 3.2519e-06
57	0.57	4.55513e-06	-1.11361e-05	1	1 7.84562e-06 -3.29049e-06
58	0.58	-4.44695e-06	1.11057e-05	1	1 -7.77632e-06 3.32937e-06
59	0.59	4.33894e-06	-1.1076e-05	1	1 7.70746e-06 -3.36853e-06
60	0.6	-4.23108e-06	1.1047e-05	1	1 -7.63905e-06 3.40797e-06
61	0.61	4.12337e-06	-1.10188e-05	1	1 7.57107e-06 -3.4477e-06
62	0.62	-4.01581e-06	1.09912e-05	1	1 -7.50353e-06 3.48772e-06
63	0.63	3.90839e-06	-1.09644e-05	1	1 7.43642e-06 -3.52803e-06
64	0.64	-3.80111e-06	1.09384e-05	1	1 -7.36974e-06 3.56863e-06
65	0.65	3.69396e-06	-1.0913e-05	1	1 7.30349e-06 -3.60952e-06
66	0.66	-3.58695e-06	1.08884e-05	1	1 -7.23766e-06 3.65071e-06
67	0.67	3.48007e-06	-1.08645e-05	1	1 7.17226e-06 -3.6922e-06
68	0.68	-3.3733e-06	1.08413e-05	1	1 -7.10728e-06 3.73398e-06
69	0.69	3.26666e-06	-1.08188e-05	1	1 7.04273e-06 -3.77606e-06
70	0.7	-3.16014e-06	1.0797e-05	1	1 -6.97859e-06 3.81844e-06
71	0.71	3.05373e-06	-1.0776e-05	1	1 6.91486e-06 -3.86113e-06
72	0.72	-2.94743e-06	1.07557e-05	1	1 -6.85155e-06 3.90412e-06
73	0.73	2.84124e-06	-1.07361e-05	1	1 6.78865e-06 -3.94741e-06
74	0.74	-2.73514e-06	1.07172e-05	1	1 -6.72616e-06 3.99102e-06
75	0.75	2.62915e-06	-1.0699e-05	1	1 6.66408e-06 -4.03493e-06
76	0.76	-2.52324e-06	1.06816e-05	1	1 -6.6024e-06 4.07915e-06
77	0.77	2.41743e-06	-1.06648e-05	1	1 6.54112e-06 -4.12369e-06
78	0.78	-2.3117e-06	1.06488e-05	1	1 -6.48025e-06 4.16854e-06
79	0.79	2.20606e-06	-1.06335e-05	1	1 6.41977e-06 -4.21371e-06
80	0.8	-2.1005e-06	1.06189e-05	1	1 -6.35969e-06 4.25919e-06
81	0.81	1.99501e-06	-1.0605e-05	1	1 6.30001e-06 -4.30499e-06
82	0.82	-1.88959e-06	1.05918e-05	1	1 -6.24071e-06 4.35112e-06
83	0.83	1.78424e-06	-1.05794e-05	1	1 6.18181e-06 -4.39757e-06
84	0.84	-1.67896e-06	1.05676e-05	1	1 -6.1233e-06 4.44434e-06
85	0.85	1.57373e-06	-1.05566e-05	1	1 6.06517e-06 -4.49144e-06
86	0.86	-1.46856e-06	1.05463e-05	1	1 -6.00743e-06 4.53887e-06
87	0.87	1.36345e-06	-1.05367e-05	1	1 5.95007e-06 -4.58662e-06
88	0.88	-1.25838e-06	1.05278e-05	1	1 -5.89309e-06 4.63471e-06
89	0.89	1.15336e-06	-1.05196e-05	1	1 5.83649e-06 -4.68314e-06
90	0.9	-1.04837e-06	1.05122e-05	1	1 -5.78027e-06 4.73189e-06
91	0.91	9.43431e-07	-1.05054e-05	1	1 5.72442e-06 -4.78099e-06
92	0.92	-8.3852e-07	1.04994e-05	1	1 -5.66894e-06 4.83042e-06
93	0.93	7.33639e-07	-1.0494e-05	1	1 5.61384e-06 -4.8802e-06
94	0.94	-6.28785e-07	1.04894e-05	1	1 -5.5591e-06 4.93031e-06
95	0.95	5.23954e-07	-1.04855e-05	1	1 5.50473e-06 -4.98077e-06
96	0.96	-4.1914e-07	1.04823e-05	1	1 -5.45072e-06 5.03158e-06
97	0.97	3.14344e-07	-1.04798e-05	1	1 5.39708e-06 -5.08274e-06
98	0.98	-2.09556e-07	1.0478e-05	1	1 -5.3438e-06 5.13424e-06
99	0.99	1.04777e-07	-1.0477e-05	1	1 5.29088e-06 -5.1861e-06
100	1	0	1.04766e-05	1	1 -5.23831e-06 5.23831e-06
