0	0	0	0	7500	2e+11 0.516398
1	1e-05	0	0	7500	2e+11 0.516398
2	2e-05	0	0	7500	2e+11 0.516398
3	3e-05	0	0	7500	2e+11 0.516398
4	4e-05	0	0	7500	2e+11 0.516398
5	5e-05	0	0	7500	2e+11 0.516398
6	6e-05	0	0	7500	2e+11 0.516398
7	7e-05	0	0	7500	2e+11 0.516398
8	8e-05	0	0	7500	2e+11 0.516398
9	9e-05	0	0	7500	2e+11 0.516398
10	0.0001	0	0	7500	2e+11 0.516398
11	0.00011	0	0	7500	2e+11 0.516398
12	0.00012	0	0	7500	2e+11 0.516398
13	0.00013	0	0	7500	2e+11 0.516398
14	0.00014	0	0	7500	2e+11 0.516398
15	0.00015	0	0	7500	2e+11 0.516398
16	0.00016	0	0	7500	2e+11 0.516398
17	0.00017	0	0	7500	2e+11 0.516398
18	0.00018	0	0	7500	2e+11 0.516398
19	0.00019	0	0	7500	2e+11 0.516398
20	0.0002	0	0	7500	2e+11 0.516398
21	0.00021	0	0	7500	2e+11 0.516398
22	0.00022	0	0	7500	2e+11 0.516398
23	0.00023	0	0	7500	2e+11 0.516398
24	0.00024	0	0	7500	2e+11 0.516398
25	0.00025	0	0	7500	2e+11 0.516398
26	0.00026	0	0	7500	2e+11 0.516398
27	0.00027	0	0	7500	2e+11 0.516398
28	0.00028	0	0	7500	2e+11 0.516398
29	0.00029	0	0	7500	2e+11 0.516398
30	0.0003	0	0	7500	2e+11 0.516398
31	0.00031	0	0	7500	2e+11 0.516398
32	0.00032	0	0	7500	2e+11 0.516398
33	0.00033	0	0	7500	2e+11 0.516398
34	0.00034	0	0	7500	2e+11 0.516398
35	0.00035	0	0	7500	2e+11 0.516398
36	0.00036	0	0	7500	2e+11 0.516398
37	0.00037	0	0	7500	2e+11 0.516398
38	0.00038	0	0	7500	2e+11 0.516398
39	0.00039	0	0	7500	2e+11 0.516398
40	0.0004	0	0	7500	2e+11 0.516398
41	0.00041	0	0	7500	2e+11 0.516398
42	0.00042	0	0	7500	2e+11 0.516398
43	0.00043	0	0	7500	2e+11 0.516398
44	0.00044	0	0	7500	2e+11 0.516398
45	0.00045	0	0	7500	2e+11 0.516398
46	0.00046	0	0	7500	2e+11 0.516398
47	0.00047	0	0	7500	2e+11 0.516398
48	0.00048	0	0	7500	2e+11 0.516398
49	0.00049	0	0	7500	2e+11 0.5164
50	0.0005	0	0	7500	2e+11 0.5164
51	0.00051	0	0	7500	2e+11 0.516397
52	0.00052	0	0	7500	2e+11 0.5164
53	0.00053	0	0	7500	2e+11 0.5164
54	0.00054	0	0	7500	2e+11 0.516397
55	0.00055	0	0	7500	2e+11 0.5164
56	0.00056	0	0	7500	2e+11 0.5164
57	0.00057	0	0	7500	2e+11 0.516397
58	0.00058	0	0	7500	2e+11 0.516397
59	0.00059	0	0	7500	2e+11 0.5164
60	0.0006	0	0	7500	2e+11 0.5164
61	0.00061	0	0	7500	2e+11 0.516397
62	0.00062	0	0	7500	2e+11 0.5164
63	0.00063	0	0	7500	2e+11 0.5164
64	0.00064	0	0	7500	2e+11 0.516397
65	0.00065	0	0	7500	2e+11 0.5164
66	0.00066	0	0	7500	2e+11 0.5164
67	0.00067	0	0	7500	2e+11 0.516397
68	0.00068	0	0	7500	2e+11 0.5164
69	0.00069	0	0	7500	2e+11 0.5164
70	0.0007	0	0	7500	2e+11 0.516397
71	0.00071	0	0	7500	2e+11 0.516397
72	0.00072	0	0	7500	2e+11 0.5164
73	0.00073	0	0	7500	2e+11 0.5164
74	0.00074	0	0	7500	2e+11 0.516397
75	0.00075	0	0	7500	2e+11 0.5164
76	0.00076	0	0	7500	2e+11 0.5164
77	0.00077	0	0	7500	2e+11 0.516397
78	0.00078	0	0	7500	2e+11 0.5164
79	0.00079	0	0	7500	2e+11 0.5164
80	0.0008	0	0	7500	2e+11 0.516397
81	0.00081	0	0	7500	2e+11 0.5164
82	0.00082	0	0	7500	2e+11 0.5164
83	0.00083	0	0	7500	2e+11 0.516397
84	0.00084	0	0	7500	2e+11 0.5164
85	0.00085	0	0	7500	2e+11 0.5164
86	0.00086	0	0	7500	2e+11 0.516397
87	0.00087	0	0	7500	2e+11 0.5164
88	0.00088	0	0	7500	2e+11 0.5164
89	0.00089	0	0	7500	2e+11 0.516397
90	0.0009	0	0	7500	2e+11 0.516397
91	0.00091	0	0	7500	2e+11 0.5164
92	0.00092	0	0	7500	2e+11 0.5164
93	0.00093	0	0	7500	2e+11 0.516397
94	0.00094	0	0	7500	2e+11 0.5164
95	0.00095	0	0	7500	2e+11 0.5164
96	0.00096	0	0	7500	2e+11 0.516397
97	0.00097	0	0	7500	2e+11 0.516397
98	0.00098	0	0	7500	2e+11 0.5164
99	0.00099	0	0	7500	2e+11 0.5164
100	0.001	0	0	7500	2e+11 0.5164
101	0.00101	0	0	7500	2e+11 0.5164
102	0.00102	0	0	7500	2e+11 0.5164
103	0.00103	0	0	7500	2e+11 0.5164
104	0.00104	0	0	7500	2e+11 0.5164
105	0.00105	0	0	7500	2e+11 0.5164
106	0.00106	0	0	7500	2e+11 0.5164
107	0.00107	0	0	7500	2e+11 0.5164
108	0.00108	0	0	7500	2e+11 0.5164
109	0.00109	0	0	7500	2e+11 0.5164
110	0.0011	0	0	7500	2e+11 0.5164
111	0.00111	0	0	7500	2e+11 0.5164
112	0.00112	0	0	7500	2e+11 0.5164
113	0.00113	0	0	7500	2e+11 0.5164
114	0.00114	0	0	7500	2e+11 0.5164
115	0.00115	0	0	7500	2e+11 0.5164
116	0.00116	0	0	7500	2e+11 0.5164
117	0.00117	0	0	7500	2e+11 0.5164
118	0.00118	0	0	7500	2e+11 0.5164
119	0.00119	0	0	7500	2e+11 0.5164
120	0.0012	0	0	7500	2e+11 0.5164
121	0.00121	0	0	7500	2e+11 0.5164
122	0.00122	0	0	7500	2e+11 0.5164
123	0.00123	0	0	7500	2e+11 0.5164
124	0.00124	0	0	7500	2e+11 0.5164
125	0.00125	0	0	7500	2e+11 0.5164
126	0.00126	0	0	7500	2e+11 0.5164
127	0.00127	0	0	7500	2e+11 0.5164
128	0.00128	0	0	7500	2e+11 0.5164
129	0.00129	0	0	7500	2e+11 0.5164
130	0.0013	0	0	7500	2e+11 0.5164
131	0.00131	0	0	7500	2e+11 0.5164
132	0.00132	0	0	7500	2e+11 0.5164
133	0.00133	0	0	7500	2e+11 0.5164
134	0.00134	0	0	7500	2e+11 0.5164
135	0.00135	0	0	7500	2e+11 0.5164
136	0.00136	0	0	7500	2e+11 0.5164
137	0.00137	0	0	7500	2e+11 0.5164
138	0.00138	0	0	7500	2e+11 0.5164
139	0.00139	0	0	7500	2e+11 0.5164
140	0.0014	0	0	7500	2e+11 0.5164
141	0.00141	0	0	7500	2e+11 0.5164
142	0.00142	0	0	7500	2e+11 0.5164
143	0.00143	0	0	7500	2e+11 0.5164
144	0.00144	0	0	7500	2e+11 0.5164
145	0.00145	0	0	7500	2e+11 0.5164
146	0.00146	0	0	7500	2e+11 0.5164
147	0.00147	0	0	7500	2e+11 0.5164
148	0.00148	0	0	7500	2e+11 0.5164
149	0.00149	0	0	7500	2e+11 0.5164
150	0.0015	0	0	7500	2e+11 0.5164
151	0.00151	0	0	7500	2e+11 0.5164
152	0.00152	0	0	7500	2e+11 0.5164
153	0.00153	0	0	7500	2e+11 0.5164
154	0.00154	0	0	7500	2e+11 0.5164
155	0.00155	0	0	7500	2e+11 0.5164
156	0.00156	0	0	7500	2e+11 0.5164
157	0.00157	0	0	7500	2e+11 0.5164
158	0.00158	0	0	7500	2e+11 0.5164
159	0.00159	0	0	7500	2e+11 0.5164
160	0.0016	0	0	7500	2e+11 0.5164
161	0.00161	0	0	7500	2e+11 0.5164
162	0.00162	0	0	7500	2e+11 0.5164
163	0.00163	0	0	7500	2e+11 0.5164
164	0.00164	0	0	7500	2e+11 0.5164
165	0.00165	0	0	7500	2e+11 0.5164
166	0.00166	0	0	7500	2e+11 0.5164
167	0.00167	0	0	7500	2e+11 0.5164
168	0.00168	0	0	7500	2e+11 0.5164
169	0.00169	0	0	7500	2e+11 0.5164
170	0.0017	0	0	7500	2e+11 0.5164
171	0.00171	0	0	7500	2e+11 0.5164
172	0.00172	0	0	7500	2e+11 0.5164
173	0.00173	0	0	7500	2e+11 0.5164
174	0.00174	0	0	7500	2e+11 0.5164
175	0.00175	0	0	7500	2e+11 0.5164
176	0.00176	0	0	7500	2e+11 0.5164
177	0.00177	0	0	7500	2e+11 0.5164
178	0.00178	0	0	7500	2e+11 0.5164
179	0.00179	0	0	7500	2e+11 0.5164
180	0.0018	0	0	7500	2e+11 0.5164
181	0.00181	0	0	7500	2e+11 0.5164
182	0.00182	0	0	7500	2e+11 0.5164
183	0.00183	0	0	7500	2e+11 0.5164
184	0.00184	0	0	7500	2e+11 0.5164
185	0.00185	0	0	7500	2e+11 0.5164
186	0.00186	0	0	7500	2e+11 0.5164
187	0.00187	0	0	7500	2e+11 0.5164
188	0.00188	0	0	7500	2e+11 0.5164
189	0.00189	0	0	7500	2e+11 0.5164
190	0.0019	0	0	7500	2e+11 0.5164
191	0.00191	0	0	7500	2e+11 0.5164
192	0.00192	0	0	7500	2e+11 0.5164
193	0.00193	0	0	7500	2e+11 0.5164
194	0.00194	0	0	7500	2e+11 0.5164
195	0.00195	0	0	7500	2e+11 0.5164
196	0.00196	0	0	7500	2e+11 0.516406
197	0.00197	0	0	7500	2e+11 0.516406
198	0.00198	0	0	7500	2e+11 0.516394
199	0.00199	0	0	7500	2e+11 0.516406
200	0.002	0	0	7500	2e+11 0.516406
201	0.00201	0	0	7500	2e+11 0.516394
202	0.00202	0	0	7500	2e+11 0.516406
203	0.00203	0	0	7500	2e+11 0.516406
204	0.00204	0	0	7500	2e+11 0.516394
205	0.00205	0	0	7500	2e+11 0.516406
206	0.00206	0	0	7500	2e+11 0.516406
207	0.00207	0	0	7500	2e+11 0.516394
208	0.00208	0	0	7500	2e+11 0.516406
209	0.00209	0	0	7500	2e+11 0.516406
210	0.0021	0	0	7500	2e+11 0.516394
211	0.00211	0	0	7500	2e+11 0.516406
212	0.00212	0	0	7500	2e+11 0.516406
213	0.00213	0	0	7500	2e+11 0.516394
214	0.00214	0	0	7500	2e+11 0.516406
215	0.00215	0	0	7500	2e+11 0.516406
216	0.00216	0	0	7500	2e+11 0.516394
217	0.00217	0	0	7500	2e+11 0.516406
218	0.00218	0	0	7500	2e+11 0.516406
219	0.00219	0	0	7500	2e+11 0.516394
220	0.0022	0	0	7500	2e+11 0.516406
221	0.00221	0	0	7500	2e+11 0.516406
222	0.00222	0	0	7500	2e+11 0.516394
223	0.00223	0	0	7500	2e+11 0.516406
224	0.00224	0	0	7500	2e+11 0.516406
225	0.00225	0	0	7500	2e+11 0.516394
226	0.00226	0	0	7500	2e+11 0.516394
227	0.00227	0	0	7500	2e+11 0.516406
228	0.00228	0	0	7500	2e+11 0.516406
229	0.00229	0	0	7500	2e+11 0.516394
230	0.0023	0	0	7500	2e+11 0.516406
231	0.00231	0	0	7500	2e+11 0.516406
232	0.00232	0	0	7500	2e+11 0.516394
233	0.00233	0	0	7500	2e+11 0.516406
234	0.00234	0	0	7500	2e+11 0.516406
235	0.00235	0	0	7500	2e+11 0.516394
236	0.00236	0	0	7500	2e+11 0.516406
237	0.00237	0	0	7500	2e+11 0.516406
238	0.00238	0	0	7500	2e+11 0.516394
239	0.00239	0	0	7500	2e+11 0.516406
240	0.0024	0	0	7500	2e+11 0.516406
241	0.00241	0	0	7500	2e+11 0.516394
242	0.00242	0	0	7500	2e+11 0.516406
243	0.00243	0	0	7500	2e+11 0.516406
244	0.00244	0	0	7500	2e+11 0.516394
245	0.00245	0	0	7500	2e+11 0.516406
246	0.00246	0	0	7500	2e+11 0.516406
247	0.00247	0	0	7500	2e+11 0.516394
248	0.00248	0	0	7500	2e+11 0.516406
249	0.00249	0	0	7500	2e+11 0.516406
250	0.0025	0	0	7500	2e+11 0.516394
251	0.00251	0	0	7500	2e+11 0.516406
252	0.00252	0	0	7500	2e+11 0.516406
253	0.00253	0	0	7500	2e+11 0.516394
254	0.00254	0	0	7500	2e+11 0.516406
255	0.00255	0	0	7500	2e+11 0.516406
256	0.00256	0	0	7500	2e+11 0.516394
257	0.00257	0	0	7500	2e+11 0.516406
258	0.00258	0	0	7500	2e+11 0.516406
259	0.00259	0	0	7500	2e+11 0.516394
260	0.0026	0	0	7500	2e+11 0.516406
261	0.00261	0	0	7500	2e+11 0.516406
262	0.00262	0	0	7500	2e+11 0.516394
263	0.00263	0	0	7500	2e+11 0.516406
264	0.00264	0	0	7500	2e+11 0.516406
265	0.00265	0	0	7500	2e+11 0.516394
266	0.00266	0	0	7500	2e+11 0.516406
267	0.00267	0	0	7500	2e+11 0.516406
268	0.00268	0	0	7500	2e+11 0.516394
269	0.00269	0	0	7500	2e+11 0.516406
270	0.0027	0	0	7500	2e+11 0.516406
271	0.00271	0	0	7500	2e+11 0.516394
272	0.00272	0	0	7500	2e+11 0.516406
273	0.00273	0	0	7500	2e+11 0.516406
274	0.00274	0	0	7500	2e+11 0.516394
275	0.00275	0	0	7500	2e+11 0.516406
276	0.00276	0	0	7500	2e+11 0.516406
277	0.00277	0	0	7500	2e+11 0.516394
278	0.00278	0	0	7500	2e+11 0.516406
279	0.00279	0	0	7500	2e+11 0.516406
280	0.0028	0	0	7500	2e+11 0.516394
281	0.00281	0	0	7500	2e+11 0.516406
282	0.00282	0	0	7500	2e+11 0.516406
283	0.00283	0	0	7500	2e+11 0.516394
284	0.00284	0	0	7500	2e+11 0.516406
285	0.00285	0	0	7500	2e+11 0.516406
286	0.00286	0	0	7500	2e+11 0.516394
287	0.00287	0	0	7500	2e+11 0.516394
288	0.00288	0	0	7500	2e+11 0.516406
289	0.00289	0	0	7500	2e+11 0.516406
290	0.0029	0	0	7500	2e+11 0.516394
291	0.00291	0	0	7500	2e+11 0.516406
292	0.00292	0	0	7500	2e+11 0.516406
293	0.00293	0	0	7500	2e+11 0.516394
294	0.00294	0	0	7500	2e+11 0.516406
295	0.00295	0	0	7500	2e+11 0.516406
296	0.00296	0	0	7500	2e+11 0.516394
297	0.00297	0	0	7500	2e+11 0.516406
298	0.00298	0	0	7500	2e+11 0.516406
299	0.00299	0	0	7500	2e+11 0.516394
300	0.003	0	0	7500	2e+11 0.516406
301	0.00301	0	0	7500	2e+11 0.516406
302	0.00302	0	0	7500	2e+11 0.516394
303	0.00303	0	0	7500	2e+11 0.516406
304	0.00304	0	0	7500	2e+11 0.516406
305	0.00305	0	0	7500	2e+11 0.516394
306	0.00306	0	0	7500	2e+11 0.516406
307	0.00307	0	0	7500	2e+11 0.516406
308	0.00308	0	0	7500	2e+11 0.516394
309	0.00309	0	0	7500	2e+11 0.516406
310	0.0031	0	0	7500	2e+11 0.516406
311	0.00311	0	0	7500	2e+11 0.516394
312	0.00312	0	0	7500	2e+11 0.516406
313	0.00313	0	0	7500	2e+11 0.516406
314	0.00314	0	0	7500	2e+11 0.516394
315	0.00315	0	0	7500	2e+11 0.516406
316	0.00316	0	0	7500	2e+11 0.516406
317	0.00317	0	0	7500	2e+11 0.516394
318	0.00318	0	0	7500	2e+11 0.516406
319	0.00319	0	0	7500	2e+11 0.516406
320	0.0032	0	0	7500	2e+11 0.516394
321	0.00321	0	0	7500	2e+11 0.516406
322	0.00322	0	0	7500	2e+11 0.516406
323	0.00323	0	0	7500	2e+11 0.516394
324	0.00324	0	0	7500	2e+11 0.516406
325	0.00325	0	0	7500	2e+11 0.516406
326	0.00326	0	0	7500	2e+11 0.516394
327	0.00327	0	0	7500	2e+11 0.516406
328	0.00328	0	0	7500	2e+11 0.516406
329	0.00329	0	0	7500	2e+11 0.516394
330	0.0033	0	0	7500	2e+11 0.516406
331	0.00331	0	0	7500	2e+11 0.516406
332	0.00332	0	0	7500	2e+11 0.516394
333	0.00333	0	0	7500	2e+11 0.516406
334	0.00334	0	0	7500	2e+11 0.516406
335	0.00335	0	0	7500	2e+11 0.516394
336	0.00336	0	0	7500	2e+11 0.516406
337	0.00337	0	0	7500	2e+11 0.516406
338	0.00338	0	0	7500	2e+11 0.516394
339	0.00339	0	0	7500	2e+11 0.516406
340	0.0034	0	0	7500	2e+11 0.516406
341	0.00341	0	0	7500	2e+11 0.516394
342	0.00342	0	0	7500	2e+11 0.516406
343	0.00343	0	0	7500	2e+11 0.516406
344	0.00344	0	0	7500	2e+11 0.516394
345	0.00345	0	0	7500	2e+11 0.516406
346	0.00346	0	0	7500	2e+11 0.516406
347	0.00347	0	0	7500	2e+11 0.516394
348	0.00348	0	0	7500	2e+11 0.516406
349	0.00349	0	0	7500	2e+11 0.516406
350	0.0035	0	0	7500	2e+11 0.516394
351	0.00351	0	0	7500	2e+11 0.516406
352	0.00352	0	0	7500	2e+11 0.516406
353	0.00353	0	0	7500	2e+11 0.516394
354	0.00354	0	0	7500	2e+11 0.516394
355	0.00355	0	0	7500	2e+11 0.516406
356	0.00356	0	0	7500	2e+11 0.516406
357	0.00357	0	0	7500	2e+11 0.516394
358	0.00358	0	0	7500	2e+11 0.516406
359	0.00359	0	0	7500	2e+11 0.516406
360	0.0036	0	0	7500	2e+11 0.516394
361	0.00361	0	0	7500	2e+11 0.516406
362	0.00362	0	0	7500	2e+11 0.516406
363	0.00363	0	0	7500	2e+11 0.516394
364	0.00364	0	0	7500	2e+11 0.516406
365	0.00365	0	0	7500	2e+11 0.516406
366	0.00366	0	0	7500	2e+11 0.516394
367	0.00367	0	0	7500	2e+11 0.516406
368	0.00368	0	0	7500	2e+11 0.516406
369	0.00369	0	0	7500	2e+11 0.516394
370	0.0037	0	0	7500	2e+11 0.516406
371	0.00371	0	0	7500	2e+11 0.516406
372	0.00372	0	0	7500	2e+11 0.516394
373	0.00373	0	0	7500	2e+11 0.516406
374	0.00374	0	0	7500	2e+11 0.516406
375	0.00375	0	0	7500	2e+11 0.516394
376	0.00376	0	0	7500	2e+11 0.516406
377	0.00377	0	0	7500	2e+11 0.516406
378	0.00378	0	0	7500	2e+11 0.516394
379	0.00379	0	0	7500	2e+11 0.516406
380	0.0038	0	0	7500	2e+11 0.516406
381	0.00381	0	0	7500	2e+11 0.516394
382	0.00382	0	0	7500	2e+11 0.516406
383	0.00383	0	0	7500	2e+11 0.516406
384	0.00384	0	0	7500	2e+11 0.516394
385	0.00385	0	0	7500	2e+11 0.516406
386	0.00386	0	0	7500	2e+11 0.516406
387	0.00387	0	0	7500	2e+11 0.516394
388	0.00388	0	0	7500	2e+11 0.516406
389	0.00389	0	0	7500	2e+11 0.516406
390	0.0039	0	0	7500	2e+11 0.516394
391	0.00391	0	0	7500	2e+11 0.516394
392	0.00392	0	0	7500	2e+11 0.516394
393	0.00393	0	0	7500	2e+11 0.516418
394	0.00394	0	0	7500	2e+11 0.516418
395	0.00395	0	0	7500	2e+11 0.516394
396	0.00396	0	0	7500	2e+11 0.516394
397	0.00397	0	0	7500	2e+11 0.516394
398	0.00398	0	0	7500	2e+11 0.516394
399	0.00399	0	0	7500	2e+11 0.516418
400	0.004	0	0	7500	2e+11 0.516418
401	0.00401	0	0	7500	2e+11 0.516394
402	0.00402	0	0	7500	2e+11 0.516394
403	0.00403	0	0	7500	2e+11 0.516394
404	0.00404	0	0	7500	2e+11 0.516394
405	0.00405	0	0	7500	2e+11 0.516418
406	0.00406	0	0	7500	2e+11 0.516418
407	0.00407	0	0	7500	2e+11 0.516394
408	0.00408	0	0	7500	2e+11 0.516394
409	0.00409	0	0	7500	2e+11 0.516394
410	0.0041	0	0	7500	2e+11 0.516394
411	0.00411	0	0	7500	2e+11 0.516418
412	0.00412	0	0	7500	2e+11 0.516418
413	0.00413	0	0	7500	2e+11 0.516394
414	0.00414	0	0	7500	2e+11 0.516394
415	0.00415	0	0	7500	2e+11 0.516394
416	0.00416	0	0	7500	2e+11 0.516394
417	0.00417	0	0	7500	2e+11 0.516418
418	0.00418	0	0	7500	2e+11 0.516418
419	0.00419	0	0	7500	2e+11 0.516394
420	0.0042	0	0	7500	2e+11 0.516394
421	0.00421	0	0	7500	2e+11 0.516394
422	0.00422	0	0	7500	2e+11 0.516394
423	0.00423	0	0	7500	2e+11 0.516418
424	0.00424	0	0	7500	2e+11 0.516418
425	0.00425	0	0	7500	2e+11 0.516394
426	0.00426	0	0	7500	2e+11 0.516394
427	0.00427	0	0	7500	2e+11 0.516394
428	0.00428	0	0	7500	2e+11 0.516394
429	0.00429	0	0	7500	2e+11 0.516418
430	0.0043	0	0	7500	2e+11 0.516418
431	0.00431	0	0	7500	2e+11 0.516394
432	0.00432	0	0	7500	2e+11 0.516394
433	0.00433	0	0	7500	2e+11 0.516394
434	0.00434	0	0	7500	2e+11 0.516394
435	0.00435	0	0	7500	2e+11 0.516418
436	0.00436	0	0	7500	2e+11 0.516418
437	0.00437	0	0	7500	2e+11 0.516394
438	0.00438	0	0	7500	2e+11 0.516394
439	0.00439	0	0	7500	2e+11 0.516394
440	0.0044	0	0	7500	2e+11 0.516394
441	0.00441	0	0	7500	2e+11 0.516418
442	0.00442	0	0	7500	2e+11 0.516418
443	0.00443	0	0	7500	2e+11 0.516394
444	0.00444	0	0	7500	2e+11 0.516394
445	0.00445	0	0	7500	2e+11 0.516394
446	0.00446	0	0	7500	2e+11 0.516394
447	0.00447	0	0	7500	2e+11 0.516418
448	0.00448	0	0	7500	2e+11 0.516418
449	0.00449	0	0	7500	2e+11 0.516394
450	0.0045	0	0	7500	2e+11 0.516394
451	0.00451	0	0	7500	2e+11 0.516394
452	0.00452	0	0	7500	2e+11 0.516394
453	0.00453	0	0	7500	2e+11 0.516394
454	0.00454	0	0	7500	2e+11 0.516418
455	0.00455	0	0	7500	2e+11 0.516418
456	0.00456	0	0	7500	2e+11 0.516394
457	0.00457	0	0	7500	2e+11 0.516394
458	0.00458	0	0	7500	2e+11 0.516394
459	0.00459	0	0	7500	2e+11 0.516394
460	0.0046	7.23656e-37	1.40135e-40	7500	2e+11 0.516418
461	0.00461	4.34173e-36	8.40772e-40	7500	2e+11 0.516418
462	0.00462	1.62343e-35	3.14376e-39	7500	2e+11 0.516394
463	0.00463	7.52567e-35	1.45734e-38	7500	2e+11 0.516394
464	0.00464	2.22212e-34	4.30312e-38	7500	2e+11 0.516394
465	0.00465	9.32025e-34	1.80486e-37	7500	2e+11 0.516394
466	0.00466	2.84959e-33	5.51821e-37	7500	2e+11 0.516418
467	0.00467	9.39478e-33	1.81929e-36	7500	2e+11 0.516418
468	0.00468	2.91207e-32	5.6392e-36	7500	2e+11 0.516394
469	0.00469	9.70307e-32	1.87899e-35	7500	2e+11 0.516394
470	0.0047	2.92261e-31	5.65962e-35	7500	2e+11 0.516394
471	0.00471	6.67269e-31	1.29216e-34	7500	2e+11 0.516394
472	0.00472	2.54876e-30	4.93566e-34	7500	2e+11 0.516418
473	0.00473	6.48314e-30	1.25545e-33	7500	2e+11 0.516418
474	0.00474	2.37469e-29	4.59856e-33	7500	2e+11 0.516394
475	0.00475	6.26526e-29	1.21326e-32	7500	2e+11 0.516394
476	0.00476	1.95712e-28	3.78994e-32	7500	2e+11 0.516394
477	0.00477	5.45414e-28	1.05619e-31	7500	2e+11 0.516394
478	0.00478	2.34465e-27	4.5404e-31	7500	2e+11 0.516418
479	0.00479	7.35608e-27	1.4245e-30	7500	2e+11 0.516418
480	0.0048	1.95035e-26	3.77684e-30	7500	2e+11 0.516394
481	0.00481	4.9245e-26	9.53626e-30	7500	2e+11 0.516394
482	0.00482	1.67602e-25	3.24561e-29	7500	2e+11 0.516394
483	0.00483	4.10505e-25	7.9494e-29	7500	2e+11 0.516394
484	0.00484	1.25534e-24	2.43095e-28	7500	2e+11 0.516418
485	0.00485	3.97325e-24	7.69417e-28	7500	2e+11 0.516418
486	0.00486	1.1469e-23	2.22097e-27	7500	2e+11 0.516394
487	0.00487	3.46623e-23	6.71233e-27	7500	2e+11 0.516394
488	0.00488	9.21582e-23	1.78464e-26	7500	2e+11 0.516394
489	0.00489	2.92735e-22	5.6688e-26	7500	2e+11 0.516394
490	0.0049	8.30809e-22	1.60886e-25	7500	2e+11 0.516418
491	0.00491	2.48512e-21	4.81242e-25	7500	2e+11 0.516418
492	0.00492	6.58955e-21	1.27606e-24	7500	2e+11 0.516394
493	0.00493	1.84855e-20	3.5797e-24	7500	2e+11 0.516394
494	0.00494	5.32449e-20	1.03108e-23	7500	2e+11 0.516394
495	0.00495	1.63836e-19	3.17267e-23	7500	2e+11 0.516394
496	0.00496	4.61567e-19	8.9382e-23	7500	2e+11 0.516418
497	0.00497	1.32807e-18	2.5718e-22	7500	2e+11 0.516418
498	0.00498	3.44926e-18	6.67947e-22	7500	2e+11 0.516394
499	0.00499	1.00579e-17	1.94771e-21	7500	2e+11 0.516394
500	0.005	3.09512e-17	5.99368e-21	7500	2e+11 0.516394
501	0.00501	6.90092e-17	1.33636e-20	7500	2e+11 0.516394
502	0.00502	1.67659e-16	3.24671e-20	7500	2e+11 0.516418
503	0.00503	5.76308e-16	1.11602e-19	7500	2e+11 0.516418
504	0.00504	1.66161e-15	3.21769e-19	7500	2e+11 0.516394
505	0.00505	5.58074e-15	1.08071e-18	7500	2e+11 0.516394
506	0.00506	1.63248e-14	3.16128e-18	7500	2e+11 0.516394
507	0.00507	5.09695e-14	9.87021e-18	7500	2e+11 0.516394
508	0.00508	1.42389e-13	2.75735e-17	7500	2e+11 0.516418
509	0.00509	3.62708e-13	7.02381e-17	7500	2e+11 0.516418
510	0.0051	8.85748e-13	1.71524e-16	7500	2e+11 0.516394
511	0.00511	2.30163e-12	4.45709e-16	7500	2e+11 0.516394
512	0.00512	6.21073e-12	1.2027e-15	7500	2e+11 0.516394
513	0.00513	1.73911e-11	3.36778e-15	7500	2e+11 0.516394
514	0.00514	4.67547e-11	9.05401e-15	7500	2e+11 0.516394
515	0.00515	1.45822e-10	2.82383e-14	7500	2e+11 0.516418
516	0.00516	3.84656e-10	7.44883e-14	7500	2e+11 0.516418
517	0.00517	1.22542e-09	2.37301e-13	7500	2e+11 0.516394
518	0.00518	3.25714e-09	6.30742e-13	7500	2e+11 0.516394
519	0.00519	1.16219e-08	2.25057e-12	7500	2e+11 0.516394
520	0.0052	2.94657e-08	5.70601e-12	7500	2e+11 0.516394
521	0.00521	7.47346e-08	1.44723e-11	7500	2e+11 0.516418
522	0.00522	1.89752e-07	3.67453e-11	7500	2e+11 0.516418
523	0.00523	5.79018e-07	1.12126e-10	7500	2e+11 0.516394
524	0.00524	1.82089e-06	3.52614e-10	7500	2e+11 0.516394
525	0.00525	4.64259e-06	8.99034e-10	7500	2e+11 0.516394
526	0.00526	1.45127e-05	2.81037e-09	7500	2e+11 0.516394
527	0.00527	4.4194e-05	8.55812e-09	7500	2e+11 0.516418
528	0.00528	0.000137241	2.65766e-08	7500	2e+11 0.516418
529	0.00529	0.000351138	6.79976e-08	7500	2e+11 0.516394
530	0.0053	0.00104525	2.02412e-07	7500	2e+11 0.516394
531	0.00531	0.00301291	5.83448e-07	7500	2e+11 0.516394
532	0.00532	0.00774135	1.49911e-06	7500	2e+11 0.516394
533	0.00533	0.0197158	3.81795e-06	7500	2e+11 0.516418
534	0.00534	0.0654008	1.26648e-05	7500	2e+11 0.516418
535	0.00535	0.175778	3.40393e-05	7500	2e+11 0.516394
536	0.00536	0.459453	8.89726e-05	7500	2e+11 0.51637
537	0.00537	1.21108	0.000234525	7500	2e+11 0.51637
538	0.00538001	3.63597	0.000704104	7500	2e+11 0.516153
539	0.00539001	7.58527	0.00146888	7500	2e+11 0.516033
540	0.00540003	12.6616	0.00245192	7500	2e+11 0.515554
541	0.00541006	18.3442	0.00355234	7500	2e+11 0.514979
542	0.00542009	24.1391	0.00467451	7500	2e+11 0.514501
543	0.00543014	29.6305	0.00573793	7500	2e+11 0.513857
544	0.0054402	34.522	0.00668516	7500	2e+11 0.513358
545	0.00545027	38.6581	0.00748611	7500	2e+11 0.512788
546	0.00546035	41.978	0.00812901	7500	2e+11 0.512575
547	0.00547043	44.5082	0.00861897	7500	2e+11 0.512172
548	0.00548052	46.3587	0.00897732	7500	2e+11 0.511912
549	0.00549061	47.6685	0.00923097	7500	2e+11 0.511818
550	0.0055007	48.5551	0.00940265	7500	2e+11 0.511747
551	0.00551079	49.1338	0.00951472	7500	2e+11 0.511558
552	0.00552089	49.497	0.00958506	7500	2e+11 0.511558
553	0.00553098	49.7188	0.009628	7500	2e+11 0.511511
554	0.00554108	49.8474	0.0096529	7500	2e+11 0.511511
555	0.00555118	49.9204	0.00966704	7500	2e+11 0.511487
556	0.00556127	49.9604	0.00967478	7500	2e+11 0.511487
557	0.00557137	49.9813	0.00967885	7500	2e+11 0.511535
558	0.00558147	49.9923	0.00968097	7500	2e+11 0.511535
559	0.00559156	49.9977	0.00968201	7500	2e+11 0.511535
560	0.00560166	50.0003	0.00968252	7500	2e+11 0.511535
561	0.00561175	50.0016	0.00968277	7500	2e+11 0.51144
562	0.00562185	50.0022	0.00968288	7500	2e+11 0.51144
563	0.00563195	50.0024	0.00968293	7500	2e+11 0.511535
564	0.00564204	50.0025	0.00968295	7500	2e+11 0.511535
565	0.00565214	50.0026	0.00968296	7500	2e+11 0.511511
566	0.00566224	50.0026	0.00968296	7500	2e+11 0.511511
567	0.00567233	50.0026	0.00968296	7500	2e+11 0.511464
568	0.00568243	50.0026	0.00968296	7500	2e+11 0.511464
569	0.00569253	50.0026	0.00968296	7500	2e+11 0.511558
570	0.00570262	50.0026	0.00968296	7500	2e+11 0.511558
571	0.00571272	50.0026	0.00968296	7500	2e+11 0.511464
572	0.00572281	50.0026	0.00968296	7500	2e+11 0.511464
573	0.00573291	50.0026	0.00968296	7500	2e+11 0.511464
574	0.00574301	50.0026	0.00968296	7500	2e+11 0.511464
575	0.0057531	50.0026	0.00968296	7500	2e+11 0.511487
576	0.0057632	50.0026	0.00968296	7500	2e+11 0.511558
577	0.0057733	50.0026	0.00968296	7500	2e+11 0.511558
578	0.00578339	50.0026	0.00968296	7500	2e+11 0.511464
579	0.00579349	50.0026	0.00968296	7500	2e+11 0.511487
580	0.00580359	50.0026	0.00968296	7500	2e+11 0.511487
581	0.00581368	50.0026	0.00968296	7500	2e+11 0.511511
582	0.00582378	50.0026	0.00968296	7500	2e+11 0.511511
583	0.00583387	50.0026	0.00968296	7500	2e+11 0.511464
584	0.00584397	50.0026	0.00968296	7500	2e+11 0.511487
585	0.00585407	50.0026	0.00968296	7500	2e+11 0.511487
586	0.00586416	50.0026	0.00968296	7500	2e+11 0.51144
587	0.00587426	50.0026	0.00968296	7500	2e+11 0.511605
588	0.00588435	50.0026	0.00968296	7500	2e+11 0.511605
589	0.00589445	50.0026	0.00968296	7500	2e+11 0.511487
590	0.00590455	50.0026	0.00968296	7500	2e+11 0.511464
591	0.00591464	50.0026	0.00968296	7500	2e+11 0.511487
592	0.00592474	50.0026	0.00968296	7500	2e+11 0.511487
593	0.00593484	50.0026	0.00968296	7500	2e+11 0.511511
594	0.00594493	50.0026	0.00968296	7500	2e+11 0.511582
595	0.00595503	50.0026	0.00968296	7500	2e+11 0.511582
596	0.00596512	50.0026	0.00968296	7500	2e+11 0.51144
597	0.00597522	50.0026	0.00968296	7500	2e+11 0.511487
598	0.00598532	50.0026	0.00968296	7500	2e+11 0.511487
599	0.00599541	50.0026	0.00968296	7500	2e+11 0.511487
600	0.00600551	50.0026	0.00968296	7500	2e+11 0.511511
601	0.0060156	50.0026	0.00968296	7500	2e+11 0.511535
602	0.0060257	50.0026	0.00968296	7500	2e+11 0.511535
603	0.0060358	50.0026	0.00968296	7500	2e+11 0.511558
604	0.00604589	50.0026	0.00968296	7500	2e+11 0.511558
605	0.00605599	50.0026	0.00968296	7500	2e+11 0.511487
606	0.00606608	50.0026	0.00968296	7500	2e+11 0.511511
607	0.00607618	50.0026	0.00968296	7500	2e+11 0.511535
608	0.00608628	50.0026	0.00968296	7500	2e+11 0.511535
609	0.00609637	50.0026	0.00968296	7500	2e+11 0.511558
610	0.00610647	50.0026	0.00968296	7500	2e+11 0.511558
611	0.00611656	50.0026	0.00968296	7500	2e+11 0.511487
612	0.00612666	50.0026	0.00968296	7500	2e+11 0.511487
613	0.00613676	50.0026	0.00968296	7500	2e+11 0.511535
614	0.00614685	50.0026	0.00968296	7500	2e+11 0.511535
615	0.00615695	50.0026	0.00968296	7500	2e+11 0.511511
616	0.00616704	50.0026	0.00968296	7500	2e+11 0.511511
617	0.00617714	50.0026	0.00968296	7500	2e+11 0.511511
618	0.00618723	50.0026	0.00968296	7500	2e+11 0.511535
619	0.00619733	50.0026	0.00968296	7500	2e+11 0.511535
620	0.00620743	50.0026	0.00968295	7500	2e+11 0.511511
621	0.00621752	50.0025	0.00968295	7500	2e+11 0.511487
622	0.00622762	50.0025	0.00968295	7500	2e+11 0.511558
623	0.00623771	50.0025	0.00968295	7500	2e+11 0.511558
624	0.00624781	50.0025	0.00968295	7500	2e+11 0.511511
625	0.00625791	50.0025	0.00968295	7500	2e+11 0.511558
626	0.006268	50.0025	0.00968295	7500	2e+11 0.511558
627	0.0062781	50.0025	0.00968294	7500	2e+11 0.511535
628	0.00628819	50.0024	0.00968293	7500	2e+11 0.511511
629	0.00629829	50.0023	0.0096829	7500	2e+11 0.511511
630	0.00630838	50.0018	0.00968281	7500	2e+11 0.511558
631	0.00631848	50.0005	0.00968256	7500	2e+11 0.511558
632	0.00632857	49.9962	0.00968172	7500	2e+11 0.511605
633	0.00633867	49.9865	0.00967985	7500	2e+11 0.511605
634	0.00634876	49.9499	0.00967276	7500	2e+11 0.511558
635	0.00635886	49.8442	0.00965228	7500	2e+11 0.511558
636	0.00636895	49.6091	0.00960676	7500	2e+11 0.511558
637	0.00637905	48.8958	0.00946864	7500	2e+11 0.511771
638	0.00638914	46.4629	0.0089975	7500	2e+11 0.511865
639	0.00639922	41.9925	0.00813181	7500	2e+11 0.512527
640	0.0064093	36.08	0.00698687	7500	2e+11 0.513002
641	0.00641937	29.5045	0.00571352	7500	2e+11 0.513786
642	0.00642942	23.0248	0.00445873	7500	2e+11 0.514573
643	0.00643945	17.2098	0.00333265	7500	2e+11 0.514907
644	0.00644948	12.3492	0.00239141	7500	2e+11 0.51553
645	0.0064595	8.50728	0.00164743	7500	2e+11 0.515865
646	0.00646951	5.66283	0.0010966	7500	2e+11 0.516201
647	0.00647951	3.63592	0.000704092	7500	2e+11 0.516298
648	0.00648951	2.25623	0.000436917	7500	2e+11 0.516634
649	0.00649951	1.35925	0.000263217	7500	2e+11 0.517044
650	0.0065095	0.790295	0.00015304	7500	2e+11 0.517044
651	0.00651956	0.443748	8.59314e-05	7500	2e+11 0.516972
652	0.00652955	0.242403	4.69412e-05	7500	2e+11 0.516972
653	0.00653954	0.128505	2.4885e-05	7500	2e+11 0.516755
654	0.00654954	0.0664351	1.28651e-05	7500	2e+11 0.516658
655	0.00655953	0.0331603	6.42147e-06	7500	2e+11 0.516634
656	0.00656953	0.0161413	3.12574e-06	7500	2e+11 0.516634
657	0.00657953	0.00760436	1.47258e-06	7500	2e+11 0.516538
658	0.00658952	0.00346951	6.71867e-07	7500	2e+11 0.516658
659	0.00659952	0.0015505	3.00253e-07	7500	2e+11 0.516658
660	0.00660952	0.000676879	1.31077e-07	7500	2e+11 0.516538
661	0.00661952	0.000288827	5.59311e-08	7500	2e+11 0.516538
662	0.00662951	0.000118964	2.30373e-08	7500	2e+11 0.516514
663	0.00663951	4.79661e-05	9.2886e-09	7500	2e+11 0.516514
664	0.00664951	1.86729e-05	3.61599e-09	7500	2e+11 0.51637
665	0.00665951	7.08812e-06	1.37261e-09	7500	2e+11 0.51637
666	0.00666951	2.59025e-06	5.016e-10	7500	2e+11 0.516394
667	0.00667951	9.14843e-07	1.77159e-10	7500	2e+11 0.516562
668	0.00668951	3.14735e-07	6.09481e-11	7500	2e+11 0.516562
669	0.00669951	1.04801e-07	2.02945e-11	7500	2e+11 0.516418
670	0.00670951	3.351e-08	6.48918e-12	7500	2e+11 0.51649
671	0.00671951	1.03721e-08	2.00855e-12	7500	2e+11 0.51649
672	0.00672951	3.06427e-09	5.93393e-13	7500	2e+11 0.51637
673	0.00673951	8.86298e-10	1.71631e-13	7500	2e+11 0.516538
674	0.00674951	2.47125e-10	4.78556e-14	7500	2e+11 0.516538
675	0.00675951	6.59413e-11	1.27695e-14	7500	2e+11 0.51637
676	0.00676951	1.66731e-11	3.22874e-15	7500	2e+11 0.51637
677	0.00677951	4.07813e-12	7.89727e-16	7500	2e+11 0.516442
678	0.00678951	9.6395e-13	1.86668e-16	7500	2e+11 0.516442
679	0.00679951	2.18907e-13	4.23912e-17	7500	2e+11 0.516442
680	0.00680951	4.78671e-14	9.26942e-18	7500	2e+11 0.516442
681	0.00681951	1.03296e-14	2.00032e-18	7500	2e+11 0.516394
682	0.00682951	2.13391e-15	4.13229e-19	7500	2e+11 0.516394
683	0.00683951	4.19807e-16	8.12953e-20	7500	2e+11 0.51637
684	0.00684952	8.07629e-17	1.56397e-20	7500	2e+11 0.516346
685	0.00685952	1.54053e-17	2.98322e-21	7500	2e+11 0.516346
686	0.00686952	2.93535e-18	5.68427e-22	7500	2e+11 0.51637
687	0.00687952	5.50659e-19	1.06635e-22	7500	2e+11 0.516442
688	0.00688952	1.03169e-19	1.99785e-23	7500	2e+11 0.516442
689	0.00689952	1.93841e-20	3.75372e-24	7500	2e+11 0.516418
690	0.00690952	3.45356e-21	6.68779e-25	7500	2e+11 0.516418
691	0.00691952	5.93732e-22	1.14976e-25	7500	2e+11 0.516442
692	0.00692952	1.01473e-22	1.96501e-26	7500	2e+11 0.516442
693	0.00693952	1.66342e-23	3.22121e-27	7500	2e+11 0.516466
694	0.00694952	2.61661e-24	5.06704e-28	7500	2e+11 0.516466
695	0.00695952	4.00085e-25	7.74761e-29	7500	2e+11 0.516466
696	0.00696952	5.79432e-26	1.12207e-29	7500	2e+11 0.516394
697	0.00697952	7.87845e-27	1.52565e-30	7500	2e+11 0.516418
698	0.00698952	9.76533e-28	1.89103e-31	7500	2e+11 0.516418
699	0.00699952	1.1452e-28	2.21631e-32	7500	2e+11 0.51649
700	0.00700952	1.31366e-29	2.44864e-33	7500	2e+11 0.51649
701	0.00701952	3.04567e-30	-4.23525e-35	7500	2e+11 0.51637
702	0.00702952	1.06113e-29	-2.00461e-33	7500	2e+11 0.51637
703	0.00703952	6.82078e-29	-1.3204e-32	7500	2e+11 0.516466
704	0.00704952	4.13192e-28	-8.00137e-32	7500	2e+11 0.516466
705	0.00705952	2.50534e-27	-4.85157e-31	7500	2e+11 0.516442
706	0.00706952	1.73803e-26	-3.36568e-30	7500	2e+11 0.516442
707	0.00707952	1.40042e-25	-2.7119e-29	7500	2e+11 0.516442
708	0.00708952	1.36203e-24	-2.63756e-28	7500	2e+11 0.516418
709	0.00709952	1.42596e-23	-2.76135e-27	7500	2e+11 0.516538
710	0.00710952	1.50103e-22	-2.90673e-26	7500	2e+11 0.516538
711	0.00711952	1.41736e-21	-2.7447e-25	7500	2e+11 0.516442
712	0.00712952	1.19963e-20	-2.32308e-24	7500	2e+11 0.516442
713	0.00713952	9.86604e-20	-1.91055e-23	7500	2e+11 0.516442
714	0.00714952	7.85306e-19	-1.52074e-22	7500	2e+11 0.516442
715	0.00715952	5.66964e-18	-1.09792e-21	7500	2e+11 0.516394
716	0.00716952	3.62322e-17	-7.01634e-21	7500	2e+11 0.516562
717	0.00717951	2.19542e-16	-4.25142e-20	7500	2e+11 0.516562
718	0.00718951	1.32167e-15	-2.55941e-19	7500	2e+11 0.516418
719	0.00719952	7.2982e-15	-1.41329e-18	7500	2e+11 0.51649
720	0.00720951	3.81622e-14	-7.39008e-18	7500	2e+11 0.51649
721	0.00721952	1.87812e-13	-3.63697e-17	7500	2e+11 0.51649
722	0.00722951	8.50484e-13	-1.64695e-16	7500	2e+11 0.51649
723	0.00723951	3.76727e-12	-7.29528e-16	7500	2e+11 0.516442
724	0.00724951	1.63968e-11	-3.17523e-15	7500	2e+11 0.516442
725	0.00725951	6.67095e-11	-1.29182e-14	7500	2e+11 0.516442
726	0.00726951	2.54623e-10	-4.93076e-14	7500	2e+11 0.516442
727	0.00727951	9.26283e-10	-1.79374e-13	7500	2e+11 0.516442
728	0.00728951	3.25518e-09	-6.30362e-13	7500	2e+11 0.516442
729	0.00729951	1.08446e-08	-2.10005e-12	7500	2e+11 0.516418
730	0.00730951	3.50272e-08	-6.78298e-12	7500	2e+11 0.516418
731	0.00731951	1.10126e-07	-2.13258e-11	7500	2e+11 0.516514
732	0.00732951	3.32267e-07	-6.43433e-11	7500	2e+11 0.516514
733	0.00733951	9.60035e-07	-1.8591e-10	7500	2e+11 0.516322
734	0.00734952	2.67961e-06	-5.18904e-10	7500	2e+11 0.51637
735	0.00735952	7.36943e-06	-1.42708e-09	7500	2e+11 0.516418
736	0.00736952	1.94548e-05	-3.7674e-09	7500	2e+11 0.51649
737	0.00737951	4.93188e-05	-9.55055e-09	7500	2e+11 0.51649
738	0.00738952	0.000122252	-2.3674e-08	7500	2e+11 0.516322
739	0.00739952	0.000291426	-5.64345e-08	7500	2e+11 0.51637
740	0.00740952	0.000673292	-1.30382e-07	7500	2e+11 0.51637
741	0.00741952	0.00151903	-2.94159e-07	7500	2e+11 0.516346
742	0.00742952	0.00335678	-6.50037e-07	7500	2e+11 0.516346
743	0.00743952	0.00717576	-1.38958e-06	7500	2e+11 0.516274
744	0.00744953	0.0148848	-2.88243e-06	7500	2e+11 0.516274
745	0.00745953	0.0302281	-5.85364e-06	7500	2e+11 0.516226
746	0.00746953	0.0595491	-1.15316e-05	7500	2e+11 0.516226
747	0.00747954	0.113339	-2.1948e-05	7500	2e+11 0.516105
748	0.00748955	0.209666	-4.06017e-05	7500	2e+11 0.516177
749	0.00749955	0.377569	-7.31159e-05	7500	2e+11 0.516177
750	0.00750956	0.662002	-0.000128196	7500	2e+11 0.519563
751	0.0075195	1.11883	-0.00021666	7500	2e+11 0.519563
752	0.00752951	1.83241	-0.000354846	7500	2e+11 0.516105
753	0.00753951	2.90384	-0.000562327	7500	2e+11 0.516707
754	0.00754951	4.46168	-0.000864001	7500	2e+11 0.516707
755	0.0075595	6.62687	-0.00128329	7500	2e+11 0.516923
756	0.00756949	9.50884	-0.00184138	7500	2e+11 0.517551
757	0.00757947	13.1819	-0.00255267	7500	2e+11 0.517841
758	0.00758944	17.657	-0.00341926	7500	2e+11 0.518325
759	0.00759941	22.8328	-0.00442156	7500	2e+11 0.518907
760	0.00760936	28.4933	-0.00551771	7500	2e+11 0.519612
761	0.0076193	34.2791	-0.00663813	7500	2e+11 0.520026
762	0.00762923	39.7437	-0.00769634	7500	2e+11 0.520759
763	0.00763914	44.375	-0.00859319	7500	2e+11 0.520832
764	0.00764906	47.6747	-0.00923217	7500	2e+11 0.521371
765	0.00765896	49.1508	-0.00951802	7500	2e+11 0.521371
766	0.00766887	49.7684	-0.0096376	7500	2e+11 0.521273
767	0.00767878	49.9148	-0.00966595	7500	2e+11 0.521297
768	0.00768868	49.9674	-0.00967615	7500	2e+11 0.521322
769	0.00769859	49.9844	-0.00967944	7500	2e+11 0.521322
770	0.00770849	49.9927	-0.00968104	7500	2e+11 0.521371
771	0.0077184	49.9959	-0.00968166	7500	2e+11 0.521371
772	0.00772831	49.9968	-0.00968184	7500	2e+11 0.521297
773	0.00773821	49.9972	-0.00968191	7500	2e+11 0.521395
774	0.00774812	49.9973	-0.00968194	7500	2e+11 0.521395
775	0.00775802	49.9974	-0.00968195	7500	2e+11 0.521346
776	0.00776793	49.9974	-0.00968195	7500	2e+11 0.521346
777	0.00777783	49.9974	-0.00968195	7500	2e+11 0.521322
778	0.00778774	49.9974	-0.00968195	7500	2e+11 0.521371
779	0.00779764	49.9974	-0.00968195	7500	2e+11 0.521371
780	0.00780755	49.9974	-0.00968195	7500	2e+11 0.521346
781	0.0078175	49.9974	-0.00968195	7500	2e+11 0.52049
782	0.00782742	49.9974	-0.00968195	7500	2e+11 0.521469
783	0.00783732	49.9974	-0.00968195	7500	2e+11 0.521469
784	0.00784723	49.9974	-0.00968195	7500	2e+11 0.521518
785	0.00785713	49.9974	-0.00968196	7500	2e+11 0.521518
786	0.00786704	49.9974	-0.00968196	7500	2e+11 0.52142
787	0.00787694	49.9974	-0.00968196	7500	2e+11 0.52142
788	0.00788685	49.9974	-0.00968196	7500	2e+11 0.521518
789	0.00789675	49.9974	-0.00968196	7500	2e+11 0.521518
790	0.00790665	49.9974	-0.00968196	7500	2e+11 0.521518
791	0.00791656	49.9974	-0.00968196	7500	2e+11 0.521518
792	0.00792646	49.9974	-0.00968196	7500	2e+11 0.521469
793	0.00793636	49.9974	-0.00968196	7500	2e+11 0.521469
794	0.00794627	49.9974	-0.00968196	7500	2e+11 0.521567
795	0.00795617	49.9974	-0.00968196	7500	2e+11 0.521567
796	0.00796608	49.9974	-0.00968196	7500	2e+11 0.521371
797	0.00797598	49.9974	-0.00968196	7500	2e+11 0.521469
798	0.00798588	49.9974	-0.00968196	7500	2e+11 0.521469
799	0.00799579	49.9974	-0.00968196	7500	2e+11 0.52142
800	0.00800569	49.9974	-0.00968196	7500	2e+11 0.52142
801	0.0080156	49.9974	-0.00968196	7500	2e+11 0.521567
802	0.0080255	49.9974	-0.00968196	7500	2e+11 0.521567
803	0.00803541	49.9974	-0.00968196	7500	2e+11 0.521469
804	0.00804531	49.9974	-0.00968196	7500	2e+11 0.521469
805	0.00805521	49.9974	-0.00968196	7500	2e+11 0.521469
806	0.00806511	49.9974	-0.00968196	7500	2e+11 0.521469
807	0.00807502	49.9974	-0.00968196	7500	2e+11 0.52142
808	0.00808492	49.9974	-0.00968196	7500	2e+11 0.52142
809	0.00809483	49.9974	-0.00968196	7500	2e+11 0.52142
810	0.00810473	49.9974	-0.00968196	7500	2e+11 0.521469
811	0.00811463	49.9974	-0.00968196	7500	2e+11 0.521469
812	0.00812454	49.9974	-0.00968196	7500	2e+11 0.52142
813	0.00813444	49.9974	-0.00968196	7500	2e+11 0.52142
814	0.00814435	49.9974	-0.00968196	7500	2e+11 0.521469
815	0.00815425	49.9974	-0.00968196	7500	2e+11 0.521469
816	0.00816416	49.9974	-0.00968196	7500	2e+11 0.521469
817	0.00817406	49.9974	-0.00968196	7500	2e+11 0.521469
818	0.00818396	49.9974	-0.00968196	7500	2e+11 0.521469
819	0.00819386	49.9974	-0.00968196	7500	2e+11 0.521469
820	0.00820377	49.9974	-0.00968196	7500	2e+11 0.52142
821	0.00821367	49.9974	-0.00968196	7500	2e+11 0.521567
822	0.00822358	49.9974	-0.00968196	7500	2e+11 0.521567
823	0.00823348	49.9974	-0.00968196	7500	2e+11 0.521567
824	0.00824338	49.9974	-0.00968196	7500	2e+11 0.521567
825	0.00825329	49.9974	-0.00968196	7500	2e+11 0.521469
826	0.00826319	49.9974	-0.00968196	7500	2e+11 0.521469
827	0.00827309	49.9974	-0.00968196	7500	2e+11 0.521567
828	0.008283	49.9974	-0.00968196	7500	2e+11 0.521567
829	0.0082929	49.9974	-0.00968196	7500	2e+11 0.521518
830	0.00830281	49.9974	-0.00968196	7500	2e+11 0.521518
831	0.00831271	49.9974	-0.00968196	7500	2e+11 0.52142
832	0.00832262	49.9974	-0.00968196	7500	2e+11 0.521518
833	0.00833252	49.9974	-0.00968196	7500	2e+11 0.521518
834	0.00834242	49.9974	-0.00968196	7500	2e+11 0.521469
835	0.00835233	49.9974	-0.00968196	7500	2e+11 0.521567
836	0.00836223	49.9974	-0.00968196	7500	2e+11 0.521567
837	0.00837213	49.9974	-0.00968196	7500	2e+11 0.521567
838	0.00838203	49.9974	-0.00968196	7500	2e+11 0.521567
839	0.00839194	49.9974	-0.00968195	7500	2e+11 0.521567
840	0.00840184	49.9973	-0.00968193	7500	2e+11 0.521567
841	0.00841175	49.997	-0.00968188	7500	2e+11 0.52142
842	0.00842165	49.9964	-0.00968175	7500	2e+11 0.521469
843	0.00843155	49.995	-0.00968149	7500	2e+11 0.521469
844	0.00844146	49.9922	-0.00968094	7500	2e+11 0.521469
845	0.00845136	49.9862	-0.00967979	7500	2e+11 0.521518
846	0.00846126	49.9744	-0.0096775	7500	2e+11 0.521518
847	0.00847117	49.9509	-0.00967295	7500	2e+11 0.521371
848	0.00848107	49.9069	-0.00966443	7500	2e+11 0.521371
849	0.00849098	49.8242	-0.00964842	7500	2e+11 0.521371
850	0.00850088	49.677	-0.00961992	7500	2e+11 0.521371
851	0.00851079	49.4235	-0.00957082	7500	2e+11 0.521371
852	0.00852069	48.993	-0.00948745	7500	2e+11 0.521371
853	0.0085306	48.2984	-0.00935295	7500	2e+11 0.521273
854	0.00854051	47.2229	-0.00914467	7500	2e+11 0.521273
855	0.00855042	45.5874	-0.00882797	7500	2e+11 0.520881
856	0.00856034	43.2112	-0.0083678	7500	2e+11 0.520685
857	0.00857026	39.944	-0.00773513	7500	2e+11 0.520441
858	0.00858019	35.6187	-0.00689754	7500	2e+11 0.520002
859	0.00859013	30.3004	-0.00586765	7500	2e+11 0.519612
860	0.00860008	24.1354	-0.00467379	7500	2e+11 0.519028
861	0.00861004	17.5084	-0.00339048	7500	2e+11 0.518204
862	0.00862002	11.1143	-0.00215227	7500	2e+11 0.517623
863	0.00863001	5.75771	-0.00111498	7500	2e+11 0.517092
864	0.00864	2.15769	-0.000417834	7500	2e+11 0.516707
865	0.00865	0.748304	-0.000144908	7500	2e+11 0.516466
866	0.00866	0.2778	-5.37958e-05	7500	2e+11 0.516418
867	0.00867	0.0953125	-1.84572e-05	7500	2e+11 0.516418
868	0.00868	0.0276381	-5.3521e-06	7500	2e+11 0.516418
869	0.00869	0.0124628	-2.4134e-06	7500	2e+11 0.516418
870	0.0087	0.00406386	-7.86963e-07	7500	2e+11 0.516418
871	0.00871	0.00171088	-3.3131e-07	7500	2e+11 0.516418
872	0.00872	0.000556959	-1.07855e-07	7500	2e+11 0.516418
873	0.00873	0.000197567	-3.82586e-08	7500	2e+11 0.516418
874	0.00874	6.59326e-05	-1.27678e-08	7500	2e+11 0.516418
875	0.00875	1.79236e-05	-3.47088e-09	7500	2e+11 0.516418
876	0.00876	6.81288e-06	-1.31931e-09	7500	2e+11 0.516418
877	0.00877	2.87237e-06	-5.56233e-10	7500	2e+11 0.516418
878	0.00878	1.13305e-06	-2.19414e-10	7500	2e+11 0.516418
879	0.00879	4.35711e-07	-8.43751e-11	7500	2e+11 0.516418
880	0.0088	1.23539e-07	-2.39233e-11	7500	2e+11 0.516418
881	0.00881	4.36226e-08	-8.44748e-12	7500	2e+11 0.516418
882	0.00882	1.72462e-08	-3.33972e-12	7500	2e+11 0.516418
883	0.00883	5.96754e-09	-1.15561e-12	7500	2e+11 0.516418
884	0.00884	1.68239e-09	-3.25794e-13	7500	2e+11 0.516418
885	0.00885	6.4594e-10	-1.25086e-13	7500	2e+11 0.516418
886	0.00886	1.7045e-10	-3.30076e-14	7500	2e+11 0.516418
887	0.00887	7.12626e-11	-1.37999e-14	7500	2e+11 0.516418
888	0.00888	2.14158e-11	-4.14716e-15	7500	2e+11 0.516418
889	0.00889	7.73073e-12	-1.49705e-15	7500	2e+11 0.516418
890	0.0089	3.31323e-12	-6.41605e-16	7500	2e+11 0.516418
891	0.00891	1.27009e-12	-2.45952e-16	7500	2e+11 0.516418
892	0.00892	3.80406e-13	-7.36654e-17	7500	2e+11 0.516418
893	0.00893	1.49055e-13	-2.88644e-17	7500	2e+11 0.516418
894	0.00894	5.31846e-14	-1.02992e-17	7500	2e+11 0.516418
895	0.00895	1.59953e-14	-3.09748e-18	7500	2e+11 0.516418
896	0.00896	7.3627e-15	-1.42578e-18	7500	2e+11 0.516418
897	0.00897	2.85677e-15	-5.5321e-19	7500	2e+11 0.516418
898	0.00898	1.15564e-15	-2.23789e-19	7500	2e+11 0.516418
899	0.00899	3.77174e-16	-7.30395e-20	7500	2e+11 0.516418
900	0.009	1.41442e-16	-2.73902e-20	7500	2e+11 0.516418
901	0.00901	4.6806e-17	-9.06394e-21	7500	2e+11 0.516418
902	0.00902	1.23904e-17	-2.39939e-21	7500	2e+11 0.516418
903	0.00903	4.78543e-18	-9.26695e-22	7500	2e+11 0.516418
904	0.00904	1.67018e-18	-3.23429e-22	7500	2e+11 0.516418
905	0.00905	6.36295e-19	-1.23218e-22	7500	2e+11 0.516418
906	0.00906	1.84947e-19	-3.58148e-23	7500	2e+11 0.516418
907	0.00907	6.60265e-20	-1.2786e-23	7500	2e+11 0.516418
908	0.00908	2.63941e-20	-5.1112e-24	7500	2e+11 0.516418
909	0.00909	9.08375e-21	-1.75906e-24	7500	2e+11 0.516418
910	0.0091	2.99426e-21	-5.79835e-25	7500	2e+11 0.516418
911	0.00911	1.08116e-21	-2.09365e-25	7500	2e+11 0.516418
912	0.00912	4.06902e-22	-7.87962e-26	7500	2e+11 0.516418
913	0.00913	1.44879e-22	-2.80556e-26	7500	2e+11 0.516418
914	0.00914	4.14824e-23	-8.03303e-27	7500	2e+11 0.516418
915	0.00915	1.80731e-23	-3.49984e-27	7500	2e+11 0.516418
916	0.00916	7.68778e-24	-1.48873e-27	7500	2e+11 0.516418
917	0.00917	2.32592e-24	-4.50413e-28	7500	2e+11 0.516418
918	0.00918	7.99619e-25	-1.54846e-28	7500	2e+11 0.516418
919	0.00919	3.25653e-25	-6.30624e-29	7500	2e+11 0.516418
920	0.0092	1.07232e-25	-2.07655e-29	7500	2e+11 0.516418
921	0.00921	4.01458e-26	-7.77421e-30	7500	2e+11 0.516418
922	0.00922	1.21004e-26	-2.34323e-30	7500	2e+11 0.516418
923	0.00923	4.47628e-27	-8.66828e-31	7500	2e+11 0.516418
924	0.00924	1.38267e-27	-2.67753e-31	7500	2e+11 0.516418
925	0.00925	4.19004e-28	-8.11397e-32	7500	2e+11 0.516418
926	0.00926	1.31972e-28	-2.55563e-32	7500	2e+11 0.516418
927	0.00927	4.45025e-29	-8.61787e-33	7500	2e+11 0.516418
928	0.00928	1.70378e-29	-3.29936e-33	7500	2e+11 0.516418
929	0.00929	5.27749e-30	-1.02198e-33	7500	2e+11 0.516418
930	0.0093	1.9735e-30	-3.82167e-34	7500	2e+11 0.516418
931	0.00931	6.14867e-31	-1.19068e-34	7500	2e+11 0.516418
932	0.00932	1.316e-31	-2.54842e-35	7500	2e+11 0.516418
933	0.00933	4.59304e-32	-8.89439e-36	7500	2e+11 0.516418
934	0.00934	1.2072e-32	-2.33774e-36	7500	2e+11 0.516418
935	0.00935	3.36179e-33	-6.51008e-37	7500	2e+11 0.516418
936	0.00936	7.31856e-34	-1.41723e-37	7500	2e+11 0.516418
937	0.00937	2.40955e-34	-4.66607e-38	7500	2e+11 0.516418
938	0.00938	6.40555e-35	-1.24043e-38	7500	2e+11 0.516418
939	0.00939	1.95387e-35	-3.78365e-39	7500	2e+11 0.516418
940	0.0094	4.34153e-36	-8.40733e-40	7500	2e+11 0.516418
941	0.00941	7.23656e-37	-1.40135e-40	7500	2e+11 0.516418
942	0.00942	3.94768e-37	-7.64464e-41	7500	2e+11 0.516418
943	0.00943	0	0	7500	2e+11 0.516418
944	0.00944	0	0	7500	2e+11 0.516418
945	0.00945	0	0	7500	2e+11 0.516418
946	0.00946	0	0	7500	2e+11 0.516418
947	0.00947	0	0	7500	2e+11 0.516418
948	0.00948	0	0	7500	2e+11 0.516418
949	0.00949	0	0	7500	2e+11 0.516418
950	0.0095	0	0	7500	2e+11 0.516418
951	0.00951	0	0	7500	2e+11 0.516418
952	0.00952	0	0	7500	2e+11 0.516418
953	0.00953	0	0	7500	2e+11 0.516418
954	0.00954	0	0	7500	2e+11 0.516418
955	0.00955	0	0	7500	2e+11 0.516418
956	0.00956	0	0	7500	2e+11 0.516418
957	0.00957	0	0	7500	2e+11 0.516418
958	0.00958	0	0	7500	2e+11 0.516418
959	0.00959	0	0	7500	2e+11 0.516418
960	0.0096	0	0	7500	2e+11 0.516418
961	0.00961	0	0	7500	2e+11 0.516418
962	0.00962	0	0	7500	2e+11 0.516418
963	0.00963	0	0	7500	2e+11 0.516418
964	0.00964	0	0	7500	2e+11 0.516418
965	0.00965	0	0	7500	2e+11 0.516418
966	0.00966	0	0	7500	2e+11 0.516418
967	0.00967	0	0	7500	2e+11 0.516418
968	0.00968	0	0	7500	2e+11 0.516418
969	0.00969	0	0	7500	2e+11 0.516418
970	0.0097	0	0	7500	2e+11 0.516418
971	0.00971	0	0	7500	2e+11 0.516418
972	0.00972	0	0	7500	2e+11 0.516418
973	0.00973	0	0	7500	2e+11 0.516418
974	0.00974	0	0	7500	2e+11 0.516418
975	0.00975	0	0	7500	2e+11 0.516418
976	0.00976	0	0	7500	2e+11 0.516418
977	0.00977	0	0	7500	2e+11 0.516418
978	0.00978	0	0	7500	2e+11 0.516418
979	0.00979	0	0	7500	2e+11 0.516418
980	0.0098	0	0	7500	2e+11 0.516418
981	0.00981	0	0	7500	2e+11 0.516418
982	0.00982	0	0	7500	2e+11 0.516418
983	0.00983	0	0	7500	2e+11 0.516418
984	0.00984	0	0	7500	2e+11 0.516418
985	0.00985	0	0	7500	2e+11 0.516418
986	0.00986	0	0	7500	2e+11 0.516418
987	0.00987	0	0	7500	2e+11 0.516418
988	0.00988	0	0	7500	2e+11 0.516418
989	0.00989	0	0	7500	2e+11 0.516418
990	0.0099	0	0	7500	2e+11 0.516418
991	0.00991	0	0	7500	2e+11 0.516418
992	0.00992	0	0	7500	2e+11 0.516418
993	0.00993	0	0	7500	2e+11 0.516418
994	0.00994	0	0	7500	2e+11 0.516418
995	0.00995	0	0	7500	2e+11 0.516418
996	0.00996	0	0	7500	2e+11 0.516418
997	0.00997	0	0	7500	2e+11 0.516418
998	0.00998	0	0	7500	2e+11 0.516418
999	0.00999	0	0	7500	2e+11 0.516418
1000	0.01	0	-0	7500	2e+11 0.516418
