0	0	0	0	1	1
1	0.01	0	0	1	1
2	0.02	0	0	1	1
3	0.03	0	0	1	1
4	0.04	0	0	1	1
5	0.05	0	0	1	1
6	0.06	0	0	1	1
7	0.07	0	0	1	1
8	0.08	0	0	1	1
9	0.09	0	0	1	1
10	0.1	0	0	1	1
11	0.11	0	0	1	1
12	0.12	0	0	1	1
13	0.13	0	0	1	1
14	0.14	0	0	1	1
15	0.15	0	0	1	1
16	0.16	0	0	1	1
17	0.17	0	0	1	1
18	0.18	0	0	1	1
19	0.19	0	0	1	1
20	0.2	0	0	1	1
21	0.21	0	0	1	1
22	0.22	0	0	1	1
23	0.23	0	0	1	1
24	0.24	0	0	1	1
25	0.25	0	0	1	1
26	0.26	0	0	1	1
27	0.27	0	0	1	1
28	0.28	0	0	1	1
29	0.29	0	0	1	1
30	0.3	0	0	1	1
31	0.31	0	0	1	1
32	0.32	0	0	1	1
33	0.33	0	0	1	1
34	0.34	0	0	1	1
35	0.35	0	0	1	1
36	0.36	0	0	1	1
37	0.37	0	0	1	1
38	0.38	0	0	1	1
39	0.39	0	0	1	1
40	0.4	0	0	1	1
41	0.409049	-1.69162e-06	1.69162e-06	1	1
42	0.418097	-2.07361e-05	2.07361e-05	1	1
43	0.427146	-0.000128058	0.000128058	1	1
44	0.436199	-0.000531689	0.000531689	1	1
45	0.445262	-0.00167025	0.00167025	1	1
46	0.454349	-0.00423742	0.00423742	1	1
47	0.463479	-0.00904307	0.00904307	1	1
48	0.472679	-0.0166928	0.0166928	1	1
49	0.481977	-0.0272107	0.0272107	1	1
50	-1.82595	-51.6103	16.3206	0.1	1
51	-0.151193	-16.615	5.25414	0.1	1
52	0.135556	-10.6799	3.37727	0.1	1
53	0.262672	-8.06737	2.55113	0.1	1
54	0.340096	-6.48795	2.05167	0.1	1
55	0.394771	-5.38214	1.70198	0.1	1
56	0.436734	-4.54212	1.43634	0.1	1
57	0.47069	-3.87088	1.22408	0.1	1
58	0.499193	-3.31609	1.04864	0.1	1
59	0.523773	-2.84682	0.900244	0.1	1
60	0.545415	-2.44355	0.772719	0.1	1
61	0.56479	-2.09338	0.661984	0.1	1
62	0.582383	-1.78748	0.565251	0.1	1
63	0.598549	-1.51984	0.480616	0.1	1
64	0.613565	-1.28621	0.406735	0.1	1
65	0.62765	-1.08358	0.342657	0.1	1
66	0.640981	-0.909719	0.287678	0.1	1
67	0.653709	-0.762764	0.241207	0.1	1
68	0.665955	-0.640872	0.202661	0.1	1
69	0.677824	-0.541916	0.171369	0.1	1
70	0.689401	-0.463281	0.146502	0.1	1
71	0.700756	-0.401837	0.127072	0.1	1
72	0.711941	-0.354133	0.111987	0.1	1
73	0.722994	-0.316651	0.100134	0.1	1
74	0.733941	-0.286178	0.0904973	0.1	1
75	0.744798	-0.260062	0.0822388	0.1	1
76	0.755574	-0.236361	0.074744	0.1	1
77	0.766274	-0.213834	0.0676201	0.1	1
78	0.7769	-0.191844	0.0606665	0.1	1
79	0.787453	-0.170203	0.0538231	0.1	1
80	0.797935	-0.149017	0.0471232	0.1	1
81	0.80835	-0.128555	0.0406528	0.1	1
82	0.818701	-0.109148	0.0345155	0.1	1
83	0.828993	-0.0911164	0.0288135	0.1	1
84	0.839232	-0.0747291	0.0236314	0.1	1
85	0.849424	-0.0601706	0.0190276	0.1	1
86	0.859576	-0.047535	0.0150319	0.1	1
87	0.869693	-0.0368248	0.011645	0.1	1
88	0.879782	-0.0279625	0.00884257	0.1	1
89	0.889848	-0.0208046	0.0065791	0.1	1
90	0.899896	-0.0151625	0.00479506	0.1	1
91	0.90993	-0.0108226	0.00342293	0.1	1
92	0.919954	-0.00756447	0.00239312	0.1	1
93	0.929971	-0.00517648	0.00163895	0.1	1
94	0.939982	-0.00346677	0.00110014	0.1	1
95	0.949989	-0.00226931	0.000724859	0.1	1
96	0.959994	-0.00144625	0.000470737	0.1	1
97	0.969997	-0.000886695	0.000304713	0.1	1
98	0.979998	-0.000503127	0.000202444	0.1	1
99	0.99	-0.000226428	0.000147417	0.1	1
100	1	0	0.000130111	0.1	1
