0	0	0	0	1	1
1	0.01	0	0	1	1
2	0.02	0	0	1	1
3	0.03	0	0	1	1
4	0.04	0	0	1	1
5	0.05	0	0	1	1
6	0.06	0	0	1	1
7	0.07	0	0	1	1
8	0.08	0	0	1	1
9	0.09	0	0	1	1
10	0.1	0	0	1	1
11	0.11	0	0	1	1
12	0.12	0	0	1	1
13	0.13	0	0	1	1
14	0.14	0	0	1	1
15	0.15	0	0	1	1
16	0.16	0	0	1	1
17	0.17	0	0	1	1
18	0.18	0	0	1	1
19	0.19	0	0	1	1
20	0.2	0	0	1	1
21	0.21	0	0	1	1
22	0.22	0	0	1	1
23	0.23	0	0	1	1
24	0.24	0	0	1	1
25	0.25	0	0	1	1
26	0.26	0	0	1	1
27	0.27	0	0	1	1
28	0.28	0	0	1	1
29	0.29	0	0	1	1
30	0.3	0	0	1	1
31	0.31	0	0	1	1
32	0.32	0	0	1	1
33	0.33	0	0	1	1
34	0.34	0	0	1	1
35	0.35	0	0	1	1
36	0.36	0	0	1	1
37	0.37	0	0	1	1
38	0.38	0	0	1	1
39	0.39	0	0	1	1
40	0.4	0	0	1	1
41	0.409049	-2.82033e-06	2.82033e-06	1	1
42	0.418097	-3.31235e-05	3.31235e-05	1	1
43	0.427147	-0.000196118	0.000196118	1	1
44	0.436202	-0.000781104	0.000781104	1	1
45	0.445271	-0.00235545	0.00235545	1	1
46	0.454371	-0.00573904	0.00573904	1	1
47	0.463526	-0.0117667	0.0117667	1	1
48	0.472766	-0.0208773	0.0208773	1	1
49	0.482115	-0.0327425	0.0327425	1	1
50	-1.58934	-51.2685	16.2125	0.1	1
51	-0.0755035	-16.2952	5.153	0.1	1
52	0.183952	-10.3632	3.27714	0.1	1
53	0.299055	-7.75313	2.45176	0.1	1
54	0.36922	-6.17627	1.95311	0.1	1
55	0.418815	-5.07343	1.60436	0.1	1
56	0.456922	-4.23698	1.33985	0.1	1
57	0.487799	-3.57008	1.12896	0.1	1
58	0.513762	-3.0206	0.955199	0.1	1
59	0.536198	-2.55791	0.808882	0.1	1
60	0.556003	-2.16275	0.68392	0.1	1
61	0.573789	-1.82256	0.576344	0.1	1
62	0.590002	-1.52889	0.483478	0.1	1
63	0.60497	-1.27604	0.403519	0.1	1
64	0.61895	-1.06	0.335201	0.1	1
65	0.632148	-0.877792	0.277582	0.1	1
66	0.644731	-0.726906	0.229868	0.1	1
67	0.656838	-0.604753	0.19124	0.1	1
68	0.668582	-0.508335	0.16075	0.1	1
69	0.680053	-0.434046	0.137258	0.1	1
70	0.691321	-0.377736	0.119451	0.1	1
71	0.702439	-0.335026	0.105945	0.1	1
72	0.71344	-0.301772	0.0954286	0.1	1
73	0.724347	-0.274433	0.0867832	0.1	1
74	0.73517	-0.250336	0.0791633	0.1	1
75	0.745917	-0.227711	0.0720084	0.1	1
76	0.756588	-0.205583	0.065011	0.1	1
77	0.767187	-0.183586	0.0580549	0.1	1
78	0.777712	-0.161768	0.0511554	0.1	1
79	0.788166	-0.140407	0.0444006	0.1	1
80	0.798552	-0.119887	0.0379116	0.1	1
81	0.808875	-0.100601	0.0318128	0.1	1
82	0.81914	-0.0828901	0.0262122	0.1	1
83	0.829355	-0.0670112	0.0211908	0.1	1
84	0.839524	-0.0531199	0.016798	0.1	1
85	0.849655	-0.0412645	0.013049	0.1	1
86	0.859755	-0.031397	0.0099286	0.1	1
87	0.869829	-0.0233891	0.0073963	0.1	1
88	0.879883	-0.0170542	0.00539303	0.1	1
89	0.889922	-0.0121688	0.00384814	0.1	1
90	0.899949	-0.008496	0.00268673	0.1	1
91	0.909967	-0.00580395	0.00183549	0.1	1
92	0.91998	-0.00387958	0.00122708	0.1	1
93	0.929988	-0.00253753	0.000802943	0.1	1
94	0.939993	-0.00162387	0.000514527	0.1	1
95	0.949996	-0.00101593	0.00032327	0.1	1
96	0.959998	-0.00061955	0.000199811	0.1	1
97	0.969999	-0.000364583	0.00012271	0.1	1
98	0.98	-0.000199827	7.70697e-05	0.1	1
99	0.99	-8.78134e-05	5.3246e-05	0.1	1
100	1	0	4.58768e-05	0.1	1
