0	0	0	0	7500	2e+11 0.516398
1	1e-05	0	0	7500	2e+11 0.516398
2	2e-05	0	0	7500	2e+11 0.516398
3	3e-05	0	0	7500	2e+11 0.516398
4	4e-05	0	0	7500	2e+11 0.516398
5	5e-05	0	0	7500	2e+11 0.516398
6	6e-05	0	0	7500	2e+11 0.516398
7	7e-05	0	0	7500	2e+11 0.516398
8	8e-05	0	0	7500	2e+11 0.516398
9	9e-05	0	0	7500	2e+11 0.516398
10	0.0001	0	0	7500	2e+11 0.516398
11	0.00011	0	0	7500	2e+11 0.516398
12	0.00012	0	0	7500	2e+11 0.516398
13	0.00013	0	0	7500	2e+11 0.516398
14	0.00014	0	0	7500	2e+11 0.516398
15	0.00015	0	0	7500	2e+11 0.516398
16	0.00016	0	0	7500	2e+11 0.516398
17	0.00017	0	0	7500	2e+11 0.516398
18	0.00018	0	0	7500	2e+11 0.516398
19	0.00019	0	0	7500	2e+11 0.516398
20	0.0002	0	0	7500	2e+11 0.516398
21	0.00021	0	0	7500	2e+11 0.516398
22	0.00022	0	0	7500	2e+11 0.516398
23	0.00023	0	0	7500	2e+11 0.516398
24	0.00024	0	0	7500	2e+11 0.516398
25	0.00025	0	0	7500	2e+11 0.516398
26	0.00026	0	0	7500	2e+11 0.516398
27	0.00027	0	0	7500	2e+11 0.516398
28	0.00028	0	0	7500	2e+11 0.516398
29	0.00029	0	0	7500	2e+11 0.516398
30	0.0003	0	0	7500	2e+11 0.516398
31	0.00031	0	0	7500	2e+11 0.516398
32	0.00032	0	0	7500	2e+11 0.516398
33	0.00033	0	0	7500	2e+11 0.516398
34	0.00034	0	0	7500	2e+11 0.516398
35	0.00035	0	0	7500	2e+11 0.516398
36	0.00036	0	0	7500	2e+11 0.516398
37	0.00037	0	0	7500	2e+11 0.516398
38	0.00038	0	0	7500	2e+11 0.516398
39	0.00039	0	0	7500	2e+11 0.516398
40	0.0004	0	0	7500	2e+11 0.516398
41	0.00041	0	0	7500	2e+11 0.516398
42	0.00042	0	0	7500	2e+11 0.516398
43	0.00043	0	0	7500	2e+11 0.516398
44	0.00044	0	0	7500	2e+11 0.516398
45	0.00045	0	0	7500	2e+11 0.516398
46	0.00046	0	0	7500	2e+11 0.516398
47	0.00047	0	0	7500	2e+11 0.516398
48	0.00048	0	0	7500	2e+11 0.516398
49	0.00049	0	0	7500	2e+11 0.5164
50	0.0005	0	0	7500	2e+11 0.5164
51	0.00051	0	0	7500	2e+11 0.516397
52	0.00052	0	0	7500	2e+11 0.5164
53	0.00053	0	0	7500	2e+11 0.5164
54	0.00054	0	0	7500	2e+11 0.516397
55	0.00055	0	0	7500	2e+11 0.5164
56	0.00056	0	0	7500	2e+11 0.5164
57	0.00057	0	0	7500	2e+11 0.516397
58	0.00058	0	0	7500	2e+11 0.516397
59	0.00059	0	0	7500	2e+11 0.5164
60	0.0006	0	0	7500	2e+11 0.5164
61	0.00061	0	0	7500	2e+11 0.516397
62	0.00062	0	0	7500	2e+11 0.5164
63	0.00063	0	0	7500	2e+11 0.5164
64	0.00064	0	0	7500	2e+11 0.516397
65	0.00065	0	0	7500	2e+11 0.5164
66	0.00066	0	0	7500	2e+11 0.5164
67	0.00067	0	0	7500	2e+11 0.516397
68	0.00068	0	0	7500	2e+11 0.5164
69	0.00069	0	0	7500	2e+11 0.5164
70	0.0007	0	0	7500	2e+11 0.516397
71	0.00071	0	0	7500	2e+11 0.516397
72	0.00072	0	0	7500	2e+11 0.5164
73	0.00073	0	0	7500	2e+11 0.5164
74	0.00074	0	0	7500	2e+11 0.516397
75	0.00075	0	0	7500	2e+11 0.5164
76	0.00076	0	0	7500	2e+11 0.5164
77	0.00077	0	0	7500	2e+11 0.516397
78	0.00078	0	0	7500	2e+11 0.5164
79	0.00079	0	0	7500	2e+11 0.5164
80	0.0008	0	0	7500	2e+11 0.516397
81	0.00081	0	0	7500	2e+11 0.5164
82	0.00082	0	0	7500	2e+11 0.5164
83	0.00083	0	0	7500	2e+11 0.516397
84	0.00084	0	0	7500	2e+11 0.5164
85	0.00085	0	0	7500	2e+11 0.5164
86	0.00086	0	0	7500	2e+11 0.516397
87	0.00087	0	0	7500	2e+11 0.5164
88	0.00088	0	0	7500	2e+11 0.5164
89	0.00089	0	0	7500	2e+11 0.516397
90	0.0009	0	0	7500	2e+11 0.516397
91	0.00091	0	0	7500	2e+11 0.5164
92	0.00092	0	0	7500	2e+11 0.5164
93	0.00093	0	0	7500	2e+11 0.516397
94	0.00094	0	0	7500	2e+11 0.5164
95	0.00095	0	0	7500	2e+11 0.5164
96	0.00096	0	0	7500	2e+11 0.516397
97	0.00097	0	0	7500	2e+11 0.516397
98	0.00098	0	0	7500	2e+11 0.5164
99	0.00099	0	0	7500	2e+11 0.5164
100	0.001	0	0	7500	2e+11 0.5164
101	0.00101	0	0	7500	2e+11 0.5164
102	0.00102	0	0	7500	2e+11 0.5164
103	0.00103	0	0	7500	2e+11 0.5164
104	0.00104	0	0	7500	2e+11 0.5164
105	0.00105	0	0	7500	2e+11 0.5164
106	0.00106	0	0	7500	2e+11 0.5164
107	0.00107	0	0	7500	2e+11 0.5164
108	0.00108	0	0	7500	2e+11 0.5164
109	0.00109	0	0	7500	2e+11 0.5164
110	0.0011	0	0	7500	2e+11 0.5164
111	0.00111	0	0	7500	2e+11 0.5164
112	0.00112	0	0	7500	2e+11 0.5164
113	0.00113	0	0	7500	2e+11 0.5164
114	0.00114	0	0	7500	2e+11 0.5164
115	0.00115	0	0	7500	2e+11 0.5164
116	0.00116	0	0	7500	2e+11 0.5164
117	0.00117	0	0	7500	2e+11 0.5164
118	0.00118	0	0	7500	2e+11 0.5164
119	0.00119	0	0	7500	2e+11 0.5164
120	0.0012	0	0	7500	2e+11 0.5164
121	0.00121	0	0	7500	2e+11 0.5164
122	0.00122	0	0	7500	2e+11 0.5164
123	0.00123	0	0	7500	2e+11 0.5164
124	0.00124	0	0	7500	2e+11 0.5164
125	0.00125	0	0	7500	2e+11 0.5164
126	0.00126	0	0	7500	2e+11 0.5164
127	0.00127	0	0	7500	2e+11 0.5164
128	0.00128	0	0	7500	2e+11 0.5164
129	0.00129	0	0	7500	2e+11 0.5164
130	0.0013	0	0	7500	2e+11 0.5164
131	0.00131	0	0	7500	2e+11 0.5164
132	0.00132	0	0	7500	2e+11 0.5164
133	0.00133	0	0	7500	2e+11 0.5164
134	0.00134	0	0	7500	2e+11 0.5164
135	0.00135	0	0	7500	2e+11 0.5164
136	0.00136	0	0	7500	2e+11 0.5164
137	0.00137	0	0	7500	2e+11 0.5164
138	0.00138	0	0	7500	2e+11 0.5164
139	0.00139	0	0	7500	2e+11 0.5164
140	0.0014	0	0	7500	2e+11 0.5164
141	0.00141	0	0	7500	2e+11 0.5164
142	0.00142	0	0	7500	2e+11 0.5164
143	0.00143	0	0	7500	2e+11 0.5164
144	0.00144	0	0	7500	2e+11 0.5164
145	0.00145	0	0	7500	2e+11 0.5164
146	0.00146	0	0	7500	2e+11 0.5164
147	0.00147	0	0	7500	2e+11 0.5164
148	0.00148	0	0	7500	2e+11 0.5164
149	0.00149	0	0	7500	2e+11 0.5164
150	0.0015	0	0	7500	2e+11 0.5164
151	0.00151	0	0	7500	2e+11 0.5164
152	0.00152	0	0	7500	2e+11 0.5164
153	0.00153	0	0	7500	2e+11 0.5164
154	0.00154	0	0	7500	2e+11 0.5164
155	0.00155	0	0	7500	2e+11 0.5164
156	0.00156	0	0	7500	2e+11 0.5164
157	0.00157	0	0	7500	2e+11 0.5164
158	0.00158	0	0	7500	2e+11 0.5164
159	0.00159	0	0	7500	2e+11 0.5164
160	0.0016	0	0	7500	2e+11 0.5164
161	0.00161	0	0	7500	2e+11 0.5164
162	0.00162	0	0	7500	2e+11 0.5164
163	0.00163	0	0	7500	2e+11 0.5164
164	0.00164	0	0	7500	2e+11 0.5164
165	0.00165	0	0	7500	2e+11 0.5164
166	0.00166	0	0	7500	2e+11 0.5164
167	0.00167	0	0	7500	2e+11 0.5164
168	0.00168	0	0	7500	2e+11 0.5164
169	0.00169	0	0	7500	2e+11 0.5164
170	0.0017	0	0	7500	2e+11 0.5164
171	0.00171	0	0	7500	2e+11 0.5164
172	0.00172	0	0	7500	2e+11 0.5164
173	0.00173	0	0	7500	2e+11 0.5164
174	0.00174	0	0	7500	2e+11 0.5164
175	0.00175	0	0	7500	2e+11 0.5164
176	0.00176	0	0	7500	2e+11 0.5164
177	0.00177	0	0	7500	2e+11 0.5164
178	0.00178	0	0	7500	2e+11 0.5164
179	0.00179	0	0	7500	2e+11 0.5164
180	0.0018	0	0	7500	2e+11 0.5164
181	0.00181	0	0	7500	2e+11 0.5164
182	0.00182	0	0	7500	2e+11 0.5164
183	0.00183	0	0	7500	2e+11 0.5164
184	0.00184	0	0	7500	2e+11 0.5164
185	0.00185	0	0	7500	2e+11 0.5164
186	0.00186	0	0	7500	2e+11 0.5164
187	0.00187	0	0	7500	2e+11 0.5164
188	0.00188	0	0	7500	2e+11 0.5164
189	0.00189	0	0	7500	2e+11 0.5164
190	0.0019	0	0	7500	2e+11 0.5164
191	0.00191	0	0	7500	2e+11 0.5164
192	0.00192	0	0	7500	2e+11 0.5164
193	0.00193	0	0	7500	2e+11 0.5164
194	0.00194	0	0	7500	2e+11 0.5164
195	0.00195	0	0	7500	2e+11 0.5164
196	0.00196	0	0	7500	2e+11 0.516406
197	0.00197	0	0	7500	2e+11 0.516406
198	0.00198	0	0	7500	2e+11 0.516394
199	0.00199	0	0	7500	2e+11 0.516406
200	0.002	0	0	7500	2e+11 0.516406
201	0.00201	0	0	7500	2e+11 0.516394
202	0.00202	0	0	7500	2e+11 0.516406
203	0.00203	0	0	7500	2e+11 0.516406
204	0.00204	0	0	7500	2e+11 0.516394
205	0.00205	0	0	7500	2e+11 0.516406
206	0.00206	0	0	7500	2e+11 0.516406
207	0.00207	0	0	7500	2e+11 0.516394
208	0.00208	0	0	7500	2e+11 0.516406
209	0.00209	0	0	7500	2e+11 0.516406
210	0.0021	0	0	7500	2e+11 0.516394
211	0.00211	0	0	7500	2e+11 0.516406
212	0.00212	0	0	7500	2e+11 0.516406
213	0.00213	0	0	7500	2e+11 0.516394
214	0.00214	0	0	7500	2e+11 0.516406
215	0.00215	0	0	7500	2e+11 0.516406
216	0.00216	0	0	7500	2e+11 0.516394
217	0.00217	0	0	7500	2e+11 0.516406
218	0.00218	0	0	7500	2e+11 0.516406
219	0.00219	0	0	7500	2e+11 0.516394
220	0.0022	0	0	7500	2e+11 0.516406
221	0.00221	0	0	7500	2e+11 0.516406
222	0.00222	0	0	7500	2e+11 0.516394
223	0.00223	0	0	7500	2e+11 0.516406
224	0.00224	0	0	7500	2e+11 0.516406
225	0.00225	0	0	7500	2e+11 0.516394
226	0.00226	0	0	7500	2e+11 0.516394
227	0.00227	0	0	7500	2e+11 0.516406
228	0.00228	0	0	7500	2e+11 0.516406
229	0.00229	0	0	7500	2e+11 0.516394
230	0.0023	0	0	7500	2e+11 0.516406
231	0.00231	0	0	7500	2e+11 0.516406
232	0.00232	0	0	7500	2e+11 0.516394
233	0.00233	0	0	7500	2e+11 0.516406
234	0.00234	0	0	7500	2e+11 0.516406
235	0.00235	0	0	7500	2e+11 0.516394
236	0.00236	0	0	7500	2e+11 0.516406
237	0.00237	0	0	7500	2e+11 0.516406
238	0.00238	0	0	7500	2e+11 0.516394
239	0.00239	0	0	7500	2e+11 0.516406
240	0.0024	0	0	7500	2e+11 0.516406
241	0.00241	0	0	7500	2e+11 0.516394
242	0.00242	0	0	7500	2e+11 0.516406
243	0.00243	0	0	7500	2e+11 0.516406
244	0.00244	0	0	7500	2e+11 0.516394
245	0.00245	0	0	7500	2e+11 0.516406
246	0.00246	0	0	7500	2e+11 0.516406
247	0.00247	0	0	7500	2e+11 0.516394
248	0.00248	0	0	7500	2e+11 0.516406
249	0.00249	0	0	7500	2e+11 0.516406
250	0.0025	0	0	7500	2e+11 0.516394
251	0.00251	0	0	7500	2e+11 0.516406
252	0.00252	0	0	7500	2e+11 0.516406
253	0.00253	0	0	7500	2e+11 0.516394
254	0.00254	0	0	7500	2e+11 0.516406
255	0.00255	0	0	7500	2e+11 0.516406
256	0.00256	0	0	7500	2e+11 0.516394
257	0.00257	0	0	7500	2e+11 0.516406
258	0.00258	0	0	7500	2e+11 0.516406
259	0.00259	0	0	7500	2e+11 0.516394
260	0.0026	0	0	7500	2e+11 0.516406
261	0.00261	0	0	7500	2e+11 0.516406
262	0.00262	0	0	7500	2e+11 0.516394
263	0.00263	0	0	7500	2e+11 0.516406
264	0.00264	0	0	7500	2e+11 0.516406
265	0.00265	0	0	7500	2e+11 0.516394
266	0.00266	0	0	7500	2e+11 0.516406
267	0.00267	0	0	7500	2e+11 0.516406
268	0.00268	0	0	7500	2e+11 0.516394
269	0.00269	0	0	7500	2e+11 0.516406
270	0.0027	0	0	7500	2e+11 0.516406
271	0.00271	0	0	7500	2e+11 0.516394
272	0.00272	0	0	7500	2e+11 0.516406
273	0.00273	0	0	7500	2e+11 0.516406
274	0.00274	0	0	7500	2e+11 0.516394
275	0.00275	0	0	7500	2e+11 0.516406
276	0.00276	0	0	7500	2e+11 0.516406
277	0.00277	0	0	7500	2e+11 0.516394
278	0.00278	0	0	7500	2e+11 0.516406
279	0.00279	0	0	7500	2e+11 0.516406
280	0.0028	0	0	7500	2e+11 0.516394
281	0.00281	0	0	7500	2e+11 0.516406
282	0.00282	0	0	7500	2e+11 0.516406
283	0.00283	0	0	7500	2e+11 0.516394
284	0.00284	0	0	7500	2e+11 0.516406
285	0.00285	0	0	7500	2e+11 0.516406
286	0.00286	0	0	7500	2e+11 0.516394
287	0.00287	0	0	7500	2e+11 0.516394
288	0.00288	0	0	7500	2e+11 0.516406
289	0.00289	0	0	7500	2e+11 0.516406
290	0.0029	0	0	7500	2e+11 0.516394
291	0.00291	0	0	7500	2e+11 0.516406
292	0.00292	0	0	7500	2e+11 0.516406
293	0.00293	0	0	7500	2e+11 0.516394
294	0.00294	0	0	7500	2e+11 0.516406
295	0.00295	0	0	7500	2e+11 0.516406
296	0.00296	0	0	7500	2e+11 0.516394
297	0.00297	0	0	7500	2e+11 0.516406
298	0.00298	0	0	7500	2e+11 0.516406
299	0.00299	0	0	7500	2e+11 0.516394
300	0.003	0	0	7500	2e+11 0.516406
301	0.00301	0	0	7500	2e+11 0.516406
302	0.00302	0	0	7500	2e+11 0.516394
303	0.00303	0	0	7500	2e+11 0.516406
304	0.00304	0	0	7500	2e+11 0.516406
305	0.00305	0	0	7500	2e+11 0.516394
306	0.00306	0	0	7500	2e+11 0.516406
307	0.00307	0	0	7500	2e+11 0.516406
308	0.00308	0	0	7500	2e+11 0.516394
309	0.00309	0	0	7500	2e+11 0.516406
310	0.0031	0	0	7500	2e+11 0.516406
311	0.00311	0	0	7500	2e+11 0.516394
312	0.00312	0	0	7500	2e+11 0.516406
313	0.00313	0	0	7500	2e+11 0.516406
314	0.00314	0	0	7500	2e+11 0.516394
315	0.00315	0	0	7500	2e+11 0.516406
316	0.00316	0	0	7500	2e+11 0.516406
317	0.00317	0	0	7500	2e+11 0.516394
318	0.00318	0	0	7500	2e+11 0.516406
319	0.00319	0	0	7500	2e+11 0.516406
320	0.0032	0	0	7500	2e+11 0.516394
321	0.00321	0	0	7500	2e+11 0.516406
322	0.00322	0	0	7500	2e+11 0.516406
323	0.00323	0	0	7500	2e+11 0.516394
324	0.00324	0	0	7500	2e+11 0.516406
325	0.00325	0	0	7500	2e+11 0.516406
326	0.00326	0	0	7500	2e+11 0.516394
327	0.00327	0	0	7500	2e+11 0.516406
328	0.00328	0	0	7500	2e+11 0.516406
329	0.00329	0	0	7500	2e+11 0.516394
330	0.0033	0	0	7500	2e+11 0.516406
331	0.00331	0	0	7500	2e+11 0.516406
332	0.00332	0	0	7500	2e+11 0.516394
333	0.00333	0	0	7500	2e+11 0.516406
334	0.00334	0	0	7500	2e+11 0.516406
335	0.00335	0	0	7500	2e+11 0.516394
336	0.00336	0	0	7500	2e+11 0.516406
337	0.00337	0	0	7500	2e+11 0.516406
338	0.00338	0	0	7500	2e+11 0.516394
339	0.00339	0	0	7500	2e+11 0.516406
340	0.0034	0	0	7500	2e+11 0.516406
341	0.00341	0	0	7500	2e+11 0.516394
342	0.00342	0	0	7500	2e+11 0.516406
343	0.00343	0	0	7500	2e+11 0.516406
344	0.00344	0	0	7500	2e+11 0.516394
345	0.00345	0	0	7500	2e+11 0.516406
346	0.00346	0	0	7500	2e+11 0.516406
347	0.00347	0	0	7500	2e+11 0.516394
348	0.00348	0	0	7500	2e+11 0.516406
349	0.00349	0	0	7500	2e+11 0.516406
350	0.0035	0	0	7500	2e+11 0.516394
351	0.00351	0	0	7500	2e+11 0.516406
352	0.00352	0	0	7500	2e+11 0.516406
353	0.00353	0	0	7500	2e+11 0.516394
354	0.00354	0	0	7500	2e+11 0.516394
355	0.00355	0	0	7500	2e+11 0.516406
356	0.00356	0	0	7500	2e+11 0.516406
357	0.00357	0	0	7500	2e+11 0.516394
358	0.00358	0	0	7500	2e+11 0.516406
359	0.00359	0	0	7500	2e+11 0.516406
360	0.0036	0	0	7500	2e+11 0.516394
361	0.00361	0	0	7500	2e+11 0.516406
362	0.00362	0	0	7500	2e+11 0.516406
363	0.00363	0	0	7500	2e+11 0.516394
364	0.00364	0	0	7500	2e+11 0.516406
365	0.00365	0	0	7500	2e+11 0.516406
366	0.00366	0	0	7500	2e+11 0.516394
367	0.00367	0	0	7500	2e+11 0.516406
368	0.00368	0	0	7500	2e+11 0.516406
369	0.00369	0	0	7500	2e+11 0.516394
370	0.0037	0	0	7500	2e+11 0.516406
371	0.00371	0	0	7500	2e+11 0.516406
372	0.00372	2.66584e-38	5.16238e-42	7500	2e+11 0.516394
373	0.00373	2.46272e-37	4.76904e-41	7500	2e+11 0.516406
374	0.00374	5.4534e-37	1.05605e-40	7500	2e+11 0.516406
375	0.00375	7.2362e-37	1.40128e-40	7500	2e+11 0.516394
376	0.00376	7.23642e-37	1.40133e-40	7500	2e+11 0.516406
377	0.00377	2.89449e-36	5.60515e-40	7500	2e+11 0.516406
378	0.00378	9.40708e-36	1.82167e-39	7500	2e+11 0.516394
379	0.00379	2.19305e-35	4.24683e-39	7500	2e+11 0.516406
380	0.0038	7.50546e-35	1.45343e-38	7500	2e+11 0.516406
381	0.00381	1.87418e-34	3.62934e-38	7500	2e+11 0.516394
382	0.00382	4.78113e-34	9.25861e-38	7500	2e+11 0.516406
383	0.00383	1.70702e-33	3.30564e-37	7500	2e+11 0.516406
384	0.00384	4.06682e-33	7.87537e-37	7500	2e+11 0.516394
385	0.00385	1.04906e-32	2.03149e-36	7500	2e+11 0.516406
386	0.00386	2.80101e-32	5.42413e-36	7500	2e+11 0.516406
387	0.00387	9.11887e-32	1.76586e-35	7500	2e+11 0.516394
388	0.00388	2.32484e-31	4.50203e-35	7500	2e+11 0.516406
389	0.00389	7.79599e-31	1.50969e-34	7500	2e+11 0.516406
390	0.0039	2.7828e-30	5.38888e-34	7500	2e+11 0.516394
391	0.00391	6.09982e-30	1.18123e-33	7500	2e+11 0.516394
392	0.00392	2.09425e-29	4.0555e-33	7500	2e+11 0.516394
393	0.00393	5.86367e-29	1.13549e-32	7500	2e+11 0.516418
394	0.00394	1.55419e-28	3.00967e-32	7500	2e+11 0.516418
395	0.00395	4.58479e-28	8.87841e-32	7500	2e+11 0.516394
396	0.00396	1.37317e-27	2.65913e-31	7500	2e+11 0.516394
397	0.00397	3.05531e-27	5.91658e-31	7500	2e+11 0.516394
398	0.00398	1.07295e-26	2.07776e-30	7500	2e+11 0.516394
399	0.00399	2.68639e-26	5.20218e-30	7500	2e+11 0.516418
400	0.004	8.3283e-26	1.61277e-29	7500	2e+11 0.516418
401	0.00401	2.5018e-25	4.84472e-29	7500	2e+11 0.516394
402	0.00402	6.1154e-25	1.18424e-28	7500	2e+11 0.516394
403	0.00403	2.26918e-24	4.39425e-28	7500	2e+11 0.516394
404	0.00404	5.37517e-24	1.0409e-27	7500	2e+11 0.516394
405	0.00405	1.61634e-23	3.13003e-27	7500	2e+11 0.516418
406	0.00406	4.1987e-23	8.13075e-27	7500	2e+11 0.516418
407	0.00407	1.23673e-22	2.39491e-26	7500	2e+11 0.516394
408	0.00408	3.33037e-22	6.44924e-26	7500	2e+11 0.516394
409	0.00409	7.15955e-22	1.38644e-25	7500	2e+11 0.516394
410	0.0041	2.25486e-21	4.36651e-25	7500	2e+11 0.516394
411	0.00411	6.03279e-21	1.16825e-24	7500	2e+11 0.516418
412	0.00412	1.74948e-20	3.38785e-24	7500	2e+11 0.516418
413	0.00413	4.05038e-20	7.84354e-24	7500	2e+11 0.516394
414	0.00414	1.20917e-19	2.34154e-23	7500	2e+11 0.516394
415	0.00415	2.67813e-19	5.18617e-23	7500	2e+11 0.516394
416	0.00416	7.9277e-19	1.53519e-22	7500	2e+11 0.516394
417	0.00417	2.32316e-18	4.49878e-22	7500	2e+11 0.516418
418	0.00418	4.85058e-18	9.3931e-22	7500	2e+11 0.516418
419	0.00419	1.76103e-17	3.41021e-21	7500	2e+11 0.516394
420	0.0042	5.00699e-17	9.696e-21	7500	2e+11 0.516394
421	0.00421	1.44674e-16	2.80161e-20	7500	2e+11 0.516394
422	0.00422	4.03585e-16	7.81539e-20	7500	2e+11 0.516394
423	0.00423	1.02921e-15	1.99306e-19	7500	2e+11 0.516418
424	0.00424	3.12487e-15	6.05129e-19	7500	2e+11 0.516418
425	0.00425	7.51485e-15	1.45524e-18	7500	2e+11 0.516394
426	0.00426	2.33001e-14	4.51205e-18	7500	2e+11 0.516394
427	0.00427	6.4248e-14	1.24416e-17	7500	2e+11 0.516394
428	0.00428	1.68005e-13	3.2534e-17	7500	2e+11 0.516394
429	0.00429	4.66468e-13	9.03311e-17	7500	2e+11 0.516418
430	0.0043	1.27995e-12	2.47861e-16	7500	2e+11 0.516418
431	0.00431	3.54472e-12	6.86432e-16	7500	2e+11 0.516394
432	0.00432	1.16274e-11	2.25164e-15	7500	2e+11 0.516394
433	0.00433	3.09452e-11	5.99251e-15	7500	2e+11 0.516394
434	0.00434	8.44582e-11	1.63553e-14	7500	2e+11 0.516394
435	0.00435	2.24084e-10	4.33937e-14	7500	2e+11 0.516418
436	0.00436	7.19001e-10	1.39234e-13	7500	2e+11 0.516418
437	0.00437	2.04191e-09	3.95414e-13	7500	2e+11 0.516394
438	0.00438	5.41749e-09	1.04909e-12	7500	2e+11 0.516394
439	0.00439	1.24119e-08	2.40355e-12	7500	2e+11 0.516394
440	0.0044	3.63829e-08	7.04551e-12	7500	2e+11 0.516394
441	0.00441	8.28247e-08	1.60389e-11	7500	2e+11 0.516418
442	0.00442	2.38991e-07	4.62805e-11	7500	2e+11 0.516418
443	0.00443	8.13921e-07	1.57615e-10	7500	2e+11 0.516394
444	0.00444	1.84479e-06	3.57243e-10	7500	2e+11 0.516394
445	0.00445	5.63677e-06	1.09156e-09	7500	2e+11 0.516394
446	0.00446	1.83413e-05	3.55178e-09	7500	2e+11 0.516394
447	0.00447	4.85266e-05	9.39713e-09	7500	2e+11 0.516418
448	0.00448	0.000142952	2.76825e-08	7500	2e+11 0.516418
449	0.00449	0.000337792	6.54131e-08	7500	2e+11 0.516394
450	0.0045	0.0010447	2.02305e-07	7500	2e+11 0.516394
451	0.00451	0.00306896	5.94302e-07	7500	2e+11 0.516394
452	0.00452	0.00936318	1.81317e-06	7500	2e+11 0.516394
453	0.00453	0.0228968	4.43395e-06	7500	2e+11 0.516394
454	0.00454	0.0629859	1.21972e-05	7500	2e+11 0.516418
455	0.00455	0.198685	3.84752e-05	7500	2e+11 0.516418
456	0.00456	0.43884	8.4981e-05	7500	2e+11 0.51637
457	0.00457	1.47034	0.000284731	7500	2e+11 0.516322
458	0.00458001	3.61966	0.000700944	7500	2e+11 0.516201
459	0.00459001	6.81031	0.00131881	7500	2e+11 0.515937
460	0.00460003	10.7799	0.00208753	7500	2e+11 0.515649
461	0.00461005	15.2488	0.00295291	7500	2e+11 0.515266
462	0.00462008	19.9404	0.00386144	7500	2e+11 0.514788
463	0.00463012	24.6078	0.00476528	7500	2e+11 0.51431
464	0.00464017	29.0527	0.00562604	7500	2e+11 0.513834
465	0.00465023	33.1223	0.0064141	7500	2e+11 0.513453
466	0.0046603	36.7148	0.00710978	7500	2e+11 0.513002
467	0.00467037	39.7833	0.007704	7500	2e+11 0.512646
468	0.00468045	42.3256	0.00819632	7500	2e+11 0.512504
469	0.00469053	44.3664	0.00859152	7500	2e+11 0.512101
470	0.00470062	45.9555	0.00889924	7500	2e+11 0.511936
471	0.00471071	47.161	0.00913269	7500	2e+11 0.511794
472	0.0047208	48.0513	0.0093051	7500	2e+11 0.511723
473	0.00473089	48.6896	0.00942869	7500	2e+11 0.511723
474	0.00474098	49.1377	0.00951547	7500	2e+11 0.511582
475	0.00475108	49.445	0.00957498	7500	2e+11 0.511511
476	0.00476118	49.6513	0.00961493	7500	2e+11 0.511511
477	0.00477127	49.7853	0.00964089	7500	2e+11 0.511535
478	0.00478137	49.8708	0.00965743	7500	2e+11 0.511535
479	0.00479147	49.9241	0.00966776	7500	2e+11 0.51144
480	0.00480156	49.9568	0.0096741	7500	2e+11 0.511464
481	0.00481166	49.9764	0.00967789	7500	2e+11 0.511464
482	0.00482176	49.9879	0.00968011	7500	2e+11 0.511487
483	0.00483185	49.9945	0.00968139	7500	2e+11 0.511487
484	0.00484195	49.9982	0.00968211	7500	2e+11 0.511464
485	0.00485205	50.0003	0.00968252	7500	2e+11 0.511535
486	0.00486214	50.0014	0.00968273	7500	2e+11 0.511535
487	0.00487224	50.002	0.00968285	7500	2e+11 0.511464
488	0.00488234	50.0023	0.00968291	7500	2e+11 0.511464
489	0.00489243	50.0025	0.00968294	7500	2e+11 0.51144
490	0.00490253	50.0026	0.00968296	7500	2e+11 0.511558
491	0.00491262	50.0026	0.00968296	7500	2e+11 0.511558
492	0.00492272	50.0026	0.00968296	7500	2e+11 0.511464
493	0.00493282	50.0026	0.00968296	7500	2e+11 0.511464
494	0.00494291	50.0026	0.00968296	7500	2e+11 0.511464
495	0.00495301	50.0026	0.00968296	7500	2e+11 0.511511
496	0.00496311	50.0026	0.00968296	7500	2e+11 0.511511
497	0.0049732	50.0026	0.00968296	7500	2e+11 0.511511
498	0.0049833	50.0026	0.00968296	7500	2e+11 0.51144
499	0.0049934	50.0026	0.00968296	7500	2e+11 0.51144
500	0.0050035	50.0026	0.00968296	7500	2e+11 0.511535
501	0.00501359	50.0026	0.00968296	7500	2e+11 0.511535
502	0.00502369	50.0026	0.00968296	7500	2e+11 0.511511
503	0.00503378	50.0026	0.00968296	7500	2e+11 0.511511
504	0.00504388	50.0026	0.00968296	7500	2e+11 0.511464
505	0.00505398	50.0026	0.00968296	7500	2e+11 0.511464
506	0.00506407	50.0026	0.00968296	7500	2e+11 0.511535
507	0.00507417	50.0026	0.00968296	7500	2e+11 0.511535
508	0.00508427	50.0026	0.00968296	7500	2e+11 0.51144
509	0.00509436	50.0026	0.00968296	7500	2e+11 0.51144
510	0.00510446	50.0026	0.00968296	7500	2e+11 0.511464
511	0.00511456	50.0026	0.00968296	7500	2e+11 0.511511
512	0.00512465	50.0026	0.00968296	7500	2e+11 0.511511
513	0.00513475	50.0026	0.00968296	7500	2e+11 0.511535
514	0.00514485	50.0026	0.00968296	7500	2e+11 0.511535
515	0.00515494	50.0026	0.00968296	7500	2e+11 0.511535
516	0.00516504	50.0026	0.00968296	7500	2e+11 0.511535
517	0.00517514	50.0026	0.00968296	7500	2e+11 0.511464
518	0.00518523	50.0026	0.00968296	7500	2e+11 0.511487
519	0.00519533	50.0026	0.00968296	7500	2e+11 0.511487
520	0.00520543	50.0026	0.00968296	7500	2e+11 0.511558
521	0.00521552	50.0026	0.00968296	7500	2e+11 0.511558
522	0.00522562	50.0026	0.00968295	7500	2e+11 0.511487
523	0.00523571	50.0025	0.00968295	7500	2e+11 0.511487
524	0.00524581	50.0025	0.00968295	7500	2e+11 0.511487
525	0.00525591	50.0025	0.00968295	7500	2e+11 0.511487
526	0.005266	50.0025	0.00968295	7500	2e+11 0.511487
527	0.0052761	50.0025	0.00968295	7500	2e+11 0.511558
528	0.0052862	50.0025	0.00968295	7500	2e+11 0.511558
529	0.00529629	50.0025	0.00968295	7500	2e+11 0.51144
530	0.00530639	50.0025	0.00968295	7500	2e+11 0.51144
531	0.00531649	50.0025	0.00968295	7500	2e+11 0.511535
532	0.00532658	50.0025	0.00968295	7500	2e+11 0.511535
533	0.00533668	50.0025	0.00968295	7500	2e+11 0.51144
534	0.00534678	50.0025	0.00968295	7500	2e+11 0.511535
535	0.00535687	50.0025	0.00968295	7500	2e+11 0.511535
536	0.00536697	50.0025	0.00968295	7500	2e+11 0.511487
537	0.00537706	50.0025	0.00968295	7500	2e+11 0.511464
538	0.00538716	50.0025	0.00968295	7500	2e+11 0.511558
539	0.00539726	50.0025	0.00968295	7500	2e+11 0.511558
540	0.00540735	50.0025	0.00968295	7500	2e+11 0.51144
541	0.00541745	50.0025	0.00968295	7500	2e+11 0.511487
542	0.00542755	50.0025	0.00968295	7500	2e+11 0.511487
543	0.00543764	50.0025	0.00968295	7500	2e+11 0.511487
544	0.00544774	50.0025	0.00968295	7500	2e+11 0.511487
545	0.00545784	50.0025	0.00968295	7500	2e+11 0.511535
546	0.00546793	50.0025	0.00968295	7500	2e+11 0.511535
547	0.00547803	50.0025	0.00968294	7500	2e+11 0.51144
548	0.00548813	50.0024	0.00968293	7500	2e+11 0.511511
549	0.00549822	50.0023	0.0096829	7500	2e+11 0.511535
550	0.00550832	50.0018	0.00968282	7500	2e+11 0.511535
551	0.00551842	50.0006	0.00968257	7500	2e+11 0.511511
552	0.00552851	49.9965	0.00968178	7500	2e+11 0.511511
553	0.00553861	49.9882	0.00968018	7500	2e+11 0.511511
554	0.0055487	49.9632	0.00967533	7500	2e+11 0.511511
555	0.0055588	49.8874	0.00966065	7500	2e+11 0.511487
556	0.0055689	49.731	0.00963037	7500	2e+11 0.511487
557	0.00557899	49.2163	0.0095307	7500	2e+11 0.511629
558	0.00558909	47.3741	0.00917395	7500	2e+11 0.511771
559	0.00559918	43.9745	0.00851562	7500	2e+11 0.51222
560	0.00560926	39.3211	0.00761449	7500	2e+11 0.512599
561	0.00561933	33.901	0.0065649	7500	2e+11 0.51312
562	0.0056294	28.2276	0.00546625	7500	2e+11 0.513619
563	0.00563945	22.734	0.00440243	7500	2e+11 0.514382
564	0.00564949	17.7639	0.00343997	7500	2e+11 0.514668
565	0.00565952	13.4884	0.00261203	7500	2e+11 0.51517
566	0.00566955	9.96205	0.00192914	7500	2e+11 0.515506
567	0.00567957	7.17621	0.00138967	7500	2e+11 0.515673
568	0.00568958	5.0474	0.000977425	7500	2e+11 0.515961
569	0.00569959	3.47369	0.000672678	7500	2e+11 0.516153
570	0.00570959	2.33773	0.0004527	7500	2e+11 0.516298
571	0.00571959	1.53478	0.000297208	7500	2e+11 0.516298
572	0.0057296	0.989173	0.000191552	7500	2e+11 0.516274
573	0.0057396	0.627073	0.000121432	7500	2e+11 0.516466
574	0.0057496	0.389281	7.53839e-05	7500	2e+11 0.516466
575	0.0057596	0.2371	4.59143e-05	7500	2e+11 0.516394
576	0.0057696	0.141841	2.74673e-05	7500	2e+11 0.516514
577	0.0057796	0.0832049	1.61126e-05	7500	2e+11 0.516514
578	0.0057896	0.0480608	9.30694e-06	7500	2e+11 0.516394
579	0.0057996	0.0273378	5.29394e-06	7500	2e+11 0.51649
580	0.0058096	0.0152405	2.95132e-06	7500	2e+11 0.51649
581	0.0058196	0.00830994	1.60921e-06	7500	2e+11 0.516394
582	0.0058296	0.00447027	8.65664e-07	7500	2e+11 0.516418
583	0.0058396	0.00235201	4.55465e-07	7500	2e+11 0.516418
584	0.0058496	0.00121969	2.36193e-07	7500	2e+11 0.516394
585	0.0058596	0.00062196	1.20442e-07	7500	2e+11 0.51637
586	0.0058696	0.00031233	6.04825e-08	7500	2e+11 0.516442
587	0.0058796	0.000154137	2.98485e-08	7500	2e+11 0.516538
588	0.0058896	7.46188e-05	1.44499e-08	7500	2e+11 0.516538
589	0.0058996	3.56361e-05	6.9009e-09	7500	2e+11 0.51649
590	0.0059096	1.67717e-05	3.24782e-09	7500	2e+11 0.51649
591	0.0059196	7.70055e-06	1.4912e-09	7500	2e+11 0.516418
592	0.0059296	3.48534e-06	6.74934e-10	7500	2e+11 0.516418
593	0.0059396	1.55339e-06	3.00813e-10	7500	2e+11 0.516466
594	0.0059496	6.86962e-07	1.3303e-10	7500	2e+11 0.51649
595	0.0059596	2.96198e-07	5.73585e-11	7500	2e+11 0.51649
596	0.0059696	1.24881e-07	2.41831e-11	7500	2e+11 0.516394
597	0.0059796	5.17669e-08	1.00246e-11	7500	2e+11 0.51649
598	0.0059896	2.11679e-08	4.09914e-12	7500	2e+11 0.51649
599	0.0059996	8.62327e-09	1.66989e-12	7500	2e+11 0.516394
600	0.0060096	3.41864e-09	6.62017e-13	7500	2e+11 0.51649
601	0.00601959	1.3307e-09	2.57689e-13	7500	2e+11 0.51649
602	0.00602959	5.12311e-10	9.92087e-14	7500	2e+11 0.51649
603	0.00603959	1.96179e-10	3.79899e-14	7500	2e+11 0.51649
604	0.00604959	7.31235e-11	1.41603e-14	7500	2e+11 0.516442
605	0.00605959	2.69909e-11	5.22676e-15	7500	2e+11 0.516466
606	0.00606959	9.86089e-12	1.90955e-15	7500	2e+11 0.516466
607	0.00607959	3.52767e-12	6.8313e-16	7500	2e+11 0.51649
608	0.00608959	1.22589e-12	2.37392e-16	7500	2e+11 0.51649
609	0.00609959	4.19562e-13	8.12478e-17	7500	2e+11 0.51649
610	0.00610959	1.40366e-13	2.71818e-17	7500	2e+11 0.51649
611	0.00611959	4.5919e-14	8.89219e-18	7500	2e+11 0.516418
612	0.00612959	1.47641e-14	2.85906e-18	7500	2e+11 0.516418
613	0.00613959	4.64045e-15	8.98619e-19	7500	2e+11 0.51649
614	0.00614959	1.46814e-15	2.84304e-19	7500	2e+11 0.51649
615	0.00615959	4.51138e-16	8.73624e-20	7500	2e+11 0.516466
616	0.00616959	1.36204e-16	2.63757e-20	7500	2e+11 0.516466
617	0.00617959	4.00132e-17	7.74853e-21	7500	2e+11 0.516418
618	0.00618958	1.15399e-17	2.2347e-21	7500	2e+11 0.516538
619	0.00619958	3.30218e-18	6.39465e-22	7500	2e+11 0.516538
620	0.00620958	9.16805e-19	1.77539e-22	7500	2e+11 0.516442
621	0.00621958	2.57326e-19	4.98309e-23	7500	2e+11 0.516442
622	0.00622958	7.09263e-20	1.37348e-23	7500	2e+11 0.516514
623	0.00623958	1.88611e-20	3.65244e-24	7500	2e+11 0.516514
624	0.00624958	4.9781e-21	9.64006e-25	7500	2e+11 0.516442
625	0.00625958	1.30191e-21	2.52113e-25	7500	2e+11 0.516442
626	0.00626958	3.3691e-22	6.52423e-26	7500	2e+11 0.51649
627	0.00627958	8.33822e-23	1.61469e-26	7500	2e+11 0.51649
628	0.00628958	1.98256e-23	3.83921e-27	7500	2e+11 0.516418
629	0.00629958	4.74309e-24	9.18496e-28	7500	2e+11 0.516466
630	0.00630957	1.11815e-24	2.16529e-28	7500	2e+11 0.516514
631	0.00631957	2.59349e-25	5.02228e-29	7500	2e+11 0.516514
632	0.00632957	5.83724e-26	1.13038e-29	7500	2e+11 0.51661
633	0.00633957	1.33457e-26	2.58438e-30	7500	2e+11 0.51661
634	0.00634957	2.96015e-27	5.73232e-31	7500	2e+11 0.516514
635	0.00635957	6.45914e-28	1.25081e-31	7500	2e+11 0.516514
636	0.00636957	1.42498e-28	2.75946e-32	7500	2e+11 0.516514
637	0.00637956	3.02943e-29	5.86647e-33	7500	2e+11 0.516538
638	0.00638956	6.25936e-30	1.21212e-33	7500	2e+11 0.516538
639	0.00639956	1.2995e-30	2.51646e-34	7500	2e+11 0.516586
640	0.00640956	2.58817e-31	5.01197e-35	7500	2e+11 0.516586
641	0.00641956	4.94229e-32	9.57071e-36	7500	2e+11 0.516562
642	0.00642955	9.86706e-33	1.91075e-36	7500	2e+11 0.516731
643	0.00643955	1.92869e-33	3.7349e-37	7500	2e+11 0.516731
644	0.00644955	3.67167e-34	7.11015e-38	7500	2e+11 0.516707
645	0.00645954	6.91994e-35	1.34004e-38	7500	2e+11 0.516707
646	0.00646954	1.26623e-35	2.45204e-39	7500	2e+11 0.516731
647	0.00647953	2.23033e-36	4.31901e-40	7500	2e+11 0.516731
648	0.00648952	3.90375e-37	7.55958e-41	7500	2e+11 0.516851
649	0.00649952	6.94972e-38	1.34581e-41	7500	2e+11 0.517164
650	0.0065095	1.24464e-38	2.41023e-42	7500	2e+11 0.517164
651	0.00651956	2.08405e-39	4.03574e-43	7500	2e+11 0.51702
652	0.00652955	3.40105e-40	6.5861e-44	7500	2e+11 0.51702
653	0.00653954	5.06541e-41	9.80909e-45	7500	2e+11 0.516779
654	0.00654954	7.23631e-42	1.4013e-45	7500	2e+11 0.516658
655	0.00655953	0	0	7500	2e+11 0.516634
656	0.00656953	0	0	7500	2e+11 0.516634
657	0.00657953	0	0	7500	2e+11 0.516538
658	0.00658952	0	0	7500	2e+11 0.516658
659	0.00659952	0	0	7500	2e+11 0.516658
660	0.00660952	0	0	7500	2e+11 0.516538
661	0.00661952	0	0	7500	2e+11 0.516538
662	0.00662951	0	0	7500	2e+11 0.516514
663	0.00663951	0	0	7500	2e+11 0.516514
664	0.00664951	0	0	7500	2e+11 0.51637
665	0.00665951	0	0	7500	2e+11 0.51637
666	0.00666951	0	0	7500	2e+11 0.516394
667	0.00667951	0	0	7500	2e+11 0.516562
668	0.00668951	0	0	7500	2e+11 0.516562
669	0.00669951	0	0	7500	2e+11 0.516418
670	0.00670951	0	0	7500	2e+11 0.51649
671	0.00671951	0	0	7500	2e+11 0.51649
672	0.00672951	0	0	7500	2e+11 0.51637
673	0.00673951	0	0	7500	2e+11 0.516538
674	0.00674951	0	0	7500	2e+11 0.516538
675	0.00675951	0	0	7500	2e+11 0.51637
676	0.00676951	0	0	7500	2e+11 0.51637
677	0.00677951	0	0	7500	2e+11 0.516442
678	0.00678951	0	0	7500	2e+11 0.516442
679	0.00679951	0	0	7500	2e+11 0.516442
680	0.00680951	0	0	7500	2e+11 0.516442
681	0.00681951	0	0	7500	2e+11 0.516394
682	0.00682951	0	0	7500	2e+11 0.516394
683	0.00683951	0	0	7500	2e+11 0.51637
684	0.00684952	0	0	7500	2e+11 0.516346
685	0.00685952	0	0	7500	2e+11 0.516346
686	0.00686952	0	0	7500	2e+11 0.51637
687	0.00687952	0	0	7500	2e+11 0.516442
688	0.00688952	0	0	7500	2e+11 0.516442
689	0.00689952	0	0	7500	2e+11 0.516418
690	0.00690952	0	0	7500	2e+11 0.516418
691	0.00691952	0	0	7500	2e+11 0.516442
692	0.00692952	0	0	7500	2e+11 0.516442
693	0.00693952	0	0	7500	2e+11 0.516466
694	0.00694952	0	0	7500	2e+11 0.516466
695	0.00695952	0	0	7500	2e+11 0.516466
696	0.00696952	0	0	7500	2e+11 0.516394
697	0.00697952	0	0	7500	2e+11 0.516418
698	0.00698952	0	0	7500	2e+11 0.516418
699	0.00699952	0	0	7500	2e+11 0.51649
700	0.00700952	0	0	7500	2e+11 0.51649
701	0.00701952	0	0	7500	2e+11 0.51637
702	0.00702952	0	0	7500	2e+11 0.51637
703	0.00703952	0	0	7500	2e+11 0.516466
704	0.00704952	0	0	7500	2e+11 0.516466
705	0.00705952	0	0	7500	2e+11 0.516442
706	0.00706952	0	0	7500	2e+11 0.516442
707	0.00707952	0	0	7500	2e+11 0.516442
708	0.00708952	0	0	7500	2e+11 0.516418
709	0.00709952	0	0	7500	2e+11 0.516538
710	0.00710952	0	0	7500	2e+11 0.516538
711	0.00711952	0	0	7500	2e+11 0.516442
712	0.00712952	0	0	7500	2e+11 0.516442
713	0.00713952	0	0	7500	2e+11 0.516442
714	0.00714952	0	0	7500	2e+11 0.516442
715	0.00715952	0	0	7500	2e+11 0.516394
716	0.00716952	0	0	7500	2e+11 0.516562
717	0.00717951	0	0	7500	2e+11 0.516562
718	0.00718951	0	0	7500	2e+11 0.516418
719	0.00719952	0	0	7500	2e+11 0.51649
720	0.00720951	0	0	7500	2e+11 0.51649
721	0.00721952	0	0	7500	2e+11 0.51649
722	0.00722951	0	0	7500	2e+11 0.51649
723	0.00723951	0	0	7500	2e+11 0.516442
724	0.00724951	0	0	7500	2e+11 0.516442
725	0.00725951	0	0	7500	2e+11 0.516442
726	0.00726951	0	0	7500	2e+11 0.516442
727	0.00727951	0	0	7500	2e+11 0.516442
728	0.00728951	0	0	7500	2e+11 0.516442
729	0.00729951	0	0	7500	2e+11 0.516418
730	0.00730951	0	0	7500	2e+11 0.516418
731	0.00731951	0	0	7500	2e+11 0.516514
732	0.00732951	0	0	7500	2e+11 0.516514
733	0.00733951	0	0	7500	2e+11 0.516322
734	0.00734952	0	0	7500	2e+11 0.51637
735	0.00735952	0	0	7500	2e+11 0.516418
736	0.00736952	0	0	7500	2e+11 0.51649
737	0.00737951	0	0	7500	2e+11 0.51649
738	0.00738952	0	0	7500	2e+11 0.516322
739	0.00739952	0	0	7500	2e+11 0.51637
740	0.00740952	0	0	7500	2e+11 0.51637
741	0.00741952	0	0	7500	2e+11 0.516346
742	0.00742952	0	0	7500	2e+11 0.516346
743	0.00743952	0	0	7500	2e+11 0.516274
744	0.00744953	0	0	7500	2e+11 0.516274
745	0.00745953	0	0	7500	2e+11 0.516226
746	0.00746953	0	0	7500	2e+11 0.516226
747	0.00747954	0	0	7500	2e+11 0.516105
748	0.00748955	2.89452e-41	-5.60519e-45	7500	2e+11 0.516129
749	0.00749955	2.60506e-40	-5.04467e-44	7500	2e+11 0.516129
750	0.00750956	1.82354e-39	-3.53127e-43	7500	2e+11 0.519466
751	0.0075195	1.18675e-38	-2.29813e-42	7500	2e+11 0.519466
752	0.00752952	8.09739e-38	-1.56805e-41	7500	2e+11 0.515841
753	0.00753953	5.34601e-37	-1.03525e-40	7500	2e+11 0.516274
754	0.00754953	3.4059e-36	-6.59551e-40	7500	2e+11 0.516274
755	0.00755954	2.01288e-35	-3.89793e-39	7500	2e+11 0.516033
756	0.00756954	1.18338e-34	-2.2916e-38	7500	2e+11 0.516346
757	0.00757955	7.19301e-34	-1.39292e-37	7500	2e+11 0.516346
758	0.00758955	4.16503e-33	-8.06554e-37	7500	2e+11 0.516177
759	0.00759955	2.33714e-32	-4.52585e-36	7500	2e+11 0.516177
760	0.00760956	1.23585e-31	-2.3932e-35	7500	2e+11 0.516298
761	0.00761956	6.69814e-31	-1.29709e-34	7500	2e+11 0.516298
762	0.00762957	3.60706e-30	-6.98503e-34	7500	2e+11 0.516442
763	0.00763956	1.80294e-29	-3.49139e-33	7500	2e+11 0.516442
764	0.00764957	8.87815e-29	-1.71925e-32	7500	2e+11 0.516538
765	0.00765957	4.33368e-28	-8.39214e-32	7500	2e+11 0.516538
766	0.00766957	2.10288e-27	-4.07221e-31	7500	2e+11 0.516346
767	0.00767957	1.02188e-26	-1.97887e-30	7500	2e+11 0.516346
768	0.00768957	4.69445e-26	-9.09076e-30	7500	2e+11 0.516346
769	0.00769957	2.0983e-25	-4.06333e-29	7500	2e+11 0.516346
770	0.00770958	9.41024e-25	-1.82229e-28	7500	2e+11 0.516442
771	0.00771958	3.99551e-24	-7.73727e-28	7500	2e+11 0.516442
772	0.00772958	1.66503e-23	-3.22431e-27	7500	2e+11 0.516346
773	0.00773958	6.91462e-23	-1.33901e-26	7500	2e+11 0.516346
774	0.00774958	2.78914e-22	-5.40114e-26	7500	2e+11 0.516394
775	0.00775958	1.12306e-21	-2.17479e-25	7500	2e+11 0.516394
776	0.00776958	4.39299e-21	-8.507e-25	7500	2e+11 0.51637
777	0.00777958	1.71093e-20	-3.3132e-24	7500	2e+11 0.51637
778	0.00778959	6.46057e-20	-1.25108e-23	7500	2e+11 0.51649
779	0.00779958	2.42162e-19	-4.68944e-23	7500	2e+11 0.51649
780	0.00780959	8.80818e-19	-1.7057e-22	7500	2e+11 0.516201
781	0.00781965	3.21682e-18	-6.22935e-22	7500	2e+11 0.51541
782	0.00782966	1.14856e-17	-2.22418e-21	7500	2e+11 0.51637
783	0.00783966	4.13212e-17	-8.00181e-21	7500	2e+11 0.51637
784	0.00784967	1.41684e-16	-2.7437e-20	7500	2e+11 0.516466
785	0.00785966	4.58596e-16	-8.88067e-20	7500	2e+11 0.516466
786	0.00786967	1.47099e-15	-2.84856e-19	7500	2e+11 0.516514
787	0.00787966	4.72795e-15	-9.15563e-19	7500	2e+11 0.516514
788	0.00788967	1.49361e-14	-2.89236e-18	7500	2e+11 0.516466
789	0.00789967	4.7264e-14	-9.15263e-18	7500	2e+11 0.516466
790	0.00790967	1.43096e-13	-2.77104e-17	7500	2e+11 0.51661
791	0.00791967	4.20349e-13	-8.14001e-17	7500	2e+11 0.51661
792	0.00792967	1.24344e-12	-2.4079e-16	7500	2e+11 0.516466
793	0.00793967	3.48057e-12	-6.74009e-16	7500	2e+11 0.516466
794	0.00794967	9.63248e-12	-1.86532e-15	7500	2e+11 0.51661
795	0.00795967	2.67128e-11	-5.17291e-15	7500	2e+11 0.51661
796	0.00796967	7.20659e-11	-1.39555e-14	7500	2e+11 0.516322
797	0.00797968	1.94285e-10	-3.76231e-14	7500	2e+11 0.516514
798	0.00798967	5.15435e-10	-9.98136e-14	7500	2e+11 0.516514
799	0.00799967	1.34321e-09	-2.60112e-13	7500	2e+11 0.516514
800	0.00800967	3.41299e-09	-6.60923e-13	7500	2e+11 0.516466
801	0.00801967	8.58181e-09	-1.66186e-12	7500	2e+11 0.516514
802	0.00802967	2.09757e-08	-4.06192e-12	7500	2e+11 0.516514
803	0.00803967	5.0669e-08	-9.81202e-12	7500	2e+11 0.516274
804	0.00804968	1.21029e-07	-2.34372e-11	7500	2e+11 0.516418
805	0.00805968	2.85823e-07	-5.53495e-11	7500	2e+11 0.516466
806	0.00806968	6.57291e-07	-1.27284e-10	7500	2e+11 0.516658
807	0.00807967	1.49634e-06	-2.89766e-10	7500	2e+11 0.516658
808	0.00808967	3.34836e-06	-6.48407e-10	7500	2e+11 0.51637
809	0.00809967	7.29222e-06	-1.41213e-09	7500	2e+11 0.51637
810	0.00810968	1.57979e-05	-3.05925e-09	7500	2e+11 0.516466
811	0.00811968	3.33089e-05	-6.45023e-09	7500	2e+11 0.516466
812	0.00812968	7.00509e-05	-1.35653e-08	7500	2e+11 0.51637
813	0.00813968	0.000144704	-2.80218e-08	7500	2e+11 0.516322
814	0.00814968	0.000292842	-5.67085e-08	7500	2e+11 0.51637
815	0.00815968	0.000583839	-1.1306e-07	7500	2e+11 0.51637
816	0.00816968	0.00113844	-2.20458e-07	7500	2e+11 0.516658
817	0.00817968	0.0021929	-4.24653e-07	7500	2e+11 0.516658
818	0.00818968	0.00412604	-7.99004e-07	7500	2e+11 0.516322
819	0.00819968	0.00756643	-1.46523e-06	7500	2e+11 0.51637
820	0.00820968	0.0137829	-2.66905e-06	7500	2e+11 0.51637
821	0.00821968	0.0245792	-4.75974e-06	7500	2e+11 0.51661
822	0.00822968	0.0428763	-8.30297e-06	7500	2e+11 0.51661
823	0.00823968	0.0734825	-1.42298e-05	7500	2e+11 0.516514
824	0.00824968	0.12256	-2.37337e-05	7500	2e+11 0.516514
825	0.00825968	0.201438	-3.90083e-05	7500	2e+11 0.51637
826	0.00826968	0.323088	-6.25656e-05	7500	2e+11 0.51661
827	0.00827968	0.507959	-9.83659e-05	7500	2e+11 0.51661
828	0.00828968	0.78299	-0.000151625	7500	2e+11 0.51661
829	0.00829968	1.18835	-0.000230123	7500	2e+11 0.516658
830	0.00830967	1.76718	-0.000342213	7500	2e+11 0.516658
831	0.00831967	2.58102	-0.000499813	7500	2e+11 0.516707
832	0.00832967	3.69697	-0.000715915	7500	2e+11 0.516899
833	0.00833966	5.18305	-0.00100369	7500	2e+11 0.516996
834	0.00834965	7.10964	-0.00137678	7500	2e+11 0.51743
835	0.00835963	9.52533	-0.00184457	7500	2e+11 0.517768
836	0.0083696	12.4472	-0.00241039	7500	2e+11 0.517768
837	0.00837957	15.8747	-0.00307413	7500	2e+11 0.518252
838	0.00838954	19.7622	-0.00382693	7500	2e+11 0.518543
839	0.0083995	24.0857	-0.00466418	7500	2e+11 0.519271
840	0.00840944	28.7002	-0.00555776	7500	2e+11 0.519612
841	0.00841938	33.4028	-0.00646842	7500	2e+11 0.520099
842	0.00842931	37.9459	-0.00734819	7500	2e+11 0.52049
843	0.00843923	42.0665	-0.00814613	7500	2e+11 0.520881
844	0.00844914	45.4983	-0.00881071	7500	2e+11 0.521224
845	0.00845905	48.0045	-0.00929604	7500	2e+11 0.521371
846	0.00846895	49.3783	-0.00956208	7500	2e+11 0.521371
847	0.00847886	49.7782	-0.0096395	7500	2e+11 0.521371
848	0.00848877	49.9042	-0.00966391	7500	2e+11 0.521371
849	0.00849867	49.9687	-0.00967639	7500	2e+11 0.52142
850	0.00850858	49.9874	-0.00968001	7500	2e+11 0.52142
851	0.00851848	49.9933	-0.00968117	7500	2e+11 0.521469
852	0.00852838	49.9961	-0.0096817	7500	2e+11 0.521469
853	0.00853829	49.9969	-0.00968187	7500	2e+11 0.521567
854	0.00854819	49.9972	-0.00968192	7500	2e+11 0.521567
855	0.00855809	49.9973	-0.00968193	7500	2e+11 0.521371
856	0.008568	49.9973	-0.00968194	7500	2e+11 0.52142
857	0.0085779	49.9974	-0.00968195	7500	2e+11 0.52142
858	0.00858781	49.9974	-0.00968195	7500	2e+11 0.521469
859	0.00859771	49.9974	-0.00968195	7500	2e+11 0.521567
860	0.00860761	49.9974	-0.00968195	7500	2e+11 0.521567
861	0.00861751	49.9974	-0.00968195	7500	2e+11 0.521469
862	0.00862742	49.9974	-0.00968195	7500	2e+11 0.521469
863	0.00863732	49.9974	-0.00968195	7500	2e+11 0.52142
864	0.00864722	49.9974	-0.00968195	7500	2e+11 0.52142
865	0.00865713	49.9974	-0.00968195	7500	2e+11 0.52142
866	0.00866703	49.9974	-0.00968195	7500	2e+11 0.521469
867	0.00867693	49.9974	-0.00968195	7500	2e+11 0.521469
868	0.00868684	49.9974	-0.00968195	7500	2e+11 0.521371
869	0.00869675	49.9974	-0.00968195	7500	2e+11 0.521469
870	0.00870665	49.9974	-0.00968196	7500	2e+11 0.521469
871	0.00871655	49.9974	-0.00968196	7500	2e+11 0.521518
872	0.00872645	49.9974	-0.00968196	7500	2e+11 0.521518
873	0.00873636	49.9974	-0.00968196	7500	2e+11 0.521616
874	0.00874626	49.9974	-0.00968196	7500	2e+11 0.521616
875	0.00875616	49.9974	-0.00968196	7500	2e+11 0.521322
876	0.00876607	49.9974	-0.00968196	7500	2e+11 0.521469
877	0.00877597	49.9974	-0.00968196	7500	2e+11 0.521518
878	0.00878587	49.9974	-0.00968196	7500	2e+11 0.521518
879	0.00879578	49.9974	-0.00968196	7500	2e+11 0.521469
880	0.00880568	49.9974	-0.00968196	7500	2e+11 0.521469
881	0.00881558	49.9974	-0.00968196	7500	2e+11 0.521371
882	0.00882549	49.9974	-0.00968196	7500	2e+11 0.521567
883	0.00883539	49.9974	-0.00968196	7500	2e+11 0.521567
884	0.0088453	49.9974	-0.00968196	7500	2e+11 0.521469
885	0.0088552	49.9974	-0.00968196	7500	2e+11 0.521469
886	0.0088651	49.9974	-0.00968196	7500	2e+11 0.52142
887	0.00887501	49.9974	-0.00968196	7500	2e+11 0.52142
888	0.00888491	49.9974	-0.00968196	7500	2e+11 0.52142
889	0.00889482	49.9974	-0.00968196	7500	2e+11 0.521469
890	0.00890472	49.9974	-0.00968196	7500	2e+11 0.521518
891	0.00891462	49.9974	-0.00968196	7500	2e+11 0.521518
892	0.00892453	49.9974	-0.00968196	7500	2e+11 0.521469
893	0.00893443	49.9974	-0.00968196	7500	2e+11 0.521469
894	0.00894433	49.9974	-0.00968196	7500	2e+11 0.521469
895	0.00895423	49.9974	-0.00968196	7500	2e+11 0.52142
896	0.00896414	49.9974	-0.00968196	7500	2e+11 0.52142
897	0.00897404	49.9974	-0.00968196	7500	2e+11 0.521469
898	0.00898395	49.9974	-0.00968196	7500	2e+11 0.521469
899	0.00899385	49.9974	-0.00968196	7500	2e+11 0.521469
900	0.00900375	49.9974	-0.00968196	7500	2e+11 0.521469
901	0.00901366	49.9974	-0.00968196	7500	2e+11 0.521518
902	0.00902356	49.9974	-0.00968196	7500	2e+11 0.521518
903	0.00903346	49.9974	-0.00968196	7500	2e+11 0.521469
904	0.00904337	49.9974	-0.00968196	7500	2e+11 0.521469
905	0.00905327	49.9974	-0.00968196	7500	2e+11 0.521469
906	0.00906317	49.9974	-0.00968196	7500	2e+11 0.521371
907	0.00907308	49.9974	-0.00968196	7500	2e+11 0.521469
908	0.00908298	49.9974	-0.00968196	7500	2e+11 0.521469
909	0.00909288	49.9974	-0.00968196	7500	2e+11 0.521469
910	0.00910279	49.9974	-0.00968196	7500	2e+11 0.521518
911	0.00911269	49.9974	-0.00968196	7500	2e+11 0.521518
912	0.00912259	49.9974	-0.00968196	7500	2e+11 0.52142
913	0.0091325	49.9974	-0.00968196	7500	2e+11 0.52142
914	0.0091424	49.9974	-0.00968196	7500	2e+11 0.52142
915	0.00915231	49.9974	-0.00968195	7500	2e+11 0.521469
916	0.00916221	49.9973	-0.00968193	7500	2e+11 0.521469
917	0.00917212	49.997	-0.00968188	7500	2e+11 0.521322
918	0.00918202	49.9965	-0.00968179	7500	2e+11 0.521567
919	0.00919192	49.9956	-0.00968161	7500	2e+11 0.521567
920	0.00920182	49.9939	-0.00968128	7500	2e+11 0.521469
921	0.00921173	49.9907	-0.00968067	7500	2e+11 0.52142
922	0.00922163	49.9851	-0.00967958	7500	2e+11 0.521567
923	0.00923153	49.9754	-0.0096777	7500	2e+11 0.521567
924	0.00924144	49.9583	-0.00967439	7500	2e+11 0.521469
925	0.00925134	49.9292	-0.00966875	7500	2e+11 0.521469
926	0.00926124	49.8805	-0.00965931	7500	2e+11 0.521469
927	0.00927115	49.7997	-0.00964368	7500	2e+11 0.52142
928	0.00928105	49.6679	-0.00961815	7500	2e+11 0.521322
929	0.00929096	49.4619	-0.00957826	7500	2e+11 0.521322
930	0.00930087	49.143	-0.0095165	7500	2e+11 0.521322
931	0.00931077	48.6601	-0.009423	7500	2e+11 0.521322
932	0.00932068	47.9534	-0.00928614	7500	2e+11 0.521126
933	0.00933059	46.9437	-0.00909061	7500	2e+11 0.521126
934	0.0093405	45.5214	-0.00881517	7500	2e+11 0.521126
935	0.00935042	43.5902	-0.00844121	7500	2e+11 0.520783
936	0.00936033	41.0476	-0.00794882	7500	2e+11 0.520588
937	0.00937026	37.7561	-0.00731144	7500	2e+11 0.520148
938	0.0093802	33.6776	-0.00652165	7500	2e+11 0.519758
939	0.00939014	28.8633	-0.00558935	7500	2e+11 0.519466
940	0.00940009	23.5117	-0.00455303	7500	2e+11 0.518834
941	0.00941005	17.8439	-0.00345546	7500	2e+11 0.518397
942	0.00942003	12.2908	-0.00238011	7500	2e+11 0.51772
943	0.00943001	7.34683	-0.00142271	7500	2e+11 0.517189
944	0.00944	3.49952	-0.00067768	7500	2e+11 0.516851
945	0.00945	1.17823	-0.000228164	7500	2e+11 0.516562
946	0.00946	0.448183	-8.67902e-05	7500	2e+11 0.516466
947	0.00947	0.16715	-3.23684e-05	7500	2e+11 0.516418
948	0.00948	0.0550082	-1.06523e-05	7500	2e+11 0.516418
949	0.00949	0.0172612	-3.34261e-06	7500	2e+11 0.516418
950	0.0095	0.00562446	-1.08917e-06	7500	2e+11 0.516418
951	0.00951	0.00249408	-4.82976e-07	7500	2e+11 0.516418
952	0.00952	0.000830513	-1.60828e-07	7500	2e+11 0.516418
953	0.00953	0.000338568	-6.55633e-08	7500	2e+11 0.516418
954	0.00954	0.000126788	-2.45524e-08	7500	2e+11 0.516418
955	0.00955	4.44363e-05	-8.60505e-09	7500	2e+11 0.516418
956	0.00956	1.29758e-05	-2.51275e-09	7500	2e+11 0.516418
957	0.00957	4.17674e-06	-8.08823e-10	7500	2e+11 0.516418
958	0.00958	1.29047e-06	-2.49898e-10	7500	2e+11 0.516418
959	0.00959	5.43665e-07	-1.0528e-10	7500	2e+11 0.516418
960	0.0096	2.22749e-07	-4.31352e-11	7500	2e+11 0.516418
961	0.00961	6.44437e-08	-1.24795e-11	7500	2e+11 0.516418
962	0.00962	2.95252e-08	-5.71753e-12	7500	2e+11 0.516418
963	0.00963	1.19043e-08	-2.30525e-12	7500	2e+11 0.516418
964	0.00964	3.54931e-09	-6.87321e-13	7500	2e+11 0.516418
965	0.00965	1.56574e-09	-3.03204e-13	7500	2e+11 0.516418
966	0.00966	5.97662e-10	-1.15737e-13	7500	2e+11 0.516418
967	0.00967	2.44363e-10	-4.73207e-14	7500	2e+11 0.516418
968	0.00968	8.63962e-11	-1.67306e-14	7500	2e+11 0.516418
969	0.00969	2.88964e-11	-5.59577e-15	7500	2e+11 0.516418
970	0.0097	1.21959e-11	-2.36173e-15	7500	2e+11 0.516418
971	0.00971	3.40396e-12	-6.59174e-16	7500	2e+11 0.516418
972	0.00972	1.58594e-12	-3.07116e-16	7500	2e+11 0.516418
973	0.00973	5.02115e-13	-9.72341e-17	7500	2e+11 0.516418
974	0.00974	2.10245e-13	-4.07137e-17	7500	2e+11 0.516418
975	0.00975	7.58666e-14	-1.46915e-17	7500	2e+11 0.516418
976	0.00976	3.00717e-14	-5.82337e-18	7500	2e+11 0.516418
977	0.00977	9.21428e-15	-1.78434e-18	7500	2e+11 0.516418
978	0.00978	3.24902e-15	-6.29171e-19	7500	2e+11 0.516418
979	0.00979	1.08932e-15	-2.10945e-19	7500	2e+11 0.516418
980	0.0098	4.54344e-16	-8.79834e-20	7500	2e+11 0.516418
981	0.00981	1.23098e-16	-2.38378e-20	7500	2e+11 0.516418
982	0.00982	3.89289e-17	-7.53855e-21	7500	2e+11 0.516418
983	0.00983	1.61241e-17	-3.12241e-21	7500	2e+11 0.516418
984	0.00984	5.6069e-18	-1.08577e-21	7500	2e+11 0.516418
985	0.00985	1.67504e-18	-3.24371e-22	7500	2e+11 0.516418
986	0.00986	5.64066e-19	-1.09231e-22	7500	2e+11 0.516418
987	0.00987	1.59331e-19	-3.08543e-23	7500	2e+11 0.516418
988	0.00988	6.72235e-20	-1.30178e-23	7500	2e+11 0.516418
989	0.00989	1.92062e-20	-3.71927e-24	7500	2e+11 0.516418
990	0.0099	7.27918e-21	-1.40961e-24	7500	2e+11 0.516418
991	0.00991	2.30362e-21	-4.46093e-25	7500	2e+11 0.516418
992	0.00992	8.94008e-22	-1.73124e-25	7500	2e+11 0.516418
993	0.00993	3.83653e-22	-7.42941e-26	7500	2e+11 0.516418
994	0.00994	1.21153e-22	-2.34613e-26	7500	2e+11 0.516418
995	0.00995	4.47226e-23	-8.66098e-27	7500	2e+11 0.516418
996	0.00996	1.63946e-23	-3.17615e-27	7500	2e+11 0.516418
997	0.00997	6.22157e-24	-1.20903e-27	7500	2e+11 0.516418
998	0.00998	2.0983e-24	-4.15402e-28	7500	2e+11 0.516418
999	0.00999	6.51654e-25	-1.58359e-28	7500	2e+11 0.516418
1000	0.01	0	-9.65728e-29	7500	2e+11 0.516418
