0	0	0	0	7500	2e+11 0.516398
1	1e-05	0	0	7500	2e+11 0.516398
2	2e-05	0	0	7500	2e+11 0.516398
3	3e-05	0	0	7500	2e+11 0.516398
4	4e-05	0	0	7500	2e+11 0.516398
5	5e-05	0	0	7500	2e+11 0.516398
6	6e-05	0	0	7500	2e+11 0.516398
7	7e-05	0	0	7500	2e+11 0.516398
8	8e-05	0	0	7500	2e+11 0.516398
9	9e-05	0	0	7500	2e+11 0.516398
10	0.0001	0	0	7500	2e+11 0.516398
11	0.00011	0	0	7500	2e+11 0.516398
12	0.00012	0	0	7500	2e+11 0.516398
13	0.00013	0	0	7500	2e+11 0.516398
14	0.00014	0	0	7500	2e+11 0.516398
15	0.00015	0	0	7500	2e+11 0.516398
16	0.00016	0	0	7500	2e+11 0.516398
17	0.00017	0	0	7500	2e+11 0.516398
18	0.00018	0	0	7500	2e+11 0.516398
19	0.00019	0	0	7500	2e+11 0.516398
20	0.0002	0	0	7500	2e+11 0.516398
21	0.00021	0	0	7500	2e+11 0.516398
22	0.00022	0	0	7500	2e+11 0.516398
23	0.00023	0	0	7500	2e+11 0.516398
24	0.00024	0	0	7500	2e+11 0.516398
25	0.00025	0	0	7500	2e+11 0.516398
26	0.00026	0	0	7500	2e+11 0.516398
27	0.00027	0	0	7500	2e+11 0.516398
28	0.00028	0	0	7500	2e+11 0.516398
29	0.00029	0	0	7500	2e+11 0.516398
30	0.0003	0	0	7500	2e+11 0.516398
31	0.00031	0	0	7500	2e+11 0.516398
32	0.00032	0	0	7500	2e+11 0.516398
33	0.00033	0	0	7500	2e+11 0.516398
34	0.00034	0	0	7500	2e+11 0.516398
35	0.00035	0	0	7500	2e+11 0.516398
36	0.00036	0	0	7500	2e+11 0.516398
37	0.00037	0	0	7500	2e+11 0.516398
38	0.00038	0	0	7500	2e+11 0.516398
39	0.00039	0	0	7500	2e+11 0.516398
40	0.0004	0	0	7500	2e+11 0.516398
41	0.00041	0	0	7500	2e+11 0.516398
42	0.00042	0	0	7500	2e+11 0.516398
43	0.00043	0	0	7500	2e+11 0.516398
44	0.00044	0	0	7500	2e+11 0.516398
45	0.00045	0	0	7500	2e+11 0.516398
46	0.00046	0	0	7500	2e+11 0.516398
47	0.00047	0	0	7500	2e+11 0.516398
48	0.00048	0	0	7500	2e+11 0.516398
49	0.00049	0	0	7500	2e+11 0.5164
50	0.0005	0	0	7500	2e+11 0.5164
51	0.00051	0	0	7500	2e+11 0.516397
52	0.00052	0	0	7500	2e+11 0.5164
53	0.00053	0	0	7500	2e+11 0.5164
54	0.00054	0	0	7500	2e+11 0.516397
55	0.00055	0	0	7500	2e+11 0.5164
56	0.00056	0	0	7500	2e+11 0.5164
57	0.00057	0	0	7500	2e+11 0.516397
58	0.00058	0	0	7500	2e+11 0.516397
59	0.00059	0	0	7500	2e+11 0.5164
60	0.0006	0	0	7500	2e+11 0.5164
61	0.00061	0	0	7500	2e+11 0.516397
62	0.00062	0	0	7500	2e+11 0.5164
63	0.00063	0	0	7500	2e+11 0.5164
64	0.00064	0	0	7500	2e+11 0.516397
65	0.00065	0	0	7500	2e+11 0.5164
66	0.00066	0	0	7500	2e+11 0.5164
67	0.00067	0	0	7500	2e+11 0.516397
68	0.00068	0	0	7500	2e+11 0.5164
69	0.00069	0	0	7500	2e+11 0.5164
70	0.0007	0	0	7500	2e+11 0.516397
71	0.00071	0	0	7500	2e+11 0.516397
72	0.00072	0	0	7500	2e+11 0.5164
73	0.00073	0	0	7500	2e+11 0.5164
74	0.00074	0	0	7500	2e+11 0.516397
75	0.00075	0	0	7500	2e+11 0.5164
76	0.00076	0	0	7500	2e+11 0.5164
77	0.00077	0	0	7500	2e+11 0.516397
78	0.00078	0	0	7500	2e+11 0.5164
79	0.00079	0	0	7500	2e+11 0.5164
80	0.0008	0	0	7500	2e+11 0.516397
81	0.00081	0	0	7500	2e+11 0.5164
82	0.00082	0	0	7500	2e+11 0.5164
83	0.00083	0	0	7500	2e+11 0.516397
84	0.00084	0	0	7500	2e+11 0.5164
85	0.00085	0	0	7500	2e+11 0.5164
86	0.00086	0	0	7500	2e+11 0.516397
87	0.00087	0	0	7500	2e+11 0.5164
88	0.00088	0	0	7500	2e+11 0.5164
89	0.00089	0	0	7500	2e+11 0.516397
90	0.0009	0	0	7500	2e+11 0.516397
91	0.00091	0	0	7500	2e+11 0.5164
92	0.00092	0	0	7500	2e+11 0.5164
93	0.00093	0	0	7500	2e+11 0.516397
94	0.00094	0	0	7500	2e+11 0.5164
95	0.00095	0	0	7500	2e+11 0.5164
96	0.00096	0	0	7500	2e+11 0.516397
97	0.00097	0	0	7500	2e+11 0.516397
98	0.00098	0	0	7500	2e+11 0.5164
99	0.00099	0	0	7500	2e+11 0.5164
100	0.001	0	0	7500	2e+11 0.5164
101	0.00101	0	0	7500	2e+11 0.5164
102	0.00102	0	0	7500	2e+11 0.5164
103	0.00103	0	0	7500	2e+11 0.5164
104	0.00104	0	0	7500	2e+11 0.5164
105	0.00105	0	0	7500	2e+11 0.5164
106	0.00106	0	0	7500	2e+11 0.5164
107	0.00107	0	0	7500	2e+11 0.5164
108	0.00108	0	0	7500	2e+11 0.5164
109	0.00109	0	0	7500	2e+11 0.5164
110	0.0011	0	0	7500	2e+11 0.5164
111	0.00111	0	0	7500	2e+11 0.5164
112	0.00112	0	0	7500	2e+11 0.5164
113	0.00113	0	0	7500	2e+11 0.5164
114	0.00114	0	0	7500	2e+11 0.5164
115	0.00115	0	0	7500	2e+11 0.5164
116	0.00116	0	0	7500	2e+11 0.5164
117	0.00117	0	0	7500	2e+11 0.5164
118	0.00118	0	0	7500	2e+11 0.5164
119	0.00119	0	0	7500	2e+11 0.5164
120	0.0012	0	0	7500	2e+11 0.5164
121	0.00121	0	0	7500	2e+11 0.5164
122	0.00122	0	0	7500	2e+11 0.5164
123	0.00123	0	0	7500	2e+11 0.5164
124	0.00124	0	0	7500	2e+11 0.5164
125	0.00125	0	0	7500	2e+11 0.5164
126	0.00126	0	0	7500	2e+11 0.5164
127	0.00127	0	0	7500	2e+11 0.5164
128	0.00128	0	0	7500	2e+11 0.5164
129	0.00129	0	0	7500	2e+11 0.5164
130	0.0013	0	0	7500	2e+11 0.5164
131	0.00131	0	0	7500	2e+11 0.5164
132	0.00132	0	0	7500	2e+11 0.5164
133	0.00133	0	0	7500	2e+11 0.5164
134	0.00134	0	0	7500	2e+11 0.5164
135	0.00135	0	0	7500	2e+11 0.5164
136	0.00136	0	0	7500	2e+11 0.5164
137	0.00137	0	0	7500	2e+11 0.5164
138	0.00138	0	0	7500	2e+11 0.5164
139	0.00139	0	0	7500	2e+11 0.5164
140	0.0014	0	0	7500	2e+11 0.5164
141	0.00141	0	0	7500	2e+11 0.5164
142	0.00142	0	0	7500	2e+11 0.5164
143	0.00143	0	0	7500	2e+11 0.5164
144	0.00144	0	0	7500	2e+11 0.5164
145	0.00145	0	0	7500	2e+11 0.5164
146	0.00146	0	0	7500	2e+11 0.5164
147	0.00147	0	0	7500	2e+11 0.5164
148	0.00148	0	0	7500	2e+11 0.5164
149	0.00149	0	0	7500	2e+11 0.5164
150	0.0015	0	0	7500	2e+11 0.5164
151	0.00151	0	0	7500	2e+11 0.5164
152	0.00152	0	0	7500	2e+11 0.5164
153	0.00153	0	0	7500	2e+11 0.5164
154	0.00154	0	0	7500	2e+11 0.5164
155	0.00155	0	0	7500	2e+11 0.5164
156	0.00156	0	0	7500	2e+11 0.5164
157	0.00157	0	0	7500	2e+11 0.5164
158	0.00158	0	0	7500	2e+11 0.5164
159	0.00159	0	0	7500	2e+11 0.5164
160	0.0016	0	0	7500	2e+11 0.5164
161	0.00161	0	0	7500	2e+11 0.5164
162	0.00162	0	0	7500	2e+11 0.5164
163	0.00163	0	0	7500	2e+11 0.5164
164	0.00164	0	0	7500	2e+11 0.5164
165	0.00165	0	0	7500	2e+11 0.5164
166	0.00166	0	0	7500	2e+11 0.5164
167	0.00167	0	0	7500	2e+11 0.5164
168	0.00168	0	0	7500	2e+11 0.5164
169	0.00169	0	0	7500	2e+11 0.5164
170	0.0017	0	0	7500	2e+11 0.5164
171	0.00171	0	0	7500	2e+11 0.5164
172	0.00172	0	0	7500	2e+11 0.5164
173	0.00173	0	0	7500	2e+11 0.5164
174	0.00174	0	0	7500	2e+11 0.5164
175	0.00175	0	0	7500	2e+11 0.5164
176	0.00176	0	0	7500	2e+11 0.5164
177	0.00177	0	0	7500	2e+11 0.5164
178	0.00178	0	0	7500	2e+11 0.5164
179	0.00179	0	0	7500	2e+11 0.5164
180	0.0018	0	0	7500	2e+11 0.5164
181	0.00181	0	0	7500	2e+11 0.5164
182	0.00182	0	0	7500	2e+11 0.5164
183	0.00183	0	0	7500	2e+11 0.5164
184	0.00184	0	0	7500	2e+11 0.5164
185	0.00185	0	0	7500	2e+11 0.5164
186	0.00186	0	0	7500	2e+11 0.5164
187	0.00187	0	0	7500	2e+11 0.5164
188	0.00188	0	0	7500	2e+11 0.5164
189	0.00189	0	0	7500	2e+11 0.5164
190	0.0019	0	0	7500	2e+11 0.5164
191	0.00191	0	0	7500	2e+11 0.5164
192	0.00192	0	0	7500	2e+11 0.5164
193	0.00193	0	0	7500	2e+11 0.5164
194	0.00194	0	0	7500	2e+11 0.5164
195	0.00195	0	0	7500	2e+11 0.5164
196	0.00196	0	0	7500	2e+11 0.516406
197	0.00197	0	0	7500	2e+11 0.516406
198	0.00198	0	0	7500	2e+11 0.516394
199	0.00199	0	0	7500	2e+11 0.516406
200	0.002	1.72296e-38	3.33649e-42	7500	2e+11 0.516406
201	0.00201	8.49394e-38	1.64484e-41	7500	2e+11 0.516394
202	0.00202	1.91624e-37	3.71078e-41	7500	2e+11 0.516406
203	0.00203	3.21081e-37	6.2177e-41	7500	2e+11 0.516406
204	0.00204	4.52412e-37	8.76092e-41	7500	2e+11 0.516394
205	0.00205	5.63698e-37	1.0916e-40	7500	2e+11 0.516406
206	0.00206	6.51359e-37	1.26135e-40	7500	2e+11 0.516406
207	0.00207	7.09126e-37	1.37322e-40	7500	2e+11 0.516394
208	0.00208	7.23642e-37	1.40133e-40	7500	2e+11 0.516406
209	0.00209	1.44724e-36	2.80257e-40	7500	2e+11 0.516406
210	0.0021	5.78898e-36	1.12103e-39	7500	2e+11 0.516394
211	0.00211	1.39147e-35	2.69457e-39	7500	2e+11 0.516406
212	0.00212	3.91465e-35	7.58068e-39	7500	2e+11 0.516406
213	0.00213	1.16476e-34	2.25554e-38	7500	2e+11 0.516394
214	0.00214	3.73398e-34	7.23081e-38	7500	2e+11 0.516406
215	0.00215	8.33544e-34	1.61415e-37	7500	2e+11 0.516406
216	0.00216	2.28234e-33	4.41973e-37	7500	2e+11 0.516394
217	0.00217	6.72174e-33	1.30166e-36	7500	2e+11 0.516406
218	0.00218	1.64711e-32	3.18961e-36	7500	2e+11 0.516406
219	0.00219	4.80102e-32	9.29714e-36	7500	2e+11 0.516394
220	0.0022	1.26919e-31	2.45778e-35	7500	2e+11 0.516406
221	0.00221	3.24358e-31	6.28116e-35	7500	2e+11 0.516406
222	0.00222	1.02852e-30	1.99172e-34	7500	2e+11 0.516394
223	0.00223	2.8822e-30	5.58136e-34	7500	2e+11 0.516406
224	0.00224	8.41506e-30	1.62957e-33	7500	2e+11 0.516406
225	0.00225	2.35609e-29	4.56256e-33	7500	2e+11 0.516394
226	0.00226	6.92352e-29	1.34073e-32	7500	2e+11 0.516394
227	0.00227	1.82554e-28	3.53515e-32	7500	2e+11 0.516406
228	0.00228	4.88212e-28	9.45419e-32	7500	2e+11 0.516406
229	0.00229	1.25722e-27	2.4346e-31	7500	2e+11 0.516394
230	0.0023	3.5364e-27	6.8482e-31	7500	2e+11 0.516406
231	0.00231	1.19032e-26	2.30504e-30	7500	2e+11 0.516406
232	0.00232	3.46016e-26	6.70057e-30	7500	2e+11 0.516394
233	0.00233	9.51569e-26	1.84271e-29	7500	2e+11 0.516406
234	0.00234	2.66879e-25	5.16808e-29	7500	2e+11 0.516406
235	0.00235	7.0526e-25	1.36573e-28	7500	2e+11 0.516394
236	0.00236	1.73576e-24	3.36128e-28	7500	2e+11 0.516406
237	0.00237	5.30629e-24	1.02756e-27	7500	2e+11 0.516406
238	0.00238	1.4629e-23	2.8329e-27	7500	2e+11 0.516394
239	0.00239	4.18244e-23	8.09925e-27	7500	2e+11 0.516406
240	0.0024	1.29895e-22	2.51541e-26	7500	2e+11 0.516406
241	0.00241	3.21763e-22	6.23092e-26	7500	2e+11 0.516394
242	0.00242	1.04756e-21	2.02858e-25	7500	2e+11 0.516406
243	0.00243	2.76801e-21	5.36022e-25	7500	2e+11 0.516406
244	0.00244	8.08361e-21	1.56538e-24	7500	2e+11 0.516394
245	0.00245	1.91397e-20	3.70639e-24	7500	2e+11 0.516406
246	0.00246	5.94892e-20	1.152e-23	7500	2e+11 0.516406
247	0.00247	1.71457e-19	3.32025e-23	7500	2e+11 0.516394
248	0.00248	4.71068e-19	9.1222e-23	7500	2e+11 0.516406
249	0.00249	1.08019e-18	2.09178e-22	7500	2e+11 0.516406
250	0.0025	3.59979e-18	6.97097e-22	7500	2e+11 0.516394
251	0.00251	1.04674e-17	2.02701e-21	7500	2e+11 0.516406
252	0.00252	2.69311e-17	5.21518e-21	7500	2e+11 0.516406
253	0.00253	7.47184e-17	1.44692e-20	7500	2e+11 0.516394
254	0.00254	2.0424e-16	3.95509e-20	7500	2e+11 0.516406
255	0.00255	6.37099e-16	1.23374e-19	7500	2e+11 0.516406
256	0.00256	1.81699e-15	3.51859e-19	7500	2e+11 0.516394
257	0.00257	4.79153e-15	9.27876e-19	7500	2e+11 0.516406
258	0.00258	1.38865e-14	2.68911e-18	7500	2e+11 0.516406
259	0.00259	3.65101e-14	7.07014e-18	7500	2e+11 0.516394
260	0.0026	1.11267e-13	2.15468e-17	7500	2e+11 0.516406
261	0.00261	2.9327e-13	5.67915e-17	7500	2e+11 0.516406
262	0.00262	9.32584e-13	1.80594e-16	7500	2e+11 0.516394
263	0.00263	2.33142e-12	4.51478e-16	7500	2e+11 0.516406
264	0.00264	6.22161e-12	1.20481e-15	7500	2e+11 0.516406
265	0.00265	1.92741e-11	3.73242e-15	7500	2e+11 0.516394
266	0.00266	5.29924e-11	1.02619e-14	7500	2e+11 0.516406
267	0.00267	1.18127e-10	2.28753e-14	7500	2e+11 0.516406
268	0.00268	3.65072e-10	7.06958e-14	7500	2e+11 0.516394
269	0.00269	9.66746e-10	1.8721e-13	7500	2e+11 0.516406
270	0.0027	2.90392e-09	5.62341e-13	7500	2e+11 0.516406
271	0.00271	7.22675e-09	1.39945e-12	7500	2e+11 0.516394
272	0.00272	1.82742e-08	3.53878e-12	7500	2e+11 0.516406
273	0.00273	6.03953e-08	1.16955e-11	7500	2e+11 0.516406
274	0.00274	1.74419e-07	3.37761e-11	7500	2e+11 0.516394
275	0.00275	4.61712e-07	8.94101e-11	7500	2e+11 0.516406
276	0.00276	1.21407e-06	2.35103e-10	7500	2e+11 0.516406
277	0.00277	3.66589e-06	7.09896e-10	7500	2e+11 0.516394
278	0.00278	8.42867e-06	1.63221e-09	7500	2e+11 0.516406
279	0.00279	2.23275e-05	4.32369e-09	7500	2e+11 0.516406
280	0.0028	7.14328e-05	1.38329e-08	7500	2e+11 0.516394
281	0.00281	0.000175277	3.39422e-08	7500	2e+11 0.516406
282	0.00282	0.000433043	8.38585e-08	7500	2e+11 0.516406
283	0.00283	0.00138808	2.688e-07	7500	2e+11 0.516394
284	0.00284	0.00298978	5.78968e-07	7500	2e+11 0.516406
285	0.00285	0.011568	2.24013e-06	7500	2e+11 0.516406
286	0.00286	0.0298991	5.78994e-06	7500	2e+11 0.516394
287	0.00287	0.0782461	1.51523e-05	7500	2e+11 0.516394
288	0.00288	0.25965	5.02811e-05	7500	2e+11 0.516382
289	0.00289	0.684088	0.000132473	7500	2e+11 0.51637
290	0.0029	1.83818	0.000355963	7500	2e+11 0.516298
291	0.00291001	3.68199	0.000713014	7500	2e+11 0.516165
292	0.00292001	6.12373	0.00118585	7500	2e+11 0.516009
293	0.00293003	9.05054	0.00175263	7500	2e+11 0.515709
294	0.00294005	12.3356	0.00238878	7500	2e+11 0.515434
295	0.00295007	15.8522	0.00306977	7500	2e+11 0.51511
296	0.0029601	19.478	0.0037719	7500	2e+11 0.514692
297	0.00297014	23.1023	0.00447375	7500	2e+11 0.514394
298	0.00298019	26.6299	0.00515685	7500	2e+11 0.514012
299	0.00299024	29.9794	0.00580548	7500	2e+11 0.513703
300	0.0030003	33.0903	0.00640791	7500	2e+11 0.513322
301	0.00301037	35.9222	0.00695631	7500	2e+11 0.513073
302	0.00302044	38.4479	0.0074454	7500	2e+11 0.512705
303	0.00303051	40.6562	0.00787305	7500	2e+11 0.512551
304	0.00304059	42.5519	0.00824014	7500	2e+11 0.512314
305	0.00305068	44.148	0.00854923	7500	2e+11 0.512137
306	0.00306076	45.4669	0.00880463	7500	2e+11 0.512019
307	0.00307085	46.537	0.00901186	7500	2e+11 0.511853
308	0.00308094	47.3921	0.00917744	7500	2e+11 0.511723
309	0.00309104	48.0632	0.0093074	7500	2e+11 0.511688
310	0.00310113	48.5815	0.00940777	7500	2e+11 0.511617
311	0.00311122	48.9757	0.0094841	7500	2e+11 0.511558
312	0.00312132	49.2708	0.00954126	7500	2e+11 0.511546
313	0.00313141	49.4879	0.00958329	7500	2e+11 0.511546
314	0.00314151	49.6451	0.00961374	7500	2e+11 0.511476
315	0.00315161	49.7574	0.00963547	7500	2e+11 0.511476
316	0.0031617	49.8363	0.00965076	7500	2e+11 0.511499
317	0.0031718	49.8913	0.0096614	7500	2e+11 0.511499
318	0.0031819	49.929	0.00966871	7500	2e+11 0.511428
319	0.00319199	49.9545	0.00967365	7500	2e+11 0.511464
320	0.00320209	49.9715	0.00967695	7500	2e+11 0.511464
321	0.00321219	49.9828	0.00967912	7500	2e+11 0.511428
322	0.00322229	49.9901	0.00968054	7500	2e+11 0.51144
323	0.00323238	49.9948	0.00968146	7500	2e+11 0.51144
324	0.00324248	49.9979	0.00968205	7500	2e+11 0.511464
325	0.00325258	49.9998	0.00968242	7500	2e+11 0.511464
326	0.00326267	50.001	0.00968265	7500	2e+11 0.51144
327	0.00327277	50.0017	0.0096828	7500	2e+11 0.511452
328	0.00328287	50.0022	0.00968288	7500	2e+11 0.511452
329	0.00329297	50.0024	0.00968293	7500	2e+11 0.511452
330	0.00330306	50.0025	0.00968295	7500	2e+11 0.511464
331	0.00331316	50.0026	0.00968296	7500	2e+11 0.511464
332	0.00332326	50.0026	0.00968296	7500	2e+11 0.511428
333	0.00333335	50.0026	0.00968296	7500	2e+11 0.511464
334	0.00334345	50.0026	0.00968296	7500	2e+11 0.511464
335	0.00335355	50.0026	0.00968296	7500	2e+11 0.511428
336	0.00336365	50.0026	0.00968296	7500	2e+11 0.51144
337	0.00337374	50.0026	0.00968296	7500	2e+11 0.51144
338	0.00338384	50.0026	0.00968296	7500	2e+11 0.511476
339	0.00339394	50.0026	0.00968296	7500	2e+11 0.511476
340	0.00340403	50.0026	0.00968296	7500	2e+11 0.511428
341	0.00341413	50.0026	0.00968296	7500	2e+11 0.511405
342	0.00342423	50.0026	0.00968296	7500	2e+11 0.511499
343	0.00343433	50.0026	0.00968296	7500	2e+11 0.511499
344	0.00344442	50.0026	0.00968296	7500	2e+11 0.511476
345	0.00345452	50.0026	0.00968296	7500	2e+11 0.511476
346	0.00346462	50.0026	0.00968296	7500	2e+11 0.511452
347	0.00347471	50.0026	0.00968296	7500	2e+11 0.511452
348	0.00348481	50.0026	0.00968296	7500	2e+11 0.511476
349	0.00349491	50.0026	0.00968296	7500	2e+11 0.511476
350	0.00350501	50.0026	0.00968296	7500	2e+11 0.51144
351	0.0035151	50.0026	0.00968296	7500	2e+11 0.51144
352	0.0035252	50.0026	0.00968296	7500	2e+11 0.511452
353	0.0035353	50.0026	0.00968296	7500	2e+11 0.511452
354	0.0035454	50.0026	0.00968296	7500	2e+11 0.511428
355	0.00355549	50.0026	0.00968296	7500	2e+11 0.511511
356	0.00356559	50.0026	0.00968296	7500	2e+11 0.511511
357	0.00357569	50.0026	0.00968296	7500	2e+11 0.511417
358	0.00358578	50.0026	0.00968296	7500	2e+11 0.511452
359	0.00359588	50.0026	0.00968296	7500	2e+11 0.511452
360	0.00360598	50.0026	0.00968296	7500	2e+11 0.51144
361	0.00361608	50.0026	0.00968295	7500	2e+11 0.511452
362	0.00362617	50.0025	0.00968295	7500	2e+11 0.511452
363	0.00363627	50.0025	0.00968295	7500	2e+11 0.511452
364	0.00364637	50.0025	0.00968295	7500	2e+11 0.511452
365	0.00365646	50.0025	0.00968295	7500	2e+11 0.511464
366	0.00366656	50.0025	0.00968295	7500	2e+11 0.511464
367	0.00367666	50.0025	0.00968295	7500	2e+11 0.511511
368	0.00368675	50.0025	0.00968295	7500	2e+11 0.511511
369	0.00369685	50.0025	0.00968295	7500	2e+11 0.511417
370	0.00370695	50.0025	0.00968295	7500	2e+11 0.511452
371	0.00371705	50.0025	0.00968295	7500	2e+11 0.511452
372	0.00372714	50.0025	0.00968295	7500	2e+11 0.51144
373	0.00373724	50.0025	0.00968294	7500	2e+11 0.51144
374	0.00374734	50.0025	0.00968294	7500	2e+11 0.511464
375	0.00375744	50.0025	0.00968294	7500	2e+11 0.511464
376	0.00376753	50.0025	0.00968294	7500	2e+11 0.51144
377	0.00377763	50.0025	0.00968294	7500	2e+11 0.51144
378	0.00378773	50.0025	0.00968294	7500	2e+11 0.51144
379	0.00379782	50.0025	0.00968294	7500	2e+11 0.511464
380	0.00380792	50.0025	0.00968294	7500	2e+11 0.511464
381	0.00381802	50.0024	0.00968293	7500	2e+11 0.511476
382	0.00382812	50.0023	0.00968291	7500	2e+11 0.511476
383	0.00383821	50.0021	0.00968286	7500	2e+11 0.511417
384	0.00384831	50.0014	0.00968274	7500	2e+11 0.511452
385	0.00385841	49.9996	0.00968239	7500	2e+11 0.511452
386	0.00386851	49.9934	0.00968119	7500	2e+11 0.511476
387	0.0038786	49.9806	0.0096787	7500	2e+11 0.511476
388	0.0038887	49.9449	0.00967179	7500	2e+11 0.511476
389	0.0038988	49.8553	0.00965444	7500	2e+11 0.51203
390	0.00390888	49.4659	0.00957903	7500	2e+11 0.512575
391	0.00391896	48.5241	0.00939666	7500	2e+11 0.512575
392	0.00392905	46.2573	0.00895768	7500	2e+11 0.511841
393	0.00393914	42.9088	0.00830925	7500	2e+11 0.512243
394	0.00394922	38.7515	0.0075042	7500	2e+11 0.512575
395	0.00395929	34.1029	0.006604	7500	2e+11 0.513144
396	0.00396936	29.2873	0.00567146	7500	2e+11 0.513524
397	0.00397941	24.575	0.00475894	7500	2e+11 0.514072
398	0.00398946	20.181	0.00390803	7500	2e+11 0.51443
399	0.0039995	16.2373	0.00314434	7500	2e+11 0.514931
400	0.00400952	12.8259	0.00248373	7500	2e+11 0.515266
401	0.00401955	9.95327	0.00192744	7500	2e+11 0.51541
402	0.00402957	7.59755	0.00147126	7500	2e+11 0.515673
403	0.00403958	5.71168	0.00110606	7500	2e+11 0.515937
404	0.00404959	4.22963	0.000819065	7500	2e+11 0.516033
405	0.0040596	3.09039	0.000598452	7500	2e+11 0.516033
406	0.0040696	2.22738	0.00043133	7500	2e+11 0.51625
407	0.00407961	1.58508	0.000306948	7500	2e+11 0.51625
408	0.00408961	1.11346	0.00021562	7500	2e+11 0.516298
409	0.00409961	0.771529	0.000149406	7500	2e+11 0.516298
410	0.00410961	0.528804	0.000102402	7500	2e+11 0.516346
411	0.00411961	0.358869	6.94947e-05	7500	2e+11 0.516346
412	0.00412962	0.240897	4.66496e-05	7500	2e+11 0.516418
413	0.00413961	0.159846	3.09541e-05	7500	2e+11 0.516418
414	0.00414962	0.104789	2.02923e-05	7500	2e+11 0.516394
415	0.00415962	0.0679211	1.31529e-05	7500	2e+11 0.516394
416	0.00416962	0.0435433	8.43212e-06	7500	2e+11 0.516418
417	0.00417962	0.0276365	5.35179e-06	7500	2e+11 0.516514
418	0.00418961	0.0173641	3.36254e-06	7500	2e+11 0.516514
419	0.00419961	0.0107745	2.08646e-06	7500	2e+11 0.51637
420	0.00420962	0.00660831	1.27969e-06	7500	2e+11 0.516346
421	0.00421962	0.00401174	7.76871e-07	7500	2e+11 0.51649
422	0.00422961	0.00241198	4.67078e-07	7500	2e+11 0.51649
423	0.00423962	0.00143396	2.77686e-07	7500	2e+11 0.516394
424	0.00424962	0.000845066	1.63646e-07	7500	2e+11 0.516418
425	0.00425962	0.00049315	9.54981e-08	7500	2e+11 0.516418
426	0.00426962	0.000284724	5.51365e-08	7500	2e+11 0.516442
427	0.00427962	0.000162794	3.15249e-08	7500	2e+11 0.516442
428	0.00428962	9.21761e-05	1.78498e-08	7500	2e+11 0.516418
429	0.00429962	5.16454e-05	1.00011e-08	7500	2e+11 0.516394
430	0.00430962	2.87225e-05	5.56208e-09	7500	2e+11 0.516562
431	0.00431961	1.58092e-05	3.06145e-09	7500	2e+11 0.516562
432	0.00432961	8.60042e-06	1.66546e-09	7500	2e+11 0.51637
433	0.00433961	4.63944e-06	8.98423e-10	7500	2e+11 0.51637
434	0.00434962	2.47954e-06	4.80162e-10	7500	2e+11 0.516394
435	0.00435962	1.31314e-06	2.54289e-10	7500	2e+11 0.516394
436	0.00436962	6.89688e-07	1.33558e-10	7500	2e+11 0.516466
437	0.00437961	3.58994e-07	6.95189e-11	7500	2e+11 0.516466
438	0.00438961	1.8516e-07	3.58561e-11	7500	2e+11 0.51637
439	0.00439962	9.45698e-08	1.83134e-11	7500	2e+11 0.516514
440	0.00440961	4.77692e-08	9.25047e-12	7500	2e+11 0.516514
441	0.00441961	2.39402e-08	4.636e-12	7500	2e+11 0.516394
442	0.00442961	1.18994e-08	2.30431e-12	7500	2e+11 0.516418
443	0.00443961	5.85602e-09	1.13401e-12	7500	2e+11 0.516418
444	0.00444962	2.85038e-09	5.51974e-13	7500	2e+11 0.516418
445	0.00445962	1.37307e-09	2.65894e-13	7500	2e+11 0.516418
446	0.00446962	6.57825e-10	1.27387e-13	7500	2e+11 0.516394
447	0.00447962	3.1259e-10	6.05328e-14	7500	2e+11 0.51649
448	0.00448962	1.47148e-10	2.84951e-14	7500	2e+11 0.51649
449	0.00449961	6.86816e-11	1.33001e-14	7500	2e+11 0.516418
450	0.00450962	3.18534e-11	6.16838e-15	7500	2e+11 0.516514
451	0.00451961	1.46125e-11	2.8297e-15	7500	2e+11 0.516514
452	0.00452961	6.64554e-12	1.2869e-15	7500	2e+11 0.516418
453	0.00453962	2.99903e-12	5.8076e-16	7500	2e+11 0.516466
454	0.00454961	1.34277e-12	2.60027e-16	7500	2e+11 0.516514
455	0.00455961	5.9511e-13	1.15243e-16	7500	2e+11 0.516514
456	0.00456962	2.62045e-13	5.07448e-17	7500	2e+11 0.516442
457	0.00457962	1.14518e-13	2.21763e-17	7500	2e+11 0.516442
458	0.00458962	4.97131e-14	9.6269e-18	7500	2e+11 0.516394
459	0.00459962	2.13062e-14	4.12593e-18	7500	2e+11 0.51649
460	0.00460961	9.01626e-15	1.74599e-18	7500	2e+11 0.51649
461	0.00461961	3.78244e-15	7.32466e-19	7500	2e+11 0.516442
462	0.00462962	1.57591e-15	3.05173e-19	7500	2e+11 0.516394
463	0.00463962	6.54371e-16	1.26718e-19	7500	2e+11 0.51649
464	0.00464961	2.70219e-16	5.23276e-20	7500	2e+11 0.51649
465	0.00465961	1.10038e-16	2.13087e-20	7500	2e+11 0.516442
466	0.00466961	4.45067e-17	8.61868e-21	7500	2e+11 0.516394
467	0.00467961	1.78384e-17	3.4544e-21	7500	2e+11 0.516466
468	0.00468961	7.07621e-18	1.3703e-21	7500	2e+11 0.516466
469	0.00469962	2.78584e-18	5.39475e-22	7500	2e+11 0.516466
470	0.00470961	1.0896e-18	2.10999e-22	7500	2e+11 0.516466
471	0.00471962	4.21052e-19	8.15363e-23	7500	2e+11 0.516346
472	0.00472962	1.61214e-19	3.1219e-23	7500	2e+11 0.51661
473	0.00473961	6.11232e-20	1.18365e-23	7500	2e+11 0.51661
474	0.00474961	2.29362e-20	4.44159e-24	7500	2e+11 0.516394
475	0.00475961	8.60925e-21	1.66717e-24	7500	2e+11 0.516346
476	0.00476961	3.1906e-21	6.17857e-25	7500	2e+11 0.516394
477	0.00477961	1.17025e-21	2.26618e-25	7500	2e+11 0.516538
478	0.00478961	4.25501e-22	8.2398e-26	7500	2e+11 0.516538
479	0.00479961	1.53833e-22	2.97897e-26	7500	2e+11 0.516346
480	0.00480961	5.55439e-23	1.0756e-26	7500	2e+11 0.516442
481	0.00481961	1.97765e-23	3.8297e-27	7500	2e+11 0.516442
482	0.00482961	6.94232e-24	1.34437e-27	7500	2e+11 0.516418
483	0.00483961	2.43045e-24	4.70654e-28	7500	2e+11 0.516442
484	0.00484961	8.40338e-25	1.62731e-28	7500	2e+11 0.516442
485	0.00485961	2.89352e-25	5.60329e-29	7500	2e+11 0.516442
486	0.00486961	9.8561e-26	1.90862e-29	7500	2e+11 0.516442
487	0.00487961	3.35114e-26	6.48946e-30	7500	2e+11 0.516466
488	0.00488961	1.12206e-26	2.17287e-30	7500	2e+11 0.516466
489	0.00489962	3.74054e-27	7.24353e-31	7500	2e+11 0.516442
490	0.00490962	1.23925e-27	2.39979e-31	7500	2e+11 0.51649
491	0.00491961	4.0595e-28	7.86118e-32	7500	2e+11 0.51649
492	0.00492961	1.32632e-28	2.5684e-32	7500	2e+11 0.516418
493	0.00493961	4.26672e-29	8.26246e-33	7500	2e+11 0.516418
494	0.00494961	1.36664e-29	2.64648e-33	7500	2e+11 0.516418
495	0.00495961	4.32098e-30	8.36754e-34	7500	2e+11 0.516538
496	0.00496961	1.35694e-30	2.6277e-34	7500	2e+11 0.516538
497	0.00497961	4.25323e-31	8.23635e-35	7500	2e+11 0.516442
498	0.00498961	1.31211e-31	2.54089e-35	7500	2e+11 0.516394
499	0.00499961	4.01413e-32	7.77332e-36	7500	2e+11 0.516418
500	0.00500961	1.21581e-32	2.35441e-36	7500	2e+11 0.516442
501	0.00501961	3.6756e-33	7.11777e-37	7500	2e+11 0.516442
502	0.00502961	1.10213e-33	2.13426e-37	7500	2e+11 0.516418
503	0.00503961	3.27419e-34	6.34043e-38	7500	2e+11 0.516418
504	0.00504961	9.62651e-35	1.86417e-38	7500	2e+11 0.516418
505	0.00505961	2.81098e-35	5.44344e-39	7500	2e+11 0.516418
506	0.00506961	8.1089e-36	1.57028e-39	7500	2e+11 0.516586
507	0.00507961	2.33362e-36	4.51903e-40	7500	2e+11 0.516586
508	0.00508961	6.68842e-37	1.29521e-40	7500	2e+11 0.51637
509	0.00509961	1.89996e-37	3.67925e-41	7500	2e+11 0.516394
510	0.00510961	5.33169e-38	1.03248e-41	7500	2e+11 0.516394
511	0.00511961	1.46752e-38	2.84183e-42	7500	2e+11 0.516442
512	0.00512961	3.99442e-39	7.73517e-43	7500	2e+11 0.516442
513	0.00513961	1.07097e-39	2.07392e-43	7500	2e+11 0.516466
514	0.00514961	2.74978e-40	5.32493e-44	7500	2e+11 0.516466
515	0.00515961	6.51267e-41	1.26117e-44	7500	2e+11 0.516514
516	0.00516961	7.23631e-42	1.4013e-45	7500	2e+11 0.516514
517	0.00517961	0	0	7500	2e+11 0.516418
518	0.00518961	0	0	7500	2e+11 0.516394
519	0.00519961	0	0	7500	2e+11 0.516442
520	0.00520961	0	0	7500	2e+11 0.51649
521	0.00521961	0	0	7500	2e+11 0.51649
522	0.00522961	0	0	7500	2e+11 0.516418
523	0.00523961	0	0	7500	2e+11 0.516418
524	0.00524961	0	0	7500	2e+11 0.51649
525	0.00525961	0	0	7500	2e+11 0.51649
526	0.00526961	0	0	7500	2e+11 0.516418
527	0.00527961	0	0	7500	2e+11 0.516562
528	0.00528961	0	0	7500	2e+11 0.516562
529	0.00529961	0	0	7500	2e+11 0.516466
530	0.00530961	0	0	7500	2e+11 0.516466
531	0.00531961	0	0	7500	2e+11 0.516442
532	0.00532961	0	0	7500	2e+11 0.516442
533	0.00533961	0	0	7500	2e+11 0.516394
534	0.00534961	0	0	7500	2e+11 0.516466
535	0.00535961	0	0	7500	2e+11 0.516466
536	0.00536961	0	0	7500	2e+11 0.516418
537	0.00537961	0	0	7500	2e+11 0.516466
538	0.00538961	0	0	7500	2e+11 0.516466
539	0.00539961	0	0	7500	2e+11 0.516466
540	0.00540961	0	0	7500	2e+11 0.516466
541	0.00541961	0	0	7500	2e+11 0.516394
542	0.00542961	0	0	7500	2e+11 0.51649
543	0.00543961	0	0	7500	2e+11 0.51649
544	0.00544961	0	0	7500	2e+11 0.51637
545	0.00545961	0	0	7500	2e+11 0.51649
546	0.00546961	0	0	7500	2e+11 0.51649
547	0.00547961	0	0	7500	2e+11 0.516418
548	0.00548961	0	0	7500	2e+11 0.516418
549	0.00549961	0	0	7500	2e+11 0.516538
550	0.00550961	0	0	7500	2e+11 0.516538
551	0.00551961	0	0	7500	2e+11 0.516394
552	0.00552961	0	0	7500	2e+11 0.516442
553	0.00553961	0	0	7500	2e+11 0.516442
554	0.00554961	0	0	7500	2e+11 0.51637
555	0.00555961	0	0	7500	2e+11 0.516418
556	0.00556961	0	0	7500	2e+11 0.516418
557	0.00557961	0	0	7500	2e+11 0.516466
558	0.00558961	0	0	7500	2e+11 0.516466
559	0.00559961	0	0	7500	2e+11 0.516514
560	0.0056096	0	0	7500	2e+11 0.516514
561	0.0056196	0	0	7500	2e+11 0.516418
562	0.00562961	0	0	7500	2e+11 0.516346
563	0.00563961	0	0	7500	2e+11 0.51649
564	0.00564961	0	0	7500	2e+11 0.51649
565	0.00565961	0	0	7500	2e+11 0.516466
566	0.0056696	0	0	7500	2e+11 0.516466
567	0.0056796	0	0	7500	2e+11 0.516442
568	0.00568961	0	0	7500	2e+11 0.516442
569	0.0056996	0	0	7500	2e+11 0.516466
570	0.0057096	0	0	7500	2e+11 0.516514
571	0.0057196	0	0	7500	2e+11 0.516514
572	0.0057296	0	0	7500	2e+11 0.51637
573	0.0057396	0	0	7500	2e+11 0.516514
574	0.0057496	0	0	7500	2e+11 0.516514
575	0.0057596	0	0	7500	2e+11 0.516418
576	0.0057696	0	0	7500	2e+11 0.516514
577	0.0057796	0	0	7500	2e+11 0.516514
578	0.0057896	0	0	7500	2e+11 0.516394
579	0.0057996	0	0	7500	2e+11 0.51649
580	0.0058096	0	0	7500	2e+11 0.51649
581	0.0058196	0	0	7500	2e+11 0.516394
582	0.0058296	0	0	7500	2e+11 0.516418
583	0.0058396	0	0	7500	2e+11 0.516418
584	0.0058496	0	0	7500	2e+11 0.516394
585	0.0058596	0	0	7500	2e+11 0.51637
586	0.0058696	0	0	7500	2e+11 0.516442
587	0.0058796	0	0	7500	2e+11 0.516538
588	0.0058896	0	0	7500	2e+11 0.516538
589	0.0058996	0	0	7500	2e+11 0.51649
590	0.0059096	0	0	7500	2e+11 0.51649
591	0.0059196	0	0	7500	2e+11 0.516418
592	0.0059296	0	0	7500	2e+11 0.516418
593	0.0059396	0	0	7500	2e+11 0.516466
594	0.0059496	0	0	7500	2e+11 0.51649
595	0.0059596	0	0	7500	2e+11 0.51649
596	0.0059696	0	0	7500	2e+11 0.516394
597	0.0059796	0	0	7500	2e+11 0.51649
598	0.0059896	0	0	7500	2e+11 0.51649
599	0.0059996	0	0	7500	2e+11 0.516394
600	0.0060096	0	0	7500	2e+11 0.51649
601	0.00601959	0	0	7500	2e+11 0.51649
602	0.00602959	0	0	7500	2e+11 0.51649
603	0.00603959	0	0	7500	2e+11 0.51649
604	0.00604959	0	0	7500	2e+11 0.516442
605	0.00605959	0	0	7500	2e+11 0.516466
606	0.00606959	0	0	7500	2e+11 0.516466
607	0.00607959	0	0	7500	2e+11 0.51649
608	0.00608959	0	0	7500	2e+11 0.51649
609	0.00609959	0	0	7500	2e+11 0.51649
610	0.00610959	0	0	7500	2e+11 0.51649
611	0.00611959	0	0	7500	2e+11 0.516418
612	0.00612959	0	0	7500	2e+11 0.516418
613	0.00613959	0	0	7500	2e+11 0.51649
614	0.00614959	0	0	7500	2e+11 0.51649
615	0.00615959	0	0	7500	2e+11 0.516466
616	0.00616959	0	0	7500	2e+11 0.516466
617	0.00617959	0	0	7500	2e+11 0.516418
618	0.00618958	0	0	7500	2e+11 0.516538
619	0.00619958	0	0	7500	2e+11 0.516538
620	0.00620958	0	0	7500	2e+11 0.516442
621	0.00621958	0	0	7500	2e+11 0.516442
622	0.00622958	0	0	7500	2e+11 0.516514
623	0.00623958	0	0	7500	2e+11 0.516514
624	0.00624958	0	0	7500	2e+11 0.516442
625	0.00625958	0	0	7500	2e+11 0.516442
626	0.00626958	0	0	7500	2e+11 0.51649
627	0.00627958	0	0	7500	2e+11 0.51649
628	0.00628958	0	0	7500	2e+11 0.516418
629	0.00629958	0	0	7500	2e+11 0.516466
630	0.00630957	0	0	7500	2e+11 0.516514
631	0.00631957	0	0	7500	2e+11 0.516514
632	0.00632957	0	0	7500	2e+11 0.51661
633	0.00633957	0	0	7500	2e+11 0.51661
634	0.00634957	0	0	7500	2e+11 0.516514
635	0.00635957	0	0	7500	2e+11 0.516514
636	0.00636957	0	0	7500	2e+11 0.516514
637	0.00637956	0	0	7500	2e+11 0.516538
638	0.00638956	0	0	7500	2e+11 0.516538
639	0.00639956	0	0	7500	2e+11 0.516586
640	0.00640956	0	0	7500	2e+11 0.516586
641	0.00641956	0	0	7500	2e+11 0.516562
642	0.00642955	0	0	7500	2e+11 0.516731
643	0.00643955	0	0	7500	2e+11 0.516731
644	0.00644955	0	0	7500	2e+11 0.516707
645	0.00645954	0	0	7500	2e+11 0.516707
646	0.00646954	0	0	7500	2e+11 0.516731
647	0.00647953	0	0	7500	2e+11 0.516731
648	0.00648952	0	0	7500	2e+11 0.516851
649	0.00649952	0	0	7500	2e+11 0.517164
650	0.0065095	0	0	7500	2e+11 0.517164
651	0.00651956	0	0	7500	2e+11 0.51702
652	0.00652955	0	0	7500	2e+11 0.51702
653	0.00653954	0	0	7500	2e+11 0.516779
654	0.00654954	0	0	7500	2e+11 0.516658
655	0.00655953	0	0	7500	2e+11 0.516634
656	0.00656953	0	0	7500	2e+11 0.516634
657	0.00657953	0	0	7500	2e+11 0.516538
658	0.00658952	0	0	7500	2e+11 0.516658
659	0.00659952	0	0	7500	2e+11 0.516658
660	0.00660952	0	0	7500	2e+11 0.516538
661	0.00661952	0	0	7500	2e+11 0.516538
662	0.00662951	0	0	7500	2e+11 0.516514
663	0.00663951	0	0	7500	2e+11 0.516514
664	0.00664951	0	0	7500	2e+11 0.51637
665	0.00665951	0	0	7500	2e+11 0.51637
666	0.00666951	0	0	7500	2e+11 0.516394
667	0.00667951	0	0	7500	2e+11 0.516562
668	0.00668951	0	0	7500	2e+11 0.516562
669	0.00669951	0	0	7500	2e+11 0.516418
670	0.00670951	0	0	7500	2e+11 0.51649
671	0.00671951	0	0	7500	2e+11 0.51649
672	0.00672951	0	0	7500	2e+11 0.51637
673	0.00673951	0	0	7500	2e+11 0.516538
674	0.00674951	0	0	7500	2e+11 0.516538
675	0.00675951	0	0	7500	2e+11 0.51637
676	0.00676951	0	0	7500	2e+11 0.51637
677	0.00677951	0	0	7500	2e+11 0.516442
678	0.00678951	0	0	7500	2e+11 0.516442
679	0.00679951	0	0	7500	2e+11 0.516442
680	0.00680951	0	0	7500	2e+11 0.516442
681	0.00681951	0	0	7500	2e+11 0.516394
682	0.00682951	0	0	7500	2e+11 0.516394
683	0.00683951	0	0	7500	2e+11 0.51637
684	0.00684952	0	0	7500	2e+11 0.516346
685	0.00685952	0	0	7500	2e+11 0.516346
686	0.00686952	0	0	7500	2e+11 0.51637
687	0.00687952	0	0	7500	2e+11 0.516442
688	0.00688952	0	0	7500	2e+11 0.516442
689	0.00689952	0	0	7500	2e+11 0.516418
690	0.00690952	0	0	7500	2e+11 0.516418
691	0.00691952	0	0	7500	2e+11 0.516442
692	0.00692952	0	0	7500	2e+11 0.516442
693	0.00693952	0	0	7500	2e+11 0.516466
694	0.00694952	0	0	7500	2e+11 0.516466
695	0.00695952	0	0	7500	2e+11 0.516466
696	0.00696952	0	0	7500	2e+11 0.516394
697	0.00697952	0	0	7500	2e+11 0.516418
698	0.00698952	0	0	7500	2e+11 0.516418
699	0.00699952	0	0	7500	2e+11 0.51649
700	0.00700952	0	0	7500	2e+11 0.51649
701	0.00701952	0	0	7500	2e+11 0.51637
702	0.00702952	0	0	7500	2e+11 0.51637
703	0.00703952	0	0	7500	2e+11 0.516466
704	0.00704952	0	0	7500	2e+11 0.516466
705	0.00705952	0	0	7500	2e+11 0.516442
706	0.00706952	0	0	7500	2e+11 0.516442
707	0.00707952	0	0	7500	2e+11 0.516442
708	0.00708952	0	0	7500	2e+11 0.516418
709	0.00709952	0	0	7500	2e+11 0.516538
710	0.00710952	0	0	7500	2e+11 0.516538
711	0.00711952	0	0	7500	2e+11 0.516442
712	0.00712952	0	0	7500	2e+11 0.516442
713	0.00713952	0	0	7500	2e+11 0.516442
714	0.00714952	0	0	7500	2e+11 0.516442
715	0.00715952	0	0	7500	2e+11 0.516394
716	0.00716952	0	0	7500	2e+11 0.516562
717	0.00717951	0	0	7500	2e+11 0.516562
718	0.00718951	0	0	7500	2e+11 0.516418
719	0.00719952	0	0	7500	2e+11 0.51649
720	0.00720951	0	0	7500	2e+11 0.51649
721	0.00721952	0	0	7500	2e+11 0.51649
722	0.00722951	0	0	7500	2e+11 0.51649
723	0.00723951	0	0	7500	2e+11 0.516442
724	0.00724951	0	0	7500	2e+11 0.516442
725	0.00725951	0	0	7500	2e+11 0.516442
726	0.00726951	0	0	7500	2e+11 0.516442
727	0.00727951	0	0	7500	2e+11 0.516442
728	0.00728951	0	0	7500	2e+11 0.516442
729	0.00729951	0	0	7500	2e+11 0.516418
730	0.00730951	0	0	7500	2e+11 0.516418
731	0.00731951	0	0	7500	2e+11 0.516514
732	0.00732951	0	0	7500	2e+11 0.516514
733	0.00733951	0	0	7500	2e+11 0.516322
734	0.00734952	0	0	7500	2e+11 0.51637
735	0.00735952	0	0	7500	2e+11 0.516418
736	0.00736952	0	0	7500	2e+11 0.51649
737	0.00737951	0	0	7500	2e+11 0.51649
738	0.00738952	0	0	7500	2e+11 0.516322
739	0.00739952	0	0	7500	2e+11 0.51637
740	0.00740952	0	0	7500	2e+11 0.51637
741	0.00741952	0	0	7500	2e+11 0.516346
742	0.00742952	0	0	7500	2e+11 0.516346
743	0.00743952	0	0	7500	2e+11 0.516274
744	0.00744953	0	0	7500	2e+11 0.516274
745	0.00745953	0	0	7500	2e+11 0.516226
746	0.00746953	0	0	7500	2e+11 0.516226
747	0.00747954	0	0	7500	2e+11 0.516105
748	0.00748955	0	0	7500	2e+11 0.516129
749	0.00749955	0	0	7500	2e+11 0.516129
750	0.00750956	0	0	7500	2e+11 0.519466
751	0.0075195	0	0	7500	2e+11 0.519466
752	0.00752952	0	0	7500	2e+11 0.515841
753	0.00753953	0	0	7500	2e+11 0.516274
754	0.00754953	0	0	7500	2e+11 0.516274
755	0.00755954	0	0	7500	2e+11 0.516033
756	0.00756954	0	0	7500	2e+11 0.516346
757	0.00757955	0	0	7500	2e+11 0.516346
758	0.00758955	0	0	7500	2e+11 0.516177
759	0.00759955	0	0	7500	2e+11 0.516177
760	0.00760956	0	0	7500	2e+11 0.516298
761	0.00761956	0	0	7500	2e+11 0.516298
762	0.00762957	0	0	7500	2e+11 0.516442
763	0.00763956	0	0	7500	2e+11 0.516442
764	0.00764957	0	0	7500	2e+11 0.516538
765	0.00765957	0	0	7500	2e+11 0.516538
766	0.00766957	0	0	7500	2e+11 0.516346
767	0.00767957	0	0	7500	2e+11 0.516346
768	0.00768957	0	0	7500	2e+11 0.516346
769	0.00769957	0	0	7500	2e+11 0.516346
770	0.00770958	0	0	7500	2e+11 0.516442
771	0.00771958	0	0	7500	2e+11 0.516442
772	0.00772958	0	0	7500	2e+11 0.516346
773	0.00773958	0	0	7500	2e+11 0.516346
774	0.00774958	0	0	7500	2e+11 0.516394
775	0.00775958	0	0	7500	2e+11 0.516394
776	0.00776958	0	0	7500	2e+11 0.51637
777	0.00777958	0	0	7500	2e+11 0.51637
778	0.00778959	0	0	7500	2e+11 0.51649
779	0.00779958	0	0	7500	2e+11 0.51649
780	0.00780959	0	0	7500	2e+11 0.516201
781	0.00781965	0	0	7500	2e+11 0.51541
782	0.00782966	0	0	7500	2e+11 0.51637
783	0.00783966	0	0	7500	2e+11 0.51637
784	0.00784967	0	0	7500	2e+11 0.516466
785	0.00785966	0	0	7500	2e+11 0.516466
786	0.00786967	0	0	7500	2e+11 0.516514
787	0.00787966	0	0	7500	2e+11 0.516514
788	0.00788967	0	0	7500	2e+11 0.516466
789	0.00789967	0	0	7500	2e+11 0.516466
790	0.00790967	0	0	7500	2e+11 0.51661
791	0.00791967	0	0	7500	2e+11 0.51661
792	0.00792967	0	0	7500	2e+11 0.516466
793	0.00793967	0	0	7500	2e+11 0.516466
794	0.00794967	0	0	7500	2e+11 0.51661
795	0.00795967	0	0	7500	2e+11 0.51661
796	0.00796967	0	0	7500	2e+11 0.516322
797	0.00797968	0	0	7500	2e+11 0.516514
798	0.00798967	0	0	7500	2e+11 0.516514
799	0.00799967	0	0	7500	2e+11 0.516514
800	0.00800967	0	0	7500	2e+11 0.516466
801	0.00801967	0	0	7500	2e+11 0.516514
802	0.00802967	0	0	7500	2e+11 0.516514
803	0.00803967	0	0	7500	2e+11 0.516274
804	0.00804968	0	0	7500	2e+11 0.516418
805	0.00805968	0	0	7500	2e+11 0.516466
806	0.00806968	0	0	7500	2e+11 0.516658
807	0.00807967	0	0	7500	2e+11 0.516658
808	0.00808967	0	0	7500	2e+11 0.51637
809	0.00809967	0	0	7500	2e+11 0.51637
810	0.00810968	0	0	7500	2e+11 0.516466
811	0.00811968	0	0	7500	2e+11 0.516466
812	0.00812968	0	0	7500	2e+11 0.51637
813	0.00813968	0	0	7500	2e+11 0.516322
814	0.00814968	0	0	7500	2e+11 0.51637
815	0.00815968	0	0	7500	2e+11 0.51637
816	0.00816968	0	0	7500	2e+11 0.516658
817	0.00817968	-7.23519e-37	-1.40109e-40	7500	2e+11 0.516658
818	0.00818968	-2.89408e-36	-5.60437e-40	7500	2e+11 0.516322
819	0.00819968	-7.95947e-35	-1.54134e-38	7500	2e+11 0.51637
820	0.00820968	-1.55861e-33	-3.01823e-37	7500	2e+11 0.51637
821	0.00821968	-2.34566e-32	-4.54236e-36	7500	2e+11 0.51661
822	0.00822968	-2.75881e-31	-5.34242e-35	7500	2e+11 0.51661
823	0.00823968	-2.21767e-30	-4.29449e-34	7500	2e+11 0.516514
824	0.00824968	-1.38549e-29	-2.68298e-33	7500	2e+11 0.516514
825	0.00825968	-6.75654e-29	-1.3084e-32	7500	2e+11 0.51637
826	0.00826968	-2.70347e-28	-5.23526e-32	7500	2e+11 0.516562
827	0.00827968	-1.04506e-27	-2.02374e-31	7500	2e+11 0.516562
828	0.00828968	-3.73563e-27	-7.23401e-31	7500	2e+11 0.516514
829	0.00829968	-1.34441e-26	-2.60344e-30	7500	2e+11 0.516466
830	0.00830968	-5.10502e-26	-9.88583e-30	7500	2e+11 0.516466
831	0.00831969	-1.8891e-25	-3.65823e-29	7500	2e+11 0.51637
832	0.00832969	-6.99542e-25	-1.35466e-28	7500	2e+11 0.51637
833	0.00833969	-1.96948e-24	-3.81389e-28	7500	2e+11 0.51637
834	0.00834969	-6.82225e-24	-1.32112e-27	7500	2e+11 0.51661
835	0.00835968	-1.80651e-23	-3.49829e-27	7500	2e+11 0.51661
836	0.00836968	-5.11443e-23	-9.90405e-27	7500	2e+11 0.51661
837	0.00837968	-1.25271e-22	-2.42586e-26	7500	2e+11 0.516466
838	0.00838968	-4.48974e-22	-8.69435e-26	7500	2e+11 0.516466
839	0.00839969	-1.63646e-21	-3.16899e-25	7500	2e+11 0.516418
840	0.00840969	-4.3926e-21	-8.50624e-25	7500	2e+11 0.516418
841	0.00841969	-1.26082e-20	-2.44157e-24	7500	2e+11 0.516418
842	0.00842969	-3.37161e-20	-6.52909e-24	7500	2e+11 0.516418
843	0.00843969	-9.77404e-20	-1.89273e-23	7500	2e+11 0.516418
844	0.00844969	-2.21656e-19	-4.29235e-23	7500	2e+11 0.516418
845	0.00845969	-6.40874e-19	-1.24105e-22	7500	2e+11 0.516466
846	0.00846968	-1.78895e-18	-3.46429e-22	7500	2e+11 0.516466
847	0.00847969	-4.6172e-18	-8.94117e-22	7500	2e+11 0.516322
848	0.00848969	-1.37403e-17	-2.6608e-21	7500	2e+11 0.516322
849	0.00849969	-3.65535e-17	-7.07855e-21	7500	2e+11 0.51637
850	0.00850969	-1.00454e-16	-1.94529e-20	7500	2e+11 0.51637
851	0.00851969	-2.85258e-16	-5.52399e-20	7500	2e+11 0.51661
852	0.00852969	-8.00904e-16	-1.55094e-19	7500	2e+11 0.51661
853	0.00853969	-2.34729e-15	-4.54551e-19	7500	2e+11 0.51661
854	0.00854969	-5.49981e-15	-1.06503e-18	7500	2e+11 0.51661
855	0.00855969	-1.58425e-14	-3.06788e-18	7500	2e+11 0.516466
856	0.00856969	-5.03808e-14	-9.75619e-18	7500	2e+11 0.516466
857	0.00857969	-1.35573e-13	-2.62536e-17	7500	2e+11 0.51637
858	0.00858969	-3.89634e-13	-7.54523e-17	7500	2e+11 0.516466
859	0.00859969	-9.77022e-13	-1.89199e-16	7500	2e+11 0.516466
860	0.00860969	-2.84958e-12	-5.51818e-16	7500	2e+11 0.51637
861	0.00861969	-9.40099e-12	-1.82049e-15	7500	2e+11 0.516466
862	0.00862969	-2.44864e-11	-4.74177e-15	7500	2e+11 0.516466
863	0.00863969	-6.65145e-11	-1.28805e-14	7500	2e+11 0.516418
864	0.00864969	-1.47394e-10	-2.85427e-14	7500	2e+11 0.51637
865	0.00865969	-3.66631e-10	-7.09977e-14	7500	2e+11 0.51637
866	0.00866969	-1.15061e-09	-2.22814e-13	7500	2e+11 0.516418
867	0.00867969	-2.75958e-09	-5.3439e-13	7500	2e+11 0.516418
868	0.00868969	-7.05466e-09	-1.36613e-12	7500	2e+11 0.516418
869	0.00869969	-2.21994e-08	-4.29889e-12	7500	2e+11 0.516466
870	0.00870969	-5.91596e-08	-1.14562e-11	7500	2e+11 0.516466
871	0.00871969	-1.5001e-07	-2.90493e-11	7500	2e+11 0.51637
872	0.00872969	-4.28381e-07	-8.29557e-11	7500	2e+11 0.516466
873	0.00873969	-1.01062e-06	-1.95706e-10	7500	2e+11 0.51661
874	0.00874969	-2.3444e-06	-4.53991e-10	7500	2e+11 0.51661
875	0.00875969	-8.32736e-06	-1.61259e-09	7500	2e+11 0.51637
876	0.00876969	-2.52272e-05	-4.88522e-09	7500	2e+11 0.51637
877	0.00877969	-6.09323e-05	-1.17995e-08	7500	2e+11 0.51661
878	0.00878969	-0.00019775	-3.8294e-08	7500	2e+11 0.51661
879	0.00879969	-0.000644715	-1.24849e-07	7500	2e+11 0.516322
880	0.00880969	-0.00168784	-3.26849e-07	7500	2e+11 0.516322
881	0.0088197	-0.0036495	-7.06723e-07	7500	2e+11 0.516274
882	0.0088297	-0.0131865	-2.55356e-06	7500	2e+11 0.516707
883	0.00883969	-0.0361816	-7.00654e-06	7500	2e+11 0.516707
884	0.00884969	-0.0977517	-1.89295e-05	7500	2e+11 0.516418
885	0.00885969	-0.222387	-4.3065e-05	7500	2e+11 0.516418
886	0.00886969	-0.694077	-0.000134407	7500	2e+11 0.516466
887	0.00887969	-2.17641	-0.00042146	7500	2e+11 0.516514
888	0.00888969	-4.85386	-0.000939947	7500	2e+11 0.516996
889	0.00889968	-8.54793	-0.0016553	7500	2e+11 0.517382
890	0.00890966	-12.9534	-0.00250841	7500	2e+11 0.517816
891	0.00891963	-17.7504	-0.00343735	7500	2e+11 0.518252
892	0.0089296	-22.6008	-0.00437663	7500	2e+11 0.518737
893	0.00893955	-27.2472	-0.0052764	7500	2e+11 0.519417
894	0.00894949	-31.4954	-0.00609906	7500	2e+11 0.519515
895	0.00895943	-35.2765	-0.00683127	7500	2e+11 0.520002
896	0.00896936	-38.52	-0.00745937	7500	2e+11 0.520002
897	0.00897929	-41.1764	-0.00797378	7500	2e+11 0.520392
898	0.00898922	-43.3192	-0.00838872	7500	2e+11 0.520832
899	0.00899913	-45.0155	-0.00871721	7500	2e+11 0.520881
900	0.00900905	-46.33	-0.00897176	7500	2e+11 0.521224
901	0.00901895	-47.344	-0.00916813	7500	2e+11 0.521371
902	0.00902886	-48.0968	-0.00931391	7500	2e+11 0.521371
903	0.00903876	-48.6513	-0.00942128	7500	2e+11 0.521371
904	0.00904867	-49.0613	-0.00950068	7500	2e+11 0.521518
905	0.00905857	-49.3547	-0.0095575	7500	2e+11 0.521518
906	0.00906848	-49.5605	-0.00959734	7500	2e+11 0.521273
907	0.00907839	-49.7055	-0.00962542	7500	2e+11 0.521224
908	0.0090883	-49.8041	-0.00964453	7500	2e+11 0.521518
909	0.0090982	-49.8701	-0.00965731	7500	2e+11 0.521518
910	0.0091081	-49.9146	-0.00966592	7500	2e+11 0.521518
911	0.00911801	-49.9444	-0.00967169	7500	2e+11 0.521518
912	0.00912791	-49.9638	-0.00967546	7500	2e+11 0.521371
913	0.00913782	-49.9763	-0.00967787	7500	2e+11 0.521469
914	0.00914772	-49.9843	-0.00967942	7500	2e+11 0.521469
915	0.00915762	-49.9894	-0.0096804	7500	2e+11 0.521616
916	0.00916752	-49.9925	-0.00968101	7500	2e+11 0.521616
917	0.00917743	-49.9945	-0.00968139	7500	2e+11 0.521322
918	0.00918734	-49.9957	-0.00968162	7500	2e+11 0.521518
919	0.00919724	-49.9964	-0.00968177	7500	2e+11 0.521518
920	0.00920714	-49.9968	-0.00968185	7500	2e+11 0.521518
921	0.00921704	-49.9971	-0.0096819	7500	2e+11 0.521469
922	0.00922695	-49.9972	-0.00968192	7500	2e+11 0.521665
923	0.00923684	-49.9973	-0.00968194	7500	2e+11 0.521665
924	0.00924675	-49.9974	-0.00968195	7500	2e+11 0.52142
925	0.00925665	-49.9974	-0.00968195	7500	2e+11 0.521469
926	0.00926656	-49.9974	-0.00968195	7500	2e+11 0.521469
927	0.00927646	-49.9974	-0.00968195	7500	2e+11 0.521371
928	0.00928637	-49.9974	-0.00968195	7500	2e+11 0.521567
929	0.00929627	-49.9974	-0.00968195	7500	2e+11 0.521567
930	0.00930618	-49.9974	-0.00968195	7500	2e+11 0.52142
931	0.00931608	-49.9974	-0.00968195	7500	2e+11 0.521518
932	0.00932598	-49.9974	-0.00968195	7500	2e+11 0.521518
933	0.00933589	-49.9974	-0.00968195	7500	2e+11 0.521616
934	0.00934579	-49.9974	-0.00968195	7500	2e+11 0.521616
935	0.00935569	-49.9974	-0.00968195	7500	2e+11 0.521469
936	0.0093656	-49.9974	-0.00968195	7500	2e+11 0.521469
937	0.0093755	-49.9974	-0.00968195	7500	2e+11 0.521469
938	0.0093854	-49.9974	-0.00968195	7500	2e+11 0.521469
939	0.00939531	-49.9974	-0.00968195	7500	2e+11 0.52142
940	0.00940521	-49.9974	-0.00968195	7500	2e+11 0.52142
941	0.00941512	-49.9974	-0.00968196	7500	2e+11 0.521518
942	0.00942502	-49.9974	-0.00968196	7500	2e+11 0.521518
943	0.00943492	-49.9974	-0.00968196	7500	2e+11 0.521567
944	0.00944482	-49.9974	-0.00968195	7500	2e+11 0.521567
945	0.00945473	-49.9974	-0.00968195	7500	2e+11 0.52142
946	0.00946463	-49.9974	-0.00968195	7500	2e+11 0.521322
947	0.00947454	-49.9974	-0.00968195	7500	2e+11 0.521665
948	0.00948444	-49.9974	-0.00968195	7500	2e+11 0.521665
949	0.00949434	-49.9974	-0.00968195	7500	2e+11 0.521322
950	0.00950425	-49.9974	-0.00968195	7500	2e+11 0.52142
951	0.00951415	-49.9974	-0.00968195	7500	2e+11 0.521567
952	0.00952405	-49.9974	-0.00968195	7500	2e+11 0.521567
953	0.00953396	-49.9974	-0.00968195	7500	2e+11 0.521518
954	0.00954386	-49.9974	-0.00968195	7500	2e+11 0.521763
955	0.00955376	-49.9974	-0.00968195	7500	2e+11 0.521763
956	0.00956367	-49.9974	-0.00968195	7500	2e+11 0.521665
957	0.00957357	-49.9974	-0.00968195	7500	2e+11 0.521665
958	0.00958347	-49.9974	-0.00968195	7500	2e+11 0.52142
959	0.00959338	-49.9974	-0.00968195	7500	2e+11 0.521665
960	0.00960328	-49.9974	-0.00968195	7500	2e+11 0.521665
961	0.00961319	-49.9974	-0.00968195	7500	2e+11 0.521469
962	0.00962309	-49.9974	-0.00968195	7500	2e+11 0.521469
963	0.00963299	-49.9974	-0.00968195	7500	2e+11 0.521469
964	0.0096429	-49.9974	-0.00968195	7500	2e+11 0.521665
965	0.0096528	-49.9974	-0.00968195	7500	2e+11 0.521665
966	0.00966271	-49.9974	-0.00968195	7500	2e+11 0.521616
967	0.00967261	-49.9974	-0.00968195	7500	2e+11 0.521616
968	0.00968251	-49.9974	-0.00968195	7500	2e+11 0.521616
969	0.00969241	-49.9973	-0.00968195	7500	2e+11 0.521616
970	0.00970232	-49.9973	-0.00968195	7500	2e+11 0.52142
971	0.00971223	-49.9973	-0.00968195	7500	2e+11 0.521714
972	0.00972212	-49.9973	-0.00968196	7500	2e+11 0.521714
973	0.00973203	-49.9972	-0.00968197	7500	2e+11 0.521469
974	0.00974194	-49.9971	-0.00968199	7500	2e+11 0.521714
975	0.00975184	-49.997	-0.00968201	7500	2e+11 0.521714
976	0.00976174	-49.9967	-0.00968204	7500	2e+11 0.521616
977	0.00977164	-49.9962	-0.00968209	7500	2e+11 0.521616
978	0.00978155	-49.9949	-0.00968209	7500	2e+11 0.521469
979	0.00979145	-49.9925	-0.00968202	7500	2e+11 0.521469
980	0.00980135	-49.9866	-0.00968153	7500	2e+11 0.52142
981	0.00981126	-49.9742	-0.00968016	7500	2e+11 0.52142
982	0.00982116	-49.9457	-0.00967626	7500	2e+11 0.521518
983	0.00983107	-49.8755	-0.00966514	7500	2e+11 0.521616
984	0.00984097	-49.6003	-0.00961566	7500	2e+11 0.521616
985	0.00985088	-48.9741	-0.00950025	7500	2e+11 0.521273
986	0.00986078	-47.5174	-0.00922698	7500	2e+11 0.521273
987	0.00987069	-45.386	-0.0088273	7500	2e+11 0.521273
988	0.0098806	-42.7116	-0.00832849	7500	2e+11 0.521077
989	0.00989051	-39.5814	-0.00774954	7500	2e+11 0.521077
990	0.00990045	-36.1008	-0.00711409	7500	2e+11 0.52005
991	0.00991038	-32.392	-0.00645039	7500	2e+11 0.52005
992	0.00992032	-28.559	-0.00578285	7500	2e+11 0.519612
993	0.00993026	-24.6912	-0.00513548	7500	2e+11 0.519563
994	0.0099402	-20.8566	-0.00452971	7500	2e+11 0.519223
995	0.00995016	-17.1102	-0.00398723	7500	2e+11 0.518543
996	0.00996012	-13.4759	-0.00351977	7500	2e+11 0.518494
997	0.00997008	-9.97059	-0.00314387	7500	2e+11 0.518252
998	0.00998006	-6.57625	-0.00286773	7500	2e+11 0.517962
999	0.00999003	-3.26075	-0.00270099	7500	2e+11 0.517962
1000	0.01	0	-0.00264619	7500	2e+11 0.51772
