0	0	0	0	1	1
1	0.01	0	0	1	1
2	0.02	0	0	1	1
3	0.03	0	0	1	1
4	0.04	0	0	1	1
5	0.05	0	0	1	1
6	0.06	0	0	1	1
7	0.07	0	0	1	1
8	0.08	0	0	1	1
9	0.09	0	0	1	1
10	0.1	0	0	1	1
11	0.11	0	0	1	1
12	0.12	0	0	1	1
13	0.13	0	0	1	1
14	0.14	0	0	1	1
15	0.15	0	0	1	1
16	0.16	0	0	1	1
17	0.17	0	0	1	1
18	0.18	0	0	1	1
19	0.19	0	0	1	1
20	0.2	0	0	1	1
21	0.21	0	0	1	1
22	0.22	0	0	1	1
23	0.23	0	0	1	1
24	0.24	0	0	1	1
25	0.25	0	0	1	1
26	0.26	0	0	1	1
27	0.27	0	0	1	1
28	0.28	0	0	1	1
29	0.29	0	0	1	1
30	0.3	0	0	1	1
31	0.31	0	0	1	1
32	0.32	0	0	1	1
33	0.33	0	0	1	1
34	0.34	0	0	1	1
35	0.35	0	0	1	1
36	0.36	0	0	1	1
37	0.37	0	0	1	1
38	0.38	0	0	1	1
39	0.39	0	0	1	1
40	0.4	0	0	1	1
41	0.409049	-3.75632e-05	3.75632e-05	1	1
42	0.4181	-0.000343397	0.000343397	1	1
43	0.427162	-0.00158906	0.00158906	1	1
44	0.436256	-0.00496673	0.00496673	1	1
45	0.445411	-0.0117951	0.0117951	1	1
46	0.454667	-0.0227058	0.0227058	1	1
47	0.464056	-0.0369644	0.0369644	1	1
48	0.473592	-0.0525728	0.0525728	1	1
49	0.483269	-0.0671749	0.0671749	1	1
50	-0.421514	-48.6502	15.3845	0.1	1
51	0.279223	-13.8552	4.3814	0.1	1
52	0.400798	-7.96194	2.51779	0.1	1
53	0.455393	-5.39051	1.70463	0.1	1
54	0.48918	-3.86151	1.22112	0.1	1
55	0.513533	-2.82084	0.892029	0.1	1
56	0.532732	-2.06586	0.653282	0.1	1
57	0.548817	-1.50478	0.475852	0.1	1
58	0.562927	-1.08969	0.344591	0.1	1
59	0.575769	-0.79148	0.250288	0.1	1
60	0.587811	-0.587824	0.185886	0.1	1
61	0.599367	-0.457632	0.144716	0.1	1
62	0.610644	-0.379888	0.120131	0.1	1
63	0.621762	-0.335349	0.106047	0.1	1
64	0.632788	-0.308755	0.0976368	0.1	1
65	0.643748	-0.289773	0.0916342	0.1	1
66	0.654647	-0.272445	0.0861546	0.1	1
67	0.665483	-0.253912	0.0802941	0.1	1
68	0.676249	-0.233212	0.0737482	0.1	1
69	0.686937	-0.210426	0.0665426	0.1	1
70	0.697543	-0.186165	0.0588705	0.1	1
71	0.708066	-0.161274	0.0509992	0.1	1
72	0.718508	-0.136656	0.0432144	0.1	1
73	0.728872	-0.113152	0.0357819	0.1	1
74	0.739166	-0.0914702	0.0289254	0.1	1
75	0.749396	-0.0721281	0.0228089	0.1	1
76	0.759573	-0.0554359	0.0175304	0.1	1
77	0.769705	-0.0414995	0.0131233	0.1	1
78	0.779801	-0.030243	0.00956367	0.1	1
79	0.789869	-0.0214462	0.00678187	0.1	1
80	0.799916	-0.0147946	0.00467847	0.1	1
81	0.809948	-0.00992757	0.00313937	0.1	1
82	0.819968	-0.00648014	0.0020492	0.1	1
83	0.829981	-0.00411524	0.00130135	0.1	1
84	0.839989	-0.00254324	0.000804243	0.1	1
85	0.849994	-0.00153005	0.000483843	0.1	1
86	0.859997	-0.00089644	0.000283479	0.1	1
87	0.869999	-0.0005117	0.000161814	0.1	1
88	0.88	-0.000284702	9.00307e-05	0.1	1
89	0.89	-0.000154472	4.88484e-05	0.1	1
90	0.9	-8.17654e-05	2.58565e-05	0.1	1
91	0.91	-4.22426e-05	1.33583e-05	0.1	1
92	0.92	-2.13101e-05	6.73887e-06	0.1	1
93	0.93	-1.05018e-05	3.321e-06	0.1	1
94	0.94	-5.05785e-06	1.59953e-06	0.1	1
95	0.95	-2.38136e-06	7.53306e-07	0.1	1
96	0.96	-1.09593e-06	3.47226e-07	0.1	1
97	0.97	-4.91689e-07	1.57178e-07	0.1	1
98	0.98	-2.11361e-07	7.10847e-08	0.1	1
99	0.99	-7.76731e-08	3.50124e-08	0.1	1
100	1	0	2.52062e-08	0.1	1
