0	0	0	0	1	1
1	0.01	0	0	1	1
2	0.02	0	0	1	1
3	0.03	0	0	1	1
4	0.04	0	0	1	1
5	0.05	0	0	1	1
6	0.06	0	0	1	1
7	0.07	0	0	1	1
8	0.08	0	0	1	1
9	0.09	0	0	1	1
10	0.1	0	0	1	1
11	0.11	0	0	1	1
12	0.12	0	0	1	1
13	0.13	0	0	1	1
14	0.14	0	0	1	1
15	0.15	0	0	1	1
16	0.16	0	0	1	1
17	0.17	0	0	1	1
18	0.18	0	0	1	1
19	0.19	0	0	1	1
20	0.2	0	0	1	1
21	0.21	0	0	1	1
22	0.22	0	0	1	1
23	0.23	0	0	1	1
24	0.24	0	0	1	1
25	0.25	0	0	1	1
26	0.26	0	0	1	1
27	0.27	0	0	1	1
28	0.28	0	0	1	1
29	0.29	0	0	1	1
30	0.3	0	0	1	1
31	0.31	0	0	1	1
32	0.32	0	0	1	1
33	0.33	0	0	1	1
34	0.34	0	0	1	1
35	0.35	0	0	1	1
36	0.36	0	0	1	1
37	0.37	0	0	1	1
38	0.38	0	0	1	1
39	0.39	0	0	1	1
40	0.4	0	0	1	1
41	0.409049	-1.03501e-05	1.03501e-05	1	1
42	0.418097	-0.000108037	0.000108037	1	1
43	0.427151	-0.000569576	0.000569576	1	1
44	0.436218	-0.00202363	0.00202363	1	1
45	0.445315	-0.00545292	0.00545292	1	1
46	0.454471	-0.0118872	0.0118872	1	1
47	0.463719	-0.021836	0.021836	1	1
48	0.473087	-0.0348008	0.0348008	1	1
49	0.482592	-0.0492759	0.0492759	1	1
50	-0.995462	-50.2015	15.8751	0.1	1
51	0.109574	-15.2985	4.83781	0.1	1
52	0.299688	-9.37857	2.96576	0.1	1
53	0.384307	-6.77889	2.14367	0.1	1
54	0.436082	-5.21387	1.64877	0.1	1
55	0.472846	-4.12547	1.30459	0.1	1
56	0.501255	-3.30708	1.04579	0.1	1
57	0.52444	-2.66299	0.842111	0.1	1
58	0.544114	-2.14238	0.677481	0.1	1
59	0.561312	-1.71609	0.542675	0.1	1
60	0.576711	-1.36636	0.43208	0.1	1
61	0.590787	-1.08185	0.34211	0.1	1
62	0.603889	-0.854625	0.270256	0.1	1
63	0.61628	-0.678227	0.214474	0.1	1
64	0.628165	-0.546145	0.172706	0.1	1
65	0.639698	-0.451104	0.142652	0.1	1
66	0.650992	-0.385024	0.121755	0.1	1
67	0.662126	-0.339644	0.107405	0.1	1
68	0.673148	-0.307485	0.0972352	0.1	1
69	0.684082	-0.282578	0.0893592	0.1	1
70	0.694941	-0.260777	0.0824648	0.1	1
71	0.705728	-0.239616	0.0757733	0.1	1
72	0.716442	-0.217949	0.0689214	0.1	1
73	0.72708	-0.195504	0.0618239	0.1	1
74	0.737641	-0.172544	0.0545631	0.1	1
75	0.748125	-0.149586	0.0473033	0.1	1
76	0.758535	-0.127241	0.0402372	0.1	1
77	0.768877	-0.106092	0.0335493	0.1	1
78	0.779155	-0.0866381	0.0273974	0.1	1
79	0.789376	-0.0692397	0.0218955	0.1	1
80	0.799549	-0.0541154	0.0171128	0.1	1
81	0.80968	-0.0413369	0.0130719	0.1	1
82	0.819778	-0.0308444	0.00975385	0.1	1
83	0.829849	-0.0224727	0.00710651	0.1	1
84	0.8399	-0.015983	0.00505427	0.1	1
85	0.849935	-0.0110943	0.00350834	0.1	1
86	0.859959	-0.00751572	0.00237668	0.1	1
87	0.869975	-0.00496913	0.00157138	0.1	1
88	0.879985	-0.003207	0.00101414	0.1	1
89	0.889991	-0.00202078	0.000639027	0.1	1
90	0.899995	-0.00124352	0.000393236	0.1	1
91	0.909998	-0.000747546	0.000236396	0.1	1
92	0.919999	-0.00043915	0.000138875	0.1	1
93	0.93	-0.000252194	7.97583e-05	0.1	1
94	0.94	-0.000141617	4.48007e-05	0.1	1
95	0.95	-7.77576e-05	2.46288e-05	0.1	1
96	0.96	-4.17005e-05	1.32753e-05	0.1	1
97	0.97	-2.17169e-05	7.06054e-06	0.1	1
98	0.98	-1.06968e-05	3.79645e-06	0.1	1
99	0.99	-4.35597e-06	2.24754e-06	0.1	1
100	1	0	1.79373e-06	0.1	1
