0	0	0	0	7500	2e+11 0.516398
1	1e-05	0	0	7500	2e+11 0.516398
2	2e-05	0	0	7500	2e+11 0.516398
3	3e-05	0	0	7500	2e+11 0.516398
4	4e-05	0	0	7500	2e+11 0.516398
5	5e-05	0	0	7500	2e+11 0.516398
6	6e-05	0	0	7500	2e+11 0.516398
7	7e-05	0	0	7500	2e+11 0.516398
8	8e-05	0	0	7500	2e+11 0.516398
9	9e-05	0	0	7500	2e+11 0.516398
10	0.0001	0	0	7500	2e+11 0.516398
11	0.00011	0	0	7500	2e+11 0.516398
12	0.00012	0	0	7500	2e+11 0.516398
13	0.00013	0	0	7500	2e+11 0.516398
14	0.00014	0	0	7500	2e+11 0.516398
15	0.00015	0	0	7500	2e+11 0.516398
16	0.00016	0	0	7500	2e+11 0.516398
17	0.00017	0	0	7500	2e+11 0.516398
18	0.00018	0	0	7500	2e+11 0.516398
19	0.00019	0	0	7500	2e+11 0.516398
20	0.0002	0	0	7500	2e+11 0.516398
21	0.00021	0	0	7500	2e+11 0.516398
22	0.00022	0	0	7500	2e+11 0.516398
23	0.00023	0	0	7500	2e+11 0.516398
24	0.00024	0	0	7500	2e+11 0.516398
25	0.00025	0	0	7500	2e+11 0.516398
26	0.00026	0	0	7500	2e+11 0.516398
27	0.00027	0	0	7500	2e+11 0.516398
28	0.00028	0	0	7500	2e+11 0.516398
29	0.00029	0	0	7500	2e+11 0.516398
30	0.0003	0	0	7500	2e+11 0.516398
31	0.00031	0	0	7500	2e+11 0.516398
32	0.00032	0	0	7500	2e+11 0.516398
33	0.00033	0	0	7500	2e+11 0.516398
34	0.00034	0	0	7500	2e+11 0.516398
35	0.00035	0	0	7500	2e+11 0.516398
36	0.00036	0	0	7500	2e+11 0.516398
37	0.00037	0	0	7500	2e+11 0.516398
38	0.00038	0	0	7500	2e+11 0.516398
39	0.00039	0	0	7500	2e+11 0.516398
40	0.0004	0	0	7500	2e+11 0.516398
41	0.00041	0	0	7500	2e+11 0.516398
42	0.00042	0	0	7500	2e+11 0.516398
43	0.00043	0	0	7500	2e+11 0.516398
44	0.00044	0	0	7500	2e+11 0.516398
45	0.00045	0	0	7500	2e+11 0.516398
46	0.00046	0	0	7500	2e+11 0.516398
47	0.00047	0	0	7500	2e+11 0.516398
48	0.00048	0	0	7500	2e+11 0.516398
49	0.00049	0	0	7500	2e+11 0.5164
50	0.0005	0	0	7500	2e+11 0.5164
51	0.00051	0	0	7500	2e+11 0.516397
52	0.00052	0	0	7500	2e+11 0.5164
53	0.00053	0	0	7500	2e+11 0.5164
54	0.00054	0	0	7500	2e+11 0.516397
55	0.00055	0	0	7500	2e+11 0.5164
56	0.00056	0	0	7500	2e+11 0.5164
57	0.00057	0	0	7500	2e+11 0.516397
58	0.00058	0	0	7500	2e+11 0.516397
59	0.00059	0	0	7500	2e+11 0.5164
60	0.0006	0	0	7500	2e+11 0.5164
61	0.00061	0	0	7500	2e+11 0.516397
62	0.00062	0	0	7500	2e+11 0.5164
63	0.00063	0	0	7500	2e+11 0.5164
64	0.00064	0	0	7500	2e+11 0.516397
65	0.00065	0	0	7500	2e+11 0.5164
66	0.00066	0	0	7500	2e+11 0.5164
67	0.00067	0	0	7500	2e+11 0.516397
68	0.00068	0	0	7500	2e+11 0.5164
69	0.00069	0	0	7500	2e+11 0.5164
70	0.0007	0	0	7500	2e+11 0.516397
71	0.00071	0	0	7500	2e+11 0.516397
72	0.00072	0	0	7500	2e+11 0.5164
73	0.00073	0	0	7500	2e+11 0.5164
74	0.00074	0	0	7500	2e+11 0.516397
75	0.00075	0	0	7500	2e+11 0.5164
76	0.00076	0	0	7500	2e+11 0.5164
77	0.00077	0	0	7500	2e+11 0.516397
78	0.00078	0	0	7500	2e+11 0.5164
79	0.00079	0	0	7500	2e+11 0.5164
80	0.0008	0	0	7500	2e+11 0.516397
81	0.00081	0	0	7500	2e+11 0.5164
82	0.00082	0	0	7500	2e+11 0.5164
83	0.00083	0	0	7500	2e+11 0.516397
84	0.00084	0	0	7500	2e+11 0.5164
85	0.00085	0	0	7500	2e+11 0.5164
86	0.00086	0	0	7500	2e+11 0.516397
87	0.00087	0	0	7500	2e+11 0.5164
88	0.00088	0	0	7500	2e+11 0.5164
89	0.00089	0	0	7500	2e+11 0.516397
90	0.0009	0	0	7500	2e+11 0.516397
91	0.00091	0	0	7500	2e+11 0.5164
92	0.00092	0	0	7500	2e+11 0.5164
93	0.00093	0	0	7500	2e+11 0.516397
94	0.00094	0	0	7500	2e+11 0.5164
95	0.00095	0	0	7500	2e+11 0.5164
96	0.00096	0	0	7500	2e+11 0.516397
97	0.00097	0	0	7500	2e+11 0.516397
98	0.00098	0	0	7500	2e+11 0.5164
99	0.00099	0	0	7500	2e+11 0.5164
100	0.001	0	0	7500	2e+11 0.5164
101	0.00101	0	0	7500	2e+11 0.5164
102	0.00102	0	0	7500	2e+11 0.5164
103	0.00103	0	0	7500	2e+11 0.5164
104	0.00104	0	0	7500	2e+11 0.5164
105	0.00105	0	0	7500	2e+11 0.5164
106	0.00106	0	0	7500	2e+11 0.5164
107	0.00107	0	0	7500	2e+11 0.5164
108	0.00108	0	0	7500	2e+11 0.5164
109	0.00109	0	0	7500	2e+11 0.5164
110	0.0011	0	0	7500	2e+11 0.5164
111	0.00111	0	0	7500	2e+11 0.5164
112	0.00112	0	0	7500	2e+11 0.5164
113	0.00113	0	0	7500	2e+11 0.5164
114	0.00114	0	0	7500	2e+11 0.5164
115	0.00115	0	0	7500	2e+11 0.5164
116	0.00116	0	0	7500	2e+11 0.5164
117	0.00117	0	0	7500	2e+11 0.5164
118	0.00118	0	0	7500	2e+11 0.5164
119	0.00119	0	0	7500	2e+11 0.5164
120	0.0012	0	0	7500	2e+11 0.5164
121	0.00121	0	0	7500	2e+11 0.5164
122	0.00122	0	0	7500	2e+11 0.5164
123	0.00123	0	0	7500	2e+11 0.5164
124	0.00124	0	0	7500	2e+11 0.5164
125	0.00125	0	0	7500	2e+11 0.5164
126	0.00126	0	0	7500	2e+11 0.5164
127	0.00127	0	0	7500	2e+11 0.5164
128	0.00128	0	0	7500	2e+11 0.5164
129	0.00129	0	0	7500	2e+11 0.5164
130	0.0013	0	0	7500	2e+11 0.5164
131	0.00131	0	0	7500	2e+11 0.5164
132	0.00132	0	0	7500	2e+11 0.5164
133	0.00133	0	0	7500	2e+11 0.5164
134	0.00134	0	0	7500	2e+11 0.5164
135	0.00135	1.14623e-38	2.21966e-42	7500	2e+11 0.5164
136	0.00136	6.2355e-38	1.2075e-41	7500	2e+11 0.5164
137	0.00137	1.42685e-37	2.76308e-41	7500	2e+11 0.5164
138	0.00138	2.43479e-37	4.71495e-41	7500	2e+11 0.5164
139	0.00139	3.58623e-37	6.9447e-41	7500	2e+11 0.5164
140	0.0014	4.78173e-37	9.25978e-41	7500	2e+11 0.5164
141	0.00141	5.86254e-37	1.13528e-40	7500	2e+11 0.5164
142	0.00142	6.67242e-37	1.29211e-40	7500	2e+11 0.5164
143	0.00143	7.13091e-37	1.3809e-40	7500	2e+11 0.5164
144	0.00144	7.23627e-37	1.4013e-40	7500	2e+11 0.5164
145	0.00145	1.65075e-36	3.19667e-40	7500	2e+11 0.5164
146	0.00146	7.23622e-36	1.40129e-39	7500	2e+11 0.5164
147	0.00147	2.30514e-35	4.46388e-39	7500	2e+11 0.5164
148	0.00148	7.74284e-35	1.4994e-38	7500	2e+11 0.5164
149	0.00149	1.73989e-34	3.36928e-38	7500	2e+11 0.5164
150	0.0015	5.03008e-34	9.74071e-38	7500	2e+11 0.5164
151	0.00151	1.53048e-33	2.96376e-37	7500	2e+11 0.5164
152	0.00152	3.89178e-33	7.5364e-37	7500	2e+11 0.5164
153	0.00153	1.26556e-32	2.45074e-36	7500	2e+11 0.5164
154	0.00154	3.24506e-32	6.28402e-36	7500	2e+11 0.5164
155	0.00155	1.06181e-31	2.05618e-35	7500	2e+11 0.5164
156	0.00156	2.66489e-31	5.16053e-35	7500	2e+11 0.5164
157	0.00157	6.21454e-31	1.20344e-34	7500	2e+11 0.5164
158	0.00158	1.79346e-30	3.47301e-34	7500	2e+11 0.5164
159	0.00159	4.78426e-30	9.26468e-34	7500	2e+11 0.5164
160	0.0016	1.37919e-29	2.67079e-33	7500	2e+11 0.5164
161	0.00161	3.72166e-29	7.20697e-33	7500	2e+11 0.5164
162	0.00162	1.02519e-28	1.98527e-32	7500	2e+11 0.5164
163	0.00163	3.0687e-28	5.94251e-32	7500	2e+11 0.5164
164	0.00164	9.14354e-28	1.77064e-31	7500	2e+11 0.5164
165	0.00165	2.49623e-27	4.83393e-31	7500	2e+11 0.5164
166	0.00166	8.57504e-27	1.66055e-30	7500	2e+11 0.5164
167	0.00167	2.02535e-26	3.92208e-30	7500	2e+11 0.5164
168	0.00168	6.99828e-26	1.35521e-29	7500	2e+11 0.5164
169	0.00169	1.78218e-25	3.45118e-29	7500	2e+11 0.5164
170	0.0017	5.1391e-25	9.95183e-29	7500	2e+11 0.5164
171	0.00171	1.38831e-24	2.68845e-28	7500	2e+11 0.5164
172	0.00172	3.86255e-24	7.4798e-28	7500	2e+11 0.5164
173	0.00173	1.00559e-23	1.94733e-27	7500	2e+11 0.5164
174	0.00174	2.56086e-23	4.95908e-27	7500	2e+11 0.5164
175	0.00175	6.75791e-23	1.30866e-26	7500	2e+11 0.5164
176	0.00176	1.86297e-22	3.60763e-26	7500	2e+11 0.5164
177	0.00177	4.27056e-22	8.26991e-26	7500	2e+11 0.5164
178	0.00178	1.13028e-21	2.18877e-25	7500	2e+11 0.5164
179	0.00179	3.79825e-21	7.35529e-25	7500	2e+11 0.5164
180	0.0018	1.00131e-20	1.93902e-24	7500	2e+11 0.5164
181	0.00181	2.24099e-20	4.33967e-24	7500	2e+11 0.5164
182	0.00182	5.45164e-20	1.05571e-23	7500	2e+11 0.5164
183	0.00183	1.64361e-19	3.18283e-23	7500	2e+11 0.5164
184	0.00184	4.85413e-19	9.39999e-23	7500	2e+11 0.5164
185	0.00185	1.34536e-18	2.60527e-22	7500	2e+11 0.5164
186	0.00186	3.32798e-18	6.44461e-22	7500	2e+11 0.5164
187	0.00187	1.00197e-17	1.94031e-21	7500	2e+11 0.5164
188	0.00188	2.656e-17	5.14332e-21	7500	2e+11 0.5164
189	0.00189	6.83922e-17	1.32441e-20	7500	2e+11 0.5164
190	0.0019	1.80926e-16	3.50363e-20	7500	2e+11 0.5164
191	0.00191	4.49602e-16	8.7065e-20	7500	2e+11 0.5164
192	0.00192	1.17986e-15	2.2848e-19	7500	2e+11 0.5164
193	0.00193	3.35407e-15	6.49514e-19	7500	2e+11 0.5164
194	0.00194	1.10975e-14	2.14901e-18	7500	2e+11 0.5164
195	0.00195	2.45673e-14	4.75744e-18	7500	2e+11 0.5164
196	0.00196	9.36922e-14	1.81434e-17	7500	2e+11 0.516406
197	0.00197	2.26581e-13	4.38772e-17	7500	2e+11 0.516406
198	0.00198	7.67431e-13	1.48612e-16	7500	2e+11 0.516394
199	0.00199	2.05787e-12	3.98505e-16	7500	2e+11 0.516406
200	0.002	5.05563e-12	9.79019e-16	7500	2e+11 0.516406
201	0.00201	1.67643e-11	3.2464e-15	7500	2e+11 0.516394
202	0.00202	4.47944e-11	8.67441e-15	7500	2e+11 0.516406
203	0.00203	1.05745e-10	2.04774e-14	7500	2e+11 0.516406
204	0.00204	3.37226e-10	6.53035e-14	7500	2e+11 0.516394
205	0.00205	8.38023e-10	1.62282e-13	7500	2e+11 0.516406
206	0.00206	2.50525e-09	4.8514e-13	7500	2e+11 0.516406
207	0.00207	6.67828e-09	1.29324e-12	7500	2e+11 0.516394
208	0.00208	2.1734e-08	4.20878e-12	7500	2e+11 0.516406
209	0.00209	4.82124e-08	9.3363e-12	7500	2e+11 0.516406
210	0.0021	1.40149e-07	2.71398e-11	7500	2e+11 0.516394
211	0.00211	3.30524e-07	6.40057e-11	7500	2e+11 0.516406
212	0.00212	1.02877e-06	1.9922e-10	7500	2e+11 0.516406
213	0.00213	2.82164e-06	5.46408e-10	7500	2e+11 0.516394
214	0.00214	9.4674e-06	1.83336e-09	7500	2e+11 0.516406
215	0.00215	2.42659e-05	4.69907e-09	7500	2e+11 0.516406
216	0.00216	6.42181e-05	1.24358e-08	7500	2e+11 0.516394
217	0.00217	0.000194696	3.77027e-08	7500	2e+11 0.516406
218	0.00218	0.000469255	9.08709e-08	7500	2e+11 0.516406
219	0.00219	0.00153251	2.96769e-07	7500	2e+11 0.516394
220	0.0022	0.00345699	6.69443e-07	7500	2e+11 0.516406
221	0.00221	0.00970388	1.87915e-06	7500	2e+11 0.516406
222	0.00222	0.0263223	5.0973e-06	7500	2e+11 0.516394
223	0.00223	0.0671082	1.29954e-05	7500	2e+11 0.516394
224	0.00224	0.242522	4.69643e-05	7500	2e+11 0.516394
225	0.00225	0.657399	0.000127305	7500	2e+11 0.516358
226	0.00226	1.73006	0.000335024	7500	2e+11 0.516322
227	0.00227001	3.40013	0.000658433	7500	2e+11 0.516177
228	0.00228001	5.59828	0.0010841	7500	2e+11 0.516045
229	0.00229003	8.23403	0.00159451	7500	2e+11 0.515757
230	0.00230004	11.206	0.00217004	7500	2e+11 0.515506
231	0.00231007	14.4127	0.00279101	7500	2e+11 0.515218
232	0.0023201	17.755	0.00343823	7500	2e+11 0.514895
233	0.00233013	21.1406	0.00409387	7500	2e+11 0.514513
234	0.00234017	24.4857	0.00474164	7500	2e+11 0.514251
235	0.00235022	27.72	0.00536795	7500	2e+11 0.513881
236	0.00236028	30.7847	0.00596143	7500	2e+11 0.51356
237	0.00237034	33.6341	0.00651322	7500	2e+11 0.513275
238	0.0023804	36.2349	0.00701687	7500	2e+11 0.513002
239	0.00239048	38.5691	0.00746887	7500	2e+11 0.512741
240	0.00240055	40.6276	0.0078675	7500	2e+11 0.512504
241	0.00241063	42.4122	0.00821309	7500	2e+11 0.512374
242	0.00242071	43.9353	0.00850804	7500	2e+11 0.51209
243	0.0024308	45.2141	0.00875568	7500	2e+11 0.511983
244	0.00244089	46.2708	0.0089603	7500	2e+11 0.511924
245	0.00245098	47.1307	0.00912682	7500	2e+11 0.511747
246	0.00246107	47.8199	0.00926029	7500	2e+11 0.5117
247	0.00247116	48.3641	0.00936568	7500	2e+11 0.511653
248	0.00248126	48.7877	0.0094477	7500	2e+11 0.51157
249	0.00249135	49.1124	0.00951058	7500	2e+11 0.51157
250	0.00250145	49.3579	0.00955811	7500	2e+11 0.511511
251	0.00251154	49.5411	0.00959359	7500	2e+11 0.511487
252	0.00252164	49.6759	0.0096197	7500	2e+11 0.511487
253	0.00253174	49.774	0.00963869	7500	2e+11 0.511452
254	0.00254183	49.8444	0.00965233	7500	2e+11 0.511535
255	0.00255193	49.8943	0.00966198	7500	2e+11 0.511535
256	0.00256203	49.9292	0.00966876	7500	2e+11 0.511464
257	0.00257212	49.9534	0.00967344	7500	2e+11 0.511464
258	0.00258222	49.97	0.00967665	7500	2e+11 0.51144
259	0.00259232	49.9812	0.00967883	7500	2e+11 0.51144
260	0.00260242	49.9888	0.00968029	7500	2e+11 0.511428
261	0.00261251	49.9938	0.00968125	7500	2e+11 0.511464
262	0.00262261	49.9971	0.00968189	7500	2e+11 0.511464
263	0.00263271	49.9992	0.0096823	7500	2e+11 0.511452
264	0.0026428	50.0006	0.00968257	7500	2e+11 0.511452
265	0.0026529	50.0014	0.00968274	7500	2e+11 0.511428
266	0.002663	50.002	0.00968284	7500	2e+11 0.51144
267	0.0026731	50.0023	0.0096829	7500	2e+11 0.511464
268	0.00268319	50.0025	0.00968294	7500	2e+11 0.511464
269	0.00269329	50.0025	0.00968295	7500	2e+11 0.511405
270	0.00270339	50.0026	0.00968296	7500	2e+11 0.51144
271	0.00271349	50.0026	0.00968296	7500	2e+11 0.511464
272	0.00272358	50.0026	0.00968296	7500	2e+11 0.511464
273	0.00273368	50.0026	0.00968296	7500	2e+11 0.511417
274	0.00274378	50.0026	0.00968296	7500	2e+11 0.51144
275	0.00275387	50.0026	0.00968296	7500	2e+11 0.51144
276	0.00276397	50.0026	0.00968296	7500	2e+11 0.511405
277	0.00277407	50.0026	0.00968296	7500	2e+11 0.511417
278	0.00278417	50.0026	0.00968296	7500	2e+11 0.51144
279	0.00279426	50.0026	0.00968296	7500	2e+11 0.51144
280	0.00280436	50.0026	0.00968296	7500	2e+11 0.51144
281	0.00281446	50.0026	0.00968296	7500	2e+11 0.511428
282	0.00282455	50.0026	0.00968296	7500	2e+11 0.51144
283	0.00283465	50.0026	0.00968296	7500	2e+11 0.51144
284	0.00284475	50.0026	0.00968296	7500	2e+11 0.511476
285	0.00285485	50.0026	0.00968296	7500	2e+11 0.511476
286	0.00286494	50.0026	0.00968296	7500	2e+11 0.511417
287	0.00287504	50.0026	0.00968296	7500	2e+11 0.511428
288	0.00288514	50.0026	0.00968296	7500	2e+11 0.51144
289	0.00289523	50.0026	0.00968296	7500	2e+11 0.51144
290	0.00290533	50.0026	0.00968296	7500	2e+11 0.51144
291	0.00291543	50.0026	0.00968296	7500	2e+11 0.51144
292	0.00292553	50.0026	0.00968296	7500	2e+11 0.51144
293	0.00293562	50.0026	0.00968296	7500	2e+11 0.51144
294	0.00294572	50.0026	0.00968296	7500	2e+11 0.511464
295	0.00295582	50.0026	0.00968296	7500	2e+11 0.511464
296	0.00296592	50.0026	0.00968296	7500	2e+11 0.511476
297	0.00297601	50.0026	0.00968296	7500	2e+11 0.511476
298	0.00298611	50.0026	0.00968296	7500	2e+11 0.511452
299	0.00299621	50.0026	0.00968296	7500	2e+11 0.511452
300	0.0030063	50.0026	0.00968295	7500	2e+11 0.511487
301	0.0030164	50.0025	0.00968295	7500	2e+11 0.511487
302	0.0030265	50.0025	0.00968295	7500	2e+11 0.511428
303	0.0030366	50.0025	0.00968295	7500	2e+11 0.51144
304	0.00304669	50.0025	0.00968295	7500	2e+11 0.51144
305	0.00305679	50.0025	0.00968294	7500	2e+11 0.511464
306	0.00306689	50.0025	0.00968294	7500	2e+11 0.511464
307	0.00307698	50.0025	0.00968294	7500	2e+11 0.511417
308	0.00308708	50.0025	0.00968294	7500	2e+11 0.51144
309	0.00309718	50.0025	0.00968294	7500	2e+11 0.51144
310	0.00310728	50.0025	0.00968294	7500	2e+11 0.511428
311	0.00311737	50.0025	0.00968294	7500	2e+11 0.511428
312	0.00312747	50.0025	0.00968294	7500	2e+11 0.511476
313	0.00313757	50.0025	0.00968294	7500	2e+11 0.511476
314	0.00314766	50.0025	0.00968294	7500	2e+11 0.511428
315	0.00315776	50.0025	0.00968294	7500	2e+11 0.511428
316	0.00316786	50.0025	0.00968294	7500	2e+11 0.511476
317	0.00317796	50.0024	0.00968293	7500	2e+11 0.511476
318	0.00318805	50.0024	0.00968292	7500	2e+11 0.511417
319	0.00319815	50.0022	0.00968289	7500	2e+11 0.511464
320	0.00320825	50.0018	0.0096828	7500	2e+11 0.511464
321	0.00321835	50.0005	0.00968255	7500	2e+11 0.511428
322	0.00322844	49.9959	0.00968167	7500	2e+11 0.51144
323	0.00323854	49.984	0.00967935	7500	2e+11 0.51144
324	0.00324864	49.9529	0.00967335	7500	2e+11 0.511476
325	0.00325873	49.8822	0.00965965	7500	2e+11 0.511476
326	0.00326883	49.6091	0.00960677	7500	2e+11 0.511499
327	0.00327893	48.9734	0.00948366	7500	2e+11 0.511605
328	0.00328902	47.1992	0.00914009	7500	2e+11 0.511688
329	0.00329911	44.3467	0.00858769	7500	2e+11 0.512113
330	0.0033092	40.6297	0.0078679	7500	2e+11 0.512468
331	0.00331927	36.3305	0.00703537	7500	2e+11 0.512847
332	0.00332934	31.7417	0.00614676	7500	2e+11 0.513322
333	0.0033394	27.131	0.00525389	7500	2e+11 0.513822
334	0.00334945	22.7186	0.00439944	7500	2e+11 0.514155
335	0.0033595	18.6642	0.0036143	7500	2e+11 0.514644
336	0.00336953	15.0627	0.00291688	7500	2e+11 0.514955
337	0.00337956	11.9574	0.00231553	7500	2e+11 0.515266
338	0.00338958	9.34789	0.00181021	7500	2e+11 0.515589
339	0.0033996	7.20461	0.00139517	7500	2e+11 0.515709
340	0.00340961	5.47644	0.00106051	7500	2e+11 0.515865
341	0.00341962	4.10787	0.000795485	7500	2e+11 0.515961
342	0.00342963	3.04275	0.000589225	7500	2e+11 0.516141
343	0.00343963	2.22894	0.000431632	7500	2e+11 0.516165
344	0.00344964	1.61432	0.000312613	7500	2e+11 0.516298
345	0.00345964	1.15578	0.000223815	7500	2e+11 0.516298
346	0.00346964	0.818392	0.000158481	7500	2e+11 0.516298
347	0.00347964	0.57346	0.00011105	7500	2e+11 0.51631
348	0.00348964	0.397962	7.70651e-05	7500	2e+11 0.516406
349	0.00349964	0.273454	5.29541e-05	7500	2e+11 0.516406
350	0.00350965	0.186042	3.6027e-05	7500	2e+11 0.516382
351	0.00351965	0.125274	2.42592e-05	7500	2e+11 0.516442
352	0.00352965	0.0835192	1.61734e-05	7500	2e+11 0.516442
353	0.00353965	0.0551679	1.06832e-05	7500	2e+11 0.516406
354	0.00354965	0.0360924	6.98926e-06	7500	2e+11 0.516406
355	0.00355965	0.0233888	4.52922e-06	7500	2e+11 0.516394
356	0.00356965	0.015016	2.90784e-06	7500	2e+11 0.51643
357	0.00357965	0.00954735	1.84884e-06	7500	2e+11 0.51643
358	0.00358965	0.00601365	1.16454e-06	7500	2e+11 0.516466
359	0.00359965	0.0037555	7.2725e-07	7500	2e+11 0.516466
360	0.00360965	0.00232517	4.50267e-07	7500	2e+11 0.516406
361	0.00361965	0.00142542	2.76032e-07	7500	2e+11 0.516406
362	0.00362965	0.000866206	1.6774e-07	7500	2e+11 0.51643
363	0.00363965	0.000522078	1.011e-07	7500	2e+11 0.51643
364	0.00364965	0.000311752	6.03706e-08	7500	2e+11 0.516418
365	0.00365965	0.000184548	3.57376e-08	7500	2e+11 0.51643
366	0.00366965	0.000108267	2.09658e-08	7500	2e+11 0.51643
367	0.00367965	6.29543e-05	1.21911e-08	7500	2e+11 0.516502
368	0.00368965	3.63122e-05	7.03183e-09	7500	2e+11 0.516502
369	0.00369965	2.07803e-05	4.02408e-09	7500	2e+11 0.516382
370	0.00370965	1.17883e-05	2.28279e-09	7500	2e+11 0.51643
371	0.00371965	6.63182e-06	1.28425e-09	7500	2e+11 0.51643
372	0.00372965	3.70345e-06	7.1717e-10	7500	2e+11 0.516406
373	0.00373965	2.0512e-06	3.97214e-10	7500	2e+11 0.51637
374	0.00374965	1.12664e-06	2.18173e-10	7500	2e+11 0.516442
375	0.00375965	6.13253e-07	1.18756e-10	7500	2e+11 0.516442
376	0.00376965	3.31015e-07	6.41007e-11	7500	2e+11 0.516442
377	0.00377965	1.77171e-07	3.43091e-11	7500	2e+11 0.516442
378	0.00378965	9.40518e-08	1.82131e-11	7500	2e+11 0.516394
379	0.00379965	4.95917e-08	9.60338e-12	7500	2e+11 0.516442
380	0.00380965	2.59679e-08	5.02867e-12	7500	2e+11 0.516442
381	0.00381965	1.3473e-08	2.60904e-12	7500	2e+11 0.516454
382	0.00382965	6.93671e-09	1.34329e-12	7500	2e+11 0.516454
383	0.00383965	3.5404e-09	6.85595e-13	7500	2e+11 0.516394
384	0.00384965	1.79556e-09	3.47709e-13	7500	2e+11 0.516442
385	0.00385965	9.03817e-10	1.75023e-13	7500	2e+11 0.516442
386	0.00386965	4.51137e-10	8.73623e-14	7500	2e+11 0.516394
387	0.00387965	2.23415e-10	4.32642e-14	7500	2e+11 0.516394
388	0.00388965	1.09805e-10	2.12636e-14	7500	2e+11 0.516382
389	0.00389965	5.35908e-11	1.03778e-14	7500	2e+11 0.516947
390	0.00390964	2.59351e-11	5.02231e-15	7500	2e+11 0.517551
391	0.00391962	1.24639e-11	2.41362e-15	7500	2e+11 0.517551
392	0.00392961	5.94084e-12	1.15044e-15	7500	2e+11 0.516514
393	0.00393962	2.81103e-12	5.44354e-16	7500	2e+11 0.51649
394	0.00394961	1.32285e-12	2.56169e-16	7500	2e+11 0.51649
395	0.00395962	6.18999e-13	1.19869e-16	7500	2e+11 0.51637
396	0.00396962	2.86275e-13	5.5437e-17	7500	2e+11 0.51637
397	0.00397962	1.31212e-13	2.5409e-17	7500	2e+11 0.516466
398	0.00398962	5.99381e-14	1.1607e-17	7500	2e+11 0.516466
399	0.00399962	2.7088e-14	5.24556e-18	7500	2e+11 0.516466
400	0.00400962	1.21802e-14	2.35868e-18	7500	2e+11 0.51649
401	0.00401961	5.43598e-15	1.05267e-18	7500	2e+11 0.51649
402	0.00402961	2.41528e-15	4.67717e-19	7500	2e+11 0.51637
403	0.00403962	1.06262e-15	2.05775e-19	7500	2e+11 0.51649
404	0.00404961	4.63168e-16	8.9692e-20	7500	2e+11 0.51649
405	0.00405961	2.00096e-16	3.87485e-20	7500	2e+11 0.516442
406	0.00406962	8.60316e-17	1.666e-20	7500	2e+11 0.516466
407	0.00407961	3.68149e-17	7.12917e-21	7500	2e+11 0.516466
408	0.00408961	1.56012e-17	3.02115e-21	7500	2e+11 0.516394
409	0.00409961	6.54724e-18	1.26787e-21	7500	2e+11 0.516394
410	0.00410962	2.74516e-18	5.31597e-22	7500	2e+11 0.516394
411	0.00411962	1.14631e-18	2.21982e-22	7500	2e+11 0.516394
412	0.00412962	4.75673e-19	9.21137e-23	7500	2e+11 0.516442
413	0.00413961	1.94941e-19	3.77502e-23	7500	2e+11 0.516442
414	0.00414962	7.90068e-20	1.52996e-23	7500	2e+11 0.516394
415	0.00415962	3.18238e-20	6.16265e-24	7500	2e+11 0.516394
416	0.00416962	1.27408e-20	2.46724e-24	7500	2e+11 0.516418
417	0.00417962	5.08541e-21	9.84786e-25	7500	2e+11 0.516514
418	0.00418961	2.02133e-21	3.9143e-25	7500	2e+11 0.516514
419	0.00419961	7.92103e-22	1.5339e-25	7500	2e+11 0.51637
420	0.00420962	3.06976e-22	5.94457e-26	7500	2e+11 0.516346
421	0.00421962	1.18241e-22	2.28973e-26	7500	2e+11 0.51649
422	0.00422961	4.53403e-23	8.78011e-27	7500	2e+11 0.51649
423	0.00423962	1.72077e-23	3.33226e-27	7500	2e+11 0.516394
424	0.00424962	6.51673e-24	1.26196e-27	7500	2e+11 0.516418
425	0.00425962	2.45299e-24	4.75019e-28	7500	2e+11 0.516418
426	0.00426962	9.14707e-25	1.77132e-28	7500	2e+11 0.516442
427	0.00427962	3.38914e-25	6.56303e-29	7500	2e+11 0.516442
428	0.00428962	1.24753e-25	2.41584e-29	7500	2e+11 0.516418
429	0.00429962	4.54862e-26	8.80837e-30	7500	2e+11 0.516394
430	0.00430962	1.65897e-26	3.21259e-30	7500	2e+11 0.516562
431	0.00431961	5.99425e-27	1.16078e-30	7500	2e+11 0.516562
432	0.00432961	2.13748e-27	4.13922e-31	7500	2e+11 0.51637
433	0.00433961	7.59454e-28	1.47068e-31	7500	2e+11 0.51637
434	0.00434962	2.68069e-28	5.19113e-32	7500	2e+11 0.516394
435	0.00435962	9.40245e-29	1.82078e-32	7500	2e+11 0.516394
436	0.00436962	3.28453e-29	6.36046e-33	7500	2e+11 0.516466
437	0.00437961	1.14009e-29	2.20778e-33	7500	2e+11 0.516466
438	0.00438961	3.93108e-30	7.6125e-34	7500	2e+11 0.51637
439	0.00439962	1.344e-30	2.60264e-34	7500	2e+11 0.516514
440	0.00440961	4.5382e-31	8.78819e-35	7500	2e+11 0.516514
441	0.00441961	1.52676e-31	2.95657e-35	7500	2e+11 0.516394
442	0.00442961	5.11164e-32	9.89865e-36	7500	2e+11 0.516418
443	0.00443961	1.69543e-32	3.28318e-36	7500	2e+11 0.516418
444	0.00444962	5.55696e-33	1.0761e-36	7500	2e+11 0.516418
445	0.00445962	1.80163e-33	3.48884e-37	7500	2e+11 0.516418
446	0.00446962	5.84957e-34	1.13276e-37	7500	2e+11 0.516394
447	0.00447962	1.88921e-34	3.65845e-38	7500	2e+11 0.51649
448	0.00448962	6.04858e-35	1.1713e-38	7500	2e+11 0.51649
449	0.00449961	1.92398e-35	3.72578e-39	7500	2e+11 0.516418
450	0.00450962	6.11227e-36	1.18364e-39	7500	2e+11 0.516514
451	0.00451961	1.91761e-36	3.71344e-40	7500	2e+11 0.516514
452	0.00452961	5.97405e-37	1.15687e-40	7500	2e+11 0.516418
453	0.00453962	1.85198e-37	3.58634e-41	7500	2e+11 0.516466
454	0.00454961	5.70797e-38	1.10534e-41	7500	2e+11 0.516514
455	0.00455961	1.73888e-38	3.36732e-42	7500	2e+11 0.516514
456	0.00456962	5.26801e-39	1.02015e-42	7500	2e+11 0.516442
457	0.00457962	1.57027e-39	3.04082e-43	7500	2e+11 0.516442
458	0.00458962	4.4865e-40	8.68805e-44	7500	2e+11 0.516394
459	0.00459962	1.08545e-40	2.10195e-44	7500	2e+11 0.51649
460	0.00460961	2.17089e-41	4.2039e-45	7500	2e+11 0.51649
461	0.00461961	0	0	7500	2e+11 0.516442
462	0.00462962	0	0	7500	2e+11 0.516394
463	0.00463962	0	0	7500	2e+11 0.51649
464	0.00464961	0	0	7500	2e+11 0.51649
465	0.00465961	0	0	7500	2e+11 0.516442
466	0.00466961	0	0	7500	2e+11 0.516394
467	0.00467961	0	0	7500	2e+11 0.516466
468	0.00468961	0	0	7500	2e+11 0.516466
469	0.00469962	0	0	7500	2e+11 0.516466
470	0.00470961	0	0	7500	2e+11 0.516466
471	0.00471962	0	0	7500	2e+11 0.516346
472	0.00472962	0	0	7500	2e+11 0.51661
473	0.00473961	0	0	7500	2e+11 0.51661
474	0.00474961	0	0	7500	2e+11 0.516394
475	0.00475961	0	0	7500	2e+11 0.516346
476	0.00476961	0	0	7500	2e+11 0.516394
477	0.00477961	0	0	7500	2e+11 0.516538
478	0.00478961	0	0	7500	2e+11 0.516538
479	0.00479961	0	0	7500	2e+11 0.516346
480	0.00480961	0	0	7500	2e+11 0.516442
481	0.00481961	0	0	7500	2e+11 0.516442
482	0.00482961	0	0	7500	2e+11 0.516418
483	0.00483961	0	0	7500	2e+11 0.516442
484	0.00484961	0	0	7500	2e+11 0.516442
485	0.00485961	0	0	7500	2e+11 0.516442
486	0.00486961	0	0	7500	2e+11 0.516442
487	0.00487961	0	0	7500	2e+11 0.516466
488	0.00488961	0	0	7500	2e+11 0.516466
489	0.00489962	0	0	7500	2e+11 0.516442
490	0.00490962	0	0	7500	2e+11 0.51649
491	0.00491961	0	0	7500	2e+11 0.51649
492	0.00492961	0	0	7500	2e+11 0.516418
493	0.00493961	0	0	7500	2e+11 0.516418
494	0.00494961	0	0	7500	2e+11 0.516418
495	0.00495961	0	0	7500	2e+11 0.516538
496	0.00496961	0	0	7500	2e+11 0.516538
497	0.00497961	0	0	7500	2e+11 0.516442
498	0.00498961	0	0	7500	2e+11 0.516394
499	0.00499961	0	0	7500	2e+11 0.516418
500	0.00500961	0	0	7500	2e+11 0.516442
501	0.00501961	0	0	7500	2e+11 0.516442
502	0.00502961	0	0	7500	2e+11 0.516418
503	0.00503961	0	0	7500	2e+11 0.516418
504	0.00504961	0	0	7500	2e+11 0.516418
505	0.00505961	0	0	7500	2e+11 0.516418
506	0.00506961	0	0	7500	2e+11 0.516586
507	0.00507961	0	0	7500	2e+11 0.516586
508	0.00508961	0	0	7500	2e+11 0.51637
509	0.00509961	0	0	7500	2e+11 0.516394
510	0.00510961	0	0	7500	2e+11 0.516394
511	0.00511961	0	0	7500	2e+11 0.516442
512	0.00512961	0	0	7500	2e+11 0.516442
513	0.00513961	0	0	7500	2e+11 0.516466
514	0.00514961	0	0	7500	2e+11 0.516466
515	0.00515961	0	0	7500	2e+11 0.516514
516	0.00516961	0	0	7500	2e+11 0.516514
517	0.00517961	0	0	7500	2e+11 0.516418
518	0.00518961	0	0	7500	2e+11 0.516394
519	0.00519961	0	0	7500	2e+11 0.516442
520	0.00520961	0	0	7500	2e+11 0.51649
521	0.00521961	0	0	7500	2e+11 0.51649
522	0.00522961	0	0	7500	2e+11 0.516418
523	0.00523961	0	0	7500	2e+11 0.516418
524	0.00524961	0	0	7500	2e+11 0.51649
525	0.00525961	0	0	7500	2e+11 0.51649
526	0.00526961	0	0	7500	2e+11 0.516418
527	0.00527961	0	0	7500	2e+11 0.516562
528	0.00528961	0	0	7500	2e+11 0.516562
529	0.00529961	0	0	7500	2e+11 0.516466
530	0.00530961	0	0	7500	2e+11 0.516466
531	0.00531961	0	0	7500	2e+11 0.516442
532	0.00532961	0	0	7500	2e+11 0.516442
533	0.00533961	0	0	7500	2e+11 0.516394
534	0.00534961	0	0	7500	2e+11 0.516466
535	0.00535961	0	0	7500	2e+11 0.516466
536	0.00536961	0	0	7500	2e+11 0.516418
537	0.00537961	0	0	7500	2e+11 0.516466
538	0.00538961	0	0	7500	2e+11 0.516466
539	0.00539961	0	0	7500	2e+11 0.516466
540	0.00540961	0	0	7500	2e+11 0.516466
541	0.00541961	0	0	7500	2e+11 0.516394
542	0.00542961	0	0	7500	2e+11 0.51649
543	0.00543961	0	0	7500	2e+11 0.51649
544	0.00544961	0	0	7500	2e+11 0.51637
545	0.00545961	0	0	7500	2e+11 0.51649
546	0.00546961	0	0	7500	2e+11 0.51649
547	0.00547961	0	0	7500	2e+11 0.516418
548	0.00548961	0	0	7500	2e+11 0.516418
549	0.00549961	0	0	7500	2e+11 0.516538
550	0.00550961	0	0	7500	2e+11 0.516538
551	0.00551961	0	0	7500	2e+11 0.516394
552	0.00552961	0	0	7500	2e+11 0.516442
553	0.00553961	0	0	7500	2e+11 0.516442
554	0.00554961	0	0	7500	2e+11 0.51637
555	0.00555961	0	0	7500	2e+11 0.516418
556	0.00556961	0	0	7500	2e+11 0.516418
557	0.00557961	0	0	7500	2e+11 0.516466
558	0.00558961	0	0	7500	2e+11 0.516466
559	0.00559961	0	0	7500	2e+11 0.516514
560	0.0056096	0	0	7500	2e+11 0.516514
561	0.0056196	0	0	7500	2e+11 0.516418
562	0.00562961	0	0	7500	2e+11 0.516346
563	0.00563961	0	0	7500	2e+11 0.51649
564	0.00564961	0	0	7500	2e+11 0.51649
565	0.00565961	0	0	7500	2e+11 0.516466
566	0.0056696	0	0	7500	2e+11 0.516466
567	0.0056796	0	0	7500	2e+11 0.516442
568	0.00568961	0	0	7500	2e+11 0.516442
569	0.0056996	0	0	7500	2e+11 0.516466
570	0.0057096	0	0	7500	2e+11 0.516514
571	0.0057196	0	0	7500	2e+11 0.516514
572	0.0057296	0	0	7500	2e+11 0.51637
573	0.0057396	0	0	7500	2e+11 0.516514
574	0.0057496	0	0	7500	2e+11 0.516514
575	0.0057596	0	0	7500	2e+11 0.516418
576	0.0057696	0	0	7500	2e+11 0.516514
577	0.0057796	0	0	7500	2e+11 0.516514
578	0.0057896	0	0	7500	2e+11 0.516394
579	0.0057996	0	0	7500	2e+11 0.51649
580	0.0058096	0	0	7500	2e+11 0.51649
581	0.0058196	0	0	7500	2e+11 0.516394
582	0.0058296	0	0	7500	2e+11 0.516418
583	0.0058396	0	0	7500	2e+11 0.516418
584	0.0058496	0	0	7500	2e+11 0.516394
585	0.0058596	0	0	7500	2e+11 0.51637
586	0.0058696	0	0	7500	2e+11 0.516442
587	0.0058796	0	0	7500	2e+11 0.516538
588	0.0058896	0	0	7500	2e+11 0.516538
589	0.0058996	0	0	7500	2e+11 0.51649
590	0.0059096	0	0	7500	2e+11 0.51649
591	0.0059196	0	0	7500	2e+11 0.516418
592	0.0059296	0	0	7500	2e+11 0.516418
593	0.0059396	0	0	7500	2e+11 0.516466
594	0.0059496	0	0	7500	2e+11 0.51649
595	0.0059596	0	0	7500	2e+11 0.51649
596	0.0059696	0	0	7500	2e+11 0.516394
597	0.0059796	0	0	7500	2e+11 0.51649
598	0.0059896	0	0	7500	2e+11 0.51649
599	0.0059996	0	0	7500	2e+11 0.516394
600	0.0060096	0	0	7500	2e+11 0.51649
601	0.00601959	0	0	7500	2e+11 0.51649
602	0.00602959	0	0	7500	2e+11 0.51649
603	0.00603959	0	0	7500	2e+11 0.51649
604	0.00604959	0	0	7500	2e+11 0.516442
605	0.00605959	0	0	7500	2e+11 0.516466
606	0.00606959	0	0	7500	2e+11 0.516466
607	0.00607959	0	0	7500	2e+11 0.51649
608	0.00608959	0	0	7500	2e+11 0.51649
609	0.00609959	0	0	7500	2e+11 0.51649
610	0.00610959	0	0	7500	2e+11 0.51649
611	0.00611959	0	0	7500	2e+11 0.516418
612	0.00612959	0	0	7500	2e+11 0.516418
613	0.00613959	0	0	7500	2e+11 0.51649
614	0.00614959	0	0	7500	2e+11 0.51649
615	0.00615959	0	0	7500	2e+11 0.516466
616	0.00616959	0	0	7500	2e+11 0.516466
617	0.00617959	0	0	7500	2e+11 0.516418
618	0.00618958	0	0	7500	2e+11 0.516538
619	0.00619958	0	0	7500	2e+11 0.516538
620	0.00620958	0	0	7500	2e+11 0.516442
621	0.00621958	0	0	7500	2e+11 0.516442
622	0.00622958	0	0	7500	2e+11 0.516514
623	0.00623958	0	0	7500	2e+11 0.516514
624	0.00624958	0	0	7500	2e+11 0.516442
625	0.00625958	0	0	7500	2e+11 0.516442
626	0.00626958	0	0	7500	2e+11 0.51649
627	0.00627958	0	0	7500	2e+11 0.51649
628	0.00628958	0	0	7500	2e+11 0.516418
629	0.00629958	0	0	7500	2e+11 0.516466
630	0.00630957	0	0	7500	2e+11 0.516514
631	0.00631957	0	0	7500	2e+11 0.516514
632	0.00632957	0	0	7500	2e+11 0.51661
633	0.00633957	0	0	7500	2e+11 0.51661
634	0.00634957	0	0	7500	2e+11 0.516514
635	0.00635957	0	0	7500	2e+11 0.516514
636	0.00636957	0	0	7500	2e+11 0.516514
637	0.00637956	0	0	7500	2e+11 0.516538
638	0.00638956	0	0	7500	2e+11 0.516538
639	0.00639956	0	0	7500	2e+11 0.516586
640	0.00640956	0	0	7500	2e+11 0.516586
641	0.00641956	0	0	7500	2e+11 0.516562
642	0.00642955	0	0	7500	2e+11 0.516731
643	0.00643955	0	0	7500	2e+11 0.516731
644	0.00644955	0	0	7500	2e+11 0.516707
645	0.00645954	0	0	7500	2e+11 0.516707
646	0.00646954	0	0	7500	2e+11 0.516731
647	0.00647953	0	0	7500	2e+11 0.516731
648	0.00648952	0	0	7500	2e+11 0.516851
649	0.00649952	0	0	7500	2e+11 0.517164
650	0.0065095	0	0	7500	2e+11 0.517164
651	0.00651956	0	0	7500	2e+11 0.51702
652	0.00652955	0	0	7500	2e+11 0.51702
653	0.00653954	0	0	7500	2e+11 0.516779
654	0.00654954	0	0	7500	2e+11 0.516658
655	0.00655953	0	0	7500	2e+11 0.516634
656	0.00656953	0	0	7500	2e+11 0.516634
657	0.00657953	0	0	7500	2e+11 0.516538
658	0.00658952	0	0	7500	2e+11 0.516658
659	0.00659952	0	0	7500	2e+11 0.516658
660	0.00660952	0	0	7500	2e+11 0.516538
661	0.00661952	0	0	7500	2e+11 0.516538
662	0.00662951	0	0	7500	2e+11 0.516514
663	0.00663951	0	0	7500	2e+11 0.516514
664	0.00664951	0	0	7500	2e+11 0.51637
665	0.00665951	0	0	7500	2e+11 0.51637
666	0.00666951	0	0	7500	2e+11 0.516394
667	0.00667951	0	0	7500	2e+11 0.516562
668	0.00668951	0	0	7500	2e+11 0.516562
669	0.00669951	0	0	7500	2e+11 0.516418
670	0.00670951	0	0	7500	2e+11 0.51649
671	0.00671951	0	0	7500	2e+11 0.51649
672	0.00672951	0	0	7500	2e+11 0.51637
673	0.00673951	0	0	7500	2e+11 0.516538
674	0.00674951	0	0	7500	2e+11 0.516538
675	0.00675951	0	0	7500	2e+11 0.51637
676	0.00676951	0	0	7500	2e+11 0.51637
677	0.00677951	0	0	7500	2e+11 0.516442
678	0.00678951	0	0	7500	2e+11 0.516442
679	0.00679951	0	0	7500	2e+11 0.516442
680	0.00680951	0	0	7500	2e+11 0.516442
681	0.00681951	0	0	7500	2e+11 0.516394
682	0.00682951	0	0	7500	2e+11 0.516394
683	0.00683951	0	0	7500	2e+11 0.51637
684	0.00684952	0	0	7500	2e+11 0.516346
685	0.00685952	0	0	7500	2e+11 0.516346
686	0.00686952	0	0	7500	2e+11 0.51637
687	0.00687952	0	0	7500	2e+11 0.516442
688	0.00688952	0	0	7500	2e+11 0.516442
689	0.00689952	0	0	7500	2e+11 0.516418
690	0.00690952	0	0	7500	2e+11 0.516418
691	0.00691952	0	0	7500	2e+11 0.516442
692	0.00692952	0	0	7500	2e+11 0.516442
693	0.00693952	0	0	7500	2e+11 0.516466
694	0.00694952	0	0	7500	2e+11 0.516466
695	0.00695952	0	0	7500	2e+11 0.516466
696	0.00696952	0	0	7500	2e+11 0.516394
697	0.00697952	0	0	7500	2e+11 0.516418
698	0.00698952	0	0	7500	2e+11 0.516418
699	0.00699952	0	0	7500	2e+11 0.51649
700	0.00700952	0	0	7500	2e+11 0.51649
701	0.00701952	0	0	7500	2e+11 0.51637
702	0.00702952	0	0	7500	2e+11 0.51637
703	0.00703952	0	0	7500	2e+11 0.516466
704	0.00704952	0	0	7500	2e+11 0.516466
705	0.00705952	0	0	7500	2e+11 0.516442
706	0.00706952	0	0	7500	2e+11 0.516442
707	0.00707952	0	0	7500	2e+11 0.516442
708	0.00708952	0	0	7500	2e+11 0.516418
709	0.00709952	0	0	7500	2e+11 0.516538
710	0.00710952	0	0	7500	2e+11 0.516538
711	0.00711952	0	0	7500	2e+11 0.516442
712	0.00712952	0	0	7500	2e+11 0.516442
713	0.00713952	0	0	7500	2e+11 0.516442
714	0.00714952	0	0	7500	2e+11 0.516442
715	0.00715952	0	0	7500	2e+11 0.516394
716	0.00716952	0	0	7500	2e+11 0.516562
717	0.00717951	0	0	7500	2e+11 0.516562
718	0.00718951	0	0	7500	2e+11 0.516418
719	0.00719952	0	0	7500	2e+11 0.51649
720	0.00720951	0	0	7500	2e+11 0.51649
721	0.00721952	0	0	7500	2e+11 0.51649
722	0.00722951	0	0	7500	2e+11 0.51649
723	0.00723951	0	0	7500	2e+11 0.516442
724	0.00724951	0	0	7500	2e+11 0.516442
725	0.00725951	0	0	7500	2e+11 0.516442
726	0.00726951	0	0	7500	2e+11 0.516442
727	0.00727951	0	0	7500	2e+11 0.516442
728	0.00728951	0	0	7500	2e+11 0.516442
729	0.00729951	0	0	7500	2e+11 0.516418
730	0.00730951	0	0	7500	2e+11 0.516418
731	0.00731951	0	0	7500	2e+11 0.516514
732	0.00732951	0	0	7500	2e+11 0.516514
733	0.00733951	0	0	7500	2e+11 0.516322
734	0.00734952	0	0	7500	2e+11 0.51637
735	0.00735952	0	0	7500	2e+11 0.516418
736	0.00736952	0	0	7500	2e+11 0.51649
737	0.00737951	-9.72121e-38	-1.8825e-41	7500	2e+11 0.51649
738	0.00738952	-3.51603e-37	-6.80877e-41	7500	2e+11 0.516322
739	0.00739952	-5.95632e-37	-1.15344e-40	7500	2e+11 0.51637
740	0.00740952	-7.2349e-37	-1.40103e-40	7500	2e+11 0.51637
741	0.00741952	-7.23555e-37	-1.40116e-40	7500	2e+11 0.516346
742	0.00742952	-5.06418e-36	-9.80674e-40	7500	2e+11 0.516346
743	0.00743952	-1.55078e-35	-3.00306e-39	7500	2e+11 0.516274
744	0.00744953	-5.06323e-35	-9.8049e-39	7500	2e+11 0.516274
745	0.00745953	-1.39476e-34	-2.70094e-38	7500	2e+11 0.516226
746	0.00746953	-3.59392e-34	-6.9596e-38	7500	2e+11 0.516226
747	0.00747954	-1.10069e-33	-2.13147e-37	7500	2e+11 0.516105
748	0.00748955	-2.41047e-33	-4.66786e-37	7500	2e+11 0.516129
749	0.00749955	-7.27073e-33	-1.40797e-36	7500	2e+11 0.516129
750	0.00750956	-2.32725e-32	-4.50671e-36	7500	2e+11 0.519466
751	0.0075195	-5.75225e-32	-1.11392e-35	7500	2e+11 0.519466
752	0.00752952	-2.09998e-31	-4.0666e-35	7500	2e+11 0.515841
753	0.00753953	-5.18375e-31	-1.00383e-34	7500	2e+11 0.516274
754	0.00754953	-1.44463e-30	-2.79751e-34	7500	2e+11 0.516274
755	0.00755954	-4.35447e-30	-8.4324e-34	7500	2e+11 0.516033
756	0.00756954	-1.36172e-29	-2.63696e-33	7500	2e+11 0.516346
757	0.00757955	-3.49899e-29	-6.77577e-33	7500	2e+11 0.516346
758	0.00758955	-9.32516e-29	-1.80581e-32	7500	2e+11 0.516177
759	0.00759955	-2.347e-28	-4.54495e-32	7500	2e+11 0.516177
760	0.00760956	-6.43796e-28	-1.24671e-31	7500	2e+11 0.516298
761	0.00761956	-1.78408e-27	-3.45486e-31	7500	2e+11 0.516298
762	0.00762957	-4.71729e-27	-9.13499e-31	7500	2e+11 0.516442
763	0.00763956	-1.47279e-26	-2.85204e-30	7500	2e+11 0.516442
764	0.00764957	-3.48119e-26	-6.7413e-30	7500	2e+11 0.516538
765	0.00765957	-1.09993e-25	-2.13e-29	7500	2e+11 0.516538
766	0.00766957	-3.21948e-25	-6.23449e-29	7500	2e+11 0.516346
767	0.00767957	-7.76112e-25	-1.50294e-28	7500	2e+11 0.516346
768	0.00768957	-1.91677e-24	-3.71182e-28	7500	2e+11 0.516346
769	0.00769957	-4.6214e-24	-8.94931e-28	7500	2e+11 0.516346
770	0.00770958	-1.25151e-23	-2.42354e-27	7500	2e+11 0.516442
771	0.00771958	-3.08048e-23	-5.96533e-27	7500	2e+11 0.516442
772	0.00772958	-9.7446e-23	-1.88703e-26	7500	2e+11 0.516346
773	0.00773958	-2.7035e-22	-5.23531e-26	7500	2e+11 0.516346
774	0.00774958	-6.5072e-22	-1.26011e-25	7500	2e+11 0.516394
775	0.00775958	-2.17921e-21	-4.22001e-25	7500	2e+11 0.516394
776	0.00776958	-6.79868e-21	-1.31656e-24	7500	2e+11 0.51637
777	0.00777958	-1.6813e-20	-3.25582e-24	7500	2e+11 0.51637
778	0.00778959	-5.61834e-20	-1.08799e-23	7500	2e+11 0.51649
779	0.00779958	-1.38992e-19	-2.69156e-23	7500	2e+11 0.51649
780	0.00780959	-4.34301e-19	-8.4102e-23	7500	2e+11 0.516201
781	0.00781965	-1.02152e-18	-1.97817e-22	7500	2e+11 0.51541
782	0.00782966	-3.06788e-18	-5.94093e-22	7500	2e+11 0.51637
783	0.00783966	-8.90217e-18	-1.7239e-21	7500	2e+11 0.51637
784	0.00784967	-2.11113e-17	-4.08818e-21	7500	2e+11 0.516466
785	0.00785966	-6.98445e-17	-1.35253e-20	7500	2e+11 0.516466
786	0.00786967	-1.77158e-16	-3.43066e-20	7500	2e+11 0.516514
787	0.00787966	-4.21614e-16	-8.16452e-20	7500	2e+11 0.516514
788	0.00788967	-1.22564e-15	-2.37343e-19	7500	2e+11 0.516466
789	0.00789967	-2.89296e-15	-5.60219e-19	7500	2e+11 0.516466
790	0.00790967	-8.95224e-15	-1.73359e-18	7500	2e+11 0.51661
791	0.00791967	-2.27609e-14	-4.40762e-18	7500	2e+11 0.51661
792	0.00792967	-6.22524e-14	-1.20551e-17	7500	2e+11 0.516466
793	0.00793967	-1.65202e-13	-3.19913e-17	7500	2e+11 0.516466
794	0.00794967	-5.11521e-13	-9.90557e-17	7500	2e+11 0.51661
795	0.00795967	-1.78062e-12	-3.44816e-16	7500	2e+11 0.51661
796	0.00796967	-4.56293e-12	-8.83607e-16	7500	2e+11 0.516322
797	0.00797968	-1.14014e-11	-2.20788e-15	7500	2e+11 0.516514
798	0.00798967	-2.9886e-11	-5.78739e-15	7500	2e+11 0.516514
799	0.00799967	-1.04668e-10	-2.02689e-14	7500	2e+11 0.516514
800	0.00800967	-2.60625e-10	-5.04699e-14	7500	2e+11 0.516466
801	0.00801967	-7.24422e-10	-1.40284e-13	7500	2e+11 0.516514
802	0.00802967	-1.9061e-09	-3.69114e-13	7500	2e+11 0.516514
803	0.00803967	-4.30087e-09	-8.3286e-13	7500	2e+11 0.516274
804	0.00804968	-1.51602e-08	-2.93575e-12	7500	2e+11 0.516418
805	0.00805968	-4.03213e-08	-7.80818e-12	7500	2e+11 0.516466
806	0.00806968	-1.15869e-07	-2.2438e-11	7500	2e+11 0.516658
807	0.00807967	-3.4185e-07	-6.61989e-11	7500	2e+11 0.516658
808	0.00808967	-9.10448e-07	-1.76307e-10	7500	2e+11 0.51637
809	0.00809967	-2.67615e-06	-5.18234e-10	7500	2e+11 0.51637
810	0.00810968	-6.55043e-06	-1.26849e-09	7500	2e+11 0.516466
811	0.00811968	-1.68664e-05	-3.26616e-09	7500	2e+11 0.516466
812	0.00812968	-4.83105e-05	-9.35529e-09	7500	2e+11 0.51637
813	0.00813968	-0.000109601	-2.12242e-08	7500	2e+11 0.516322
814	0.00814968	-0.000372255	-7.20869e-08	7500	2e+11 0.51637
815	0.00815968	-0.000936693	-1.8139e-07	7500	2e+11 0.51637
816	0.00816968	-0.00285234	-5.52354e-07	7500	2e+11 0.516658
817	0.00817968	-0.00725157	-1.40426e-06	7500	2e+11 0.516658
818	0.00818968	-0.0182823	-3.54035e-06	7500	2e+11 0.516322
819	0.00819968	-0.0528561	-1.02355e-05	7500	2e+11 0.51637
820	0.00820968	-0.147003	-2.84669e-05	7500	2e+11 0.51637
821	0.00821968	-0.352036	-6.81715e-05	7500	2e+11 0.516658
822	0.00822968	-1.00669	-0.000194945	7500	2e+11 0.516658
823	0.00823968	-2.73095	-0.000528846	7500	2e+11 0.516899
824	0.00824967	-5.58508	-0.00108155	7500	2e+11 0.516996
825	0.00825966	-9.31608	-0.00180405	7500	2e+11 0.517382
826	0.00826964	-13.6521	-0.00264372	7500	2e+11 0.517913
827	0.00827961	-18.2972	-0.00354324	7500	2e+11 0.518349
828	0.00828957	-22.9793	-0.00444992	7500	2e+11 0.518591
829	0.00829953	-27.432	-0.00531218	7500	2e+11 0.519271
830	0.00830948	-31.4974	-0.00609944	7500	2e+11 0.519466
831	0.00831942	-35.0763	-0.0067925	7500	2e+11 0.519953
832	0.00832935	-38.1914	-0.00739574	7500	2e+11 0.520197
833	0.00833927	-40.7968	-0.00790026	7500	2e+11 0.52049
834	0.0083492	-42.9337	-0.00831407	7500	2e+11 0.520979
835	0.00835911	-44.6374	-0.00864399	7500	2e+11 0.521224
836	0.00836902	-45.9816	-0.0089043	7500	2e+11 0.521224
837	0.00837893	-47.0348	-0.00910826	7500	2e+11 0.521371
838	0.00838884	-47.8448	-0.00926511	7500	2e+11 0.521371
839	0.00839875	-48.4522	-0.00938273	7500	2e+11 0.521175
840	0.00840866	-48.8924	-0.00946796	7500	2e+11 0.52142
841	0.00841856	-49.2162	-0.00953068	7500	2e+11 0.52142
842	0.00842847	-49.4509	-0.00957612	7500	2e+11 0.521469
843	0.00843837	-49.6203	-0.00960893	7500	2e+11 0.521469
844	0.00844828	-49.7392	-0.00963196	7500	2e+11 0.521371
845	0.00845819	-49.822	-0.00964799	7500	2e+11 0.52142
846	0.00846809	-49.8796	-0.00965914	7500	2e+11 0.52142
847	0.00847799	-49.9194	-0.00966685	7500	2e+11 0.52142
848	0.0084879	-49.9463	-0.00967205	7500	2e+11 0.52142
849	0.0084978	-49.964	-0.00967549	7500	2e+11 0.521469
850	0.0085077	-49.9758	-0.00967777	7500	2e+11 0.521469
851	0.00851761	-49.9837	-0.0096793	7500	2e+11 0.521518
852	0.00852751	-49.9888	-0.00968028	7500	2e+11 0.521518
853	0.00853742	-49.992	-0.0096809	7500	2e+11 0.521567
854	0.00854732	-49.994	-0.0096813	7500	2e+11 0.521567
855	0.00855722	-49.9953	-0.00968156	7500	2e+11 0.521518
856	0.00856712	-49.9962	-0.00968171	7500	2e+11 0.521518
857	0.00857703	-49.9967	-0.00968181	7500	2e+11 0.521371
858	0.00858693	-49.997	-0.00968187	7500	2e+11 0.52142
859	0.00859684	-49.9971	-0.0096819	7500	2e+11 0.521469
860	0.00860674	-49.9972	-0.00968192	7500	2e+11 0.521518
861	0.00861664	-49.9973	-0.00968194	7500	2e+11 0.521518
862	0.00862655	-49.9973	-0.00968194	7500	2e+11 0.521469
863	0.00863645	-49.9974	-0.00968195	7500	2e+11 0.52142
864	0.00864636	-49.9974	-0.00968195	7500	2e+11 0.52142
865	0.00865626	-49.9974	-0.00968195	7500	2e+11 0.52142
866	0.00866616	-49.9974	-0.00968195	7500	2e+11 0.521518
867	0.00867607	-49.9974	-0.00968195	7500	2e+11 0.521518
868	0.00868597	-49.9974	-0.00968195	7500	2e+11 0.521518
869	0.00869587	-49.9974	-0.00968195	7500	2e+11 0.521469
870	0.00870577	-49.9974	-0.00968195	7500	2e+11 0.521469
871	0.00871568	-49.9974	-0.00968195	7500	2e+11 0.521469
872	0.00872559	-49.9974	-0.00968195	7500	2e+11 0.521567
873	0.00873549	-49.9974	-0.00968195	7500	2e+11 0.521616
874	0.00874539	-49.9974	-0.00968195	7500	2e+11 0.521616
875	0.00875529	-49.9974	-0.00968195	7500	2e+11 0.521469
876	0.00876519	-49.9974	-0.00968195	7500	2e+11 0.521469
877	0.0087751	-49.9974	-0.00968195	7500	2e+11 0.521616
878	0.008785	-49.9974	-0.00968195	7500	2e+11 0.521616
879	0.0087949	-49.9974	-0.00968195	7500	2e+11 0.521371
880	0.00880481	-49.9974	-0.00968195	7500	2e+11 0.521371
881	0.00881471	-49.9974	-0.00968195	7500	2e+11 0.521371
882	0.00882462	-49.9974	-0.00968195	7500	2e+11 0.521861
883	0.00883452	-49.9974	-0.00968195	7500	2e+11 0.521861
884	0.00884442	-49.9974	-0.00968195	7500	2e+11 0.521469
885	0.00885433	-49.9974	-0.00968195	7500	2e+11 0.521469
886	0.00886423	-49.9974	-0.00968195	7500	2e+11 0.521469
887	0.00887414	-49.9974	-0.00968195	7500	2e+11 0.521322
888	0.00888404	-49.9974	-0.00968195	7500	2e+11 0.521616
889	0.00889394	-49.9974	-0.00968195	7500	2e+11 0.521616
890	0.00890385	-49.9974	-0.00968195	7500	2e+11 0.521469
891	0.00891375	-49.9974	-0.00968195	7500	2e+11 0.521371
892	0.00892365	-49.9974	-0.00968195	7500	2e+11 0.521469
893	0.00893356	-49.9974	-0.00968195	7500	2e+11 0.521665
894	0.00894346	-49.9974	-0.00968195	7500	2e+11 0.521665
895	0.00895336	-49.9974	-0.00968195	7500	2e+11 0.521469
896	0.00896326	-49.9974	-0.00968195	7500	2e+11 0.521469
897	0.00897318	-49.9974	-0.00968195	7500	2e+11 0.521273
898	0.00898308	-49.9974	-0.00968195	7500	2e+11 0.521469
899	0.00899298	-49.9974	-0.00968195	7500	2e+11 0.521469
900	0.00900289	-49.9974	-0.00968195	7500	2e+11 0.521616
901	0.00901279	-49.9974	-0.00968195	7500	2e+11 0.521665
902	0.00902269	-49.9974	-0.00968195	7500	2e+11 0.521665
903	0.00903259	-49.9974	-0.00968195	7500	2e+11 0.521518
904	0.00904249	-49.9974	-0.00968195	7500	2e+11 0.521616
905	0.00905239	-49.9974	-0.00968195	7500	2e+11 0.521616
906	0.0090623	-49.9974	-0.00968195	7500	2e+11 0.521371
907	0.00907221	-49.9974	-0.00968195	7500	2e+11 0.521322
908	0.00908211	-49.9974	-0.00968195	7500	2e+11 0.521567
909	0.00909201	-49.9973	-0.00968195	7500	2e+11 0.521567
910	0.00910192	-49.9973	-0.00968194	7500	2e+11 0.521518
911	0.00911182	-49.9973	-0.00968193	7500	2e+11 0.521518
912	0.00912173	-49.9972	-0.00968191	7500	2e+11 0.521371
913	0.00913163	-49.9969	-0.00968186	7500	2e+11 0.521469
914	0.00914153	-49.9962	-0.00968173	7500	2e+11 0.521469
915	0.00915144	-49.9936	-0.00968122	7500	2e+11 0.521616
916	0.00916134	-49.9878	-0.00968009	7500	2e+11 0.521616
917	0.00917124	-49.9655	-0.00967578	7500	2e+11 0.521322
918	0.00918115	-49.9134	-0.0096657	7500	2e+11 0.521518
919	0.00919105	-49.7718	-0.00963827	7500	2e+11 0.521518
920	0.00920096	-49.3828	-0.00956294	7500	2e+11 0.52142
921	0.00921086	-48.3293	-0.00935894	7500	2e+11 0.521371
922	0.00922077	-46.6591	-0.0090355	7500	2e+11 0.521224
923	0.00923068	-44.4736	-0.00861227	7500	2e+11 0.521224
924	0.00924059	-41.8372	-0.00810174	7500	2e+11 0.520636
925	0.00925052	-38.8684	-0.00752684	7500	2e+11 0.52049
926	0.00926044	-35.6626	-0.00690603	7500	2e+11 0.520294
927	0.00927037	-32.3243	-0.00625957	7500	2e+11 0.519807
928	0.00928032	-28.9394	-0.00560409	7500	2e+11 0.519369
929	0.00929026	-25.5846	-0.00495444	7500	2e+11 0.51932
930	0.00930022	-22.3355	-0.00432525	7500	2e+11 0.518737
931	0.00931017	-19.2558	-0.00372886	7500	2e+11 0.518591
932	0.00932014	-16.3847	-0.00317288	7500	2e+11 0.518252
933	0.00933011	-13.759	-0.00266441	7500	2e+11 0.51801
934	0.00934008	-11.4233	-0.00221212	7500	2e+11 0.517865
935	0.00935006	-9.37457	-0.00181538	7500	2e+11 0.517382
936	0.00936004	-7.58987	-0.00146977	7500	2e+11 0.517382
937	0.00937003	-6.06781	-0.00117503	7500	2e+11 0.517092
938	0.00938002	-4.79301	-0.000928163	7500	2e+11 0.517092
939	0.00939001	-3.73259	-0.000722813	7500	2e+11 0.516755
940	0.00940001	-2.87267	-0.00055629	7500	2e+11 0.516707
941	0.00941	-2.18272	-0.000422682	7500	2e+11 0.516707
942	0.00941999	-1.63758	-0.000317116	7500	2e+11 0.516658
943	0.00942999	-1.21074	-0.000234459	7500	2e+11 0.516658
944	0.00943999	-0.888345	-0.000172027	7500	2e+11 0.516658
945	0.00944998	-0.642928	-0.000124503	7500	2e+11 0.516466
946	0.00945999	-0.458256	-8.87408e-05	7500	2e+11 0.516274
947	0.00946999	-0.32281	-6.2512e-05	7500	2e+11 0.516466
948	0.00947999	-0.224789	-4.35302e-05	7500	2e+11 0.516466
949	0.00948999	-0.155108	-3.00365e-05	7500	2e+11 0.516466
950	0.00949999	-0.10614	-2.0554e-05	7500	2e+11 0.516322
951	0.00950999	-0.071954	-1.39338e-05	7500	2e+11 0.51661
952	0.00951999	-0.0483531	-9.36353e-06	7500	2e+11 0.51661
953	0.00952999	-0.0320616	-6.20871e-06	7500	2e+11 0.51637
954	0.00954	-0.0210417	-4.07471e-06	7500	2e+11 0.516755
955	0.00954999	-0.0136955	-2.65212e-06	7500	2e+11 0.516755
956	0.00955999	-0.00883706	-1.71129e-06	7500	2e+11 0.51661
957	0.00956999	-0.0056442	-1.09299e-06	7500	2e+11 0.51661
958	0.00957999	-0.00357181	-6.91679e-07	7500	2e+11 0.51637
959	0.00959	-0.0022405	-4.33871e-07	7500	2e+11 0.516562
960	0.00959999	-0.00139398	-2.69942e-07	7500	2e+11 0.516562
961	0.00960999	-0.000861984	-1.66923e-07	7500	2e+11 0.516322
962	0.00962	-0.000528216	-1.02289e-07	7500	2e+11 0.51661
963	0.00962999	-0.000320648	-6.20932e-08	7500	2e+11 0.51661
964	0.00963999	-0.000194057	-3.75789e-08	7500	2e+11 0.516514
965	0.00964999	-0.000116479	-2.25561e-08	7500	2e+11 0.516514
966	0.00966	-6.82087e-05	-1.32086e-08	7500	2e+11 0.516514
967	0.00967	-3.89399e-05	-7.54068e-09	7500	2e+11 0.516514
968	0.00968	-2.18542e-05	-4.23205e-09	7500	2e+11 0.516755
969	0.00968999	-1.1869e-05	-2.29842e-09	7500	2e+11 0.516755
970	0.0097	-6.22317e-06	-1.20511e-09	7500	2e+11 0.51637
971	0.00971	-3.1275e-06	-6.05637e-10	7500	2e+11 0.51661
972	0.00971999	-1.5251e-06	-2.95335e-10	7500	2e+11 0.51661
973	0.00972999	-7.12945e-07	-1.38061e-10	7500	2e+11 0.516466
974	0.00974	-3.20595e-07	-6.20829e-11	7500	2e+11 0.516755
975	0.00974999	-1.37449e-07	-2.66169e-11	7500	2e+11 0.516755
976	0.00976	-5.65115e-08	-1.09434e-11	7500	2e+11 0.516562
977	0.00976999	-2.20839e-08	-4.27652e-12	7500	2e+11 0.516562
978	0.00978	-8.26153e-09	-1.59984e-12	7500	2e+11 0.516226
979	0.00979	-3.00355e-09	-5.81634e-13	7500	2e+11 0.516466
980	0.0098	-1.01255e-09	-1.96079e-13	7500	2e+11 0.516466
981	0.00981	-3.238e-10	-6.27036e-14	7500	2e+11 0.516418
982	0.00982	-9.73733e-11	-1.88563e-14	7500	2e+11 0.51637
983	0.00983	-2.92236e-11	-5.65912e-15	7500	2e+11 0.516562
984	0.00984	-8.23782e-12	-1.59525e-15	7500	2e+11 0.516562
985	0.00985	-2.20092e-12	-4.26206e-16	7500	2e+11 0.516274
986	0.00986001	-5.79497e-13	-1.12219e-16	7500	2e+11 0.516947
987	0.00987	-1.50357e-13	-2.91165e-17	7500	2e+11 0.516947
988	0.00987999	-3.76865e-14	-7.29796e-18	7500	2e+11 0.516803
989	0.00988999	-8.76893e-15	-1.6981e-18	7500	2e+11 0.516803
990	0.0099	-1.99065e-15	-3.85488e-19	7500	2e+11 0.516418
991	0.00991	-4.1167e-16	-7.97196e-20	7500	2e+11 0.516418
992	0.00992	-8.24646e-17	-1.59692e-20	7500	2e+11 0.51661
993	0.00993	-1.51843e-17	-2.94043e-21	7500	2e+11 0.516658
994	0.00993999	-2.86984e-18	-5.55742e-22	7500	2e+11 0.516658
995	0.00995	-5.28897e-19	-1.0242e-22	7500	2e+11 0.516322
996	0.00996	-9.25401e-20	-1.79203e-23	7500	2e+11 0.51661
997	0.00996999	-1.4996e-20	-2.90397e-24	7500	2e+11 0.51661
998	0.00998	-2.34655e-21	-4.5441e-25	7500	2e+11 0.516514
999	0.00999	-3.96764e-22	-7.68563e-26	7500	2e+11 0.516514
1000	0.01	0	-1.71546e-28	7500	2e+11 0.516322
