0	0	0	0	7500	2e+11 0.516398
1	1e-05	0	0	7500	2e+11 0.516398
2	2e-05	0	0	7500	2e+11 0.516398
3	3e-05	0	0	7500	2e+11 0.516398
4	4e-05	0	0	7500	2e+11 0.516398
5	5e-05	0	0	7500	2e+11 0.516398
6	6e-05	0	0	7500	2e+11 0.516398
7	7e-05	0	0	7500	2e+11 0.516398
8	8e-05	0	0	7500	2e+11 0.516398
9	9e-05	0	0	7500	2e+11 0.516398
10	0.0001	0	0	7500	2e+11 0.516398
11	0.00011	0	0	7500	2e+11 0.516398
12	0.00012	0	0	7500	2e+11 0.516398
13	0.00013	0	0	7500	2e+11 0.516398
14	0.00014	0	0	7500	2e+11 0.516398
15	0.00015	0	0	7500	2e+11 0.516398
16	0.00016	0	0	7500	2e+11 0.516398
17	0.00017	0	0	7500	2e+11 0.516398
18	0.00018	0	0	7500	2e+11 0.516398
19	0.00019	0	0	7500	2e+11 0.516398
20	0.0002	0	0	7500	2e+11 0.516398
21	0.00021	0	0	7500	2e+11 0.516398
22	0.00022	0	0	7500	2e+11 0.516398
23	0.00023	0	0	7500	2e+11 0.516398
24	0.00024	0	0	7500	2e+11 0.516398
25	0.00025	0	0	7500	2e+11 0.516398
26	0.00026	0	0	7500	2e+11 0.516398
27	0.00027	0	0	7500	2e+11 0.516398
28	0.00028	0	0	7500	2e+11 0.516398
29	0.00029	0	0	7500	2e+11 0.516398
30	0.0003	0	0	7500	2e+11 0.516398
31	0.00031	0	0	7500	2e+11 0.516398
32	0.00032	0	0	7500	2e+11 0.516398
33	0.00033	0	0	7500	2e+11 0.516398
34	0.00034	0	0	7500	2e+11 0.516398
35	0.00035	0	0	7500	2e+11 0.516398
36	0.00036	0	0	7500	2e+11 0.516398
37	0.00037	0	0	7500	2e+11 0.516398
38	0.00038	0	0	7500	2e+11 0.516398
39	0.00039	0	0	7500	2e+11 0.516398
40	0.0004	0	0	7500	2e+11 0.516398
41	0.00041	0	0	7500	2e+11 0.516398
42	0.00042	0	0	7500	2e+11 0.516398
43	0.00043	0	0	7500	2e+11 0.516398
44	0.00044	0	0	7500	2e+11 0.516398
45	0.00045	0	0	7500	2e+11 0.516398
46	0.00046	0	0	7500	2e+11 0.516398
47	0.00047	0	0	7500	2e+11 0.516398
48	0.00048	0	0	7500	2e+11 0.516398
49	0.00049	0	0	7500	2e+11 0.5164
50	0.0005	0	0	7500	2e+11 0.5164
51	0.00051	0	0	7500	2e+11 0.516397
52	0.00052	0	0	7500	2e+11 0.5164
53	0.00053	0	0	7500	2e+11 0.5164
54	0.00054	0	0	7500	2e+11 0.516397
55	0.00055	0	0	7500	2e+11 0.5164
56	0.00056	0	0	7500	2e+11 0.5164
57	0.00057	0	0	7500	2e+11 0.516397
58	0.00058	0	0	7500	2e+11 0.516397
59	0.00059	0	0	7500	2e+11 0.5164
60	0.0006	0	0	7500	2e+11 0.5164
61	0.00061	0	0	7500	2e+11 0.516397
62	0.00062	0	0	7500	2e+11 0.5164
63	0.00063	0	0	7500	2e+11 0.5164
64	0.00064	0	0	7500	2e+11 0.516397
65	0.00065	0	0	7500	2e+11 0.5164
66	0.00066	0	0	7500	2e+11 0.5164
67	0.00067	0	0	7500	2e+11 0.516397
68	0.00068	0	0	7500	2e+11 0.5164
69	0.00069	0	0	7500	2e+11 0.5164
70	0.0007	0	0	7500	2e+11 0.516397
71	0.00071	0	0	7500	2e+11 0.516397
72	0.00072	0	0	7500	2e+11 0.5164
73	0.00073	0	0	7500	2e+11 0.5164
74	0.00074	0	0	7500	2e+11 0.516397
75	0.00075	0	0	7500	2e+11 0.5164
76	0.00076	0	0	7500	2e+11 0.5164
77	0.00077	0	0	7500	2e+11 0.516397
78	0.00078	0	0	7500	2e+11 0.5164
79	0.00079	0	0	7500	2e+11 0.5164
80	0.0008	0	0	7500	2e+11 0.516397
81	0.00081	0	0	7500	2e+11 0.5164
82	0.00082	0	0	7500	2e+11 0.5164
83	0.00083	0	0	7500	2e+11 0.516397
84	0.00084	0	0	7500	2e+11 0.5164
85	0.00085	0	0	7500	2e+11 0.5164
86	0.00086	0	0	7500	2e+11 0.516397
87	0.00087	0	0	7500	2e+11 0.5164
88	0.00088	0	0	7500	2e+11 0.5164
89	0.00089	0	0	7500	2e+11 0.516397
90	0.0009	0	0	7500	2e+11 0.516397
91	0.00091	0	0	7500	2e+11 0.5164
92	0.00092	0	0	7500	2e+11 0.5164
93	0.00093	0	0	7500	2e+11 0.516397
94	0.00094	0	0	7500	2e+11 0.5164
95	0.00095	0	0	7500	2e+11 0.5164
96	0.00096	0	0	7500	2e+11 0.516397
97	0.00097	0	0	7500	2e+11 0.516397
98	0.00098	0	0	7500	2e+11 0.5164
99	0.00099	0	0	7500	2e+11 0.5164
100	0.001	0	0	7500	2e+11 0.5164
101	0.00101	0	0	7500	2e+11 0.5164
102	0.00102	0	0	7500	2e+11 0.5164
103	0.00103	0	0	7500	2e+11 0.5164
104	0.00104	0	0	7500	2e+11 0.5164
105	0.00105	0	0	7500	2e+11 0.5164
106	0.00106	0	0	7500	2e+11 0.5164
107	0.00107	0	0	7500	2e+11 0.5164
108	0.00108	0	0	7500	2e+11 0.5164
109	0.00109	0	0	7500	2e+11 0.5164
110	0.0011	0	0	7500	2e+11 0.5164
111	0.00111	0	0	7500	2e+11 0.5164
112	0.00112	0	0	7500	2e+11 0.5164
113	0.00113	0	0	7500	2e+11 0.5164
114	0.00114	0	0	7500	2e+11 0.5164
115	0.00115	0	0	7500	2e+11 0.5164
116	0.00116	0	0	7500	2e+11 0.5164
117	0.00117	0	0	7500	2e+11 0.5164
118	0.00118	0	0	7500	2e+11 0.5164
119	0.00119	0	0	7500	2e+11 0.5164
120	0.0012	0	0	7500	2e+11 0.5164
121	0.00121	0	0	7500	2e+11 0.5164
122	0.00122	0	0	7500	2e+11 0.5164
123	0.00123	0	0	7500	2e+11 0.5164
124	0.00124	0	0	7500	2e+11 0.5164
125	0.00125	0	0	7500	2e+11 0.5164
126	0.00126	0	0	7500	2e+11 0.5164
127	0.00127	0	0	7500	2e+11 0.5164
128	0.00128	0	0	7500	2e+11 0.5164
129	0.00129	0	0	7500	2e+11 0.5164
130	0.0013	0	0	7500	2e+11 0.5164
131	0.00131	0	0	7500	2e+11 0.5164
132	0.00132	0	0	7500	2e+11 0.5164
133	0.00133	0	0	7500	2e+11 0.5164
134	0.00134	0	0	7500	2e+11 0.5164
135	0.00135	0	0	7500	2e+11 0.5164
136	0.00136	0	0	7500	2e+11 0.5164
137	0.00137	0	0	7500	2e+11 0.5164
138	0.00138	0	0	7500	2e+11 0.5164
139	0.00139	0	0	7500	2e+11 0.5164
140	0.0014	0	0	7500	2e+11 0.5164
141	0.00141	0	0	7500	2e+11 0.5164
142	0.00142	0	0	7500	2e+11 0.5164
143	0.00143	0	0	7500	2e+11 0.5164
144	0.00144	0	0	7500	2e+11 0.5164
145	0.00145	0	0	7500	2e+11 0.5164
146	0.00146	0	0	7500	2e+11 0.5164
147	0.00147	0	0	7500	2e+11 0.5164
148	0.00148	0	0	7500	2e+11 0.5164
149	0.00149	0	0	7500	2e+11 0.5164
150	0.0015	0	0	7500	2e+11 0.5164
151	0.00151	0	0	7500	2e+11 0.5164
152	0.00152	0	0	7500	2e+11 0.5164
153	0.00153	0	0	7500	2e+11 0.5164
154	0.00154	0	0	7500	2e+11 0.5164
155	0.00155	0	0	7500	2e+11 0.5164
156	0.00156	0	0	7500	2e+11 0.5164
157	0.00157	0	0	7500	2e+11 0.5164
158	0.00158	0	0	7500	2e+11 0.5164
159	0.00159	0	0	7500	2e+11 0.5164
160	0.0016	0	0	7500	2e+11 0.5164
161	0.00161	0	0	7500	2e+11 0.5164
162	0.00162	0	0	7500	2e+11 0.5164
163	0.00163	0	0	7500	2e+11 0.5164
164	0.00164	0	0	7500	2e+11 0.5164
165	0.00165	0	0	7500	2e+11 0.5164
166	0.00166	0	0	7500	2e+11 0.5164
167	0.00167	0	0	7500	2e+11 0.5164
168	0.00168	0	0	7500	2e+11 0.5164
169	0.00169	0	0	7500	2e+11 0.5164
170	0.0017	0	0	7500	2e+11 0.5164
171	0.00171	0	0	7500	2e+11 0.5164
172	0.00172	0	0	7500	2e+11 0.5164
173	0.00173	0	0	7500	2e+11 0.5164
174	0.00174	0	0	7500	2e+11 0.5164
175	0.00175	0	0	7500	2e+11 0.5164
176	0.00176	0	0	7500	2e+11 0.5164
177	0.00177	0	0	7500	2e+11 0.5164
178	0.00178	0	0	7500	2e+11 0.5164
179	0.00179	0	0	7500	2e+11 0.5164
180	0.0018	0	0	7500	2e+11 0.5164
181	0.00181	0	0	7500	2e+11 0.5164
182	0.00182	0	0	7500	2e+11 0.5164
183	0.00183	0	0	7500	2e+11 0.5164
184	0.00184	0	0	7500	2e+11 0.5164
185	0.00185	0	0	7500	2e+11 0.5164
186	0.00186	0	0	7500	2e+11 0.5164
187	0.00187	0	0	7500	2e+11 0.5164
188	0.00188	0	0	7500	2e+11 0.5164
189	0.00189	0	0	7500	2e+11 0.5164
190	0.0019	0	0	7500	2e+11 0.5164
191	0.00191	0	0	7500	2e+11 0.5164
192	0.00192	0	0	7500	2e+11 0.5164
193	0.00193	0	0	7500	2e+11 0.5164
194	0.00194	0	0	7500	2e+11 0.5164
195	0.00195	0	0	7500	2e+11 0.5164
196	0.00196	0	0	7500	2e+11 0.516406
197	0.00197	0	0	7500	2e+11 0.516406
198	0.00198	0	0	7500	2e+11 0.516394
199	0.00199	0	0	7500	2e+11 0.516406
200	0.002	0	0	7500	2e+11 0.516406
201	0.00201	0	0	7500	2e+11 0.516394
202	0.00202	0	0	7500	2e+11 0.516406
203	0.00203	0	0	7500	2e+11 0.516406
204	0.00204	0	0	7500	2e+11 0.516394
205	0.00205	0	0	7500	2e+11 0.516406
206	0.00206	0	0	7500	2e+11 0.516406
207	0.00207	0	0	7500	2e+11 0.516394
208	0.00208	0	0	7500	2e+11 0.516406
209	0.00209	0	0	7500	2e+11 0.516406
210	0.0021	0	0	7500	2e+11 0.516394
211	0.00211	0	0	7500	2e+11 0.516406
212	0.00212	0	0	7500	2e+11 0.516406
213	0.00213	0	0	7500	2e+11 0.516394
214	0.00214	0	0	7500	2e+11 0.516406
215	0.00215	0	0	7500	2e+11 0.516406
216	0.00216	6.53001e-38	1.26453e-41	7500	2e+11 0.516394
217	0.00217	1.6469e-37	3.18922e-41	7500	2e+11 0.516406
218	0.00218	2.88004e-37	5.57717e-41	7500	2e+11 0.516406
219	0.00219	4.21781e-37	8.16775e-41	7500	2e+11 0.516394
220	0.0022	5.49248e-37	1.06361e-40	7500	2e+11 0.516406
221	0.00221	6.50186e-37	1.25908e-40	7500	2e+11 0.516406
222	0.00222	7.2362e-37	1.40128e-40	7500	2e+11 0.516394
223	0.00223	7.23642e-37	1.40133e-40	7500	2e+11 0.516406
224	0.00224	1.73201e-36	3.35402e-40	7500	2e+11 0.516406
225	0.00225	5.35114e-36	1.03624e-39	7500	2e+11 0.516394
226	0.00226	2.02614e-35	3.92361e-39	7500	2e+11 0.516394
227	0.00227	5.54568e-35	1.07392e-38	7500	2e+11 0.516406
228	0.00228	1.52783e-34	2.95863e-38	7500	2e+11 0.516406
229	0.00229	3.78708e-34	7.33364e-38	7500	2e+11 0.516394
230	0.0023	1.05519e-33	2.04338e-37	7500	2e+11 0.516406
231	0.00231	3.06638e-33	5.93802e-37	7500	2e+11 0.516406
232	0.00232	7.77676e-33	1.50596e-36	7500	2e+11 0.516394
233	0.00233	1.70951e-32	3.31046e-36	7500	2e+11 0.516406
234	0.00234	6.01619e-32	1.16503e-35	7500	2e+11 0.516406
235	0.00235	1.4236e-31	2.75679e-35	7500	2e+11 0.516394
236	0.00236	4.07191e-31	7.88521e-35	7500	2e+11 0.516406
237	0.00237	1.01034e-30	1.95651e-34	7500	2e+11 0.516406
238	0.00238	2.5633e-30	4.9638e-34	7500	2e+11 0.516394
239	0.00239	6.0066e-30	1.16317e-33	7500	2e+11 0.516406
240	0.0024	1.90898e-29	3.69672e-33	7500	2e+11 0.516406
241	0.00241	5.67216e-29	1.09841e-32	7500	2e+11 0.516394
242	0.00242	1.3971e-28	2.70548e-32	7500	2e+11 0.516406
243	0.00243	5.05929e-28	9.79728e-32	7500	2e+11 0.516406
244	0.00244	1.34996e-27	2.61418e-31	7500	2e+11 0.516394
245	0.00245	4.38909e-27	8.49943e-31	7500	2e+11 0.516406
246	0.00246	1.22991e-26	2.38171e-30	7500	2e+11 0.516406
247	0.00247	3.29249e-26	6.37588e-30	7500	2e+11 0.516394
248	0.00248	8.3363e-26	1.61432e-29	7500	2e+11 0.516406
249	0.00249	2.40829e-25	4.66363e-29	7500	2e+11 0.516406
250	0.0025	6.64406e-25	1.28662e-28	7500	2e+11 0.516394
251	0.00251	1.85973e-24	3.60136e-28	7500	2e+11 0.516406
252	0.00252	4.93057e-24	9.54801e-28	7500	2e+11 0.516406
253	0.00253	1.30201e-23	2.52133e-27	7500	2e+11 0.516394
254	0.00254	3.50379e-23	6.78505e-27	7500	2e+11 0.516406
255	0.00255	1.20062e-22	2.32498e-26	7500	2e+11 0.516406
256	0.00256	2.85371e-22	5.52618e-26	7500	2e+11 0.516394
257	0.00257	9.89918e-22	1.91697e-25	7500	2e+11 0.516406
258	0.00258	2.64659e-21	5.12509e-25	7500	2e+11 0.516406
259	0.00259	7.02093e-21	1.3596e-24	7500	2e+11 0.516394
260	0.0026	1.81629e-20	3.51723e-24	7500	2e+11 0.516406
261	0.00261	5.17176e-20	1.00151e-23	7500	2e+11 0.516406
262	0.00262	1.47903e-19	2.86412e-23	7500	2e+11 0.516394
263	0.00263	3.09407e-19	5.99164e-23	7500	2e+11 0.516406
264	0.00264	8.74541e-19	1.69354e-22	7500	2e+11 0.516406
265	0.00265	2.97985e-18	5.77045e-22	7500	2e+11 0.516394
266	0.00266	7.43534e-18	1.43985e-21	7500	2e+11 0.516406
267	0.00267	2.15719e-17	4.17738e-21	7500	2e+11 0.516406
268	0.00268	6.45618e-17	1.25023e-20	7500	2e+11 0.516394
269	0.00269	1.88907e-16	3.65816e-20	7500	2e+11 0.516406
270	0.0027	5.81142e-16	1.12538e-19	7500	2e+11 0.516406
271	0.00271	1.51153e-15	2.92707e-19	7500	2e+11 0.516394
272	0.00272	4.26049e-15	8.25041e-19	7500	2e+11 0.516406
273	0.00273	1.15873e-14	2.24387e-18	7500	2e+11 0.516406
274	0.00274	3.16841e-14	6.1356e-18	7500	2e+11 0.516394
275	0.00275	9.00532e-14	1.74387e-17	7500	2e+11 0.516406
276	0.00276	2.44655e-13	4.73773e-17	7500	2e+11 0.516406
277	0.00277	6.24277e-13	1.20891e-16	7500	2e+11 0.516394
278	0.00278	1.84484e-12	3.57251e-16	7500	2e+11 0.516406
279	0.00279	4.96781e-12	9.62013e-16	7500	2e+11 0.516406
280	0.0028	1.33362e-11	2.58255e-15	7500	2e+11 0.516394
281	0.00281	3.73109e-11	7.22523e-15	7500	2e+11 0.516406
282	0.00282	1.15494e-10	2.23653e-14	7500	2e+11 0.516406
283	0.00283	2.95628e-10	5.72481e-14	7500	2e+11 0.516394
284	0.00284	9.57941e-10	1.85504e-13	7500	2e+11 0.516406
285	0.00285	2.33499e-09	4.52169e-13	7500	2e+11 0.516406
286	0.00286	6.76367e-09	1.30978e-12	7500	2e+11 0.516394
287	0.00287	1.52992e-08	2.96269e-12	7500	2e+11 0.516394
288	0.00288	5.47788e-08	1.06079e-11	7500	2e+11 0.516406
289	0.00289	1.419e-07	2.74787e-11	7500	2e+11 0.516406
290	0.0029	4.14421e-07	8.02523e-11	7500	2e+11 0.516394
291	0.00291	1.1454e-06	2.21805e-10	7500	2e+11 0.516406
292	0.00292	2.938e-06	5.68942e-10	7500	2e+11 0.516406
293	0.00293	8.48911e-06	1.64391e-09	7500	2e+11 0.516394
294	0.00294	2.25271e-05	4.36235e-09	7500	2e+11 0.516406
295	0.00295	6.51412e-05	1.26145e-08	7500	2e+11 0.516406
296	0.00296	0.000147976	2.86554e-08	7500	2e+11 0.516394
297	0.00297	0.000464335	8.99182e-08	7500	2e+11 0.516406
298	0.00298	0.00141546	2.74102e-07	7500	2e+11 0.516406
299	0.00299	0.00376514	7.29116e-07	7500	2e+11 0.516394
300	0.003	0.0109895	2.12811e-06	7500	2e+11 0.516406
301	0.00301	0.0349448	6.76703e-06	7500	2e+11 0.516406
302	0.00302	0.0933582	1.80787e-05	7500	2e+11 0.516394
303	0.00303	0.243614	4.71757e-05	7500	2e+11 0.516382
304	0.00304	0.612149	0.000118542	7500	2e+11 0.516382
305	0.00305	1.71896	0.000332876	7500	2e+11 0.516286
306	0.00306001	3.54155	0.000685818	7500	2e+11 0.516226
307	0.00307001	5.99579	0.00116108	7500	2e+11 0.515985
308	0.00308003	8.95818	0.00173474	7500	2e+11 0.515733
309	0.00309005	12.2963	0.00238116	7500	2e+11 0.515434
310	0.00310007	15.8771	0.00307459	7500	2e+11 0.515087
311	0.0031101	19.5727	0.00379024	7500	2e+11 0.51474
312	0.00312014	23.2648	0.00450521	7500	2e+11 0.514346
313	0.00313019	26.8499	0.00519947	7500	2e+11 0.514012
314	0.00314024	30.2457	0.00585705	7500	2e+11 0.513643
315	0.0031503	33.3898	0.00646591	7500	2e+11 0.513322
316	0.00316037	36.2381	0.00701747	7500	2e+11 0.51299
317	0.00317044	38.7661	0.00750702	7500	2e+11 0.512776
318	0.00318052	40.9666	0.00793316	7500	2e+11 0.512468
319	0.0031906	42.8426	0.00829644	7500	2e+11 0.512291
320	0.00320068	44.4139	0.00860071	7500	2e+11 0.512113
321	0.00321077	45.7047	0.00885068	7500	2e+11 0.51196
322	0.00322086	46.745	0.00905212	7500	2e+11 0.51183
323	0.00323095	47.5681	0.00921153	7500	2e+11 0.511747
324	0.00324104	48.2095	0.00933572	7500	2e+11 0.511641
325	0.00325113	48.7002	0.00943075	7500	2e+11 0.511641
326	0.00326123	49.0703	0.00950242	7500	2e+11 0.511535
327	0.00327132	49.3443	0.00955547	7500	2e+11 0.511535
328	0.00328142	49.5437	0.00959411	7500	2e+11 0.511523
329	0.00329152	49.6871	0.00962186	7500	2e+11 0.511487
330	0.00330161	49.7885	0.00964151	7500	2e+11 0.511487
331	0.00331171	49.8592	0.00965519	7500	2e+11 0.511487
332	0.00332181	49.9077	0.00966458	7500	2e+11 0.511452
333	0.0033319	49.9405	0.00967094	7500	2e+11 0.511476
334	0.003342	49.9625	0.0096752	7500	2e+11 0.511476
335	0.0033521	49.977	0.00967801	7500	2e+11 0.511428
336	0.0033622	49.9865	0.00967984	7500	2e+11 0.51144
337	0.00337229	49.9926	0.00968102	7500	2e+11 0.51144
338	0.00338239	49.9965	0.00968177	7500	2e+11 0.511476
339	0.00339249	49.9989	0.00968225	7500	2e+11 0.511476
340	0.00340258	50.0005	0.00968255	7500	2e+11 0.511428
341	0.00341268	50.0014	0.00968273	7500	2e+11 0.511405
342	0.00342278	50.002	0.00968284	7500	2e+11 0.511499
343	0.00343287	50.0023	0.00968291	7500	2e+11 0.511499
344	0.00344297	50.0025	0.00968294	7500	2e+11 0.511476
345	0.00345307	50.0026	0.00968296	7500	2e+11 0.511476
346	0.00346317	50.0026	0.00968296	7500	2e+11 0.511452
347	0.00347326	50.0026	0.00968296	7500	2e+11 0.511452
348	0.00348336	50.0026	0.00968296	7500	2e+11 0.511476
349	0.00349346	50.0026	0.00968296	7500	2e+11 0.511476
350	0.00350355	50.0026	0.00968296	7500	2e+11 0.51144
351	0.00351365	50.0026	0.00968296	7500	2e+11 0.51144
352	0.00352375	50.0026	0.00968296	7500	2e+11 0.511452
353	0.00353385	50.0026	0.00968296	7500	2e+11 0.511452
354	0.00354394	50.0026	0.00968296	7500	2e+11 0.511428
355	0.00355404	50.0026	0.00968296	7500	2e+11 0.511511
356	0.00356414	50.0026	0.00968296	7500	2e+11 0.511511
357	0.00357423	50.0026	0.00968296	7500	2e+11 0.511417
358	0.00358433	50.0026	0.00968296	7500	2e+11 0.511452
359	0.00359443	50.0026	0.00968296	7500	2e+11 0.511452
360	0.00360453	50.0026	0.00968296	7500	2e+11 0.51144
361	0.00361462	50.0026	0.00968296	7500	2e+11 0.511452
362	0.00362472	50.0026	0.00968296	7500	2e+11 0.511452
363	0.00363482	50.0026	0.00968296	7500	2e+11 0.511452
364	0.00364491	50.0026	0.00968296	7500	2e+11 0.511452
365	0.00365501	50.0026	0.00968296	7500	2e+11 0.511464
366	0.00366511	50.0026	0.00968296	7500	2e+11 0.511464
367	0.00367521	50.0026	0.00968296	7500	2e+11 0.511511
368	0.0036853	50.0026	0.00968296	7500	2e+11 0.511511
369	0.0036954	50.0026	0.00968296	7500	2e+11 0.511417
370	0.0037055	50.0026	0.00968296	7500	2e+11 0.511452
371	0.0037156	50.0026	0.00968296	7500	2e+11 0.511452
372	0.00372569	50.0026	0.00968296	7500	2e+11 0.51144
373	0.00373579	50.0026	0.00968296	7500	2e+11 0.51144
374	0.00374589	50.0026	0.00968296	7500	2e+11 0.511464
375	0.00375598	50.0026	0.00968296	7500	2e+11 0.511464
376	0.00376608	50.0026	0.00968295	7500	2e+11 0.51144
377	0.00377618	50.0025	0.00968295	7500	2e+11 0.51144
378	0.00378628	50.0025	0.00968295	7500	2e+11 0.51144
379	0.00379637	50.0025	0.00968295	7500	2e+11 0.511464
380	0.00380647	50.0025	0.00968295	7500	2e+11 0.511464
381	0.00381657	50.0025	0.00968295	7500	2e+11 0.511476
382	0.00382666	50.0025	0.00968295	7500	2e+11 0.511476
383	0.00383676	50.0025	0.00968295	7500	2e+11 0.511417
384	0.00384686	50.0025	0.00968295	7500	2e+11 0.511452
385	0.00385696	50.0025	0.00968295	7500	2e+11 0.511452
386	0.00386705	50.0025	0.00968295	7500	2e+11 0.511476
387	0.00387715	50.0025	0.00968295	7500	2e+11 0.511476
388	0.00388725	50.0025	0.00968294	7500	2e+11 0.511452
389	0.00389734	50.0025	0.00968294	7500	2e+11 0.511712
390	0.00390744	50.0025	0.00968294	7500	2e+11 0.512551
391	0.00391751	50.0025	0.00968294	7500	2e+11 0.512551
392	0.00392761	50.0025	0.00968294	7500	2e+11 0.511464
393	0.0039377	50.0025	0.00968294	7500	2e+11 0.511464
394	0.0039478	50.0025	0.00968294	7500	2e+11 0.511464
395	0.0039579	50.0025	0.00968294	7500	2e+11 0.511487
396	0.00396799	50.0024	0.00968293	7500	2e+11 0.511487
397	0.00397809	50.0024	0.00968292	7500	2e+11 0.511487
398	0.00398819	50.0021	0.00968286	7500	2e+11 0.511487
399	0.00399829	50.0015	0.00968276	7500	2e+11 0.511487
400	0.00400838	49.9995	0.00968235	7500	2e+11 0.511487
401	0.00401848	49.9945	0.00968139	7500	2e+11 0.511487
402	0.00402857	49.9813	0.00967884	7500	2e+11 0.511487
403	0.00403867	49.9462	0.00967204	7500	2e+11 0.511464
404	0.00404877	49.8163	0.00964689	7500	2e+11 0.511511
405	0.00405886	49.5918	0.00960341	7500	2e+11 0.511511
406	0.00406896	48.5297	0.00939773	7500	2e+11 0.511605
407	0.00407905	46.2705	0.00896025	7500	2e+11 0.511889
408	0.00408914	42.9	0.00830755	7500	2e+11 0.512172
409	0.00409922	38.697	0.00749364	7500	2e+11 0.51267
410	0.0041093	34.0014	0.00658435	7500	2e+11 0.513097
411	0.00411936	29.1342	0.00564181	7500	2e+11 0.513572
412	0.00412942	24.379	0.00472096	7500	2e+11 0.514096
413	0.00413946	19.9498	0.00386325	7500	2e+11 0.514477
414	0.0041495	15.9933	0.00309709	7500	2e+11 0.514907
415	0.00415953	12.5752	0.00243518	7500	2e+11 0.515194
416	0.00416955	9.71161	0.00188065	7500	2e+11 0.515482
417	0.00417957	7.37691	0.00142853	7500	2e+11 0.515793
418	0.00418958	5.51655	0.00106827	7500	2e+11 0.515841
419	0.00419959	4.06374	0.00078694	7500	2e+11 0.515961
420	0.0042096	2.95206	0.000571664	7500	2e+11 0.516105
421	0.0042196	2.11294	0.000409169	7500	2e+11 0.516274
422	0.00422961	1.49322	0.000289162	7500	2e+11 0.516274
423	0.00423961	1.04206	0.000201795	7500	2e+11 0.516298
424	0.00424961	0.717878	0.000139016	7500	2e+11 0.516346
425	0.00425962	0.487818	9.44655e-05	7500	2e+11 0.51637
426	0.00426962	0.327841	6.34861e-05	7500	2e+11 0.516394
427	0.00427962	0.217979	4.22115e-05	7500	2e+11 0.516418
428	0.00428962	0.143193	2.77291e-05	7500	2e+11 0.516418
429	0.00429962	0.0929196	1.79938e-05	7500	2e+11 0.516394
430	0.00430962	0.0596839	1.15577e-05	7500	2e+11 0.516562
431	0.00431961	0.0378909	7.33754e-06	7500	2e+11 0.516562
432	0.00432961	0.0237577	4.60066e-06	7500	2e+11 0.51637
433	0.00433961	0.0147408	2.85453e-06	7500	2e+11 0.51637
434	0.00434962	0.00904722	1.75199e-06	7500	2e+11 0.516394
435	0.00435962	0.00549379	1.06387e-06	7500	2e+11 0.516394
436	0.00436962	0.00330252	6.39531e-07	7500	2e+11 0.516466
437	0.00437961	0.00196467	3.80457e-07	7500	2e+11 0.516466
438	0.00438961	0.00115657	2.23969e-07	7500	2e+11 0.51637
439	0.00439962	0.000673497	1.30422e-07	7500	2e+11 0.516514
440	0.00440961	0.000387676	7.50732e-08	7500	2e+11 0.516514
441	0.00441961	0.000221034	4.28031e-08	7500	2e+11 0.516394
442	0.00442961	0.000124802	2.41679e-08	7500	2e+11 0.516418
443	0.00443961	6.97106e-05	1.34994e-08	7500	2e+11 0.516418
444	0.00444962	3.84923e-05	7.45401e-09	7500	2e+11 0.516418
445	0.00445962	2.10216e-05	4.07082e-09	7500	2e+11 0.516418
446	0.00446962	1.13927e-05	2.20619e-09	7500	2e+11 0.516394
447	0.00447962	6.11603e-06	1.18436e-09	7500	2e+11 0.51649
448	0.00448962	3.24989e-06	6.29339e-10	7500	2e+11 0.51649
449	0.00449961	1.7104e-06	3.31218e-10	7500	2e+11 0.516418
450	0.00450962	8.92905e-07	1.7291e-10	7500	2e+11 0.516514
451	0.00451961	4.60946e-07	8.92619e-11	7500	2e+11 0.516514
452	0.00452961	2.35677e-07	4.56386e-11	7500	2e+11 0.516418
453	0.00453962	1.1943e-07	2.31275e-11	7500	2e+11 0.516466
454	0.00454961	5.99815e-08	1.16154e-11	7500	2e+11 0.516514
455	0.00455961	2.98075e-08	5.77219e-12	7500	2e+11 0.516514
456	0.00456962	1.46957e-08	2.84582e-12	7500	2e+11 0.516442
457	0.00457962	7.18363e-09	1.3911e-12	7500	2e+11 0.516442
458	0.00458962	3.4837e-09	6.74615e-13	7500	2e+11 0.516394
459	0.00459962	1.66846e-09	3.23095e-13	7500	2e+11 0.51649
460	0.00460961	7.89255e-10	1.52839e-13	7500	2e+11 0.51649
461	0.00461961	3.69872e-10	7.16254e-14	7500	2e+11 0.516442
462	0.00462962	1.71958e-10	3.32996e-14	7500	2e+11 0.516394
463	0.00463962	7.95295e-11	1.54008e-14	7500	2e+11 0.51649
464	0.00464961	3.65305e-11	7.07411e-15	7500	2e+11 0.51649
465	0.00465961	1.65585e-11	3.20654e-15	7500	2e+11 0.516442
466	0.00466961	7.44742e-12	1.44219e-15	7500	2e+11 0.516394
467	0.00467961	3.31786e-12	6.42501e-16	7500	2e+11 0.516466
468	0.00468961	1.46277e-12	2.83264e-16	7500	2e+11 0.516466
469	0.00469962	6.39553e-13	1.23849e-16	7500	2e+11 0.516466
470	0.00470961	2.77545e-13	5.37463e-17	7500	2e+11 0.516466
471	0.00471962	1.19031e-13	2.30502e-17	7500	2e+11 0.516346
472	0.00472962	5.05632e-14	9.79153e-18	7500	2e+11 0.51661
473	0.00473961	2.12656e-14	4.11806e-18	7500	2e+11 0.51661
474	0.00474961	8.85123e-15	1.71403e-18	7500	2e+11 0.516394
475	0.00475961	3.67669e-15	7.11988e-19	7500	2e+11 0.516346
476	0.00476961	1.50857e-15	2.92133e-19	7500	2e+11 0.516394
477	0.00477961	6.12567e-16	1.18623e-19	7500	2e+11 0.516538
478	0.00478961	2.46499e-16	4.77344e-20	7500	2e+11 0.516538
479	0.00479961	9.85348e-17	1.90812e-20	7500	2e+11 0.516346
480	0.00480961	3.92654e-17	7.60371e-21	7500	2e+11 0.516442
481	0.00481961	1.54402e-17	2.98997e-21	7500	2e+11 0.516442
482	0.00482961	5.99039e-18	1.16003e-21	7500	2e+11 0.516418
483	0.00483961	2.31434e-18	4.4817e-22	7500	2e+11 0.516442
484	0.00484961	8.83418e-19	1.71073e-22	7500	2e+11 0.516442
485	0.00485961	3.35418e-19	6.49535e-23	7500	2e+11 0.516442
486	0.00486961	1.25998e-19	2.43993e-23	7500	2e+11 0.516442
487	0.00487961	4.7168e-20	9.13404e-24	7500	2e+11 0.516466
488	0.00488961	1.74049e-20	3.37045e-24	7500	2e+11 0.516466
489	0.00489962	6.38717e-21	1.23687e-24	7500	2e+11 0.516442
490	0.00490962	2.32774e-21	4.50765e-25	7500	2e+11 0.51649
491	0.00491961	8.38947e-22	1.62461e-25	7500	2e+11 0.51649
492	0.00492961	3.01155e-22	5.83184e-26	7500	2e+11 0.516418
493	0.00493961	1.06535e-22	2.06305e-26	7500	2e+11 0.516418
494	0.00494961	3.74846e-23	7.25885e-27	7500	2e+11 0.516418
495	0.00495961	1.30245e-23	2.52217e-27	7500	2e+11 0.516538
496	0.00496961	4.49226e-24	8.69923e-28	7500	2e+11 0.516538
497	0.00497961	1.54423e-24	2.9904e-28	7500	2e+11 0.516442
498	0.00498961	5.22902e-25	1.01259e-28	7500	2e+11 0.516394
499	0.00499961	1.75525e-25	3.39904e-29	7500	2e+11 0.516418
500	0.00500961	5.83285e-26	1.12953e-29	7500	2e+11 0.516442
501	0.00501961	1.93196e-26	3.74122e-30	7500	2e+11 0.516442
502	0.00502961	6.34424e-27	1.22856e-30	7500	2e+11 0.516418
503	0.00503961	2.06364e-27	3.99621e-31	7500	2e+11 0.516418
504	0.00504961	6.64281e-28	1.28638e-31	7500	2e+11 0.516418
505	0.00505961	2.1224e-28	4.11e-32	7500	2e+11 0.516418
506	0.00506961	6.70046e-29	1.29754e-32	7500	2e+11 0.516586
507	0.00507961	2.10773e-29	4.08161e-33	7500	2e+11 0.516586
508	0.00508961	6.5964e-30	1.27739e-33	7500	2e+11 0.51637
509	0.00509961	2.04556e-30	3.96122e-34	7500	2e+11 0.516394
510	0.00510961	6.26809e-31	1.21381e-34	7500	2e+11 0.516394
511	0.00511961	1.88756e-31	3.65525e-35	7500	2e+11 0.516442
512	0.00512961	5.62634e-32	1.08954e-35	7500	2e+11 0.516442
513	0.00513961	1.66348e-32	3.22131e-36	7500	2e+11 0.516466
514	0.00514961	4.86077e-33	9.41283e-37	7500	2e+11 0.516466
515	0.00515961	1.41485e-33	2.73985e-37	7500	2e+11 0.516514
516	0.00516961	4.11865e-34	7.97573e-38	7500	2e+11 0.516514
517	0.00517961	1.18534e-34	2.2954e-38	7500	2e+11 0.516418
518	0.00518961	3.38675e-35	6.55842e-39	7500	2e+11 0.516394
519	0.00519961	9.51521e-36	1.84261e-39	7500	2e+11 0.516442
520	0.00520961	2.66786e-36	5.16629e-40	7500	2e+11 0.51649
521	0.00521961	7.44996e-37	1.44268e-40	7500	2e+11 0.51649
522	0.00522961	2.06161e-37	3.9923e-41	7500	2e+11 0.516418
523	0.00523961	5.67034e-38	1.09806e-41	7500	2e+11 0.516418
524	0.00524961	1.53698e-38	2.97636e-42	7500	2e+11 0.51649
525	0.00525961	4.13915e-39	8.01543e-43	7500	2e+11 0.51649
526	0.00526961	1.08544e-39	2.10195e-43	7500	2e+11 0.516418
527	0.00527961	2.74978e-40	5.32493e-44	7500	2e+11 0.516562
528	0.00528961	5.78904e-41	1.12104e-44	7500	2e+11 0.516562
529	0.00529961	7.23631e-42	1.4013e-45	7500	2e+11 0.516466
530	0.00530961	0	0	7500	2e+11 0.516466
531	0.00531961	0	0	7500	2e+11 0.516442
532	0.00532961	0	0	7500	2e+11 0.516442
533	0.00533961	0	0	7500	2e+11 0.516394
534	0.00534961	0	0	7500	2e+11 0.516466
535	0.00535961	0	0	7500	2e+11 0.516466
536	0.00536961	0	0	7500	2e+11 0.516418
537	0.00537961	0	0	7500	2e+11 0.516466
538	0.00538961	0	0	7500	2e+11 0.516466
539	0.00539961	0	0	7500	2e+11 0.516466
540	0.00540961	0	0	7500	2e+11 0.516466
541	0.00541961	0	0	7500	2e+11 0.516394
542	0.00542961	0	0	7500	2e+11 0.51649
543	0.00543961	0	0	7500	2e+11 0.51649
544	0.00544961	0	0	7500	2e+11 0.51637
545	0.00545961	0	0	7500	2e+11 0.51649
546	0.00546961	0	0	7500	2e+11 0.51649
547	0.00547961	0	0	7500	2e+11 0.516418
548	0.00548961	0	0	7500	2e+11 0.516418
549	0.00549961	0	0	7500	2e+11 0.516538
550	0.00550961	0	0	7500	2e+11 0.516538
551	0.00551961	0	0	7500	2e+11 0.516394
552	0.00552961	0	0	7500	2e+11 0.516442
553	0.00553961	0	0	7500	2e+11 0.516442
554	0.00554961	0	0	7500	2e+11 0.51637
555	0.00555961	0	0	7500	2e+11 0.516418
556	0.00556961	0	0	7500	2e+11 0.516418
557	0.00557961	0	0	7500	2e+11 0.516466
558	0.00558961	0	0	7500	2e+11 0.516466
559	0.00559961	0	0	7500	2e+11 0.516514
560	0.0056096	0	0	7500	2e+11 0.516514
561	0.0056196	0	0	7500	2e+11 0.516418
562	0.00562961	0	0	7500	2e+11 0.516346
563	0.00563961	0	0	7500	2e+11 0.51649
564	0.00564961	0	0	7500	2e+11 0.51649
565	0.00565961	0	0	7500	2e+11 0.516466
566	0.0056696	0	0	7500	2e+11 0.516466
567	0.0056796	0	0	7500	2e+11 0.516442
568	0.00568961	0	0	7500	2e+11 0.516442
569	0.0056996	0	0	7500	2e+11 0.516466
570	0.0057096	0	0	7500	2e+11 0.516514
571	0.0057196	0	0	7500	2e+11 0.516514
572	0.0057296	0	0	7500	2e+11 0.51637
573	0.0057396	0	0	7500	2e+11 0.516514
574	0.0057496	0	0	7500	2e+11 0.516514
575	0.0057596	0	0	7500	2e+11 0.516418
576	0.0057696	0	0	7500	2e+11 0.516514
577	0.0057796	0	0	7500	2e+11 0.516514
578	0.0057896	0	0	7500	2e+11 0.516394
579	0.0057996	0	0	7500	2e+11 0.51649
580	0.0058096	0	0	7500	2e+11 0.51649
581	0.0058196	0	0	7500	2e+11 0.516394
582	0.0058296	0	0	7500	2e+11 0.516418
583	0.0058396	0	0	7500	2e+11 0.516418
584	0.0058496	0	0	7500	2e+11 0.516394
585	0.0058596	0	0	7500	2e+11 0.51637
586	0.0058696	0	0	7500	2e+11 0.516442
587	0.0058796	0	0	7500	2e+11 0.516538
588	0.0058896	0	0	7500	2e+11 0.516538
589	0.0058996	0	0	7500	2e+11 0.51649
590	0.0059096	0	0	7500	2e+11 0.51649
591	0.0059196	0	0	7500	2e+11 0.516418
592	0.0059296	0	0	7500	2e+11 0.516418
593	0.0059396	0	0	7500	2e+11 0.516466
594	0.0059496	0	0	7500	2e+11 0.51649
595	0.0059596	0	0	7500	2e+11 0.51649
596	0.0059696	0	0	7500	2e+11 0.516394
597	0.0059796	0	0	7500	2e+11 0.51649
598	0.0059896	0	0	7500	2e+11 0.51649
599	0.0059996	0	0	7500	2e+11 0.516394
600	0.0060096	0	0	7500	2e+11 0.51649
601	0.00601959	0	0	7500	2e+11 0.51649
602	0.00602959	0	0	7500	2e+11 0.51649
603	0.00603959	0	0	7500	2e+11 0.51649
604	0.00604959	0	0	7500	2e+11 0.516442
605	0.00605959	0	0	7500	2e+11 0.516466
606	0.00606959	0	0	7500	2e+11 0.516466
607	0.00607959	0	0	7500	2e+11 0.51649
608	0.00608959	0	0	7500	2e+11 0.51649
609	0.00609959	0	0	7500	2e+11 0.51649
610	0.00610959	0	0	7500	2e+11 0.51649
611	0.00611959	0	0	7500	2e+11 0.516418
612	0.00612959	0	0	7500	2e+11 0.516418
613	0.00613959	0	0	7500	2e+11 0.51649
614	0.00614959	0	0	7500	2e+11 0.51649
615	0.00615959	0	0	7500	2e+11 0.516466
616	0.00616959	0	0	7500	2e+11 0.516466
617	0.00617959	0	0	7500	2e+11 0.516418
618	0.00618958	0	0	7500	2e+11 0.516538
619	0.00619958	0	0	7500	2e+11 0.516538
620	0.00620958	0	0	7500	2e+11 0.516442
621	0.00621958	0	0	7500	2e+11 0.516442
622	0.00622958	0	0	7500	2e+11 0.516514
623	0.00623958	0	0	7500	2e+11 0.516514
624	0.00624958	0	0	7500	2e+11 0.516442
625	0.00625958	0	0	7500	2e+11 0.516442
626	0.00626958	0	0	7500	2e+11 0.51649
627	0.00627958	0	0	7500	2e+11 0.51649
628	0.00628958	0	0	7500	2e+11 0.516418
629	0.00629958	0	0	7500	2e+11 0.516466
630	0.00630957	0	0	7500	2e+11 0.516514
631	0.00631957	0	0	7500	2e+11 0.516514
632	0.00632957	0	0	7500	2e+11 0.51661
633	0.00633957	0	0	7500	2e+11 0.51661
634	0.00634957	0	0	7500	2e+11 0.516514
635	0.00635957	0	0	7500	2e+11 0.516514
636	0.00636957	0	0	7500	2e+11 0.516514
637	0.00637956	0	0	7500	2e+11 0.516538
638	0.00638956	0	0	7500	2e+11 0.516538
639	0.00639956	0	0	7500	2e+11 0.516586
640	0.00640956	0	0	7500	2e+11 0.516586
641	0.00641956	0	0	7500	2e+11 0.516562
642	0.00642955	0	0	7500	2e+11 0.516731
643	0.00643955	0	0	7500	2e+11 0.516731
644	0.00644955	0	0	7500	2e+11 0.516707
645	0.00645954	0	0	7500	2e+11 0.516707
646	0.00646954	0	0	7500	2e+11 0.516731
647	0.00647953	0	0	7500	2e+11 0.516731
648	0.00648952	0	0	7500	2e+11 0.516851
649	0.00649952	0	0	7500	2e+11 0.517164
650	0.0065095	0	0	7500	2e+11 0.517164
651	0.00651956	0	0	7500	2e+11 0.51702
652	0.00652955	0	0	7500	2e+11 0.51702
653	0.00653954	0	0	7500	2e+11 0.516779
654	0.00654954	0	0	7500	2e+11 0.516658
655	0.00655953	0	0	7500	2e+11 0.516634
656	0.00656953	0	0	7500	2e+11 0.516634
657	0.00657953	0	0	7500	2e+11 0.516538
658	0.00658952	0	0	7500	2e+11 0.516658
659	0.00659952	0	0	7500	2e+11 0.516658
660	0.00660952	0	0	7500	2e+11 0.516538
661	0.00661952	0	0	7500	2e+11 0.516538
662	0.00662951	0	0	7500	2e+11 0.516514
663	0.00663951	0	0	7500	2e+11 0.516514
664	0.00664951	0	0	7500	2e+11 0.51637
665	0.00665951	0	0	7500	2e+11 0.51637
666	0.00666951	0	0	7500	2e+11 0.516394
667	0.00667951	0	0	7500	2e+11 0.516562
668	0.00668951	0	0	7500	2e+11 0.516562
669	0.00669951	0	0	7500	2e+11 0.516418
670	0.00670951	0	0	7500	2e+11 0.51649
671	0.00671951	0	0	7500	2e+11 0.51649
672	0.00672951	0	0	7500	2e+11 0.51637
673	0.00673951	0	0	7500	2e+11 0.516538
674	0.00674951	0	0	7500	2e+11 0.516538
675	0.00675951	0	0	7500	2e+11 0.51637
676	0.00676951	0	0	7500	2e+11 0.51637
677	0.00677951	0	0	7500	2e+11 0.516442
678	0.00678951	0	0	7500	2e+11 0.516442
679	0.00679951	0	0	7500	2e+11 0.516442
680	0.00680951	0	0	7500	2e+11 0.516442
681	0.00681951	0	0	7500	2e+11 0.516394
682	0.00682951	0	0	7500	2e+11 0.516394
683	0.00683951	0	0	7500	2e+11 0.51637
684	0.00684952	0	0	7500	2e+11 0.516346
685	0.00685952	0	0	7500	2e+11 0.516346
686	0.00686952	0	0	7500	2e+11 0.51637
687	0.00687952	0	0	7500	2e+11 0.516442
688	0.00688952	0	0	7500	2e+11 0.516442
689	0.00689952	0	0	7500	2e+11 0.516418
690	0.00690952	0	0	7500	2e+11 0.516418
691	0.00691952	0	0	7500	2e+11 0.516442
692	0.00692952	0	0	7500	2e+11 0.516442
693	0.00693952	0	0	7500	2e+11 0.516466
694	0.00694952	0	0	7500	2e+11 0.516466
695	0.00695952	0	0	7500	2e+11 0.516466
696	0.00696952	0	0	7500	2e+11 0.516394
697	0.00697952	0	0	7500	2e+11 0.516418
698	0.00698952	0	0	7500	2e+11 0.516418
699	0.00699952	0	0	7500	2e+11 0.51649
700	0.00700952	0	0	7500	2e+11 0.51649
701	0.00701952	0	0	7500	2e+11 0.51637
702	0.00702952	0	0	7500	2e+11 0.51637
703	0.00703952	0	0	7500	2e+11 0.516466
704	0.00704952	0	0	7500	2e+11 0.516466
705	0.00705952	0	0	7500	2e+11 0.516442
706	0.00706952	0	0	7500	2e+11 0.516442
707	0.00707952	0	0	7500	2e+11 0.516442
708	0.00708952	0	0	7500	2e+11 0.516418
709	0.00709952	0	0	7500	2e+11 0.516538
710	0.00710952	0	0	7500	2e+11 0.516538
711	0.00711952	0	0	7500	2e+11 0.516442
712	0.00712952	0	0	7500	2e+11 0.516442
713	0.00713952	0	0	7500	2e+11 0.516442
714	0.00714952	0	0	7500	2e+11 0.516442
715	0.00715952	0	0	7500	2e+11 0.516394
716	0.00716952	0	0	7500	2e+11 0.516562
717	0.00717951	0	0	7500	2e+11 0.516562
718	0.00718951	0	0	7500	2e+11 0.516418
719	0.00719952	0	0	7500	2e+11 0.51649
720	0.00720951	0	0	7500	2e+11 0.51649
721	0.00721952	0	0	7500	2e+11 0.51649
722	0.00722951	0	0	7500	2e+11 0.51649
723	0.00723951	0	0	7500	2e+11 0.516442
724	0.00724951	0	0	7500	2e+11 0.516442
725	0.00725951	0	0	7500	2e+11 0.516442
726	0.00726951	0	0	7500	2e+11 0.516442
727	0.00727951	0	0	7500	2e+11 0.516442
728	0.00728951	0	0	7500	2e+11 0.516442
729	0.00729951	0	0	7500	2e+11 0.516418
730	0.00730951	0	0	7500	2e+11 0.516418
731	0.00731951	0	0	7500	2e+11 0.516514
732	0.00732951	0	0	7500	2e+11 0.516514
733	0.00733951	0	0	7500	2e+11 0.516322
734	0.00734952	0	0	7500	2e+11 0.51637
735	0.00735952	0	0	7500	2e+11 0.516418
736	0.00736952	0	0	7500	2e+11 0.51649
737	0.00737951	0	0	7500	2e+11 0.51649
738	0.00738952	0	0	7500	2e+11 0.516322
739	0.00739952	0	0	7500	2e+11 0.51637
740	0.00740952	0	0	7500	2e+11 0.51637
741	0.00741952	0	0	7500	2e+11 0.516346
742	0.00742952	0	0	7500	2e+11 0.516346
743	0.00743952	0	0	7500	2e+11 0.516274
744	0.00744953	0	0	7500	2e+11 0.516274
745	0.00745953	0	0	7500	2e+11 0.516226
746	0.00746953	0	0	7500	2e+11 0.516226
747	0.00747954	0	0	7500	2e+11 0.516105
748	0.00748955	0	0	7500	2e+11 0.516129
749	0.00749955	0	0	7500	2e+11 0.516129
750	0.00750956	0	0	7500	2e+11 0.519466
751	0.0075195	0	0	7500	2e+11 0.519466
752	0.00752952	0	0	7500	2e+11 0.515841
753	0.00753953	0	0	7500	2e+11 0.516274
754	0.00754953	0	0	7500	2e+11 0.516274
755	0.00755954	0	0	7500	2e+11 0.516033
756	0.00756954	0	0	7500	2e+11 0.516346
757	0.00757955	0	0	7500	2e+11 0.516346
758	0.00758955	0	0	7500	2e+11 0.516177
759	0.00759955	0	0	7500	2e+11 0.516177
760	0.00760956	0	0	7500	2e+11 0.516298
761	0.00761956	0	0	7500	2e+11 0.516298
762	0.00762957	0	0	7500	2e+11 0.516442
763	0.00763956	0	0	7500	2e+11 0.516442
764	0.00764957	0	0	7500	2e+11 0.516538
765	0.00765957	0	0	7500	2e+11 0.516538
766	0.00766957	0	0	7500	2e+11 0.516346
767	0.00767957	0	0	7500	2e+11 0.516346
768	0.00768957	0	0	7500	2e+11 0.516346
769	0.00769957	0	0	7500	2e+11 0.516346
770	0.00770958	0	0	7500	2e+11 0.516442
771	0.00771958	0	0	7500	2e+11 0.516442
772	0.00772958	0	0	7500	2e+11 0.516346
773	0.00773958	0	0	7500	2e+11 0.516346
774	0.00774958	0	0	7500	2e+11 0.516394
775	0.00775958	0	0	7500	2e+11 0.516394
776	0.00776958	0	0	7500	2e+11 0.51637
777	0.00777958	0	0	7500	2e+11 0.51637
778	0.00778959	0	0	7500	2e+11 0.51649
779	0.00779958	0	0	7500	2e+11 0.51649
780	0.00780959	0	0	7500	2e+11 0.516201
781	0.00781965	0	0	7500	2e+11 0.51541
782	0.00782966	0	0	7500	2e+11 0.51637
783	0.00783966	0	0	7500	2e+11 0.51637
784	0.00784967	0	0	7500	2e+11 0.516466
785	0.00785966	0	0	7500	2e+11 0.516466
786	0.00786967	0	0	7500	2e+11 0.516514
787	0.00787966	0	0	7500	2e+11 0.516514
788	0.00788967	0	0	7500	2e+11 0.516466
789	0.00789967	0	0	7500	2e+11 0.516466
790	0.00790967	0	0	7500	2e+11 0.51661
791	0.00791967	0	0	7500	2e+11 0.51661
792	0.00792967	0	0	7500	2e+11 0.516466
793	0.00793967	0	0	7500	2e+11 0.516466
794	0.00794967	0	0	7500	2e+11 0.51661
795	0.00795967	0	0	7500	2e+11 0.51661
796	0.00796967	0	0	7500	2e+11 0.516322
797	0.00797968	0	0	7500	2e+11 0.516514
798	0.00798967	0	0	7500	2e+11 0.516514
799	0.00799967	0	0	7500	2e+11 0.516514
800	0.00800967	0	0	7500	2e+11 0.516466
801	0.00801967	0	0	7500	2e+11 0.516514
802	0.00802967	0	0	7500	2e+11 0.516514
803	0.00803967	0	0	7500	2e+11 0.516274
804	0.00804968	0	0	7500	2e+11 0.516418
805	0.00805968	0	0	7500	2e+11 0.516466
806	0.00806968	0	0	7500	2e+11 0.516658
807	0.00807967	0	0	7500	2e+11 0.516658
808	0.00808967	0	0	7500	2e+11 0.51637
809	0.00809967	0	0	7500	2e+11 0.51637
810	0.00810968	0	0	7500	2e+11 0.516466
811	0.00811968	0	0	7500	2e+11 0.516466
812	0.00812968	0	0	7500	2e+11 0.51637
813	0.00813968	0	0	7500	2e+11 0.516322
814	0.00814968	0	0	7500	2e+11 0.51637
815	0.00815968	0	0	7500	2e+11 0.51637
816	0.00816968	0	0	7500	2e+11 0.516658
817	0.00817968	0	0	7500	2e+11 0.516658
818	0.00818968	0	0	7500	2e+11 0.516322
819	0.00819968	0	0	7500	2e+11 0.51637
820	0.00820968	0	0	7500	2e+11 0.51637
821	0.00821968	0	0	7500	2e+11 0.51661
822	0.00822968	0	0	7500	2e+11 0.51661
823	0.00823968	0	0	7500	2e+11 0.516514
824	0.00824968	0	0	7500	2e+11 0.516514
825	0.00825968	0	0	7500	2e+11 0.51637
826	0.00826968	0	0	7500	2e+11 0.516562
827	0.00827968	0	0	7500	2e+11 0.516562
828	0.00828968	0	0	7500	2e+11 0.516514
829	0.00829968	0	0	7500	2e+11 0.516466
830	0.00830968	0	0	7500	2e+11 0.516466
831	0.00831969	0	0	7500	2e+11 0.51637
832	0.00832969	0	0	7500	2e+11 0.51637
833	0.00833969	0	0	7500	2e+11 0.51637
834	0.00834969	0	0	7500	2e+11 0.51661
835	0.00835968	0	0	7500	2e+11 0.51661
836	0.00836968	0	0	7500	2e+11 0.51661
837	0.00837968	0	0	7500	2e+11 0.516466
838	0.00838968	0	0	7500	2e+11 0.516466
839	0.00839969	0	0	7500	2e+11 0.516418
840	0.00840969	0	0	7500	2e+11 0.516418
841	0.00841969	0	0	7500	2e+11 0.516418
842	0.00842969	0	0	7500	2e+11 0.516418
843	0.00843969	0	0	7500	2e+11 0.516418
844	0.00844969	-3.2825e-33	-6.35654e-37	7500	2e+11 0.516418
845	0.00845969	-2.74264e-31	-5.3111e-35	7500	2e+11 0.516466
846	0.00846968	-1.07932e-29	-2.09009e-33	7500	2e+11 0.516466
847	0.00847969	-2.69113e-28	-5.21134e-32	7500	2e+11 0.516322
848	0.00848969	-4.79971e-27	-9.2946e-31	7500	2e+11 0.516322
849	0.00849969	-6.41986e-26	-1.2432e-29	7500	2e+11 0.51637
850	0.00850969	-4.55891e-25	-8.8283e-29	7500	2e+11 0.51637
851	0.00851969	-2.52635e-24	-4.89226e-28	7500	2e+11 0.51661
852	0.00852969	-9.57718e-24	-1.85461e-27	7500	2e+11 0.51661
853	0.00853969	-4.67231e-23	-9.0479e-27	7500	2e+11 0.51661
854	0.00854969	-2.20113e-22	-4.26248e-26	7500	2e+11 0.51661
855	0.00855969	-6.72333e-22	-1.30197e-25	7500	2e+11 0.516466
856	0.00856969	-3.08626e-21	-5.97652e-25	7500	2e+11 0.516466
857	0.00857969	-1.08314e-20	-2.0975e-24	7500	2e+11 0.51637
858	0.00858969	-3.93394e-20	-7.61804e-24	7500	2e+11 0.516466
859	0.00859969	-1.11771e-19	-2.16444e-23	7500	2e+11 0.516466
860	0.00860969	-3.82363e-19	-7.40443e-23	7500	2e+11 0.51637
861	0.00861969	-1.10974e-18	-2.14901e-22	7500	2e+11 0.516466
862	0.00862969	-3.4002e-18	-6.58447e-22	7500	2e+11 0.516466
863	0.00863969	-9.40343e-18	-1.82097e-21	7500	2e+11 0.516418
864	0.00864969	-3.09155e-17	-5.98676e-21	7500	2e+11 0.51637
865	0.00865969	-7.30316e-17	-1.41425e-20	7500	2e+11 0.51637
866	0.00866969	-2.35421e-16	-4.5589e-20	7500	2e+11 0.516418
867	0.00867969	-6.70866e-16	-1.29913e-19	7500	2e+11 0.516418
868	0.00868969	-1.61052e-15	-3.11876e-19	7500	2e+11 0.516418
869	0.00869969	-5.36081e-15	-1.03812e-18	7500	2e+11 0.516466
870	0.00870969	-1.45158e-14	-2.81098e-18	7500	2e+11 0.516466
871	0.00871969	-5.22232e-14	-1.0113e-17	7500	2e+11 0.51637
872	0.00872969	-1.30369e-13	-2.52458e-17	7500	2e+11 0.516466
873	0.00873969	-3.84274e-13	-7.44143e-17	7500	2e+11 0.51661
874	0.00874969	-1.03435e-12	-2.00301e-16	7500	2e+11 0.51661
875	0.00875969	-2.81131e-12	-5.44409e-16	7500	2e+11 0.51637
876	0.00876969	-6.80003e-12	-1.31682e-15	7500	2e+11 0.51637
877	0.00877969	-1.83488e-11	-3.55322e-15	7500	2e+11 0.51661
878	0.00878969	-5.09016e-11	-9.85706e-15	7500	2e+11 0.51661
879	0.00879969	-1.17772e-10	-2.28065e-14	7500	2e+11 0.516322
880	0.00880969	-3.89281e-10	-7.5384e-14	7500	2e+11 0.516322
881	0.0088197	-8.79123e-10	-1.70242e-13	7500	2e+11 0.516274
882	0.0088297	-2.52746e-09	-4.8944e-13	7500	2e+11 0.516707
883	0.00883969	-6.80349e-09	-1.31749e-12	7500	2e+11 0.516707
884	0.00884969	-1.81205e-08	-3.50903e-12	7500	2e+11 0.516418
885	0.00885969	-5.5183e-08	-1.06861e-11	7500	2e+11 0.516418
886	0.00886969	-1.44653e-07	-2.8012e-11	7500	2e+11 0.51637
887	0.00887969	-3.93588e-07	-7.6218e-11	7500	2e+11 0.51637
888	0.0088897	-8.39483e-07	-1.62565e-10	7500	2e+11 0.516466
889	0.0088997	-2.95875e-06	-5.72959e-10	7500	2e+11 0.516466
890	0.0089097	-7.53168e-06	-1.4585e-09	7500	2e+11 0.516418
891	0.0089197	-2.22802e-05	-4.31454e-09	7500	2e+11 0.51637
892	0.0089297	-6.13805e-05	-1.18863e-08	7500	2e+11 0.516418
893	0.0089397	-0.000187305	-3.62714e-08	7500	2e+11 0.516562
894	0.00894969	-0.000483836	-9.36945e-08	7500	2e+11 0.516562
895	0.0089597	-0.00131752	-2.55137e-07	7500	2e+11 0.51637
896	0.0089697	-0.00357557	-6.92406e-07	7500	2e+11 0.51637
897	0.0089797	-0.0101956	-1.97436e-06	7500	2e+11 0.516322
898	0.0089897	-0.0305966	-5.92501e-06	7500	2e+11 0.51637
899	0.0089997	-0.0732099	-1.4177e-05	7500	2e+11 0.516418
900	0.0090097	-0.236961	-4.58873e-05	7500	2e+11 0.516418
901	0.0090197	-0.535121	-0.000103626	7500	2e+11 0.516707
902	0.00902969	-1.83559	-0.000355461	7500	2e+11 0.516707
903	0.00903969	-4.36939	-0.000846128	7500	2e+11 0.516947
904	0.00904968	-7.97434	-0.00154423	7500	2e+11 0.51743
905	0.00905966	-12.3355	-0.00238876	7500	2e+11 0.517623
906	0.00906964	-17.1356	-0.00331829	7500	2e+11 0.518058
907	0.0090796	-22.0551	-0.00427096	7500	2e+11 0.518591
908	0.00908956	-26.7979	-0.00518938	7500	2e+11 0.519271
909	0.00909951	-31.1376	-0.00602977	7500	2e+11 0.519466
910	0.00910945	-34.9972	-0.00677717	7500	2e+11 0.520148
911	0.00911937	-38.2894	-0.00741472	7500	2e+11 0.520197
912	0.0091293	-41.0272	-0.00794488	7500	2e+11 0.52049
913	0.00913922	-43.2279	-0.00837105	7500	2e+11 0.520734
914	0.00914914	-44.9683	-0.00870808	7500	2e+11 0.520832
915	0.00915905	-46.3236	-0.00897052	7500	2e+11 0.521224
916	0.00916896	-47.3405	-0.00916744	7500	2e+11 0.521224
917	0.00917887	-48.1059	-0.00931567	7500	2e+11 0.521126
918	0.00918878	-48.6708	-0.00942506	7500	2e+11 0.521371
919	0.00919869	-49.0777	-0.00950386	7500	2e+11 0.52142
920	0.00920859	-49.3711	-0.00956067	7500	2e+11 0.52142
921	0.0092185	-49.5752	-0.0096002	7500	2e+11 0.521371
922	0.0092284	-49.7152	-0.00962732	7500	2e+11 0.521567
923	0.0092383	-49.8112	-0.00964591	7500	2e+11 0.521567
924	0.00924821	-49.8761	-0.00965846	7500	2e+11 0.52142
925	0.00925811	-49.9193	-0.00966684	7500	2e+11 0.521469
926	0.00926801	-49.9476	-0.00967231	7500	2e+11 0.521469
927	0.00927792	-49.966	-0.00967588	7500	2e+11 0.521371
928	0.00928783	-49.978	-0.0096782	7500	2e+11 0.521567
929	0.00929773	-49.9855	-0.00967964	7500	2e+11 0.521567
930	0.00930763	-49.9901	-0.00968054	7500	2e+11 0.52142
931	0.00931754	-49.993	-0.00968111	7500	2e+11 0.521518
932	0.00932744	-49.9948	-0.00968146	7500	2e+11 0.521518
933	0.00933734	-49.9959	-0.00968167	7500	2e+11 0.521616
934	0.00934724	-49.9966	-0.00968179	7500	2e+11 0.521616
935	0.00935715	-49.9969	-0.00968187	7500	2e+11 0.521469
936	0.00936705	-49.9971	-0.00968191	7500	2e+11 0.521469
937	0.00937696	-49.9973	-0.00968193	7500	2e+11 0.521469
938	0.00938686	-49.9973	-0.00968194	7500	2e+11 0.521469
939	0.00939676	-49.9974	-0.00968195	7500	2e+11 0.52142
940	0.00940667	-49.9974	-0.00968195	7500	2e+11 0.52142
941	0.00941657	-49.9974	-0.00968195	7500	2e+11 0.521518
942	0.00942648	-49.9974	-0.00968195	7500	2e+11 0.521518
943	0.00943638	-49.9974	-0.00968195	7500	2e+11 0.521567
944	0.00944628	-49.9974	-0.00968195	7500	2e+11 0.521567
945	0.00945618	-49.9974	-0.00968195	7500	2e+11 0.52142
946	0.00946609	-49.9974	-0.00968195	7500	2e+11 0.521322
947	0.009476	-49.9974	-0.00968195	7500	2e+11 0.521665
948	0.0094859	-49.9974	-0.00968195	7500	2e+11 0.521665
949	0.0094958	-49.9974	-0.00968195	7500	2e+11 0.521322
950	0.00950571	-49.9974	-0.00968195	7500	2e+11 0.52142
951	0.00951561	-49.9974	-0.00968195	7500	2e+11 0.521567
952	0.00952551	-49.9974	-0.00968195	7500	2e+11 0.521567
953	0.00953542	-49.9974	-0.00968195	7500	2e+11 0.521518
954	0.00954532	-49.9974	-0.00968195	7500	2e+11 0.521763
955	0.00955522	-49.9974	-0.00968196	7500	2e+11 0.521763
956	0.00956513	-49.9974	-0.00968196	7500	2e+11 0.521665
957	0.00957503	-49.9974	-0.00968197	7500	2e+11 0.521665
958	0.00958493	-49.9973	-0.00968198	7500	2e+11 0.52142
959	0.00959484	-49.9972	-0.00968199	7500	2e+11 0.521665
960	0.00960474	-49.9971	-0.00968201	7500	2e+11 0.521665
961	0.00961464	-49.9969	-0.00968205	7500	2e+11 0.521469
962	0.00962455	-49.9965	-0.00968212	7500	2e+11 0.521469
963	0.00963445	-49.996	-0.00968223	7500	2e+11 0.521469
964	0.00964436	-49.995	-0.00968241	7500	2e+11 0.521665
965	0.00965426	-49.9935	-0.00968271	7500	2e+11 0.521665
966	0.00966416	-49.991	-0.00968319	7500	2e+11 0.521616
967	0.00967406	-49.9871	-0.00968394	7500	2e+11 0.521616
968	0.00968397	-49.9809	-0.00968515	7500	2e+11 0.521616
969	0.00969387	-49.9714	-0.00968698	7500	2e+11 0.521616
970	0.00970378	-49.957	-0.00968977	7500	2e+11 0.52142
971	0.00971368	-49.9351	-0.00969401	7500	2e+11 0.521714
972	0.00972358	-49.9027	-0.00970029	7500	2e+11 0.521714
973	0.00973349	-49.8541	-0.00970969	7500	2e+11 0.521469
974	0.0097434	-49.7838	-0.00972331	7500	2e+11 0.521812
975	0.00975329	-49.6847	-0.0097425	7500	2e+11 0.521812
976	0.00976319	-49.5434	-0.00976987	7500	2e+11 0.521714
977	0.00977309	-49.3479	-0.00980773	7500	2e+11 0.521714
978	0.009783	-49.0842	-0.00985879	7500	2e+11 0.521616
979	0.0097929	-48.7268	-0.00992799	7500	2e+11 0.521616
980	0.0098028	-48.2437	-0.0100216	7500	2e+11 0.521616
981	0.0098127	-47.6141	-0.0101435	7500	2e+11 0.521714
982	0.0098226	-46.815	-0.0102982	7500	2e+11 0.52196
983	0.00983249	-45.809	-0.010493	7500	2e+11 0.522206
984	0.00984238	-44.5582	-0.0107352	7500	2e+11 0.522206
985	0.00985227	-43.0238	-0.0110324	7500	2e+11 0.522156
986	0.00986216	-41.1919	-0.0113871	7500	2e+11 0.522599
987	0.00987204	-39.0554	-0.0118008	7500	2e+11 0.522796
988	0.00988192	-36.5864	-0.012279	7500	2e+11 0.52329
989	0.00989179	-33.773	-0.0128238	7500	2e+11 0.52329
990	0.00990167	-30.6747	-0.0134238	7500	2e+11 0.523685
991	0.00991153	-27.3263	-0.0140721	7500	2e+11 0.523834
992	0.00992139	-23.7765	-0.0147595	7500	2e+11 0.524577
993	0.00993123	-20.1102	-0.0154693	7500	2e+11 0.524974
994	0.00994107	-16.4323	-0.0161811	7500	2e+11 0.524974
995	0.00995091	-12.8535	-0.0168731	7500	2e+11 0.525472
996	0.00996073	-9.49007	-0.0175216	7500	2e+11 0.525671
997	0.00997056	-6.43699	-0.0181033	7500	2e+11 0.52607
998	0.00998037	-3.85159	-0.018583	7500	2e+11 0.52607
999	0.00999019	-1.72966	-0.0189196	7500	2e+11 0.52632
1000	0.01	0	-0.019064	7500	2e+11 0.52632
