0	0	0	0	7500	2e+11
1	1e-05	0	0	7500	2e+11
2	2e-05	0	0	7500	2e+11
3	3e-05	0	0	7500	2e+11
4	4e-05	0	0	7500	2e+11
5	5e-05	0	0	7500	2e+11
6	6e-05	0	0	7500	2e+11
7	7e-05	0	0	7500	2e+11
8	8e-05	0	0	7500	2e+11
9	9e-05	0	0	7500	2e+11
10	0.0001	0	0	7500	2e+11
11	0.00011	0	0	7500	2e+11
12	0.00012	0	0	7500	2e+11
13	0.00013	0	0	7500	2e+11
14	0.00014	0	0	7500	2e+11
15	0.00015	0	0	7500	2e+11
16	0.00016	0	0	7500	2e+11
17	0.00017	0	0	7500	2e+11
18	0.00018	0	0	7500	2e+11
19	0.00019	0	0	7500	2e+11
20	0.0002	0	0	7500	2e+11
21	0.00021	0	0	7500	2e+11
22	0.00022	0	0	7500	2e+11
23	0.00023	0	0	7500	2e+11
24	0.00024	0	0	7500	2e+11
25	0.00025	0	0	7500	2e+11
26	0.00026	0	0	7500	2e+11
27	0.00027	0	0	7500	2e+11
28	0.00028	0	0	7500	2e+11
29	0.00029	0	0	7500	2e+11
30	0.0003	0	0	7500	2e+11
31	0.00031	0	0	7500	2e+11
32	0.00032	0	0	7500	2e+11
33	0.00033	0	0	7500	2e+11
34	0.00034	0	0	7500	2e+11
35	0.00035	0	0	7500	2e+11
36	0.00036	0	0	7500	2e+11
37	0.00037	0	0	7500	2e+11
38	0.00038	0	0	7500	2e+11
39	0.00039	0	0	7500	2e+11
40	0.0004	0	0	7500	2e+11
41	0.00041	0	0	7500	2e+11
42	0.00042	0	0	7500	2e+11
43	0.00043	0	0	7500	2e+11
44	0.00044	0	0	7500	2e+11
45	0.00045	0	0	7500	2e+11
46	0.00046	0	0	7500	2e+11
47	0.00047	0	0	7500	2e+11
48	0.00048	0	0	7500	2e+11
49	0.00049	0	0	7500	2e+11
50	0.0005	0	0	7500	2e+11
51	0.00051	0	0	7500	2e+11
52	0.00052	0	0	7500	2e+11
53	0.00053	0	0	7500	2e+11
54	0.00054	0	0	7500	2e+11
55	0.00055	0	0	7500	2e+11
56	0.00056	0	0	7500	2e+11
57	0.00057	0	0	7500	2e+11
58	0.00058	0	0	7500	2e+11
59	0.00059	0	0	7500	2e+11
60	0.0006	0	0	7500	2e+11
61	0.00061	0	0	7500	2e+11
62	0.00062	0	0	7500	2e+11
63	0.00063	0	0	7500	2e+11
64	0.00064	0	0	7500	2e+11
65	0.00065	0	0	7500	2e+11
66	0.00066	0	0	7500	2e+11
67	0.00067	0	0	7500	2e+11
68	0.00068	0	0	7500	2e+11
69	0.00069	0	0	7500	2e+11
70	0.0007	0	0	7500	2e+11
71	0.00071	0	0	7500	2e+11
72	0.00072	0	0	7500	2e+11
73	0.00073	0	0	7500	2e+11
74	0.00074	0	0	7500	2e+11
75	0.00075	0	0	7500	2e+11
76	0.00076	0	0	7500	2e+11
77	0.00077	0	0	7500	2e+11
78	0.00078	0	0	7500	2e+11
79	0.00079	0	0	7500	2e+11
80	0.0008	0	0	7500	2e+11
81	0.00081	0	0	7500	2e+11
82	0.00082	0	0	7500	2e+11
83	0.00083	0	0	7500	2e+11
84	0.00084	0	0	7500	2e+11
85	0.00085	0	0	7500	2e+11
86	0.00086	0	0	7500	2e+11
87	0.00087	0	0	7500	2e+11
88	0.00088	0	0	7500	2e+11
89	0.00089	0	0	7500	2e+11
90	0.0009	0	0	7500	2e+11
91	0.00091	0	0	7500	2e+11
92	0.00092	0	0	7500	2e+11
93	0.00093	0	0	7500	2e+11
94	0.00094	0	0	7500	2e+11
95	0.00095	0	0	7500	2e+11
96	0.00096	0	0	7500	2e+11
97	0.00097	0	0	7500	2e+11
98	0.00098	0	0	7500	2e+11
99	0.00099	0	0	7500	2e+11
100	0.001	0	0	7500	2e+11
101	0.00101	0	0	7500	2e+11
102	0.00102	0	0	7500	2e+11
103	0.00103	0	0	7500	2e+11
104	0.00104	0	0	7500	2e+11
105	0.00105	0	0	7500	2e+11
106	0.00106	0	0	7500	2e+11
107	0.00107	0	0	7500	2e+11
108	0.00108	0	0	7500	2e+11
109	0.00109	0	0	7500	2e+11
110	0.0011	0	0	7500	2e+11
111	0.00111	0	0	7500	2e+11
112	0.00112	0	0	7500	2e+11
113	0.00113	0	0	7500	2e+11
114	0.00114	0	0	7500	2e+11
115	0.00115	0	0	7500	2e+11
116	0.00116	0	0	7500	2e+11
117	0.00117	0	0	7500	2e+11
118	0.00118	0	0	7500	2e+11
119	0.00119	0	0	7500	2e+11
120	0.0012	0	0	7500	2e+11
121	0.00121	0	0	7500	2e+11
122	0.00122	0	0	7500	2e+11
123	0.00123	0	0	7500	2e+11
124	0.00124	0	0	7500	2e+11
125	0.00125	0	0	7500	2e+11
126	0.00126	0	0	7500	2e+11
127	0.00127	0	0	7500	2e+11
128	0.00128	0	0	7500	2e+11
129	0.00129	0	0	7500	2e+11
130	0.0013	0	0	7500	2e+11
131	0.00131	0	0	7500	2e+11
132	0.00132	0	0	7500	2e+11
133	0.00133	0	0	7500	2e+11
134	0.00134	0	0	7500	2e+11
135	0.00135	0	0	7500	2e+11
136	0.00136	0	0	7500	2e+11
137	0.00137	0	0	7500	2e+11
138	0.00138	0	0	7500	2e+11
139	0.00139	0	0	7500	2e+11
140	0.0014	0	0	7500	2e+11
141	0.00141	0	0	7500	2e+11
142	0.00142	0	0	7500	2e+11
143	0.00143	0	0	7500	2e+11
144	0.00144	0	0	7500	2e+11
145	0.00145	0	0	7500	2e+11
146	0.00146	0	0	7500	2e+11
147	0.00147	0	0	7500	2e+11
148	0.00148	0	0	7500	2e+11
149	0.00149	0	0	7500	2e+11
150	0.0015	0	0	7500	2e+11
151	0.00151	0	0	7500	2e+11
152	0.00152	0	0	7500	2e+11
153	0.00153	0	0	7500	2e+11
154	0.00154	0	0	7500	2e+11
155	0.00155	0	0	7500	2e+11
156	0.00156	0	0	7500	2e+11
157	0.00157	0	0	7500	2e+11
158	0.00158	0	0	7500	2e+11
159	0.00159	0	0	7500	2e+11
160	0.0016	0	0	7500	2e+11
161	0.00161	0	0	7500	2e+11
162	0.00162	0	0	7500	2e+11
163	0.00163	0	0	7500	2e+11
164	0.00164	0	0	7500	2e+11
165	0.00165	0	0	7500	2e+11
166	0.00166	0	0	7500	2e+11
167	0.00167	0	0	7500	2e+11
168	0.00168	0	0	7500	2e+11
169	0.00169	0	0	7500	2e+11
170	0.0017	0	0	7500	2e+11
171	0.00171	0	0	7500	2e+11
172	0.00172	0	0	7500	2e+11
173	0.00173	0	0	7500	2e+11
174	0.00174	0	0	7500	2e+11
175	0.00175	0	0	7500	2e+11
176	0.00176	0	0	7500	2e+11
177	0.00177	0	0	7500	2e+11
178	0.00178	0	0	7500	2e+11
179	0.00179	0	0	7500	2e+11
180	0.0018	0	0	7500	2e+11
181	0.00181	0	0	7500	2e+11
182	0.00182	0	0	7500	2e+11
183	0.00183	0	0	7500	2e+11
184	0.00184	0	0	7500	2e+11
185	0.00185	0	0	7500	2e+11
186	0.00186	0	0	7500	2e+11
187	0.00187	0	0	7500	2e+11
188	0.00188	0	0	7500	2e+11
189	0.00189	0	0	7500	2e+11
190	0.0019	0	0	7500	2e+11
191	0.00191	0	0	7500	2e+11
192	0.00192	0	0	7500	2e+11
193	0.00193	0	0	7500	2e+11
194	0.00194	0	0	7500	2e+11
195	0.00195	0	0	7500	2e+11
196	0.00196	0	0	7500	2e+11
197	0.00197	0	0	7500	2e+11
198	0.00198	0	0	7500	2e+11
199	0.00199	0	0	7500	2e+11
200	0.002	0	0	7500	2e+11
201	0.00201	0	0	7500	2e+11
202	0.00202	0	0	7500	2e+11
203	0.00203	0	0	7500	2e+11
204	0.00204	0	0	7500	2e+11
205	0.00205	0	0	7500	2e+11
206	0.00206	0	0	7500	2e+11
207	0.00207	0	0	7500	2e+11
208	0.00208	0	0	7500	2e+11
209	0.00209	0	0	7500	2e+11
210	0.0021	0	0	7500	2e+11
211	0.00211	0	0	7500	2e+11
212	0.00212	0	0	7500	2e+11
213	0.00213	0	0	7500	2e+11
214	0.00214	0	0	7500	2e+11
215	0.00215	0	0	7500	2e+11
216	0.00216	0	0	7500	2e+11
217	0.00217	0	0	7500	2e+11
218	0.00218	0	0	7500	2e+11
219	0.00219	0	0	7500	2e+11
220	0.0022	0	0	7500	2e+11
221	0.00221	0	0	7500	2e+11
222	0.00222	0	0	7500	2e+11
223	0.00223	0	0	7500	2e+11
224	0.00224	0	0	7500	2e+11
225	0.00225	0	0	7500	2e+11
226	0.00226	0	0	7500	2e+11
227	0.00227	0	0	7500	2e+11
228	0.00228	0	0	7500	2e+11
229	0.00229	0	0	7500	2e+11
230	0.0023	0	0	7500	2e+11
231	0.00231	0	0	7500	2e+11
232	0.00232	0	0	7500	2e+11
233	0.00233	0	0	7500	2e+11
234	0.00234	0	0	7500	2e+11
235	0.00235	0	0	7500	2e+11
236	0.00236	0	0	7500	2e+11
237	0.00237	0	0	7500	2e+11
238	0.00238	0	0	7500	2e+11
239	0.00239	0	0	7500	2e+11
240	0.0024	0	0	7500	2e+11
241	0.00241	0	0	7500	2e+11
242	0.00242	0	0	7500	2e+11
243	0.00243	0	0	7500	2e+11
244	0.00244	0	0	7500	2e+11
245	0.00245	0	0	7500	2e+11
246	0.00246	0	0	7500	2e+11
247	0.00247	0	0	7500	2e+11
248	0.00248	0	0	7500	2e+11
249	0.00249	0	0	7500	2e+11
250	0.0025	0	0	7500	2e+11
251	0.00251	0	0	7500	2e+11
252	0.00252	0	0	7500	2e+11
253	0.00253	0	0	7500	2e+11
254	0.00254	0	0	7500	2e+11
255	0.00255	0	0	7500	2e+11
256	0.00256	0	0	7500	2e+11
257	0.00257	0	0	7500	2e+11
258	0.00258	0	0	7500	2e+11
259	0.00259	0	0	7500	2e+11
260	0.0026	0	0	7500	2e+11
261	0.00261	0	0	7500	2e+11
262	0.00262	0	0	7500	2e+11
263	0.00263	0	0	7500	2e+11
264	0.00264	0	0	7500	2e+11
265	0.00265	0	0	7500	2e+11
266	0.00266	0	0	7500	2e+11
267	0.00267	0	0	7500	2e+11
268	0.00268	0	0	7500	2e+11
269	0.00269	0	0	7500	2e+11
270	0.0027	0	0	7500	2e+11
271	0.00271	0	0	7500	2e+11
272	0.00272	0	0	7500	2e+11
273	0.00273	0	0	7500	2e+11
274	0.00274	0	0	7500	2e+11
275	0.00275	0	0	7500	2e+11
276	0.00276	0	0	7500	2e+11
277	0.00277	0	0	7500	2e+11
278	0.00278	0	0	7500	2e+11
279	0.00279	0	0	7500	2e+11
280	0.0028	0	0	7500	2e+11
281	0.00281	0	0	7500	2e+11
282	0.00282	0	0	7500	2e+11
283	0.00283	0	0	7500	2e+11
284	0.00284	0	0	7500	2e+11
285	0.00285	0	0	7500	2e+11
286	0.00286	0	0	7500	2e+11
287	0.00287	0	0	7500	2e+11
288	0.00288	0	0	7500	2e+11
289	0.00289	0	0	7500	2e+11
290	0.0029	0	0	7500	2e+11
291	0.00291	0	0	7500	2e+11
292	0.00292	0	0	7500	2e+11
293	0.00293	0	0	7500	2e+11
294	0.00294	0	0	7500	2e+11
295	0.00295	0	0	7500	2e+11
296	0.00296	0	0	7500	2e+11
297	0.00297	0	0	7500	2e+11
298	0.00298	0	0	7500	2e+11
299	0.00299	0	0	7500	2e+11
300	0.003	0	0	7500	2e+11
301	0.00301	0	0	7500	2e+11
302	0.00302	0	0	7500	2e+11
303	0.00303	0	0	7500	2e+11
304	0.00304	0	0	7500	2e+11
305	0.00305	0	0	7500	2e+11
306	0.00306	0	0	7500	2e+11
307	0.00307	0	0	7500	2e+11
308	0.00308	0	0	7500	2e+11
309	0.00309	0	0	7500	2e+11
310	0.0031	0	0	7500	2e+11
311	0.00311	0	0	7500	2e+11
312	0.00312	0	0	7500	2e+11
313	0.00313	0	0	7500	2e+11
314	0.00314	0	0	7500	2e+11
315	0.00315	0	0	7500	2e+11
316	0.00316	0	0	7500	2e+11
317	0.00317	0	0	7500	2e+11
318	0.00318	0	0	7500	2e+11
319	0.00319	0	0	7500	2e+11
320	0.0032	0	0	7500	2e+11
321	0.00321	0	0	7500	2e+11
322	0.00322	0	0	7500	2e+11
323	0.00323	0	0	7500	2e+11
324	0.00324	0	0	7500	2e+11
325	0.00325	0	0	7500	2e+11
326	0.00326	0	0	7500	2e+11
327	0.00327	0	0	7500	2e+11
328	0.00328	0	0	7500	2e+11
329	0.00329	0	0	7500	2e+11
330	0.0033	0	0	7500	2e+11
331	0.00331	0	0	7500	2e+11
332	0.00332	0	0	7500	2e+11
333	0.00333	0	0	7500	2e+11
334	0.00334	0	0	7500	2e+11
335	0.00335	0	0	7500	2e+11
336	0.00336	0	0	7500	2e+11
337	0.00337	0	0	7500	2e+11
338	0.00338	0	0	7500	2e+11
339	0.00339	0	0	7500	2e+11
340	0.0034	0	0	7500	2e+11
341	0.00341	0	0	7500	2e+11
342	0.00342	0	0	7500	2e+11
343	0.00343	0	0	7500	2e+11
344	0.00344	0	0	7500	2e+11
345	0.00345	0	0	7500	2e+11
346	0.00346	0	0	7500	2e+11
347	0.00347	0	0	7500	2e+11
348	0.00348	0	0	7500	2e+11
349	0.00349	0	0	7500	2e+11
350	0.0035	0	0	7500	2e+11
351	0.00351	0	0	7500	2e+11
352	0.00352	0	0	7500	2e+11
353	0.00353	0	0	7500	2e+11
354	0.00354	0	0	7500	2e+11
355	0.00355	0	0	7500	2e+11
356	0.00356	0	0	7500	2e+11
357	0.00357	0	0	7500	2e+11
358	0.00358	0	0	7500	2e+11
359	0.00359	0	0	7500	2e+11
360	0.0036	0	0	7500	2e+11
361	0.00361	0	0	7500	2e+11
362	0.00362	0	0	7500	2e+11
363	0.00363	0	0	7500	2e+11
364	0.00364	0	0	7500	2e+11
365	0.00365	0	0	7500	2e+11
366	0.00366	0	0	7500	2e+11
367	0.00367	0	0	7500	2e+11
368	0.00368	0	0	7500	2e+11
369	0.00369	0	0	7500	2e+11
370	0.0037	0	0	7500	2e+11
371	0.00371	0	0	7500	2e+11
372	0.00372	0	0	7500	2e+11
373	0.00373	0	0	7500	2e+11
374	0.00374	0	0	7500	2e+11
375	0.00375	0	0	7500	2e+11
376	0.00376	0	0	7500	2e+11
377	0.00377	0	0	7500	2e+11
378	0.00378	0	0	7500	2e+11
379	0.00379	0	0	7500	2e+11
380	0.0038	0	0	7500	2e+11
381	0.00381	0	0	7500	2e+11
382	0.00382	0	0	7500	2e+11
383	0.00383	0	0	7500	2e+11
384	0.00384	0	0	7500	2e+11
385	0.00385	0	0	7500	2e+11
386	0.00386	0	0	7500	2e+11
387	0.00387	0	0	7500	2e+11
388	0.00388	0	0	7500	2e+11
389	0.00389	0	0	7500	2e+11
390	0.0039	0	0	7500	2e+11
391	0.00391	0	0	7500	2e+11
392	0.00392	0	0	7500	2e+11
393	0.00393	0	0	7500	2e+11
394	0.00394	0	0	7500	2e+11
395	0.00395	0	0	7500	2e+11
396	0.00396	0	0	7500	2e+11
397	0.00397	0	0	7500	2e+11
398	0.00398	0	0	7500	2e+11
399	0.00399	0	0	7500	2e+11
400	0.004	0	0	7500	2e+11
401	0.00401	0	0	7500	2e+11
402	0.00402	0	0	7500	2e+11
403	0.00403	0	0	7500	2e+11
404	0.00404	0	0	7500	2e+11
405	0.00405	0	0	7500	2e+11
406	0.00406	0	0	7500	2e+11
407	0.00407	0	0	7500	2e+11
408	0.00408	0	0	7500	2e+11
409	0.00409	0	0	7500	2e+11
410	0.0041	0	0	7500	2e+11
411	0.00411	0	0	7500	2e+11
412	0.00412	0	0	7500	2e+11
413	0.00413	0	0	7500	2e+11
414	0.00414	0	0	7500	2e+11
415	0.00415	0	0	7500	2e+11
416	0.00416	0	0	7500	2e+11
417	0.00417	0	0	7500	2e+11
418	0.00418	0	0	7500	2e+11
419	0.00419	0	0	7500	2e+11
420	0.0042	0	0	7500	2e+11
421	0.00421	0	0	7500	2e+11
422	0.00422	0	0	7500	2e+11
423	0.00423	0	0	7500	2e+11
424	0.00424	0	0	7500	2e+11
425	0.00425	0	0	7500	2e+11
426	0.00426	0	0	7500	2e+11
427	0.00427	0	0	7500	2e+11
428	0.00428	0	0	7500	2e+11
429	0.00429	0	0	7500	2e+11
430	0.0043	0	0	7500	2e+11
431	0.00431	0	0	7500	2e+11
432	0.00432	0	0	7500	2e+11
433	0.00433	0	0	7500	2e+11
434	0.00434	0	0	7500	2e+11
435	0.00435	0	0	7500	2e+11
436	0.00436	0	0	7500	2e+11
437	0.00437	0	0	7500	2e+11
438	0.00438	0	0	7500	2e+11
439	0.00439	0	0	7500	2e+11
440	0.0044	0	0	7500	2e+11
441	0.00441	0	0	7500	2e+11
442	0.00442	0	0	7500	2e+11
443	0.00443	0	0	7500	2e+11
444	0.00444	0	0	7500	2e+11
445	0.00445	0	0	7500	2e+11
446	0.00446	0	0	7500	2e+11
447	0.00447	0	0	7500	2e+11
448	0.00448	0	0	7500	2e+11
449	0.00449	0	0	7500	2e+11
450	0.0045	0	0	7500	2e+11
451	0.00451	0	0	7500	2e+11
452	0.00452	0	0	7500	2e+11
453	0.00453	0	0	7500	2e+11
454	0.00454	0	0	7500	2e+11
455	0.00455	0	0	7500	2e+11
456	0.00456	0	0	7500	2e+11
457	0.00457	0	0	7500	2e+11
458	0.00458	0	0	7500	2e+11
459	0.00459	0	0	7500	2e+11
460	0.0046	0	0	7500	2e+11
461	0.00461	0	0	7500	2e+11
462	0.00462	0	0	7500	2e+11
463	0.00463	0	0	7500	2e+11
464	0.00464	0	0	7500	2e+11
465	0.00465	0	0	7500	2e+11
466	0.00466	0	0	7500	2e+11
467	0.00467	0	0	7500	2e+11
468	0.00468	0	0	7500	2e+11
469	0.00469	0	0	7500	2e+11
470	0.0047	0	0	7500	2e+11
471	0.00471	0	0	7500	2e+11
472	0.00472	0	0	7500	2e+11
473	0.00473	0	0	7500	2e+11
474	0.00474	0	0	7500	2e+11
475	0.00475	0	0	7500	2e+11
476	0.00476	0	0	7500	2e+11
477	0.00477	0	0	7500	2e+11
478	0.00478	0	0	7500	2e+11
479	0.00479	0	0	7500	2e+11
480	0.0048	0	0	7500	2e+11
481	0.00481	0	0	7500	2e+11
482	0.00482	0	0	7500	2e+11
483	0.00483	0	0	7500	2e+11
484	0.00484	0	0	7500	2e+11
485	0.00485	0	0	7500	2e+11
486	0.00486	0	0	7500	2e+11
487	0.00487	0	0	7500	2e+11
488	0.00488	0	0	7500	2e+11
489	0.00489	0	0	7500	2e+11
490	0.0049	0	0	7500	2e+11
491	0.00491	0	0	7500	2e+11
492	0.00492	0	0	7500	2e+11
493	0.00493	0	0	7500	2e+11
494	0.00494	0	0	7500	2e+11
495	0.00495	0	0	7500	2e+11
496	0.00496	0	0	7500	2e+11
497	0.00497	0	0	7500	2e+11
498	0.00498	0	0	7500	2e+11
499	0.00499	0	0	7500	2e+11
500	0.005	0	0	7500	2e+11
501	0.00501	0	0	7500	2e+11
502	0.00502	0	0	7500	2e+11
503	0.00503	0	0	7500	2e+11
504	0.00504	0	0	7500	2e+11
505	0.00505	0	0	7500	2e+11
506	0.00506	0	0	7500	2e+11
507	0.00507	0	0	7500	2e+11
508	0.00508	0	0	7500	2e+11
509	0.00509	0	0	7500	2e+11
510	0.0051	0	0	7500	2e+11
511	0.00511	0	0	7500	2e+11
512	0.00512	0	0	7500	2e+11
513	0.00513	0	0	7500	2e+11
514	0.00514	0	0	7500	2e+11
515	0.00515	0	0	7500	2e+11
516	0.00516	0	0	7500	2e+11
517	0.00517	0	0	7500	2e+11
518	0.00518	0	0	7500	2e+11
519	0.00519	0	0	7500	2e+11
520	0.0052	0	0	7500	2e+11
521	0.00521	0	0	7500	2e+11
522	0.00522	0	0	7500	2e+11
523	0.00523	0	0	7500	2e+11
524	0.00524	0	0	7500	2e+11
525	0.00525	0	0	7500	2e+11
526	0.00526	0	0	7500	2e+11
527	0.00527	0	0	7500	2e+11
528	0.00528	0	0	7500	2e+11
529	0.00529	0	0	7500	2e+11
530	0.0053	0	0	7500	2e+11
531	0.00531	0	0	7500	2e+11
532	0.00532	0	0	7500	2e+11
533	0.00533	0	0	7500	2e+11
534	0.00534	0	0	7500	2e+11
535	0.00535	0	0	7500	2e+11
536	0.00536	0	0	7500	2e+11
537	0.00537	0	0	7500	2e+11
538	0.00538	0	0	7500	2e+11
539	0.00539	0	0	7500	2e+11
540	0.0054	0	0	7500	2e+11
541	0.00541	0	0	7500	2e+11
542	0.00542	0	0	7500	2e+11
543	0.00543	0	0	7500	2e+11
544	0.00544	0	0	7500	2e+11
545	0.00545	0	0	7500	2e+11
546	0.00546	0	0	7500	2e+11
547	0.00547	0	0	7500	2e+11
548	0.00548	0	0	7500	2e+11
549	0.00549	0	0	7500	2e+11
550	0.0055	0	0	7500	2e+11
551	0.00551	0	0	7500	2e+11
552	0.00552	0	0	7500	2e+11
553	0.00553	0	0	7500	2e+11
554	0.00554	0	0	7500	2e+11
555	0.00555	0	0	7500	2e+11
556	0.00556	0	0	7500	2e+11
557	0.00557	0	0	7500	2e+11
558	0.00558	0	0	7500	2e+11
559	0.00559	0	0	7500	2e+11
560	0.0056	0	0	7500	2e+11
561	0.00561	0	0	7500	2e+11
562	0.00562	0	0	7500	2e+11
563	0.00563	0	0	7500	2e+11
564	0.00564	0	0	7500	2e+11
565	0.00565	0	0	7500	2e+11
566	0.00566	0	0	7500	2e+11
567	0.00567	0	0	7500	2e+11
568	0.00568	0	0	7500	2e+11
569	0.00569	0	0	7500	2e+11
570	0.0057	0	0	7500	2e+11
571	0.00571	0	0	7500	2e+11
572	0.00572	0	0	7500	2e+11
573	0.00573	0	0	7500	2e+11
574	0.00574	0	0	7500	2e+11
575	0.00575	0	0	7500	2e+11
576	0.00576	0	0	7500	2e+11
577	0.00577	0	0	7500	2e+11
578	0.00578	0	0	7500	2e+11
579	0.00579	0	0	7500	2e+11
580	0.0058	0	0	7500	2e+11
581	0.00581	0	0	7500	2e+11
582	0.00582	0	0	7500	2e+11
583	0.00583	0	0	7500	2e+11
584	0.00584	0	0	7500	2e+11
585	0.00585	0	0	7500	2e+11
586	0.00586	0	0	7500	2e+11
587	0.00587	0	0	7500	2e+11
588	0.00588	0	0	7500	2e+11
589	0.00589	0	0	7500	2e+11
590	0.0059	0	0	7500	2e+11
591	0.00591	0	0	7500	2e+11
592	0.00592	0	0	7500	2e+11
593	0.00593	0	0	7500	2e+11
594	0.00594	0	0	7500	2e+11
595	0.00595	0	0	7500	2e+11
596	0.00596	0	0	7500	2e+11
597	0.00597	0	0	7500	2e+11
598	0.00598	0	0	7500	2e+11
599	0.00599	0	0	7500	2e+11
600	0.006	0	0	7500	2e+11
601	0.00601	0	0	7500	2e+11
602	0.00602	0	0	7500	2e+11
603	0.00603	0	0	7500	2e+11
604	0.00604	0	0	7500	2e+11
605	0.00605	0	0	7500	2e+11
606	0.00606	0	0	7500	2e+11
607	0.00607	0	0	7500	2e+11
608	0.00608	0	0	7500	2e+11
609	0.00609	0	0	7500	2e+11
610	0.0061	0	0	7500	2e+11
611	0.00611	0	0	7500	2e+11
612	0.00612	0	0	7500	2e+11
613	0.00613	0	0	7500	2e+11
614	0.00614	0	0	7500	2e+11
615	0.00615	0	0	7500	2e+11
616	0.00616	0	0	7500	2e+11
617	0.00617	0	0	7500	2e+11
618	0.00618	0	0	7500	2e+11
619	0.00619	0	0	7500	2e+11
620	0.0062	0	0	7500	2e+11
621	0.00621	0	0	7500	2e+11
622	0.00622	0	0	7500	2e+11
623	0.00623	0	0	7500	2e+11
624	0.00624	0	0	7500	2e+11
625	0.00625	0	0	7500	2e+11
626	0.00626	0	0	7500	2e+11
627	0.00627	0	0	7500	2e+11
628	0.00628	0	0	7500	2e+11
629	0.00629	0	0	7500	2e+11
630	0.0063	0	0	7500	2e+11
631	0.00631	0	0	7500	2e+11
632	0.00632	0	0	7500	2e+11
633	0.00633	0	0	7500	2e+11
634	0.00634	0	0	7500	2e+11
635	0.00635	0	0	7500	2e+11
636	0.00636	0	0	7500	2e+11
637	0.00637	0	0	7500	2e+11
638	0.00638	0	0	7500	2e+11
639	0.00639	0	0	7500	2e+11
640	0.0064	0	0	7500	2e+11
641	0.00641	0	0	7500	2e+11
642	0.00642	0	0	7500	2e+11
643	0.00643	0	0	7500	2e+11
644	0.00644	0	0	7500	2e+11
645	0.00645	0	0	7500	2e+11
646	0.00646	0	0	7500	2e+11
647	0.00647	0	0	7500	2e+11
648	0.00648	0	0	7500	2e+11
649	0.00649	0	0	7500	2e+11
650	0.0065	0	0	7500	2e+11
651	0.00651	100	1e-06	7500	2e+11
652	0.00652	100	1e-06	7500	2e+11
653	0.00653	100	1e-06	7500	2e+11
654	0.00654	100	1e-06	7500	2e+11
655	0.00655	100	1e-06	7500	2e+11
656	0.00656	100	1e-06	7500	2e+11
657	0.00657	100	1e-06	7500	2e+11
658	0.00658	100	1e-06	7500	2e+11
659	0.00659	100	1e-06	7500	2e+11
660	0.0066	100	1e-06	7500	2e+11
661	0.00661	100	1e-06	7500	2e+11
662	0.00662	100	1e-06	7500	2e+11
663	0.00663	100	1e-06	7500	2e+11
664	0.00664	100	1e-06	7500	2e+11
665	0.00665	100	1e-06	7500	2e+11
666	0.00666	100	1e-06	7500	2e+11
667	0.00667	100	1e-06	7500	2e+11
668	0.00668	100	1e-06	7500	2e+11
669	0.00669	100	1e-06	7500	2e+11
670	0.0067	100	1e-06	7500	2e+11
671	0.00671	100	1e-06	7500	2e+11
672	0.00672	100	1e-06	7500	2e+11
673	0.00673	100	1e-06	7500	2e+11
674	0.00674	100	1e-06	7500	2e+11
675	0.00675	100	1e-06	7500	2e+11
676	0.00676	100	1e-06	7500	2e+11
677	0.00677	100	1e-06	7500	2e+11
678	0.00678	100	1e-06	7500	2e+11
679	0.00679	100	1e-06	7500	2e+11
680	0.0068	100	1e-06	7500	2e+11
681	0.00681	100	1e-06	7500	2e+11
682	0.00682	100	1e-06	7500	2e+11
683	0.00683	100	1e-06	7500	2e+11
684	0.00684	100	1e-06	7500	2e+11
685	0.00685	100	1e-06	7500	2e+11
686	0.00686	100	1e-06	7500	2e+11
687	0.00687	100	1e-06	7500	2e+11
688	0.00688	100	1e-06	7500	2e+11
689	0.00689	100	1e-06	7500	2e+11
690	0.0069	100	1e-06	7500	2e+11
691	0.00691	100	1e-06	7500	2e+11
692	0.00692	100	1e-06	7500	2e+11
693	0.00693	100	1e-06	7500	2e+11
694	0.00694	100	1e-06	7500	2e+11
695	0.00695	100	1e-06	7500	2e+11
696	0.00696	100	1e-06	7500	2e+11
697	0.00697	100	1e-06	7500	2e+11
698	0.00698	100	1e-06	7500	2e+11
699	0.00699	100	1e-06	7500	2e+11
700	0.007	100	1e-06	7500	2e+11
701	0.00701	100	1e-06	7500	2e+11
702	0.00702	100	1e-06	7500	2e+11
703	0.00703	100	1e-06	7500	2e+11
704	0.00704	100	1e-06	7500	2e+11
705	0.00705	100	1e-06	7500	2e+11
706	0.00706	100	1e-06	7500	2e+11
707	0.00707	100	1e-06	7500	2e+11
708	0.00708	100	1e-06	7500	2e+11
709	0.00709	100	1e-06	7500	2e+11
710	0.0071	100	1e-06	7500	2e+11
711	0.00711	100	1e-06	7500	2e+11
712	0.00712	100	1e-06	7500	2e+11
713	0.00713	100	1e-06	7500	2e+11
714	0.00714	100	1e-06	7500	2e+11
715	0.00715	100	1e-06	7500	2e+11
716	0.00716	100	1e-06	7500	2e+11
717	0.00717	100	1e-06	7500	2e+11
718	0.00718	100	1e-06	7500	2e+11
719	0.00719	100	1e-06	7500	2e+11
720	0.0072	100	1e-06	7500	2e+11
721	0.00721	100	1e-06	7500	2e+11
722	0.00722	100	1e-06	7500	2e+11
723	0.00723	100	1e-06	7500	2e+11
724	0.00724	100	1e-06	7500	2e+11
725	0.00725	100	1e-06	7500	2e+11
726	0.00726	100	1e-06	7500	2e+11
727	0.00727	100	1e-06	7500	2e+11
728	0.00728	100	1e-06	7500	2e+11
729	0.00729	100	1e-06	7500	2e+11
730	0.0073	100	1e-06	7500	2e+11
731	0.00731	100	1e-06	7500	2e+11
732	0.00732	100	1e-06	7500	2e+11
733	0.00733	100	1e-06	7500	2e+11
734	0.00734	100	1e-06	7500	2e+11
735	0.00735	100	1e-06	7500	2e+11
736	0.00736	100	1e-06	7500	2e+11
737	0.00737	100	1e-06	7500	2e+11
738	0.00738	100	1e-06	7500	2e+11
739	0.00739	100	1e-06	7500	2e+11
740	0.0074	100	1e-06	7500	2e+11
741	0.00741	100	1e-06	7500	2e+11
742	0.00742	100	1e-06	7500	2e+11
743	0.00743	100	1e-06	7500	2e+11
744	0.00744	100	1e-06	7500	2e+11
745	0.00745	100	1e-06	7500	2e+11
746	0.00746	100	1e-06	7500	2e+11
747	0.00747	100	1e-06	7500	2e+11
748	0.00748	100	1e-06	7500	2e+11
749	0.00749	100	1e-06	7500	2e+11
750	0.0075	100	1e-06	7500	2e+11
751	0.00751	0	0	7500	2e+11
752	0.00752	0	0	7500	2e+11
753	0.00753	0	0	7500	2e+11
754	0.00754	0	0	7500	2e+11
755	0.00755	0	0	7500	2e+11
756	0.00756	0	0	7500	2e+11
757	0.00757	0	0	7500	2e+11
758	0.00758	0	0	7500	2e+11
759	0.00759	0	0	7500	2e+11
760	0.0076	0	0	7500	2e+11
761	0.00761	0	0	7500	2e+11
762	0.00762	0	0	7500	2e+11
763	0.00763	0	0	7500	2e+11
764	0.00764	0	0	7500	2e+11
765	0.00765	0	0	7500	2e+11
766	0.00766	0	0	7500	2e+11
767	0.00767	0	0	7500	2e+11
768	0.00768	0	0	7500	2e+11
769	0.00769	0	0	7500	2e+11
770	0.0077	0	0	7500	2e+11
771	0.00771	0	0	7500	2e+11
772	0.00772	0	0	7500	2e+11
773	0.00773	0	0	7500	2e+11
774	0.00774	0	0	7500	2e+11
775	0.00775	0	0	7500	2e+11
776	0.00776	0	0	7500	2e+11
777	0.00777	0	0	7500	2e+11
778	0.00778	0	0	7500	2e+11
779	0.00779	0	0	7500	2e+11
780	0.0078	0	0	7500	2e+11
781	0.00781	0	0	7500	2e+11
782	0.00782	0	0	7500	2e+11
783	0.00783	0	0	7500	2e+11
784	0.00784	0	0	7500	2e+11
785	0.00785	0	0	7500	2e+11
786	0.00786	0	0	7500	2e+11
787	0.00787	0	0	7500	2e+11
788	0.00788	0	0	7500	2e+11
789	0.00789	0	0	7500	2e+11
790	0.0079	0	0	7500	2e+11
791	0.00791	0	0	7500	2e+11
792	0.00792	0	0	7500	2e+11
793	0.00793	0	0	7500	2e+11
794	0.00794	0	0	7500	2e+11
795	0.00795	0	0	7500	2e+11
796	0.00796	0	0	7500	2e+11
797	0.00797	0	0	7500	2e+11
798	0.00798	0	0	7500	2e+11
799	0.00799	0	0	7500	2e+11
800	0.008	0	0	7500	2e+11
801	0.00801	0	0	7500	2e+11
802	0.00802	0	0	7500	2e+11
803	0.00803	0	0	7500	2e+11
804	0.00804	0	0	7500	2e+11
805	0.00805	0	0	7500	2e+11
806	0.00806	0	0	7500	2e+11
807	0.00807	0	0	7500	2e+11
808	0.00808	0	0	7500	2e+11
809	0.00809	0	0	7500	2e+11
810	0.0081	0	0	7500	2e+11
811	0.00811	0	0	7500	2e+11
812	0.00812	0	0	7500	2e+11
813	0.00813	0	0	7500	2e+11
814	0.00814	0	0	7500	2e+11
815	0.00815	0	0	7500	2e+11
816	0.00816	0	0	7500	2e+11
817	0.00817	0	0	7500	2e+11
818	0.00818	0	0	7500	2e+11
819	0.00819	0	0	7500	2e+11
820	0.0082	0	0	7500	2e+11
821	0.00821	0	0	7500	2e+11
822	0.00822	0	0	7500	2e+11
823	0.00823	0	0	7500	2e+11
824	0.00824	0	0	7500	2e+11
825	0.00825	0	0	7500	2e+11
826	0.00826	0	0	7500	2e+11
827	0.00827	0	0	7500	2e+11
828	0.00828	0	0	7500	2e+11
829	0.00829	0	0	7500	2e+11
830	0.0083	0	0	7500	2e+11
831	0.00831	0	0	7500	2e+11
832	0.00832	0	0	7500	2e+11
833	0.00833	0	0	7500	2e+11
834	0.00834	0	0	7500	2e+11
835	0.00835	0	0	7500	2e+11
836	0.00836	0	0	7500	2e+11
837	0.00837	0	0	7500	2e+11
838	0.00838	0	0	7500	2e+11
839	0.00839	0	0	7500	2e+11
840	0.0084	0	0	7500	2e+11
841	0.00841	0	0	7500	2e+11
842	0.00842	0	0	7500	2e+11
843	0.00843	0	0	7500	2e+11
844	0.00844	0	0	7500	2e+11
845	0.00845	0	0	7500	2e+11
846	0.00846	0	0	7500	2e+11
847	0.00847	0	0	7500	2e+11
848	0.00848	0	0	7500	2e+11
849	0.00849	0	0	7500	2e+11
850	0.0085	0	0	7500	2e+11
851	0.00851	0	0	7500	2e+11
852	0.00852	0	0	7500	2e+11
853	0.00853	0	0	7500	2e+11
854	0.00854	0	0	7500	2e+11
855	0.00855	0	0	7500	2e+11
856	0.00856	0	0	7500	2e+11
857	0.00857	0	0	7500	2e+11
858	0.00858	0	0	7500	2e+11
859	0.00859	0	0	7500	2e+11
860	0.0086	0	0	7500	2e+11
861	0.00861	0	0	7500	2e+11
862	0.00862	0	0	7500	2e+11
863	0.00863	0	0	7500	2e+11
864	0.00864	0	0	7500	2e+11
865	0.00865	0	0	7500	2e+11
866	0.00866	0	0	7500	2e+11
867	0.00867	0	0	7500	2e+11
868	0.00868	0	0	7500	2e+11
869	0.00869	0	0	7500	2e+11
870	0.0087	0	0	7500	2e+11
871	0.00871	0	0	7500	2e+11
872	0.00872	0	0	7500	2e+11
873	0.00873	0	0	7500	2e+11
874	0.00874	0	0	7500	2e+11
875	0.00875	0	0	7500	2e+11
876	0.00876	0	0	7500	2e+11
877	0.00877	0	0	7500	2e+11
878	0.00878	0	0	7500	2e+11
879	0.00879	0	0	7500	2e+11
880	0.0088	0	0	7500	2e+11
881	0.00881	0	0	7500	2e+11
882	0.00882	0	0	7500	2e+11
883	0.00883	0	0	7500	2e+11
884	0.00884	0	0	7500	2e+11
885	0.00885	0	0	7500	2e+11
886	0.00886	0	0	7500	2e+11
887	0.00887	0	0	7500	2e+11
888	0.00888	0	0	7500	2e+11
889	0.00889	0	0	7500	2e+11
890	0.0089	0	0	7500	2e+11
891	0.00891	0	0	7500	2e+11
892	0.00892	0	0	7500	2e+11
893	0.00893	0	0	7500	2e+11
894	0.00894	0	0	7500	2e+11
895	0.00895	0	0	7500	2e+11
896	0.00896	0	0	7500	2e+11
897	0.00897	0	0	7500	2e+11
898	0.00898	0	0	7500	2e+11
899	0.00899	0	0	7500	2e+11
900	0.009	0	0	7500	2e+11
901	0.00901	0	0	7500	2e+11
902	0.00902	0	0	7500	2e+11
903	0.00903	0	0	7500	2e+11
904	0.00904	0	0	7500	2e+11
905	0.00905	0	0	7500	2e+11
906	0.00906	0	0	7500	2e+11
907	0.00907	0	0	7500	2e+11
908	0.00908	0	0	7500	2e+11
909	0.00909	0	0	7500	2e+11
910	0.0091	0	0	7500	2e+11
911	0.00911	0	0	7500	2e+11
912	0.00912	0	0	7500	2e+11
913	0.00913	0	0	7500	2e+11
914	0.00914	0	0	7500	2e+11
915	0.00915	0	0	7500	2e+11
916	0.00916	0	0	7500	2e+11
917	0.00917	0	0	7500	2e+11
918	0.00918	0	0	7500	2e+11
919	0.00919	0	0	7500	2e+11
920	0.0092	0	0	7500	2e+11
921	0.00921	0	0	7500	2e+11
922	0.00922	0	0	7500	2e+11
923	0.00923	0	0	7500	2e+11
924	0.00924	0	0	7500	2e+11
925	0.00925	0	0	7500	2e+11
926	0.00926	0	0	7500	2e+11
927	0.00927	0	0	7500	2e+11
928	0.00928	0	0	7500	2e+11
929	0.00929	0	0	7500	2e+11
930	0.0093	0	0	7500	2e+11
931	0.00931	0	0	7500	2e+11
932	0.00932	0	0	7500	2e+11
933	0.00933	0	0	7500	2e+11
934	0.00934	0	0	7500	2e+11
935	0.00935	0	0	7500	2e+11
936	0.00936	0	0	7500	2e+11
937	0.00937	0	0	7500	2e+11
938	0.00938	0	0	7500	2e+11
939	0.00939	0	0	7500	2e+11
940	0.0094	0	0	7500	2e+11
941	0.00941	0	0	7500	2e+11
942	0.00942	0	0	7500	2e+11
943	0.00943	0	0	7500	2e+11
944	0.00944	0	0	7500	2e+11
945	0.00945	0	0	7500	2e+11
946	0.00946	0	0	7500	2e+11
947	0.00947	0	0	7500	2e+11
948	0.00948	0	0	7500	2e+11
949	0.00949	0	0	7500	2e+11
950	0.0095	0	0	7500	2e+11
951	0.00951	0	0	7500	2e+11
952	0.00952	0	0	7500	2e+11
953	0.00953	0	0	7500	2e+11
954	0.00954	0	0	7500	2e+11
955	0.00955	0	0	7500	2e+11
956	0.00956	0	0	7500	2e+11
957	0.00957	0	0	7500	2e+11
958	0.00958	0	0	7500	2e+11
959	0.00959	0	0	7500	2e+11
960	0.0096	0	0	7500	2e+11
961	0.00961	0	0	7500	2e+11
962	0.00962	0	0	7500	2e+11
963	0.00963	0	0	7500	2e+11
964	0.00964	0	0	7500	2e+11
965	0.00965	0	0	7500	2e+11
966	0.00966	0	0	7500	2e+11
967	0.00967	0	0	7500	2e+11
968	0.00968	0	0	7500	2e+11
969	0.00969	0	0	7500	2e+11
970	0.0097	0	0	7500	2e+11
971	0.00971	0	0	7500	2e+11
972	0.00972	0	0	7500	2e+11
973	0.00973	0	0	7500	2e+11
974	0.00974	0	0	7500	2e+11
975	0.00975	0	0	7500	2e+11
976	0.00976	0	0	7500	2e+11
977	0.00977	0	0	7500	2e+11
978	0.00978	0	0	7500	2e+11
979	0.00979	0	0	7500	2e+11
980	0.0098	0	0	7500	2e+11
981	0.00981	0	0	7500	2e+11
982	0.00982	0	0	7500	2e+11
983	0.00983	0	0	7500	2e+11
984	0.00984	0	0	7500	2e+11
985	0.00985	0	0	7500	2e+11
986	0.00986	0	0	7500	2e+11
987	0.00987	0	0	7500	2e+11
988	0.00988	0	0	7500	2e+11
989	0.00989	0	0	7500	2e+11
990	0.0099	0	0	7500	2e+11
991	0.00991	0	0	7500	2e+11
992	0.00992	0	0	7500	2e+11
993	0.00993	0	0	7500	2e+11
994	0.00994	0	0	7500	2e+11
995	0.00995	0	0	7500	2e+11
996	0.00996	0	0	7500	2e+11
997	0.00997	0	0	7500	2e+11
998	0.00998	0	0	7500	2e+11
999	0.00999	0	0	7500	2e+11
1000	0.01	0	0	7500	2e+11
