0	0	0	0	7500	2e+11 0.516398
1	1e-05	0	0	7500	2e+11 0.516398
2	2e-05	0	0	7500	2e+11 0.516398
3	3e-05	0	0	7500	2e+11 0.516398
4	4e-05	0	0	7500	2e+11 0.516398
5	5e-05	0	0	7500	2e+11 0.516398
6	6e-05	0	0	7500	2e+11 0.516398
7	7e-05	0	0	7500	2e+11 0.516398
8	8e-05	0	0	7500	2e+11 0.516398
9	9e-05	0	0	7500	2e+11 0.516398
10	0.0001	0	0	7500	2e+11 0.516398
11	0.00011	0	0	7500	2e+11 0.516398
12	0.00012	0	0	7500	2e+11 0.516398
13	0.00013	0	0	7500	2e+11 0.516398
14	0.00014	0	0	7500	2e+11 0.516398
15	0.00015	0	0	7500	2e+11 0.516398
16	0.00016	0	0	7500	2e+11 0.516398
17	0.00017	0	0	7500	2e+11 0.516398
18	0.00018	0	0	7500	2e+11 0.516398
19	0.00019	0	0	7500	2e+11 0.516398
20	0.0002	0	0	7500	2e+11 0.516398
21	0.00021	0	0	7500	2e+11 0.516398
22	0.00022	0	0	7500	2e+11 0.516398
23	0.00023	0	0	7500	2e+11 0.516398
24	0.00024	0	0	7500	2e+11 0.516398
25	0.00025	0	0	7500	2e+11 0.516398
26	0.00026	0	0	7500	2e+11 0.516398
27	0.00027	0	0	7500	2e+11 0.516398
28	0.00028	0	0	7500	2e+11 0.516398
29	0.00029	0	0	7500	2e+11 0.516398
30	0.0003	0	0	7500	2e+11 0.516398
31	0.00031	0	0	7500	2e+11 0.516398
32	0.00032	0	0	7500	2e+11 0.516398
33	0.00033	0	0	7500	2e+11 0.516398
34	0.00034	0	0	7500	2e+11 0.516398
35	0.00035	0	0	7500	2e+11 0.516398
36	0.00036	0	0	7500	2e+11 0.516398
37	0.00037	0	0	7500	2e+11 0.516398
38	0.00038	0	0	7500	2e+11 0.516398
39	0.00039	0	0	7500	2e+11 0.516398
40	0.0004	0	0	7500	2e+11 0.516398
41	0.00041	0	0	7500	2e+11 0.516398
42	0.00042	0	0	7500	2e+11 0.516398
43	0.00043	0	0	7500	2e+11 0.516398
44	0.00044	0	0	7500	2e+11 0.516398
45	0.00045	0	0	7500	2e+11 0.516398
46	0.00046	0	0	7500	2e+11 0.516398
47	0.00047	0	0	7500	2e+11 0.516398
48	0.00048	0	0	7500	2e+11 0.516398
49	0.00049	0	0	7500	2e+11 0.5164
50	0.0005	0	0	7500	2e+11 0.5164
51	0.00051	0	0	7500	2e+11 0.516397
52	0.00052	0	0	7500	2e+11 0.5164
53	0.00053	0	0	7500	2e+11 0.5164
54	0.00054	0	0	7500	2e+11 0.516397
55	0.00055	0	0	7500	2e+11 0.5164
56	0.00056	0	0	7500	2e+11 0.5164
57	0.00057	0	0	7500	2e+11 0.516397
58	0.00058	0	0	7500	2e+11 0.516397
59	0.00059	0	0	7500	2e+11 0.5164
60	0.0006	0	0	7500	2e+11 0.5164
61	0.00061	0	0	7500	2e+11 0.516397
62	0.00062	0	0	7500	2e+11 0.5164
63	0.00063	0	0	7500	2e+11 0.5164
64	0.00064	0	0	7500	2e+11 0.516397
65	0.00065	0	0	7500	2e+11 0.5164
66	0.00066	0	0	7500	2e+11 0.5164
67	0.00067	0	0	7500	2e+11 0.516397
68	0.00068	0	0	7500	2e+11 0.5164
69	0.00069	0	0	7500	2e+11 0.5164
70	0.0007	0	0	7500	2e+11 0.516397
71	0.00071	0	0	7500	2e+11 0.516397
72	0.00072	0	0	7500	2e+11 0.5164
73	0.00073	0	0	7500	2e+11 0.5164
74	0.00074	0	0	7500	2e+11 0.516397
75	0.00075	0	0	7500	2e+11 0.5164
76	0.00076	0	0	7500	2e+11 0.5164
77	0.00077	0	0	7500	2e+11 0.516397
78	0.00078	0	0	7500	2e+11 0.5164
79	0.00079	0	0	7500	2e+11 0.5164
80	0.0008	0	0	7500	2e+11 0.516397
81	0.00081	0	0	7500	2e+11 0.5164
82	0.00082	0	0	7500	2e+11 0.5164
83	0.00083	0	0	7500	2e+11 0.516397
84	0.00084	0	0	7500	2e+11 0.5164
85	0.00085	0	0	7500	2e+11 0.5164
86	0.00086	0	0	7500	2e+11 0.516397
87	0.00087	0	0	7500	2e+11 0.5164
88	0.00088	0	0	7500	2e+11 0.5164
89	0.00089	0	0	7500	2e+11 0.516397
90	0.0009	0	0	7500	2e+11 0.516397
91	0.00091	0	0	7500	2e+11 0.5164
92	0.00092	0	0	7500	2e+11 0.5164
93	0.00093	0	0	7500	2e+11 0.516397
94	0.00094	0	0	7500	2e+11 0.5164
95	0.00095	0	0	7500	2e+11 0.5164
96	0.00096	0	0	7500	2e+11 0.516397
97	0.00097	0	0	7500	2e+11 0.516397
98	0.00098	0	0	7500	2e+11 0.5164
99	0.00099	0	0	7500	2e+11 0.5164
100	0.001	0	0	7500	2e+11 0.5164
101	0.00101	0	0	7500	2e+11 0.5164
102	0.00102	0	0	7500	2e+11 0.5164
103	0.00103	0	0	7500	2e+11 0.5164
104	0.00104	0	0	7500	2e+11 0.5164
105	0.00105	0	0	7500	2e+11 0.5164
106	0.00106	0	0	7500	2e+11 0.5164
107	0.00107	0	0	7500	2e+11 0.5164
108	0.00108	0	0	7500	2e+11 0.5164
109	0.00109	0	0	7500	2e+11 0.5164
110	0.0011	0	0	7500	2e+11 0.5164
111	0.00111	0	0	7500	2e+11 0.5164
112	0.00112	0	0	7500	2e+11 0.5164
113	0.00113	0	0	7500	2e+11 0.5164
114	0.00114	0	0	7500	2e+11 0.5164
115	0.00115	0	0	7500	2e+11 0.5164
116	0.00116	0	0	7500	2e+11 0.5164
117	0.00117	0	0	7500	2e+11 0.5164
118	0.00118	0	0	7500	2e+11 0.5164
119	0.00119	0	0	7500	2e+11 0.5164
120	0.0012	0	0	7500	2e+11 0.5164
121	0.00121	0	0	7500	2e+11 0.5164
122	0.00122	0	0	7500	2e+11 0.5164
123	0.00123	0	0	7500	2e+11 0.5164
124	0.00124	0	0	7500	2e+11 0.5164
125	0.00125	0	0	7500	2e+11 0.5164
126	0.00126	0	0	7500	2e+11 0.5164
127	0.00127	0	0	7500	2e+11 0.5164
128	0.00128	0	0	7500	2e+11 0.5164
129	0.00129	0	0	7500	2e+11 0.5164
130	0.0013	0	0	7500	2e+11 0.5164
131	0.00131	0	0	7500	2e+11 0.5164
132	0.00132	0	0	7500	2e+11 0.5164
133	0.00133	0	0	7500	2e+11 0.5164
134	0.00134	0	0	7500	2e+11 0.5164
135	0.00135	0	0	7500	2e+11 0.5164
136	0.00136	0	0	7500	2e+11 0.5164
137	0.00137	0	0	7500	2e+11 0.5164
138	0.00138	0	0	7500	2e+11 0.5164
139	0.00139	0	0	7500	2e+11 0.5164
140	0.0014	0	0	7500	2e+11 0.5164
141	0.00141	0	0	7500	2e+11 0.5164
142	0.00142	0	0	7500	2e+11 0.5164
143	0.00143	0	0	7500	2e+11 0.5164
144	0.00144	0	0	7500	2e+11 0.5164
145	0.00145	0	0	7500	2e+11 0.5164
146	0.00146	0	0	7500	2e+11 0.5164
147	0.00147	0	0	7500	2e+11 0.5164
148	0.00148	0	0	7500	2e+11 0.5164
149	0.00149	0	0	7500	2e+11 0.5164
150	0.0015	0	0	7500	2e+11 0.5164
151	0.00151	0	0	7500	2e+11 0.5164
152	0.00152	0	0	7500	2e+11 0.5164
153	0.00153	0	0	7500	2e+11 0.5164
154	0.00154	0	0	7500	2e+11 0.5164
155	0.00155	0	0	7500	2e+11 0.5164
156	0.00156	0	0	7500	2e+11 0.5164
157	0.00157	0	0	7500	2e+11 0.5164
158	0.00158	0	0	7500	2e+11 0.5164
159	0.00159	0	0	7500	2e+11 0.5164
160	0.0016	0	0	7500	2e+11 0.5164
161	0.00161	0	0	7500	2e+11 0.5164
162	0.00162	0	0	7500	2e+11 0.5164
163	0.00163	0	0	7500	2e+11 0.5164
164	0.00164	0	0	7500	2e+11 0.5164
165	0.00165	0	0	7500	2e+11 0.5164
166	0.00166	0	0	7500	2e+11 0.5164
167	0.00167	0	0	7500	2e+11 0.5164
168	0.00168	0	0	7500	2e+11 0.5164
169	0.00169	0	0	7500	2e+11 0.5164
170	0.0017	0	0	7500	2e+11 0.5164
171	0.00171	0	0	7500	2e+11 0.5164
172	0.00172	0	0	7500	2e+11 0.5164
173	0.00173	0	0	7500	2e+11 0.5164
174	0.00174	0	0	7500	2e+11 0.5164
175	0.00175	0	0	7500	2e+11 0.5164
176	0.00176	0	0	7500	2e+11 0.5164
177	0.00177	0	0	7500	2e+11 0.5164
178	0.00178	0	0	7500	2e+11 0.5164
179	0.00179	0	0	7500	2e+11 0.5164
180	0.0018	0	0	7500	2e+11 0.5164
181	0.00181	0	0	7500	2e+11 0.5164
182	0.00182	0	0	7500	2e+11 0.5164
183	0.00183	0	0	7500	2e+11 0.5164
184	0.00184	0	0	7500	2e+11 0.5164
185	0.00185	0	0	7500	2e+11 0.5164
186	0.00186	0	0	7500	2e+11 0.5164
187	0.00187	0	0	7500	2e+11 0.5164
188	0.00188	0	0	7500	2e+11 0.5164
189	0.00189	0	0	7500	2e+11 0.5164
190	0.0019	0	0	7500	2e+11 0.5164
191	0.00191	0	0	7500	2e+11 0.5164
192	0.00192	0	0	7500	2e+11 0.5164
193	0.00193	0	0	7500	2e+11 0.5164
194	0.00194	0	0	7500	2e+11 0.5164
195	0.00195	0	0	7500	2e+11 0.5164
196	0.00196	0	0	7500	2e+11 0.516406
197	0.00197	0	0	7500	2e+11 0.516406
198	0.00198	0	0	7500	2e+11 0.516394
199	0.00199	0	0	7500	2e+11 0.516406
200	0.002	0	0	7500	2e+11 0.516406
201	0.00201	0	0	7500	2e+11 0.516394
202	0.00202	0	0	7500	2e+11 0.516406
203	0.00203	0	0	7500	2e+11 0.516406
204	0.00204	0	0	7500	2e+11 0.516394
205	0.00205	0	0	7500	2e+11 0.516406
206	0.00206	0	0	7500	2e+11 0.516406
207	0.00207	0	0	7500	2e+11 0.516394
208	0.00208	0	0	7500	2e+11 0.516406
209	0.00209	0	0	7500	2e+11 0.516406
210	0.0021	0	0	7500	2e+11 0.516394
211	0.00211	0	0	7500	2e+11 0.516406
212	0.00212	0	0	7500	2e+11 0.516406
213	0.00213	0	0	7500	2e+11 0.516394
214	0.00214	0	0	7500	2e+11 0.516406
215	0.00215	0	0	7500	2e+11 0.516406
216	0.00216	0	0	7500	2e+11 0.516394
217	0.00217	0	0	7500	2e+11 0.516406
218	0.00218	0	0	7500	2e+11 0.516406
219	0.00219	0	0	7500	2e+11 0.516394
220	0.0022	0	0	7500	2e+11 0.516406
221	0.00221	0	0	7500	2e+11 0.516406
222	0.00222	0	0	7500	2e+11 0.516394
223	0.00223	0	0	7500	2e+11 0.516406
224	0.00224	0	0	7500	2e+11 0.516406
225	0.00225	0	0	7500	2e+11 0.516394
226	0.00226	0	0	7500	2e+11 0.516394
227	0.00227	0	0	7500	2e+11 0.516406
228	0.00228	0	0	7500	2e+11 0.516406
229	0.00229	0	0	7500	2e+11 0.516394
230	0.0023	0	0	7500	2e+11 0.516406
231	0.00231	0	0	7500	2e+11 0.516406
232	0.00232	0	0	7500	2e+11 0.516394
233	0.00233	0	0	7500	2e+11 0.516406
234	0.00234	0	0	7500	2e+11 0.516406
235	0.00235	0	0	7500	2e+11 0.516394
236	0.00236	0	0	7500	2e+11 0.516406
237	0.00237	0	0	7500	2e+11 0.516406
238	0.00238	0	0	7500	2e+11 0.516394
239	0.00239	0	0	7500	2e+11 0.516406
240	0.0024	0	0	7500	2e+11 0.516406
241	0.00241	0	0	7500	2e+11 0.516394
242	0.00242	0	0	7500	2e+11 0.516406
243	0.00243	0	0	7500	2e+11 0.516406
244	0.00244	0	0	7500	2e+11 0.516394
245	0.00245	0	0	7500	2e+11 0.516406
246	0.00246	0	0	7500	2e+11 0.516406
247	0.00247	0	0	7500	2e+11 0.516394
248	0.00248	0	0	7500	2e+11 0.516406
249	0.00249	0	0	7500	2e+11 0.516406
250	0.0025	0	0	7500	2e+11 0.516394
251	0.00251	0	0	7500	2e+11 0.516406
252	0.00252	0	0	7500	2e+11 0.516406
253	0.00253	0	0	7500	2e+11 0.516394
254	0.00254	0	0	7500	2e+11 0.516406
255	0.00255	0	0	7500	2e+11 0.516406
256	0.00256	0	0	7500	2e+11 0.516394
257	0.00257	0	0	7500	2e+11 0.516406
258	0.00258	0	0	7500	2e+11 0.516406
259	0.00259	0	0	7500	2e+11 0.516394
260	0.0026	0	0	7500	2e+11 0.516406
261	0.00261	0	0	7500	2e+11 0.516406
262	0.00262	0	0	7500	2e+11 0.516394
263	0.00263	0	0	7500	2e+11 0.516406
264	0.00264	0	0	7500	2e+11 0.516406
265	0.00265	0	0	7500	2e+11 0.516394
266	0.00266	0	0	7500	2e+11 0.516406
267	0.00267	0	0	7500	2e+11 0.516406
268	0.00268	0	0	7500	2e+11 0.516394
269	0.00269	0	0	7500	2e+11 0.516406
270	0.0027	0	0	7500	2e+11 0.516406
271	0.00271	0	0	7500	2e+11 0.516394
272	0.00272	0	0	7500	2e+11 0.516406
273	0.00273	0	0	7500	2e+11 0.516406
274	0.00274	0	0	7500	2e+11 0.516394
275	0.00275	0	0	7500	2e+11 0.516406
276	0.00276	0	0	7500	2e+11 0.516406
277	0.00277	0	0	7500	2e+11 0.516394
278	0.00278	0	0	7500	2e+11 0.516406
279	0.00279	0	0	7500	2e+11 0.516406
280	0.0028	0	0	7500	2e+11 0.516394
281	0.00281	0	0	7500	2e+11 0.516406
282	0.00282	0	0	7500	2e+11 0.516406
283	0.00283	0	0	7500	2e+11 0.516394
284	0.00284	0	0	7500	2e+11 0.516406
285	0.00285	0	0	7500	2e+11 0.516406
286	0.00286	0	0	7500	2e+11 0.516394
287	0.00287	0	0	7500	2e+11 0.516394
288	0.00288	0	0	7500	2e+11 0.516406
289	0.00289	0	0	7500	2e+11 0.516406
290	0.0029	0	0	7500	2e+11 0.516394
291	0.00291	0	0	7500	2e+11 0.516406
292	0.00292	0	0	7500	2e+11 0.516406
293	0.00293	0	0	7500	2e+11 0.516394
294	0.00294	0	0	7500	2e+11 0.516406
295	0.00295	0	0	7500	2e+11 0.516406
296	0.00296	0	0	7500	2e+11 0.516394
297	0.00297	0	0	7500	2e+11 0.516406
298	0.00298	0	0	7500	2e+11 0.516406
299	0.00299	0	0	7500	2e+11 0.516394
300	0.003	0	0	7500	2e+11 0.516406
301	0.00301	0	0	7500	2e+11 0.516406
302	0.00302	0	0	7500	2e+11 0.516394
303	0.00303	0	0	7500	2e+11 0.516406
304	0.00304	0	0	7500	2e+11 0.516406
305	0.00305	0	0	7500	2e+11 0.516394
306	0.00306	0	0	7500	2e+11 0.516406
307	0.00307	0	0	7500	2e+11 0.516406
308	0.00308	0	0	7500	2e+11 0.516394
309	0.00309	0	0	7500	2e+11 0.516406
310	0.0031	0	0	7500	2e+11 0.516406
311	0.00311	0	0	7500	2e+11 0.516394
312	0.00312	0	0	7500	2e+11 0.516406
313	0.00313	0	0	7500	2e+11 0.516406
314	0.00314	0	0	7500	2e+11 0.516394
315	0.00315	0	0	7500	2e+11 0.516406
316	0.00316	0	0	7500	2e+11 0.516406
317	0.00317	0	0	7500	2e+11 0.516394
318	0.00318	0	0	7500	2e+11 0.516406
319	0.00319	0	0	7500	2e+11 0.516406
320	0.0032	0	0	7500	2e+11 0.516394
321	0.00321	0	0	7500	2e+11 0.516406
322	0.00322	0	0	7500	2e+11 0.516406
323	0.00323	0	0	7500	2e+11 0.516394
324	0.00324	0	0	7500	2e+11 0.516406
325	0.00325	0	0	7500	2e+11 0.516406
326	0.00326	0	0	7500	2e+11 0.516394
327	0.00327	0	0	7500	2e+11 0.516406
328	0.00328	0	0	7500	2e+11 0.516406
329	0.00329	0	0	7500	2e+11 0.516394
330	0.0033	0	0	7500	2e+11 0.516406
331	0.00331	0	0	7500	2e+11 0.516406
332	0.00332	0	0	7500	2e+11 0.516394
333	0.00333	0	0	7500	2e+11 0.516406
334	0.00334	0	0	7500	2e+11 0.516406
335	0.00335	0	0	7500	2e+11 0.516394
336	0.00336	0	0	7500	2e+11 0.516406
337	0.00337	0	0	7500	2e+11 0.516406
338	0.00338	0	0	7500	2e+11 0.516394
339	0.00339	0	0	7500	2e+11 0.516406
340	0.0034	0	0	7500	2e+11 0.516406
341	0.00341	0	0	7500	2e+11 0.516394
342	0.00342	0	0	7500	2e+11 0.516406
343	0.00343	0	0	7500	2e+11 0.516406
344	0.00344	0	0	7500	2e+11 0.516394
345	0.00345	0	0	7500	2e+11 0.516406
346	0.00346	0	0	7500	2e+11 0.516406
347	0.00347	0	0	7500	2e+11 0.516394
348	0.00348	0	0	7500	2e+11 0.516406
349	0.00349	0	0	7500	2e+11 0.516406
350	0.0035	0	0	7500	2e+11 0.516394
351	0.00351	0	0	7500	2e+11 0.516406
352	0.00352	0	0	7500	2e+11 0.516406
353	0.00353	0	0	7500	2e+11 0.516394
354	0.00354	0	0	7500	2e+11 0.516394
355	0.00355	0	0	7500	2e+11 0.516406
356	0.00356	0	0	7500	2e+11 0.516406
357	0.00357	0	0	7500	2e+11 0.516394
358	0.00358	0	0	7500	2e+11 0.516406
359	0.00359	0	0	7500	2e+11 0.516406
360	0.0036	0	0	7500	2e+11 0.516394
361	0.00361	0	0	7500	2e+11 0.516406
362	0.00362	0	0	7500	2e+11 0.516406
363	0.00363	0	0	7500	2e+11 0.516394
364	0.00364	0	0	7500	2e+11 0.516406
365	0.00365	0	0	7500	2e+11 0.516406
366	0.00366	0	0	7500	2e+11 0.516394
367	0.00367	0	0	7500	2e+11 0.516406
368	0.00368	0	0	7500	2e+11 0.516406
369	0.00369	0	0	7500	2e+11 0.516394
370	0.0037	0	0	7500	2e+11 0.516406
371	0.00371	0	0	7500	2e+11 0.516406
372	0.00372	0	0	7500	2e+11 0.516394
373	0.00373	0	0	7500	2e+11 0.516406
374	0.00374	0	0	7500	2e+11 0.516406
375	0.00375	0	0	7500	2e+11 0.516394
376	0.00376	0	0	7500	2e+11 0.516406
377	0.00377	0	0	7500	2e+11 0.516406
378	0.00378	0	0	7500	2e+11 0.516394
379	0.00379	0	0	7500	2e+11 0.516406
380	0.0038	0	0	7500	2e+11 0.516406
381	0.00381	0	0	7500	2e+11 0.516394
382	0.00382	0	0	7500	2e+11 0.516406
383	0.00383	0	0	7500	2e+11 0.516406
384	0.00384	0	0	7500	2e+11 0.516394
385	0.00385	0	0	7500	2e+11 0.516406
386	0.00386	0	0	7500	2e+11 0.516406
387	0.00387	0	0	7500	2e+11 0.516394
388	0.00388	0	0	7500	2e+11 0.516406
389	0.00389	0	0	7500	2e+11 0.516406
390	0.0039	0	0	7500	2e+11 0.516394
391	0.00391	0	0	7500	2e+11 0.516394
392	0.00392	0	0	7500	2e+11 0.516394
393	0.00393	0	0	7500	2e+11 0.516418
394	0.00394	0	0	7500	2e+11 0.516418
395	0.00395	0	0	7500	2e+11 0.516394
396	0.00396	0	0	7500	2e+11 0.516394
397	0.00397	0	0	7500	2e+11 0.516394
398	0.00398	0	0	7500	2e+11 0.516394
399	0.00399	0	0	7500	2e+11 0.516418
400	0.004	0	0	7500	2e+11 0.516418
401	0.00401	0	0	7500	2e+11 0.516394
402	0.00402	0	0	7500	2e+11 0.516394
403	0.00403	0	0	7500	2e+11 0.516394
404	0.00404	0	0	7500	2e+11 0.516394
405	0.00405	0	0	7500	2e+11 0.516418
406	0.00406	0	0	7500	2e+11 0.516418
407	0.00407	0	0	7500	2e+11 0.516394
408	0.00408	0	0	7500	2e+11 0.516394
409	0.00409	0	0	7500	2e+11 0.516394
410	0.0041	0	0	7500	2e+11 0.516394
411	0.00411	0	0	7500	2e+11 0.516418
412	0.00412	0	0	7500	2e+11 0.516418
413	0.00413	0	0	7500	2e+11 0.516394
414	0.00414	0	0	7500	2e+11 0.516394
415	0.00415	0	0	7500	2e+11 0.516394
416	0.00416	0	0	7500	2e+11 0.516394
417	0.00417	0	0	7500	2e+11 0.516418
418	0.00418	0	0	7500	2e+11 0.516418
419	0.00419	0	0	7500	2e+11 0.516394
420	0.0042	0	0	7500	2e+11 0.516394
421	0.00421	0	0	7500	2e+11 0.516394
422	0.00422	0	0	7500	2e+11 0.516394
423	0.00423	0	0	7500	2e+11 0.516418
424	0.00424	0	0	7500	2e+11 0.516418
425	0.00425	1.65045e-37	3.19608e-41	7500	2e+11 0.516394
426	0.00426	4.88087e-37	9.45176e-41	7500	2e+11 0.516394
427	0.00427	7.2362e-37	1.40128e-40	7500	2e+11 0.516394
428	0.00428	3.15759e-36	6.11465e-40	7500	2e+11 0.516394
429	0.00429	1.3005e-35	2.5184e-39	7500	2e+11 0.516418
430	0.0043	3.60134e-35	6.97396e-39	7500	2e+11 0.516418
431	0.00431	1.0782e-34	2.08792e-38	7500	2e+11 0.516394
432	0.00432	3.4372e-34	6.65612e-38	7500	2e+11 0.516394
433	0.00433	9.51858e-34	1.84326e-37	7500	2e+11 0.516394
434	0.00434	2.85972e-33	5.53782e-37	7500	2e+11 0.516394
435	0.00435	7.47979e-33	1.44845e-36	7500	2e+11 0.516418
436	0.00436	2.17731e-32	4.21633e-36	7500	2e+11 0.516418
437	0.00437	6.24688e-32	1.2097e-35	7500	2e+11 0.516394
438	0.00438	1.90561e-31	3.69021e-35	7500	2e+11 0.516394
439	0.00439	5.68606e-31	1.1011e-34	7500	2e+11 0.516394
440	0.0044	1.57952e-30	3.05872e-34	7500	2e+11 0.516394
441	0.00441	4.3504e-30	8.42452e-34	7500	2e+11 0.516418
442	0.00442	1.13348e-29	2.19498e-33	7500	2e+11 0.516418
443	0.00443	3.03284e-29	5.87308e-33	7500	2e+11 0.516394
444	0.00444	8.71988e-29	1.6886e-32	7500	2e+11 0.516394
445	0.00445	2.27504e-28	4.4056e-32	7500	2e+11 0.516394
446	0.00446	6.91579e-28	1.33924e-31	7500	2e+11 0.516394
447	0.00447	2.15276e-27	4.16881e-31	7500	2e+11 0.516418
448	0.00448	5.85775e-27	1.13435e-30	7500	2e+11 0.516418
449	0.00449	1.51205e-26	2.92808e-30	7500	2e+11 0.516394
450	0.0045	3.81397e-26	7.38572e-30	7500	2e+11 0.516394
451	0.00451	1.33541e-25	2.58602e-29	7500	2e+11 0.516394
452	0.00452	3.42385e-25	6.63026e-29	7500	2e+11 0.516394
453	0.00453	1.17274e-24	2.27099e-28	7500	2e+11 0.516394
454	0.00454	2.71233e-24	5.25241e-28	7500	2e+11 0.516418
455	0.00455	8.54075e-24	1.65391e-27	7500	2e+11 0.516418
456	0.00456	3.02613e-23	5.86008e-27	7500	2e+11 0.516394
457	0.00457	9.10223e-23	1.76264e-26	7500	2e+11 0.516394
458	0.00458	2.36865e-22	4.58687e-26	7500	2e+11 0.516394
459	0.00459	7.92749e-22	1.53515e-25	7500	2e+11 0.516394
460	0.0046	2.04211e-21	3.95453e-25	7500	2e+11 0.516418
461	0.00461	5.47324e-21	1.05989e-24	7500	2e+11 0.516418
462	0.00462	1.53589e-20	2.97423e-24	7500	2e+11 0.516394
463	0.00463	4.27308e-20	8.27478e-24	7500	2e+11 0.516394
464	0.00464	1.21916e-19	2.3609e-23	7500	2e+11 0.516394
465	0.00465	3.31059e-19	6.41093e-23	7500	2e+11 0.516394
466	0.00466	9.78822e-19	1.89548e-22	7500	2e+11 0.516418
467	0.00467	2.68044e-18	5.19066e-22	7500	2e+11 0.516418
468	0.00468	8.2597e-18	1.59948e-21	7500	2e+11 0.516394
469	0.00469	2.17336e-17	4.2087e-21	7500	2e+11 0.516394
470	0.0047	7.08635e-17	1.37227e-20	7500	2e+11 0.516394
471	0.00471	1.96672e-16	3.80854e-20	7500	2e+11 0.516394
472	0.00472	5.98156e-16	1.15832e-19	7500	2e+11 0.516418
473	0.00473	1.47118e-15	2.84893e-19	7500	2e+11 0.516418
474	0.00474	4.3061e-15	8.33873e-19	7500	2e+11 0.516394
475	0.00475	1.26116e-14	2.44222e-18	7500	2e+11 0.516394
476	0.00476	3.43978e-14	6.66111e-18	7500	2e+11 0.516394
477	0.00477	9.92096e-14	1.92119e-17	7500	2e+11 0.516394
478	0.00478	2.09996e-13	4.06655e-17	7500	2e+11 0.516418
479	0.00479	6.09429e-13	1.18015e-16	7500	2e+11 0.516418
480	0.0048	1.65834e-12	3.21136e-16	7500	2e+11 0.516394
481	0.00481	4.8034e-12	9.30174e-16	7500	2e+11 0.516394
482	0.00482	1.21356e-11	2.35006e-15	7500	2e+11 0.516394
483	0.00483	4.14374e-11	8.02433e-15	7500	2e+11 0.516394
484	0.00484	1.08495e-10	2.10099e-14	7500	2e+11 0.516418
485	0.00485	3.03492e-10	5.8771e-14	7500	2e+11 0.516418
486	0.00486	7.32136e-10	1.41778e-13	7500	2e+11 0.516394
487	0.00487	1.98413e-09	3.84225e-13	7500	2e+11 0.516394
488	0.00488	5.92702e-09	1.14776e-12	7500	2e+11 0.516394
489	0.00489	1.79687e-08	3.47963e-12	7500	2e+11 0.516394
490	0.0049	4.67657e-08	9.05614e-12	7500	2e+11 0.516418
491	0.00491	1.41209e-07	2.73451e-11	7500	2e+11 0.516418
492	0.00492	3.32207e-07	6.43317e-11	7500	2e+11 0.516394
493	0.00493	1.07764e-06	2.08684e-10	7500	2e+11 0.516394
494	0.00494	3.22301e-06	6.24133e-10	7500	2e+11 0.516394
495	0.00495	8.70955e-06	1.6866e-09	7500	2e+11 0.516394
496	0.00496	2.76874e-05	5.36163e-09	7500	2e+11 0.516418
497	0.00497	6.99312e-05	1.35421e-08	7500	2e+11 0.516418
498	0.00498	0.000234508	4.54122e-08	7500	2e+11 0.516394
499	0.00499	0.000596425	1.15497e-07	7500	2e+11 0.516394
500	0.005	0.00170144	3.29482e-07	7500	2e+11 0.516394
501	0.00501	0.00426689	8.2628e-07	7500	2e+11 0.516394
502	0.00502	0.0105658	2.04605e-06	7500	2e+11 0.516418
503	0.00503	0.0249827	4.83787e-06	7500	2e+11 0.516418
504	0.00504	0.0796974	1.54333e-05	7500	2e+11 0.516394
505	0.00505	0.232193	4.49639e-05	7500	2e+11 0.516394
506	0.00506	0.767931	0.000148709	7500	2e+11 0.516346
507	0.00507	2.02754	0.000392631	7500	2e+11 0.516346
508	0.00508001	4.85189	0.000939564	7500	2e+11 0.516129
509	0.00509002	8.85133	0.00171405	7500	2e+11 0.515841
510	0.00510004	13.6679	0.00264678	7500	2e+11 0.515386
511	0.00511007	18.9037	0.00366069	7500	2e+11 0.514931
512	0.0051201	24.1856	0.00468352	7500	2e+11 0.51443
513	0.00513015	29.2076	0.00565603	7500	2e+11 0.51381
514	0.00514021	33.7395	0.00653362	7500	2e+11 0.513477
515	0.00515028	37.6494	0.00729078	7500	2e+11 0.512907
516	0.00516035	40.8909	0.00791849	7500	2e+11 0.512646
517	0.00517043	43.4747	0.00841884	7500	2e+11 0.512291
518	0.00518052	45.4577	0.00880285	7500	2e+11 0.51203
519	0.00519061	46.9235	0.00908669	7500	2e+11 0.511889
520	0.0052007	47.9736	0.00929005	7500	2e+11 0.511723
521	0.00521079	48.6997	0.00943065	7500	2e+11 0.511723
522	0.00522089	49.1885	0.00952532	7500	2e+11 0.511535
523	0.00523098	49.5074	0.00958706	7500	2e+11 0.511535
524	0.00524108	49.7087	0.00962605	7500	2e+11 0.511487
525	0.00525117	49.8326	0.00965003	7500	2e+11 0.511487
526	0.00526127	49.9069	0.00966442	7500	2e+11 0.511487
527	0.00527137	49.9499	0.00967277	7500	2e+11 0.511558
528	0.00528146	49.9743	0.00967748	7500	2e+11 0.511558
529	0.00529156	49.9878	0.00968009	7500	2e+11 0.51144
530	0.00530166	49.995	0.00968149	7500	2e+11 0.51144
531	0.00531175	49.9988	0.00968222	7500	2e+11 0.511535
532	0.00532185	50.0007	0.0096826	7500	2e+11 0.511535
533	0.00533195	50.0017	0.00968279	7500	2e+11 0.51144
534	0.00534204	50.0022	0.00968289	7500	2e+11 0.511535
535	0.00535214	50.0024	0.00968293	7500	2e+11 0.511535
536	0.00536223	50.0025	0.00968295	7500	2e+11 0.511487
537	0.00537233	50.0026	0.00968296	7500	2e+11 0.511464
538	0.00538243	50.0026	0.00968296	7500	2e+11 0.511558
539	0.00539252	50.0026	0.00968296	7500	2e+11 0.511558
540	0.00540262	50.0026	0.00968296	7500	2e+11 0.51144
541	0.00541272	50.0026	0.00968296	7500	2e+11 0.511487
542	0.00542281	50.0026	0.00968296	7500	2e+11 0.511487
543	0.00543291	50.0026	0.00968296	7500	2e+11 0.511487
544	0.00544301	50.0026	0.00968296	7500	2e+11 0.511487
545	0.0054531	50.0026	0.00968296	7500	2e+11 0.511535
546	0.0054632	50.0026	0.00968296	7500	2e+11 0.511535
547	0.0054733	50.0026	0.00968296	7500	2e+11 0.51144
548	0.00548339	50.0026	0.00968296	7500	2e+11 0.511511
549	0.00549349	50.0026	0.00968296	7500	2e+11 0.511535
550	0.00550358	50.0026	0.00968296	7500	2e+11 0.511535
551	0.00551368	50.0026	0.00968296	7500	2e+11 0.511511
552	0.00552378	50.0026	0.00968296	7500	2e+11 0.511511
553	0.00553387	50.0026	0.00968296	7500	2e+11 0.511511
554	0.00554397	50.0026	0.00968296	7500	2e+11 0.511511
555	0.00555407	50.0026	0.00968296	7500	2e+11 0.511487
556	0.00556416	50.0026	0.00968296	7500	2e+11 0.511487
557	0.00557426	50.0026	0.00968296	7500	2e+11 0.511535
558	0.00558436	50.0026	0.00968296	7500	2e+11 0.511535
559	0.00559445	50.0026	0.00968296	7500	2e+11 0.511535
560	0.00560455	50.0026	0.00968296	7500	2e+11 0.511535
561	0.00561464	50.0026	0.00968296	7500	2e+11 0.51144
562	0.00562474	50.0026	0.00968296	7500	2e+11 0.51144
563	0.00563484	50.0026	0.00968296	7500	2e+11 0.511535
564	0.00564493	50.0026	0.00968296	7500	2e+11 0.511535
565	0.00565503	50.0026	0.00968296	7500	2e+11 0.511511
566	0.00566513	50.0026	0.00968296	7500	2e+11 0.511511
567	0.00567522	50.0026	0.00968296	7500	2e+11 0.511464
568	0.00568532	50.0026	0.00968296	7500	2e+11 0.511464
569	0.00569542	50.0026	0.00968296	7500	2e+11 0.511558
570	0.00570551	50.0026	0.00968296	7500	2e+11 0.511558
571	0.00571561	50.0026	0.00968296	7500	2e+11 0.511464
572	0.0057257	50.0026	0.00968296	7500	2e+11 0.511464
573	0.0057358	50.0026	0.00968296	7500	2e+11 0.511464
574	0.0057459	50.0026	0.00968296	7500	2e+11 0.511464
575	0.00575599	50.0026	0.00968296	7500	2e+11 0.511487
576	0.00576609	50.0026	0.00968295	7500	2e+11 0.511558
577	0.00577619	50.0026	0.00968295	7500	2e+11 0.511558
578	0.00578628	50.0026	0.00968295	7500	2e+11 0.511464
579	0.00579638	50.0026	0.00968295	7500	2e+11 0.511487
580	0.00580647	50.0026	0.00968295	7500	2e+11 0.511487
581	0.00581657	50.0026	0.00968295	7500	2e+11 0.511511
582	0.00582667	50.0026	0.00968295	7500	2e+11 0.511511
583	0.00583676	50.0026	0.00968295	7500	2e+11 0.511464
584	0.00584686	50.0026	0.00968295	7500	2e+11 0.511487
585	0.00585696	50.0026	0.00968295	7500	2e+11 0.511487
586	0.00586705	50.0026	0.00968295	7500	2e+11 0.51144
587	0.00587715	50.0026	0.00968295	7500	2e+11 0.511605
588	0.00588724	50.0026	0.00968295	7500	2e+11 0.511605
589	0.00589734	50.0026	0.00968295	7500	2e+11 0.511487
590	0.00590744	50.0026	0.00968295	7500	2e+11 0.511464
591	0.00591753	50.0026	0.00968295	7500	2e+11 0.511487
592	0.00592763	50.0025	0.00968295	7500	2e+11 0.511487
593	0.00593773	50.0025	0.00968295	7500	2e+11 0.511511
594	0.00594782	50.0025	0.00968295	7500	2e+11 0.511582
595	0.00595792	50.0025	0.00968295	7500	2e+11 0.511582
596	0.00596801	50.0025	0.00968294	7500	2e+11 0.51144
597	0.00597811	50.0025	0.00968294	7500	2e+11 0.511487
598	0.00598821	50.0024	0.00968292	7500	2e+11 0.511487
599	0.0059983	50.0021	0.00968287	7500	2e+11 0.511487
600	0.0060084	50.0014	0.00968274	7500	2e+11 0.511511
601	0.00601849	49.9999	0.00968243	7500	2e+11 0.511535
602	0.00602859	49.9947	0.00968144	7500	2e+11 0.511535
603	0.00603869	49.9804	0.00967866	7500	2e+11 0.511558
604	0.00604878	49.9375	0.00967035	7500	2e+11 0.511558
605	0.00605888	49.8096	0.00964559	7500	2e+11 0.511487
606	0.00606897	49.4364	0.00957332	7500	2e+11 0.511558
607	0.00607907	48.4769	0.0093875	7500	2e+11 0.511747
608	0.00608916	45.5847	0.00882745	7500	2e+11 0.511912
609	0.00609925	40.9872	0.00793714	7500	2e+11 0.512575
610	0.00610932	35.2853	0.00683296	7500	2e+11 0.513002
611	0.00611939	29.1285	0.00564072	7500	2e+11 0.513643
612	0.00612944	23.1028	0.00447383	7500	2e+11 0.514215
613	0.00613948	17.6652	0.00342085	7500	2e+11 0.514835
614	0.00614952	13.0369	0.00252459	7500	2e+11 0.515218
615	0.00615954	9.32776	0.00180631	7500	2e+11 0.515577
616	0.00616955	6.47141	0.00125318	7500	2e+11 0.515817
617	0.00617957	4.34743	0.000841877	7500	2e+11 0.516009
618	0.00618957	2.83068	0.00054816	7500	2e+11 0.516274
619	0.00619958	1.79418	0.000347442	7500	2e+11 0.516274
620	0.00620958	1.10904	0.000214765	7500	2e+11 0.516346
621	0.00621958	0.669445	0.000129638	7500	2e+11 0.516346
622	0.00622958	0.393382	7.61781e-05	7500	2e+11 0.516466
623	0.00623958	0.225981	4.37611e-05	7500	2e+11 0.516466
624	0.00624958	0.126929	2.45798e-05	7500	2e+11 0.516442
625	0.00625958	0.0696594	1.34895e-05	7500	2e+11 0.516442
626	0.00626958	0.0373716	7.23698e-06	7500	2e+11 0.51649
627	0.00627958	0.0194783	3.77196e-06	7500	2e+11 0.51649
628	0.00628958	0.00987416	1.91212e-06	7500	2e+11 0.516418
629	0.00629958	0.00491472	9.51731e-07	7500	2e+11 0.516466
630	0.00630957	0.00239285	4.63373e-07	7500	2e+11 0.516514
631	0.00631957	0.00113939	2.20642e-07	7500	2e+11 0.516514
632	0.00632957	0.0005291	1.0246e-07	7500	2e+11 0.51661
633	0.00633957	0.000242271	4.69156e-08	7500	2e+11 0.51661
634	0.00634957	0.000108162	2.09455e-08	7500	2e+11 0.516514
635	0.00635957	4.72645e-05	9.15273e-09	7500	2e+11 0.516514
636	0.00636957	2.03547e-05	3.94166e-09	7500	2e+11 0.516514
637	0.00637956	8.52555e-06	1.65097e-09	7500	2e+11 0.516538
638	0.00638956	3.4808e-06	6.74054e-10	7500	2e+11 0.516538
639	0.00639956	1.39731e-06	2.70588e-10	7500	2e+11 0.516586
640	0.00640956	5.43963e-07	1.05338e-10	7500	2e+11 0.516586
641	0.00641956	2.05246e-07	3.97456e-11	7500	2e+11 0.516562
642	0.00642955	7.70598e-08	1.49226e-11	7500	2e+11 0.516731
643	0.00643955	2.81992e-08	5.46075e-12	7500	2e+11 0.516731
644	0.00644955	1.0032e-08	1.94268e-12	7500	2e+11 0.516707
645	0.00645954	3.48776e-09	6.75402e-13	7500	2e+11 0.516707
646	0.00646954	1.17602e-09	2.27735e-13	7500	2e+11 0.516731
647	0.00647953	3.83242e-10	7.42144e-14	7500	2e+11 0.516731
648	0.00648952	1.22067e-10	2.36381e-14	7500	2e+11 0.516851
649	0.00649952	3.83624e-11	7.42884e-15	7500	2e+11 0.517164
650	0.0065095	1.18543e-11	2.29558e-15	7500	2e+11 0.517164
651	0.00651956	3.48613e-12	6.75087e-16	7500	2e+11 0.51702
652	0.00652955	1.0023e-12	1.94096e-16	7500	2e+11 0.51702
653	0.00653954	2.84507e-13	5.50945e-17	7500	2e+11 0.516779
654	0.00654954	7.99213e-14	1.54767e-17	7500	2e+11 0.516658
655	0.00655953	2.12438e-14	4.11384e-18	7500	2e+11 0.516634
656	0.00656953	5.57279e-15	1.07917e-18	7500	2e+11 0.516634
657	0.00657953	1.39779e-15	2.7068e-19	7500	2e+11 0.516538
658	0.00658952	3.35382e-16	6.49465e-20	7500	2e+11 0.516658
659	0.00659952	8.02071e-17	1.5532e-20	7500	2e+11 0.516658
660	0.00660952	1.89331e-17	3.66639e-21	7500	2e+11 0.516538
661	0.00661952	4.42397e-18	8.56698e-22	7500	2e+11 0.516538
662	0.00662951	9.8343e-19	1.9044e-22	7500	2e+11 0.516514
663	0.00663951	2.18294e-19	4.22724e-23	7500	2e+11 0.516514
664	0.00664951	4.64865e-20	9.00207e-24	7500	2e+11 0.51637
665	0.00665951	9.8303e-21	1.90363e-24	7500	2e+11 0.51637
666	0.00666951	1.99712e-21	3.86741e-25	7500	2e+11 0.516394
667	0.00667951	3.96198e-22	7.67235e-26	7500	2e+11 0.516562
668	0.00668951	7.87182e-23	1.52437e-26	7500	2e+11 0.516562
669	0.00669951	1.54629e-23	2.99439e-27	7500	2e+11 0.516418
670	0.00670951	2.95533e-24	5.72297e-28	7500	2e+11 0.51649
671	0.00671951	5.61999e-25	1.08831e-28	7500	2e+11 0.51649
672	0.00672951	1.03197e-25	1.9984e-29	7500	2e+11 0.51637
673	0.00673951	1.93301e-26	3.74326e-30	7500	2e+11 0.516538
674	0.00674951	3.56823e-27	6.90984e-31	7500	2e+11 0.516538
675	0.00675951	6.39858e-28	1.23908e-31	7500	2e+11 0.51637
676	0.00676951	1.09306e-28	2.1167e-32	7500	2e+11 0.51637
677	0.00677951	1.84379e-29	3.57049e-33	7500	2e+11 0.516442
678	0.00678951	3.05099e-30	5.90821e-34	7500	2e+11 0.516442
679	0.00679951	4.88201e-31	9.45397e-35	7500	2e+11 0.516442
680	0.00680951	7.54183e-32	1.46047e-35	7500	2e+11 0.516442
681	0.00681951	1.16467e-32	2.25537e-36	7500	2e+11 0.516394
682	0.00682951	1.69978e-33	3.29161e-37	7500	2e+11 0.516394
683	0.00683951	2.30584e-34	4.46523e-38	7500	2e+11 0.51637
684	0.00684952	3.01008e-35	5.829e-39	7500	2e+11 0.516346
685	0.00685952	3.84047e-36	7.43704e-40	7500	2e+11 0.516346
686	0.00686952	4.83137e-37	9.35591e-41	7500	2e+11 0.51637
687	0.00687952	5.84546e-38	1.13197e-41	7500	2e+11 0.516442
688	0.00688952	7.03366e-39	1.36206e-42	7500	2e+11 0.516442
689	0.00689952	8.61116e-40	1.66755e-43	7500	2e+11 0.516418
690	0.00690952	8.68357e-41	1.68156e-44	7500	2e+11 0.516418
691	0.00691952	7.23631e-42	1.4013e-45	7500	2e+11 0.516442
692	0.00692952	0	0	7500	2e+11 0.516442
693	0.00693952	0	0	7500	2e+11 0.516466
694	0.00694952	0	0	7500	2e+11 0.516466
695	0.00695952	0	0	7500	2e+11 0.516466
696	0.00696952	0	0	7500	2e+11 0.516394
697	0.00697952	0	0	7500	2e+11 0.516418
698	0.00698952	0	0	7500	2e+11 0.516418
699	0.00699952	0	0	7500	2e+11 0.51649
700	0.00700952	0	0	7500	2e+11 0.51649
701	0.00701952	0	0	7500	2e+11 0.51637
702	0.00702952	0	0	7500	2e+11 0.51637
703	0.00703952	0	0	7500	2e+11 0.516466
704	0.00704952	0	0	7500	2e+11 0.516466
705	0.00705952	0	0	7500	2e+11 0.516442
706	0.00706952	0	0	7500	2e+11 0.516442
707	0.00707952	0	0	7500	2e+11 0.516442
708	0.00708952	0	0	7500	2e+11 0.516418
709	0.00709952	0	0	7500	2e+11 0.516538
710	0.00710952	0	0	7500	2e+11 0.516538
711	0.00711952	2.17089e-41	-4.2039e-45	7500	2e+11 0.516442
712	0.00712952	1.80906e-40	-3.50325e-44	7500	2e+11 0.516442
713	0.00713952	1.36042e-39	-2.63444e-43	7500	2e+11 0.516442
714	0.00714952	9.87751e-39	-1.91277e-42	7500	2e+11 0.516442
715	0.00715952	6.92367e-38	-1.34076e-41	7500	2e+11 0.516394
716	0.00716952	4.62644e-37	-8.95906e-41	7500	2e+11 0.516562
717	0.00717951	3.20917e-36	-6.21453e-40	7500	2e+11 0.516562
718	0.00718951	2.5326e-35	-4.90437e-39	7500	2e+11 0.516418
719	0.00719952	2.02731e-34	-3.92588e-38	7500	2e+11 0.51649
720	0.00720951	1.70044e-33	-3.29288e-37	7500	2e+11 0.51649
721	0.00721952	1.43596e-32	-2.78073e-36	7500	2e+11 0.51649
722	0.00722951	1.12745e-31	-2.1833e-35	7500	2e+11 0.51649
723	0.00723951	9.27646e-31	-1.79638e-34	7500	2e+11 0.516442
724	0.00724951	8.05156e-30	-1.55918e-33	7500	2e+11 0.516442
725	0.00725951	6.42632e-29	-1.24445e-32	7500	2e+11 0.516442
726	0.00726951	4.72496e-28	-9.14985e-32	7500	2e+11 0.516442
727	0.00727951	3.31436e-27	-6.41823e-31	7500	2e+11 0.516442
728	0.00728951	2.29035e-26	-4.43525e-30	7500	2e+11 0.516442
729	0.00729951	1.47238e-25	-2.85125e-29	7500	2e+11 0.516418
730	0.00730951	9.36179e-25	-1.8129e-28	7500	2e+11 0.516418
731	0.00731951	5.93968e-24	-1.15021e-27	7500	2e+11 0.516514
732	0.00732951	3.59289e-23	-6.9576e-27	7500	2e+11 0.516514
733	0.00733951	2.04999e-22	-3.96978e-26	7500	2e+11 0.516322
734	0.00734952	1.13026e-21	-2.18874e-25	7500	2e+11 0.51637
735	0.00735952	6.40518e-21	-1.24036e-24	7500	2e+11 0.516418
736	0.00736952	3.40428e-20	-6.59236e-24	7500	2e+11 0.51649
737	0.00737951	1.69681e-19	-3.28586e-23	7500	2e+11 0.51649
738	0.00738952	8.4109e-19	-1.62876e-22	7500	2e+11 0.516322
739	0.00739952	3.89751e-18	-7.54751e-22	7500	2e+11 0.51637
740	0.00740952	1.73415e-17	-3.35818e-21	7500	2e+11 0.51637
741	0.00741952	7.59568e-17	-1.4709e-20	7500	2e+11 0.516346
742	0.00742952	3.31326e-16	-6.41611e-20	7500	2e+11 0.516346
743	0.00743952	1.37156e-15	-2.65601e-19	7500	2e+11 0.516274
744	0.00744953	5.46234e-15	-1.05778e-18	7500	2e+11 0.516274
745	0.00745953	2.17195e-14	-4.20596e-18	7500	2e+11 0.516226
746	0.00746953	8.31253e-14	-1.60971e-17	7500	2e+11 0.516226
747	0.00747954	3.01565e-13	-5.83979e-17	7500	2e+11 0.516105
748	0.00748955	1.06423e-12	-2.06088e-16	7500	2e+11 0.516129
749	0.00749955	3.65169e-12	-7.07148e-16	7500	2e+11 0.516129
750	0.00750956	1.22337e-11	-2.36904e-15	7500	2e+11 0.519466
751	0.0075195	3.95616e-11	-7.66108e-15	7500	2e+11 0.519466
752	0.00752952	1.27852e-10	-2.47584e-14	7500	2e+11 0.515841
753	0.00753953	4.00955e-10	-7.76446e-14	7500	2e+11 0.516274
754	0.00754953	1.21895e-09	-2.36049e-13	7500	2e+11 0.516274
755	0.00755954	3.55324e-09	-6.88082e-13	7500	2e+11 0.516033
756	0.00756954	1.01473e-08	-1.96503e-12	7500	2e+11 0.516346
757	0.00757955	2.8719e-08	-5.56141e-12	7500	2e+11 0.516346
758	0.00758955	7.87389e-08	-1.52477e-11	7500	2e+11 0.516177
759	0.00759955	2.10058e-07	-4.06775e-11	7500	2e+11 0.516177
760	0.00760956	5.41435e-07	-1.04848e-10	7500	2e+11 0.516298
761	0.00761956	1.37998e-06	-2.67231e-10	7500	2e+11 0.516298
762	0.00762957	3.45101e-06	-6.68285e-10	7500	2e+11 0.516442
763	0.00763956	8.31824e-06	-1.61082e-09	7500	2e+11 0.516442
764	0.00764957	1.96307e-05	-3.80147e-09	7500	2e+11 0.516538
765	0.00765957	4.54279e-05	-8.79707e-09	7500	2e+11 0.516538
766	0.00766957	0.000103203	-1.99851e-08	7500	2e+11 0.516346
767	0.00767957	0.000230439	-4.46244e-08	7500	2e+11 0.516346
768	0.00768957	0.000499255	-9.66802e-08	7500	2e+11 0.516346
769	0.00769957	0.00105591	-2.04476e-07	7500	2e+11 0.516346
770	0.00770958	0.00219506	-4.25072e-07	7500	2e+11 0.516442
771	0.00771958	0.00443067	-8.57996e-07	7500	2e+11 0.516442
772	0.00772958	0.0087466	-1.69377e-06	7500	2e+11 0.516346
773	0.00773958	0.0169327	-3.279e-06	7500	2e+11 0.516346
774	0.00774958	0.0319843	-6.19373e-06	7500	2e+11 0.516394
775	0.00775958	0.0592016	-1.14643e-05	7500	2e+11 0.516394
776	0.00776958	0.106878	-2.06969e-05	7500	2e+11 0.51637
777	0.00777958	0.188875	-3.65755e-05	7500	2e+11 0.51637
778	0.00778958	0.325415	-6.30164e-05	7500	2e+11 0.516538
779	0.00779958	0.547815	-0.000106084	7500	2e+11 0.516538
780	0.00780958	0.897437	-0.000173788	7500	2e+11 0.516298
781	0.00781964	1.43588	-0.000278057	7500	2e+11 0.515601
782	0.00782965	2.22817	-0.000431483	7500	2e+11 0.516707
783	0.00783965	3.3635	-0.000651339	7500	2e+11 0.516803
784	0.00784964	4.92575	-0.000953868	7500	2e+11 0.517092
785	0.00785963	7.01401	-0.00135826	7500	2e+11 0.51714
786	0.00786961	9.72697	-0.00188362	7500	2e+11 0.517768
787	0.00787959	13.0709	-0.00253117	7500	2e+11 0.517816
788	0.00788956	17.0814	-0.0033078	7500	2e+11 0.518591
789	0.00789952	21.6919	-0.00420063	7500	2e+11 0.518834
790	0.00790947	26.7584	-0.00518174	7500	2e+11 0.519612
791	0.00791941	32.0252	-0.00620165	7500	2e+11 0.519904
792	0.00792934	37.2049	-0.00720469	7500	2e+11 0.520588
793	0.00793926	41.8994	-0.00811378	7500	2e+11 0.520588
794	0.00794918	45.7263	-0.00885486	7500	2e+11 0.521371
795	0.00795908	48.3213	-0.00935738	7500	2e+11 0.521371
796	0.00796899	49.3854	-0.00956344	7500	2e+11 0.521273
797	0.0079789	49.8294	-0.00964942	7500	2e+11 0.521469
798	0.0079888	49.9216	-0.00966727	7500	2e+11 0.521469
799	0.0079987	49.9683	-0.00967633	7500	2e+11 0.52142
800	0.00800861	49.9881	-0.00968016	7500	2e+11 0.52142
801	0.00801851	49.9937	-0.00968124	7500	2e+11 0.521567
802	0.00802841	49.9962	-0.00968172	7500	2e+11 0.521567
803	0.00803832	49.9969	-0.00968187	7500	2e+11 0.521469
804	0.00804823	49.9973	-0.00968193	7500	2e+11 0.521469
805	0.00805813	49.9973	-0.00968194	7500	2e+11 0.521469
806	0.00806803	49.9974	-0.00968195	7500	2e+11 0.521469
807	0.00807794	49.9974	-0.00968195	7500	2e+11 0.52142
808	0.00808784	49.9974	-0.00968195	7500	2e+11 0.52142
809	0.00809774	49.9974	-0.00968195	7500	2e+11 0.52142
810	0.00810765	49.9974	-0.00968195	7500	2e+11 0.521469
811	0.00811755	49.9974	-0.00968195	7500	2e+11 0.521469
812	0.00812746	49.9974	-0.00968195	7500	2e+11 0.52142
813	0.00813736	49.9974	-0.00968195	7500	2e+11 0.52142
814	0.00814727	49.9974	-0.00968195	7500	2e+11 0.521469
815	0.00815717	49.9974	-0.00968195	7500	2e+11 0.521469
816	0.00816707	49.9974	-0.00968195	7500	2e+11 0.521469
817	0.00817698	49.9974	-0.00968195	7500	2e+11 0.521469
818	0.00818688	49.9974	-0.00968195	7500	2e+11 0.521469
819	0.00819678	49.9974	-0.00968195	7500	2e+11 0.521469
820	0.00820669	49.9974	-0.00968195	7500	2e+11 0.52142
821	0.00821659	49.9974	-0.00968195	7500	2e+11 0.521567
822	0.00822649	49.9974	-0.00968195	7500	2e+11 0.521567
823	0.0082364	49.9974	-0.00968196	7500	2e+11 0.521567
824	0.0082463	49.9974	-0.00968196	7500	2e+11 0.521567
825	0.0082562	49.9974	-0.00968196	7500	2e+11 0.521469
826	0.00826611	49.9974	-0.00968196	7500	2e+11 0.521469
827	0.00827601	49.9974	-0.00968196	7500	2e+11 0.521567
828	0.00828591	49.9974	-0.00968196	7500	2e+11 0.521567
829	0.00829582	49.9974	-0.00968196	7500	2e+11 0.521518
830	0.00830572	49.9974	-0.00968196	7500	2e+11 0.521518
831	0.00831563	49.9974	-0.00968196	7500	2e+11 0.52142
832	0.00832553	49.9974	-0.00968196	7500	2e+11 0.521518
833	0.00833543	49.9974	-0.00968196	7500	2e+11 0.521518
834	0.00834534	49.9974	-0.00968196	7500	2e+11 0.521469
835	0.00835524	49.9974	-0.00968196	7500	2e+11 0.521567
836	0.00836514	49.9974	-0.00968196	7500	2e+11 0.521567
837	0.00837505	49.9974	-0.00968196	7500	2e+11 0.521567
838	0.00838495	49.9974	-0.00968196	7500	2e+11 0.521567
839	0.00839486	49.9974	-0.00968196	7500	2e+11 0.521567
840	0.00840476	49.9974	-0.00968196	7500	2e+11 0.521567
841	0.00841466	49.9974	-0.00968196	7500	2e+11 0.52142
842	0.00842457	49.9974	-0.00968196	7500	2e+11 0.521469
843	0.00843447	49.9974	-0.00968196	7500	2e+11 0.521469
844	0.00844437	49.9974	-0.00968196	7500	2e+11 0.521469
845	0.00845428	49.9974	-0.00968196	7500	2e+11 0.521518
846	0.00846418	49.9974	-0.00968196	7500	2e+11 0.521518
847	0.00847408	49.9974	-0.00968196	7500	2e+11 0.521371
848	0.00848399	49.9974	-0.00968196	7500	2e+11 0.521371
849	0.00849389	49.9974	-0.00968196	7500	2e+11 0.52142
850	0.0085038	49.9974	-0.00968196	7500	2e+11 0.52142
851	0.0085137	49.9974	-0.00968196	7500	2e+11 0.521469
852	0.00852361	49.9974	-0.00968196	7500	2e+11 0.521469
853	0.00853351	49.9974	-0.00968196	7500	2e+11 0.521567
854	0.00854341	49.9974	-0.00968196	7500	2e+11 0.521567
855	0.00855331	49.9974	-0.00968196	7500	2e+11 0.521371
856	0.00856322	49.9974	-0.00968196	7500	2e+11 0.52142
857	0.00857312	49.9974	-0.00968196	7500	2e+11 0.52142
858	0.00858303	49.9974	-0.00968196	7500	2e+11 0.521469
859	0.00859293	49.9974	-0.00968196	7500	2e+11 0.521567
860	0.00860283	49.9974	-0.00968196	7500	2e+11 0.521567
861	0.00861274	49.9974	-0.00968196	7500	2e+11 0.521469
862	0.00862264	49.9974	-0.00968196	7500	2e+11 0.521469
863	0.00863254	49.9974	-0.00968196	7500	2e+11 0.52142
864	0.00864245	49.9974	-0.00968196	7500	2e+11 0.52142
865	0.00865235	49.9974	-0.00968196	7500	2e+11 0.52142
866	0.00866225	49.9974	-0.00968196	7500	2e+11 0.521469
867	0.00867216	49.9974	-0.00968196	7500	2e+11 0.521469
868	0.00868206	49.9973	-0.00968194	7500	2e+11 0.521371
869	0.00869197	49.9972	-0.00968191	7500	2e+11 0.521469
870	0.00870187	49.9968	-0.00968185	7500	2e+11 0.521469
871	0.00871177	49.9961	-0.00968171	7500	2e+11 0.521518
872	0.00872168	49.9947	-0.00968144	7500	2e+11 0.521518
873	0.00873158	49.9919	-0.00968089	7500	2e+11 0.521616
874	0.00874148	49.9864	-0.00967983	7500	2e+11 0.521616
875	0.00875139	49.976	-0.00967781	7500	2e+11 0.521322
876	0.00876129	49.9562	-0.00967398	7500	2e+11 0.521469
877	0.00877119	49.9209	-0.00966714	7500	2e+11 0.521518
878	0.0087811	49.8593	-0.00965521	7500	2e+11 0.521518
879	0.008791	49.7528	-0.00963459	7500	2e+11 0.521371
880	0.00880091	49.5717	-0.00959952	7500	2e+11 0.521371
881	0.00881081	49.2729	-0.00954165	7500	2e+11 0.521273
882	0.00882072	48.801	-0.00945027	7500	2e+11 0.521371
883	0.00883063	48.0662	-0.00930799	7500	2e+11 0.521371
884	0.00884054	46.9667	-0.00909507	7500	2e+11 0.521028
885	0.00885045	45.3938	-0.00879048	7500	2e+11 0.521028
886	0.00886037	43.1718	-0.00836018	7500	2e+11 0.520734
887	0.00887029	40.1805	-0.00778091	7500	2e+11 0.520441
888	0.00888022	36.294	-0.00702831	7500	2e+11 0.520148
889	0.00889015	31.533	-0.00610634	7500	2e+11 0.519563
890	0.0089001	25.957	-0.00502654	7500	2e+11 0.519174
891	0.00891006	19.8759	-0.00384895	7500	2e+11 0.518543
892	0.00892003	13.7391	-0.00266056	7500	2e+11 0.517913
893	0.00893001	8.13201	-0.00157476	7500	2e+11 0.517333
894	0.00894	3.7874	-0.000733427	7500	2e+11 0.516851
895	0.00895	1.25992	-0.000243982	7500	2e+11 0.516514
896	0.00896	0.492619	-9.53952e-05	7500	2e+11 0.516514
897	0.00897	0.16358	-3.16772e-05	7500	2e+11 0.516418
898	0.00898	0.0620987	-1.20254e-05	7500	2e+11 0.516418
899	0.00899	0.0229981	-4.45357e-06	7500	2e+11 0.516418
900	0.009	0.00853067	-1.65196e-06	7500	2e+11 0.516418
901	0.00901	0.00302055	-5.84927e-07	7500	2e+11 0.516418
902	0.00902	0.00112427	-2.17714e-07	7500	2e+11 0.516418
903	0.00903	0.000372538	-7.21416e-08	7500	2e+11 0.516418
904	0.00904	0.000112351	-2.17567e-08	7500	2e+11 0.516418
905	0.00905	3.48634e-05	-6.75127e-09	7500	2e+11 0.516418
906	0.00906	1.32282e-05	-2.56163e-09	7500	2e+11 0.516418
907	0.00907	4.13762e-06	-8.01247e-10	7500	2e+11 0.516418
908	0.00908	1.57762e-06	-3.05506e-10	7500	2e+11 0.516418
909	0.00909	6.08917e-07	-1.17916e-10	7500	2e+11 0.516418
910	0.0091	2.35576e-07	-4.56191e-11	7500	2e+11 0.516418
911	0.00911	7.54328e-08	-1.46075e-11	7500	2e+11 0.516418
912	0.00912	2.38368e-08	-4.61598e-12	7500	2e+11 0.516418
913	0.00913	1.00482e-08	-1.94583e-12	7500	2e+11 0.516418
914	0.00914	2.94307e-09	-5.69923e-13	7500	2e+11 0.516418
915	0.00915	1.23119e-09	-2.38419e-13	7500	2e+11 0.516418
916	0.00916	4.58539e-10	-8.87957e-14	7500	2e+11 0.516418
917	0.00917	1.70282e-10	-3.29749e-14	7500	2e+11 0.516418
918	0.00918	5.76761e-11	-1.11689e-14	7500	2e+11 0.516418
919	0.00919	2.40106e-11	-4.64964e-15	7500	2e+11 0.516418
920	0.0092	7.53216e-12	-1.4586e-15	7500	2e+11 0.516418
921	0.00921	2.82005e-12	-5.461e-16	7500	2e+11 0.516418
922	0.00922	8.65197e-13	-1.67545e-16	7500	2e+11 0.516418
923	0.00923	3.67064e-13	-7.10816e-17	7500	2e+11 0.516418
924	0.00924	1.36766e-13	-2.64846e-17	7500	2e+11 0.516418
925	0.00925	4.42836e-14	-8.57548e-18	7500	2e+11 0.516418
926	0.00926	1.44033e-14	-2.78918e-18	7500	2e+11 0.516418
927	0.00927	6.20852e-15	-1.20227e-18	7500	2e+11 0.516418
928	0.00928	1.91109e-15	-3.70081e-19	7500	2e+11 0.516418
929	0.00929	6.16915e-16	-1.19465e-19	7500	2e+11 0.516418
930	0.0093	2.50606e-16	-4.85297e-20	7500	2e+11 0.516418
931	0.00931	7.59089e-17	-1.46997e-20	7500	2e+11 0.516418
932	0.00932	2.93342e-17	-5.68055e-21	7500	2e+11 0.516418
933	0.00933	1.15945e-17	-2.24526e-21	7500	2e+11 0.516418
934	0.00934	4.21883e-18	-8.16973e-22	7500	2e+11 0.516418
935	0.00935	1.28177e-18	-2.48213e-22	7500	2e+11 0.516418
936	0.00936	4.5356e-19	-8.78315e-23	7500	2e+11 0.516418
937	0.00937	1.79972e-19	-3.48515e-23	7500	2e+11 0.516418
938	0.00938	7.5391e-20	-1.45994e-23	7500	2e+11 0.516418
939	0.00939	2.40173e-20	-4.65094e-24	7500	2e+11 0.516418
940	0.0094	8.55028e-21	-1.65575e-24	7500	2e+11 0.516418
941	0.00941	2.41644e-21	-4.67942e-25	7500	2e+11 0.516418
942	0.00942	8.21608e-22	-1.59104e-25	7500	2e+11 0.516418
943	0.00943	2.88411e-22	-5.58506e-26	7500	2e+11 0.516418
944	0.00944	9.74752e-23	-1.8876e-26	7500	2e+11 0.516418
945	0.00945	3.19626e-23	-6.18954e-27	7500	2e+11 0.516418
946	0.00946	1.05521e-23	-2.04341e-27	7500	2e+11 0.516418
947	0.00947	3.82247e-24	-7.40218e-28	7500	2e+11 0.516418
948	0.00948	1.39308e-24	-2.69768e-28	7500	2e+11 0.516418
949	0.00949	4.03913e-25	-7.82174e-29	7500	2e+11 0.516418
950	0.0095	1.64235e-25	-3.18039e-29	7500	2e+11 0.516418
951	0.00951	5.59582e-26	-1.08363e-29	7500	2e+11 0.516418
952	0.00952	2.45264e-26	-4.74952e-30	7500	2e+11 0.516418
953	0.00953	8.46476e-27	-1.63919e-30	7500	2e+11 0.516418
954	0.00954	2.90404e-27	-5.62364e-31	7500	2e+11 0.516418
955	0.00955	8.99916e-28	-1.74268e-31	7500	2e+11 0.516418
956	0.00956	3.43123e-28	-6.64455e-32	7500	2e+11 0.516418
957	0.00957	1.37507e-28	-2.66281e-32	7500	2e+11 0.516418
958	0.00958	4.83164e-29	-9.35643e-33	7500	2e+11 0.516418
959	0.00959	1.72621e-29	-3.34279e-33	7500	2e+11 0.516418
960	0.0096	6.25714e-30	-1.21169e-33	7500	2e+11 0.516418
961	0.00961	1.77232e-30	-3.43209e-34	7500	2e+11 0.516418
962	0.00962	6.98452e-31	-1.35255e-34	7500	2e+11 0.516418
963	0.00963	1.89677e-31	-3.67309e-35	7500	2e+11 0.516418
964	0.00964	8.02541e-32	-1.55411e-35	7500	2e+11 0.516418
965	0.00965	2.85404e-32	-5.52683e-36	7500	2e+11 0.516418
966	0.00966	1.16959e-32	-2.2649e-36	7500	2e+11 0.516418
967	0.00967	3.87095e-33	-7.49606e-37	7500	2e+11 0.516418
968	0.00968	1.43882e-33	-2.78627e-37	7500	2e+11 0.516418
969	0.00969	5.74583e-34	-1.11267e-37	7500	2e+11 0.516418
970	0.0097	2.06966e-34	-4.00787e-38	7500	2e+11 0.516418
971	0.00971	6.98907e-35	-1.35343e-38	7500	2e+11 0.516418
972	0.00972	2.46043e-35	-4.7646e-39	7500	2e+11 0.516418
973	0.00973	7.23588e-36	-1.40122e-39	7500	2e+11 0.516418
974	0.00974	1.52739e-36	-2.95778e-40	7500	2e+11 0.516418
975	0.00975	7.23591e-37	-1.40123e-40	7500	2e+11 0.516418
976	0.00976	3.02599e-37	-5.85981e-41	7500	2e+11 0.516418
977	0.00977	6.14287e-38	-1.18956e-41	7500	2e+11 0.516418
978	0.00978	0	0	7500	2e+11 0.516418
979	0.00979	0	0	7500	2e+11 0.516418
980	0.0098	0	0	7500	2e+11 0.516418
981	0.00981	0	0	7500	2e+11 0.516418
982	0.00982	0	0	7500	2e+11 0.516418
983	0.00983	0	0	7500	2e+11 0.516418
984	0.00984	0	0	7500	2e+11 0.516418
985	0.00985	0	0	7500	2e+11 0.516418
986	0.00986	0	0	7500	2e+11 0.516418
987	0.00987	0	0	7500	2e+11 0.516418
988	0.00988	0	0	7500	2e+11 0.516418
989	0.00989	0	0	7500	2e+11 0.516418
990	0.0099	0	0	7500	2e+11 0.516418
991	0.00991	0	0	7500	2e+11 0.516418
992	0.00992	0	0	7500	2e+11 0.516418
993	0.00993	0	0	7500	2e+11 0.516418
994	0.00994	0	0	7500	2e+11 0.516418
995	0.00995	0	0	7500	2e+11 0.516418
996	0.00996	0	0	7500	2e+11 0.516418
997	0.00997	0	0	7500	2e+11 0.516418
998	0.00998	0	0	7500	2e+11 0.516418
999	0.00999	0	0	7500	2e+11 0.516418
1000	0.01	0	-0	7500	2e+11 0.516418
