0	0	0	0	7500	2e+11 0.516398
1	1e-05	0	0	7500	2e+11 0.516398
2	2e-05	0	0	7500	2e+11 0.516398
3	3e-05	0	0	7500	2e+11 0.516398
4	4e-05	0	0	7500	2e+11 0.516398
5	5e-05	0	0	7500	2e+11 0.516398
6	6e-05	0	0	7500	2e+11 0.516398
7	7e-05	0	0	7500	2e+11 0.516398
8	8e-05	0	0	7500	2e+11 0.516398
9	9e-05	0	0	7500	2e+11 0.516398
10	0.0001	0	0	7500	2e+11 0.516398
11	0.00011	0	0	7500	2e+11 0.516398
12	0.00012	0	0	7500	2e+11 0.516398
13	0.00013	0	0	7500	2e+11 0.516398
14	0.00014	0	0	7500	2e+11 0.516398
15	0.00015	0	0	7500	2e+11 0.516398
16	0.00016	0	0	7500	2e+11 0.516398
17	0.00017	0	0	7500	2e+11 0.516398
18	0.00018	0	0	7500	2e+11 0.516398
19	0.00019	0	0	7500	2e+11 0.516398
20	0.0002	0	0	7500	2e+11 0.516398
21	0.00021	0	0	7500	2e+11 0.516398
22	0.00022	0	0	7500	2e+11 0.516398
23	0.00023	0	0	7500	2e+11 0.516398
24	0.00024	0	0	7500	2e+11 0.516398
25	0.00025	0	0	7500	2e+11 0.516398
26	0.00026	0	0	7500	2e+11 0.516398
27	0.00027	0	0	7500	2e+11 0.516398
28	0.00028	0	0	7500	2e+11 0.516398
29	0.00029	0	0	7500	2e+11 0.516398
30	0.0003	0	0	7500	2e+11 0.516398
31	0.00031	0	0	7500	2e+11 0.516398
32	0.00032	0	0	7500	2e+11 0.516398
33	0.00033	0	0	7500	2e+11 0.516398
34	0.00034	0	0	7500	2e+11 0.516398
35	0.00035	0	0	7500	2e+11 0.516398
36	0.00036	0	0	7500	2e+11 0.516398
37	0.00037	0	0	7500	2e+11 0.516398
38	0.00038	0	0	7500	2e+11 0.516398
39	0.00039	0	0	7500	2e+11 0.516398
40	0.0004	0	0	7500	2e+11 0.516398
41	0.00041	0	0	7500	2e+11 0.516398
42	0.00042	0	0	7500	2e+11 0.516398
43	0.00043	0	0	7500	2e+11 0.516398
44	0.00044	0	0	7500	2e+11 0.516398
45	0.00045	0	0	7500	2e+11 0.516398
46	0.00046	0	0	7500	2e+11 0.516398
47	0.00047	0	0	7500	2e+11 0.516398
48	0.00048	0	0	7500	2e+11 0.516398
49	0.00049	0	0	7500	2e+11 0.5164
50	0.0005	0	0	7500	2e+11 0.5164
51	0.00051	0	0	7500	2e+11 0.516397
52	0.00052	0	0	7500	2e+11 0.5164
53	0.00053	0	0	7500	2e+11 0.5164
54	0.00054	0	0	7500	2e+11 0.516397
55	0.00055	0	0	7500	2e+11 0.5164
56	0.00056	0	0	7500	2e+11 0.5164
57	0.00057	0	0	7500	2e+11 0.516397
58	0.00058	0	0	7500	2e+11 0.516397
59	0.00059	0	0	7500	2e+11 0.5164
60	0.0006	0	0	7500	2e+11 0.5164
61	0.00061	0	0	7500	2e+11 0.516397
62	0.00062	0	0	7500	2e+11 0.5164
63	0.00063	0	0	7500	2e+11 0.5164
64	0.00064	0	0	7500	2e+11 0.516397
65	0.00065	0	0	7500	2e+11 0.5164
66	0.00066	0	0	7500	2e+11 0.5164
67	0.00067	0	0	7500	2e+11 0.516397
68	0.00068	0	0	7500	2e+11 0.5164
69	0.00069	0	0	7500	2e+11 0.5164
70	0.0007	0	0	7500	2e+11 0.516397
71	0.00071	0	0	7500	2e+11 0.516397
72	0.00072	0	0	7500	2e+11 0.5164
73	0.00073	0	0	7500	2e+11 0.5164
74	0.00074	0	0	7500	2e+11 0.516397
75	0.00075	0	0	7500	2e+11 0.5164
76	0.00076	0	0	7500	2e+11 0.5164
77	0.00077	0	0	7500	2e+11 0.516397
78	0.00078	0	0	7500	2e+11 0.5164
79	0.00079	0	0	7500	2e+11 0.5164
80	0.0008	0	0	7500	2e+11 0.516397
81	0.00081	0	0	7500	2e+11 0.5164
82	0.00082	0	0	7500	2e+11 0.5164
83	0.00083	0	0	7500	2e+11 0.516397
84	0.00084	0	0	7500	2e+11 0.5164
85	0.00085	0	0	7500	2e+11 0.5164
86	0.00086	0	0	7500	2e+11 0.516397
87	0.00087	0	0	7500	2e+11 0.5164
88	0.00088	0	0	7500	2e+11 0.5164
89	0.00089	0	0	7500	2e+11 0.516397
90	0.0009	0	0	7500	2e+11 0.516397
91	0.00091	0	0	7500	2e+11 0.5164
92	0.00092	0	0	7500	2e+11 0.5164
93	0.00093	0	0	7500	2e+11 0.516397
94	0.00094	0	0	7500	2e+11 0.5164
95	0.00095	0	0	7500	2e+11 0.5164
96	0.00096	0	0	7500	2e+11 0.516397
97	0.00097	0	0	7500	2e+11 0.516397
98	0.00098	0	0	7500	2e+11 0.5164
99	0.00099	0	0	7500	2e+11 0.5164
100	0.001	0	0	7500	2e+11 0.5164
101	0.00101	0	0	7500	2e+11 0.5164
102	0.00102	0	0	7500	2e+11 0.5164
103	0.00103	0	0	7500	2e+11 0.5164
104	0.00104	0	0	7500	2e+11 0.5164
105	0.00105	0	0	7500	2e+11 0.5164
106	0.00106	0	0	7500	2e+11 0.5164
107	0.00107	0	0	7500	2e+11 0.5164
108	0.00108	0	0	7500	2e+11 0.5164
109	0.00109	0	0	7500	2e+11 0.5164
110	0.0011	0	0	7500	2e+11 0.5164
111	0.00111	0	0	7500	2e+11 0.5164
112	0.00112	0	0	7500	2e+11 0.5164
113	0.00113	0	0	7500	2e+11 0.5164
114	0.00114	0	0	7500	2e+11 0.5164
115	0.00115	0	0	7500	2e+11 0.5164
116	0.00116	0	0	7500	2e+11 0.5164
117	0.00117	0	0	7500	2e+11 0.5164
118	0.00118	0	0	7500	2e+11 0.5164
119	0.00119	0	0	7500	2e+11 0.5164
120	0.0012	0	0	7500	2e+11 0.5164
121	0.00121	0	0	7500	2e+11 0.5164
122	0.00122	0	0	7500	2e+11 0.5164
123	0.00123	0	0	7500	2e+11 0.5164
124	0.00124	0	0	7500	2e+11 0.5164
125	0.00125	0	0	7500	2e+11 0.5164
126	0.00126	0	0	7500	2e+11 0.5164
127	0.00127	0	0	7500	2e+11 0.5164
128	0.00128	0	0	7500	2e+11 0.5164
129	0.00129	0	0	7500	2e+11 0.5164
130	0.0013	0	0	7500	2e+11 0.5164
131	0.00131	0	0	7500	2e+11 0.5164
132	0.00132	0	0	7500	2e+11 0.5164
133	0.00133	0	0	7500	2e+11 0.5164
134	0.00134	0	0	7500	2e+11 0.5164
135	0.00135	0	0	7500	2e+11 0.5164
136	0.00136	0	0	7500	2e+11 0.5164
137	0.00137	0	0	7500	2e+11 0.5164
138	0.00138	0	0	7500	2e+11 0.5164
139	0.00139	0	0	7500	2e+11 0.5164
140	0.0014	0	0	7500	2e+11 0.5164
141	0.00141	0	0	7500	2e+11 0.5164
142	0.00142	0	0	7500	2e+11 0.5164
143	0.00143	0	0	7500	2e+11 0.5164
144	0.00144	0	0	7500	2e+11 0.5164
145	0.00145	0	0	7500	2e+11 0.5164
146	0.00146	0	0	7500	2e+11 0.5164
147	0.00147	0	0	7500	2e+11 0.5164
148	0.00148	0	0	7500	2e+11 0.5164
149	0.00149	0	0	7500	2e+11 0.5164
150	0.0015	0	0	7500	2e+11 0.5164
151	0.00151	0	0	7500	2e+11 0.5164
152	0.00152	0	0	7500	2e+11 0.5164
153	0.00153	0	0	7500	2e+11 0.5164
154	0.00154	0	0	7500	2e+11 0.5164
155	0.00155	0	0	7500	2e+11 0.5164
156	0.00156	0	0	7500	2e+11 0.5164
157	0.00157	0	0	7500	2e+11 0.5164
158	0.00158	0	0	7500	2e+11 0.5164
159	0.00159	0	0	7500	2e+11 0.5164
160	0.0016	0	0	7500	2e+11 0.5164
161	0.00161	0	0	7500	2e+11 0.5164
162	0.00162	0	0	7500	2e+11 0.5164
163	0.00163	0	0	7500	2e+11 0.5164
164	0.00164	0	0	7500	2e+11 0.5164
165	0.00165	0	0	7500	2e+11 0.5164
166	0.00166	0	0	7500	2e+11 0.5164
167	0.00167	0	0	7500	2e+11 0.5164
168	0.00168	0	0	7500	2e+11 0.5164
169	0.00169	0	0	7500	2e+11 0.5164
170	0.0017	0	0	7500	2e+11 0.5164
171	0.00171	0	0	7500	2e+11 0.5164
172	0.00172	0	0	7500	2e+11 0.5164
173	0.00173	0	0	7500	2e+11 0.5164
174	0.00174	0	0	7500	2e+11 0.5164
175	0.00175	0	0	7500	2e+11 0.5164
176	0.00176	0	0	7500	2e+11 0.5164
177	0.00177	0	0	7500	2e+11 0.5164
178	0.00178	0	0	7500	2e+11 0.5164
179	0.00179	0	0	7500	2e+11 0.5164
180	0.0018	0	0	7500	2e+11 0.5164
181	0.00181	0	0	7500	2e+11 0.5164
182	0.00182	0	0	7500	2e+11 0.5164
183	0.00183	0	0	7500	2e+11 0.5164
184	0.00184	0	0	7500	2e+11 0.5164
185	0.00185	0	0	7500	2e+11 0.5164
186	0.00186	0	0	7500	2e+11 0.5164
187	0.00187	0	0	7500	2e+11 0.5164
188	0.00188	0	0	7500	2e+11 0.5164
189	0.00189	0	0	7500	2e+11 0.5164
190	0.0019	0	0	7500	2e+11 0.5164
191	0.00191	0	0	7500	2e+11 0.5164
192	0.00192	0	0	7500	2e+11 0.5164
193	0.00193	0	0	7500	2e+11 0.5164
194	0.00194	0	0	7500	2e+11 0.5164
195	0.00195	0	0	7500	2e+11 0.5164
196	0.00196	0	0	7500	2e+11 0.516406
197	0.00197	0	0	7500	2e+11 0.516406
198	0.00198	0	0	7500	2e+11 0.516394
199	0.00199	0	0	7500	2e+11 0.516406
200	0.002	0	0	7500	2e+11 0.516406
201	0.00201	0	0	7500	2e+11 0.516394
202	0.00202	0	0	7500	2e+11 0.516406
203	0.00203	0	0	7500	2e+11 0.516406
204	0.00204	0	0	7500	2e+11 0.516394
205	0.00205	0	0	7500	2e+11 0.516406
206	0.00206	0	0	7500	2e+11 0.516406
207	0.00207	0	0	7500	2e+11 0.516394
208	0.00208	0	0	7500	2e+11 0.516406
209	0.00209	0	0	7500	2e+11 0.516406
210	0.0021	0	0	7500	2e+11 0.516394
211	0.00211	0	0	7500	2e+11 0.516406
212	0.00212	0	0	7500	2e+11 0.516406
213	0.00213	0	0	7500	2e+11 0.516394
214	0.00214	0	0	7500	2e+11 0.516406
215	0.00215	0	0	7500	2e+11 0.516406
216	0.00216	0	0	7500	2e+11 0.516394
217	0.00217	0	0	7500	2e+11 0.516406
218	0.00218	0	0	7500	2e+11 0.516406
219	0.00219	0	0	7500	2e+11 0.516394
220	0.0022	0	0	7500	2e+11 0.516406
221	0.00221	0	0	7500	2e+11 0.516406
222	0.00222	0	0	7500	2e+11 0.516394
223	0.00223	0	0	7500	2e+11 0.516406
224	0.00224	0	0	7500	2e+11 0.516406
225	0.00225	0	0	7500	2e+11 0.516394
226	0.00226	0	0	7500	2e+11 0.516394
227	0.00227	0	0	7500	2e+11 0.516406
228	0.00228	0	0	7500	2e+11 0.516406
229	0.00229	0	0	7500	2e+11 0.516394
230	0.0023	0	0	7500	2e+11 0.516406
231	0.00231	0	0	7500	2e+11 0.516406
232	0.00232	0	0	7500	2e+11 0.516394
233	0.00233	0	0	7500	2e+11 0.516406
234	0.00234	0	0	7500	2e+11 0.516406
235	0.00235	0	0	7500	2e+11 0.516394
236	0.00236	0	0	7500	2e+11 0.516406
237	0.00237	0	0	7500	2e+11 0.516406
238	0.00238	0	0	7500	2e+11 0.516394
239	0.00239	0	0	7500	2e+11 0.516406
240	0.0024	0	0	7500	2e+11 0.516406
241	0.00241	0	0	7500	2e+11 0.516394
242	0.00242	0	0	7500	2e+11 0.516406
243	0.00243	0	0	7500	2e+11 0.516406
244	0.00244	0	0	7500	2e+11 0.516394
245	0.00245	0	0	7500	2e+11 0.516406
246	0.00246	0	0	7500	2e+11 0.516406
247	0.00247	0	0	7500	2e+11 0.516394
248	0.00248	0	0	7500	2e+11 0.516406
249	0.00249	0	0	7500	2e+11 0.516406
250	0.0025	0	0	7500	2e+11 0.516394
251	0.00251	0	0	7500	2e+11 0.516406
252	0.00252	0	0	7500	2e+11 0.516406
253	0.00253	0	0	7500	2e+11 0.516394
254	0.00254	0	0	7500	2e+11 0.516406
255	0.00255	0	0	7500	2e+11 0.516406
256	0.00256	0	0	7500	2e+11 0.516394
257	0.00257	0	0	7500	2e+11 0.516406
258	0.00258	0	0	7500	2e+11 0.516406
259	0.00259	0	0	7500	2e+11 0.516394
260	0.0026	0	0	7500	2e+11 0.516406
261	0.00261	0	0	7500	2e+11 0.516406
262	0.00262	0	0	7500	2e+11 0.516394
263	0.00263	0	0	7500	2e+11 0.516406
264	0.00264	0	0	7500	2e+11 0.516406
265	0.00265	0	0	7500	2e+11 0.516394
266	0.00266	0	0	7500	2e+11 0.516406
267	0.00267	0	0	7500	2e+11 0.516406
268	0.00268	0	0	7500	2e+11 0.516394
269	0.00269	0	0	7500	2e+11 0.516406
270	0.0027	0	0	7500	2e+11 0.516406
271	0.00271	0	0	7500	2e+11 0.516394
272	0.00272	0	0	7500	2e+11 0.516406
273	0.00273	0	0	7500	2e+11 0.516406
274	0.00274	0	0	7500	2e+11 0.516394
275	0.00275	0	0	7500	2e+11 0.516406
276	0.00276	0	0	7500	2e+11 0.516406
277	0.00277	0	0	7500	2e+11 0.516394
278	0.00278	0	0	7500	2e+11 0.516406
279	0.00279	0	0	7500	2e+11 0.516406
280	0.0028	0	0	7500	2e+11 0.516394
281	0.00281	0	0	7500	2e+11 0.516406
282	0.00282	0	0	7500	2e+11 0.516406
283	0.00283	0	0	7500	2e+11 0.516394
284	0.00284	0	0	7500	2e+11 0.516406
285	0.00285	0	0	7500	2e+11 0.516406
286	0.00286	0	0	7500	2e+11 0.516394
287	0.00287	0	0	7500	2e+11 0.516394
288	0.00288	0	0	7500	2e+11 0.516406
289	0.00289	0	0	7500	2e+11 0.516406
290	0.0029	0	0	7500	2e+11 0.516394
291	0.00291	0	0	7500	2e+11 0.516406
292	0.00292	0	0	7500	2e+11 0.516406
293	0.00293	0	0	7500	2e+11 0.516394
294	0.00294	0	0	7500	2e+11 0.516406
295	0.00295	0	0	7500	2e+11 0.516406
296	0.00296	0	0	7500	2e+11 0.516394
297	0.00297	0	0	7500	2e+11 0.516406
298	0.00298	0	0	7500	2e+11 0.516406
299	0.00299	0	0	7500	2e+11 0.516394
300	0.003	0	0	7500	2e+11 0.516406
301	0.00301	0	0	7500	2e+11 0.516406
302	0.00302	0	0	7500	2e+11 0.516394
303	0.00303	0	0	7500	2e+11 0.516406
304	0.00304	0	0	7500	2e+11 0.516406
305	0.00305	0	0	7500	2e+11 0.516394
306	0.00306	0	0	7500	2e+11 0.516406
307	0.00307	0	0	7500	2e+11 0.516406
308	0.00308	0	0	7500	2e+11 0.516394
309	0.00309	0	0	7500	2e+11 0.516406
310	0.0031	0	0	7500	2e+11 0.516406
311	0.00311	0	0	7500	2e+11 0.516394
312	0.00312	0	0	7500	2e+11 0.516406
313	0.00313	0	0	7500	2e+11 0.516406
314	0.00314	0	0	7500	2e+11 0.516394
315	0.00315	0	0	7500	2e+11 0.516406
316	0.00316	0	0	7500	2e+11 0.516406
317	0.00317	0	0	7500	2e+11 0.516394
318	0.00318	0	0	7500	2e+11 0.516406
319	0.00319	0	0	7500	2e+11 0.516406
320	0.0032	0	0	7500	2e+11 0.516394
321	0.00321	0	0	7500	2e+11 0.516406
322	0.00322	0	0	7500	2e+11 0.516406
323	0.00323	0	0	7500	2e+11 0.516394
324	0.00324	0	0	7500	2e+11 0.516406
325	0.00325	0	0	7500	2e+11 0.516406
326	0.00326	0	0	7500	2e+11 0.516394
327	0.00327	0	0	7500	2e+11 0.516406
328	0.00328	0	0	7500	2e+11 0.516406
329	0.00329	0	0	7500	2e+11 0.516394
330	0.0033	0	0	7500	2e+11 0.516406
331	0.00331	0	0	7500	2e+11 0.516406
332	0.00332	0	0	7500	2e+11 0.516394
333	0.00333	0	0	7500	2e+11 0.516406
334	0.00334	0	0	7500	2e+11 0.516406
335	0.00335	5.25715e-38	1.01804e-41	7500	2e+11 0.516394
336	0.00336	2.08173e-37	4.03126e-41	7500	2e+11 0.516406
337	0.00337	3.99225e-37	7.73096e-41	7500	2e+11 0.516406
338	0.00338	5.99648e-37	1.16121e-40	7500	2e+11 0.516394
339	0.00339	7.23642e-37	1.40133e-40	7500	2e+11 0.516406
340	0.0034	7.2362e-37	1.40128e-40	7500	2e+11 0.516406
341	0.00341	2.55442e-36	4.94661e-40	7500	2e+11 0.516394
342	0.00342	9.4073e-36	1.82172e-39	7500	2e+11 0.516406
343	0.00343	2.40252e-35	4.65245e-39	7500	2e+11 0.516406
344	0.00344	8.39401e-35	1.62549e-38	7500	2e+11 0.516394
345	0.00345	2.1059e-34	4.07806e-38	7500	2e+11 0.516406
346	0.00346	5.81068e-34	1.12523e-37	7500	2e+11 0.516406
347	0.00347	1.4954e-33	2.89582e-37	7500	2e+11 0.516394
348	0.00348	4.1602e-33	8.05619e-37	7500	2e+11 0.516406
349	0.00349	8.85492e-33	1.71475e-36	7500	2e+11 0.516406
350	0.0035	2.45049e-32	4.74535e-36	7500	2e+11 0.516394
351	0.00351	7.19606e-32	1.39351e-35	7500	2e+11 0.516406
352	0.00352	2.23365e-31	4.32544e-35	7500	2e+11 0.516406
353	0.00353	6.86912e-31	1.3302e-34	7500	2e+11 0.516394
354	0.00354	1.46229e-30	2.83171e-34	7500	2e+11 0.516394
355	0.00355	4.7897e-30	9.27521e-34	7500	2e+11 0.516406
356	0.00356	1.49217e-29	2.88957e-33	7500	2e+11 0.516406
357	0.00357	3.94879e-29	7.64679e-33	7500	2e+11 0.516394
358	0.00358	1.1567e-28	2.23994e-32	7500	2e+11 0.516406
359	0.00359	2.89039e-28	5.59722e-32	7500	2e+11 0.516406
360	0.0036	7.01941e-28	1.3593e-31	7500	2e+11 0.516394
361	0.00361	2.1857e-27	4.23259e-31	7500	2e+11 0.516406
362	0.00362	5.50256e-27	1.06557e-30	7500	2e+11 0.516406
363	0.00363	1.22969e-26	2.38128e-30	7500	2e+11 0.516394
364	0.00364	4.38897e-26	8.49921e-30	7500	2e+11 0.516406
365	0.00365	1.18202e-25	2.28897e-29	7500	2e+11 0.516406
366	0.00366	2.92617e-25	5.6665e-29	7500	2e+11 0.516394
367	0.00367	7.92871e-25	1.53539e-28	7500	2e+11 0.516406
368	0.00368	1.99567e-24	3.86459e-28	7500	2e+11 0.516406
369	0.00369	6.39358e-24	1.23811e-27	7500	2e+11 0.516394
370	0.0037	1.70306e-23	3.29796e-27	7500	2e+11 0.516406
371	0.00371	4.79518e-23	9.28582e-27	7500	2e+11 0.516406
372	0.00372	1.17158e-22	2.26875e-26	7500	2e+11 0.516394
373	0.00373	3.75248e-22	7.26664e-26	7500	2e+11 0.516406
374	0.00374	9.26008e-22	1.79321e-25	7500	2e+11 0.516406
375	0.00375	3.17833e-21	6.1548e-25	7500	2e+11 0.516394
376	0.00376	8.11444e-21	1.57135e-24	7500	2e+11 0.516406
377	0.00377	2.61595e-20	5.06577e-24	7500	2e+11 0.516406
378	0.00378	6.94084e-20	1.34409e-23	7500	2e+11 0.516394
379	0.00379	2.06759e-19	4.00387e-23	7500	2e+11 0.516406
380	0.0038	4.43673e-19	8.59168e-23	7500	2e+11 0.516406
381	0.00381	1.32031e-18	2.55676e-22	7500	2e+11 0.516394
382	0.00382	3.74891e-18	7.25974e-22	7500	2e+11 0.516406
383	0.00383	1.14345e-17	2.21428e-21	7500	2e+11 0.516406
384	0.00384	2.87649e-17	5.57029e-21	7500	2e+11 0.516394
385	0.00385	7.55815e-17	1.46363e-20	7500	2e+11 0.516406
386	0.00386	1.98732e-16	3.84842e-20	7500	2e+11 0.516406
387	0.00387	5.49624e-16	1.06434e-19	7500	2e+11 0.516394
388	0.00388	1.56338e-15	3.02748e-19	7500	2e+11 0.516406
389	0.00389	4.69663e-15	9.09499e-19	7500	2e+11 0.516406
390	0.0039	1.44233e-14	2.79306e-18	7500	2e+11 0.516394
391	0.00391	3.87858e-14	7.51083e-18	7500	2e+11 0.516394
392	0.00392	1.15005e-13	2.22707e-17	7500	2e+11 0.516394
393	0.00393	3.16342e-13	6.12593e-17	7500	2e+11 0.516418
394	0.00394	8.74712e-13	1.69387e-16	7500	2e+11 0.516418
395	0.00395	2.60843e-12	5.05121e-16	7500	2e+11 0.516394
396	0.00396	7.54884e-12	1.46183e-15	7500	2e+11 0.516394
397	0.00397	2.18172e-11	4.22488e-15	7500	2e+11 0.516394
398	0.00398	6.56024e-11	1.27039e-14	7500	2e+11 0.516394
399	0.00399	1.68553e-10	3.26402e-14	7500	2e+11 0.516418
400	0.004	4.21512e-10	8.16254e-14	7500	2e+11 0.516418
401	0.00401	1.23715e-09	2.39574e-13	7500	2e+11 0.516394
402	0.00402	3.25479e-09	6.30287e-13	7500	2e+11 0.516394
403	0.00403	9.28874e-09	1.79876e-12	7500	2e+11 0.516394
404	0.00404	2.43931e-08	4.7237e-12	7500	2e+11 0.516394
405	0.00405	6.39368e-08	1.23813e-11	7500	2e+11 0.516418
406	0.00406	1.92442e-07	3.72661e-11	7500	2e+11 0.516418
407	0.00407	4.48484e-07	8.68486e-11	7500	2e+11 0.516394
408	0.00408	1.54742e-06	2.99657e-10	7500	2e+11 0.516394
409	0.00409	3.82692e-06	7.4108e-10	7500	2e+11 0.516394
410	0.0041	1.17188e-05	2.26934e-09	7500	2e+11 0.516394
411	0.00411	2.85513e-05	5.52893e-09	7500	2e+11 0.516418
412	0.00412	8.1656e-05	1.58126e-08	7500	2e+11 0.516418
413	0.00413	0.000186505	3.61165e-08	7500	2e+11 0.516394
414	0.00414	0.000599097	1.16015e-07	7500	2e+11 0.516394
415	0.00415	0.00170741	3.30638e-07	7500	2e+11 0.516394
416	0.00416	0.00464087	8.98702e-07	7500	2e+11 0.516394
417	0.00417	0.0146513	2.8372e-06	7500	2e+11 0.516418
418	0.00418	0.0336194	6.51037e-06	7500	2e+11 0.516418
419	0.00419	0.122503	2.37225e-05	7500	2e+11 0.516394
420	0.0042	0.309311	5.98979e-05	7500	2e+11 0.516394
421	0.00421	0.867304	0.000167953	7500	2e+11 0.516346
422	0.00422	2.35865	0.00045675	7500	2e+11 0.516274
423	0.00423001	4.86233	0.000941585	7500	2e+11 0.516105
424	0.00424002	8.16476	0.0015811	7500	2e+11 0.515865
425	0.00425004	12.0499	0.00233345	7500	2e+11 0.51553
426	0.00426006	16.3013	0.00315672	7500	2e+11 0.515075
427	0.0042701	20.6951	0.00400758	7500	2e+11 0.514668
428	0.00428014	25.0419	0.00484934	7500	2e+11 0.514286
429	0.00429019	29.181	0.00565088	7500	2e+11 0.513786
430	0.00430025	32.9858	0.00638768	7500	2e+11 0.513405
431	0.00431031	36.3788	0.00704473	7500	2e+11 0.513049
432	0.00432038	39.3154	0.00761339	7500	2e+11 0.512764
433	0.00433046	41.7853	0.00809169	7500	2e+11 0.512409
434	0.00434054	43.8126	0.00848427	7500	2e+11 0.512149
435	0.00435063	45.4307	0.00879763	7500	2e+11 0.511983
436	0.00436072	46.6906	0.00904159	7500	2e+11 0.511936
437	0.00437081	47.6503	0.00922745	7500	2e+11 0.511794
438	0.0043809	48.3644	0.00936573	7500	2e+11 0.511605
439	0.00439099	48.8837	0.00946629	7500	2e+11 0.511605
440	0.00440109	49.2529	0.00953779	7500	2e+11 0.511605
441	0.00441118	49.5096	0.00958749	7500	2e+11 0.511511
442	0.00442128	49.6836	0.00962119	7500	2e+11 0.511487
443	0.00443138	49.7998	0.00964368	7500	2e+11 0.511487
444	0.00444147	49.8761	0.00965846	7500	2e+11 0.511535
445	0.00445157	49.9249	0.00966791	7500	2e+11 0.511535
446	0.00446167	49.9556	0.00967387	7500	2e+11 0.51144
447	0.00447176	49.9746	0.00967755	7500	2e+11 0.511511
448	0.00448186	49.9863	0.0096798	7500	2e+11 0.511511
449	0.00449196	49.9932	0.00968114	7500	2e+11 0.511487
450	0.00450205	49.9973	0.00968194	7500	2e+11 0.511487
451	0.00451215	49.9997	0.0096824	7500	2e+11 0.511511
452	0.00452225	50.001	0.00968266	7500	2e+11 0.511511
453	0.00453234	50.0018	0.00968281	7500	2e+11 0.511558
454	0.00454244	50.0022	0.00968289	7500	2e+11 0.511558
455	0.00455254	50.0024	0.00968293	7500	2e+11 0.511464
456	0.00456263	50.0025	0.00968295	7500	2e+11 0.511464
457	0.00457273	50.0026	0.00968296	7500	2e+11 0.511464
458	0.00458283	50.0026	0.00968296	7500	2e+11 0.511464
459	0.00459292	50.0026	0.00968296	7500	2e+11 0.511464
460	0.00460302	50.0026	0.00968296	7500	2e+11 0.511511
461	0.00461312	50.0026	0.00968296	7500	2e+11 0.511511
462	0.00462321	50.0026	0.00968296	7500	2e+11 0.511487
463	0.00463331	50.0026	0.00968296	7500	2e+11 0.511487
464	0.00464341	50.0026	0.00968296	7500	2e+11 0.511487
465	0.0046535	50.0026	0.00968296	7500	2e+11 0.511487
466	0.0046636	50.0026	0.00968296	7500	2e+11 0.511464
467	0.0046737	50.0026	0.00968296	7500	2e+11 0.511535
468	0.00468379	50.0026	0.00968296	7500	2e+11 0.511535
469	0.00469389	50.0026	0.00968296	7500	2e+11 0.511417
470	0.00470399	50.0026	0.00968296	7500	2e+11 0.51144
471	0.00471408	50.0026	0.00968296	7500	2e+11 0.51144
472	0.00472418	50.0026	0.00968296	7500	2e+11 0.511558
473	0.00473427	50.0026	0.00968296	7500	2e+11 0.511558
474	0.00474437	50.0026	0.00968296	7500	2e+11 0.511487
475	0.00475447	50.0026	0.00968296	7500	2e+11 0.511464
476	0.00476456	50.0026	0.00968296	7500	2e+11 0.511464
477	0.00477466	50.0026	0.00968296	7500	2e+11 0.511535
478	0.00478476	50.0026	0.00968296	7500	2e+11 0.511535
479	0.00479485	50.0026	0.00968296	7500	2e+11 0.51144
480	0.00480495	50.0026	0.00968296	7500	2e+11 0.511464
481	0.00481505	50.0026	0.00968296	7500	2e+11 0.511464
482	0.00482514	50.0026	0.00968296	7500	2e+11 0.511487
483	0.00483524	50.0026	0.00968296	7500	2e+11 0.511487
484	0.00484534	50.0026	0.00968296	7500	2e+11 0.511464
485	0.00485543	50.0026	0.00968296	7500	2e+11 0.511535
486	0.00486553	50.0026	0.00968296	7500	2e+11 0.511535
487	0.00487563	50.0026	0.00968296	7500	2e+11 0.511464
488	0.00488572	50.0026	0.00968295	7500	2e+11 0.511464
489	0.00489582	50.0025	0.00968295	7500	2e+11 0.51144
490	0.00490592	50.0025	0.00968295	7500	2e+11 0.511558
491	0.00491601	50.0025	0.00968295	7500	2e+11 0.511558
492	0.00492611	50.0025	0.00968295	7500	2e+11 0.511464
493	0.00493621	50.0025	0.00968295	7500	2e+11 0.511464
494	0.0049463	50.0025	0.00968295	7500	2e+11 0.511464
495	0.0049564	50.0025	0.00968295	7500	2e+11 0.511511
496	0.0049665	50.0025	0.00968295	7500	2e+11 0.511511
497	0.00497659	50.0025	0.00968295	7500	2e+11 0.511511
498	0.00498669	50.0025	0.00968295	7500	2e+11 0.51144
499	0.00499679	50.0025	0.00968295	7500	2e+11 0.51144
500	0.00500688	50.0025	0.00968295	7500	2e+11 0.511535
501	0.00501698	50.0025	0.00968295	7500	2e+11 0.511535
502	0.00502708	50.0025	0.00968295	7500	2e+11 0.511511
503	0.00503717	50.0025	0.00968295	7500	2e+11 0.511511
504	0.00504727	50.0025	0.00968295	7500	2e+11 0.511464
505	0.00505736	50.0025	0.00968295	7500	2e+11 0.511464
506	0.00506746	50.0025	0.00968295	7500	2e+11 0.511535
507	0.00507756	50.0025	0.00968295	7500	2e+11 0.511535
508	0.00508765	50.0025	0.00968295	7500	2e+11 0.51144
509	0.00509775	50.0025	0.00968295	7500	2e+11 0.51144
510	0.00510785	50.0025	0.00968295	7500	2e+11 0.511464
511	0.00511794	50.0025	0.00968294	7500	2e+11 0.511511
512	0.00512804	50.0025	0.00968294	7500	2e+11 0.511511
513	0.00513814	50.0024	0.00968293	7500	2e+11 0.511535
514	0.00514823	50.0022	0.00968289	7500	2e+11 0.511535
515	0.00515833	50.0017	0.00968279	7500	2e+11 0.511535
516	0.00516843	50.0004	0.00968254	7500	2e+11 0.511535
517	0.00517852	49.9966	0.0096818	7500	2e+11 0.511464
518	0.00518862	49.9827	0.0096791	7500	2e+11 0.511487
519	0.00519872	49.9564	0.00967402	7500	2e+11 0.511487
520	0.00520881	49.832	0.00964993	7500	2e+11 0.511558
521	0.00521891	49.5654	0.0095983	7500	2e+11 0.511558
522	0.00522901	48.7394	0.00943835	7500	2e+11 0.511605
523	0.0052391	46.4986	0.00900441	7500	2e+11 0.511818
524	0.00524919	42.8253	0.00829308	7500	2e+11 0.512291
525	0.00525927	38.1325	0.00738432	7500	2e+11 0.512717
526	0.00526934	32.8592	0.00636316	7500	2e+11 0.513215
527	0.0052794	27.4451	0.00531472	7500	2e+11 0.513953
528	0.00528945	22.2578	0.0043102	7500	2e+11 0.514143
529	0.00529949	17.5547	0.00339946	7500	2e+11 0.514788
530	0.00530952	13.493	0.00261291	7500	2e+11 0.515051
531	0.00531955	10.1234	0.00196039	7500	2e+11 0.515506
532	0.00532957	7.42656	0.00143815	7500	2e+11 0.515721
533	0.00533958	5.33832	0.00103376	7500	2e+11 0.515865
534	0.00534959	3.76295	0.000728692	7500	2e+11 0.516105
535	0.0053596	2.59825	0.000503149	7500	2e+11 0.516153
536	0.0053696	1.7597	0.000340764	7500	2e+11 0.516201
537	0.00537961	1.17175	0.000226908	7500	2e+11 0.516346
538	0.00538961	0.766906	0.000148511	7500	2e+11 0.51637
539	0.00539961	0.493315	9.55301e-05	7500	2e+11 0.516418
540	0.00540961	0.312172	6.04518e-05	7500	2e+11 0.516418
541	0.00541961	0.194142	3.75955e-05	7500	2e+11 0.516394
542	0.00542961	0.118955	2.30355e-05	7500	2e+11 0.51649
543	0.00543961	0.0717291	1.38903e-05	7500	2e+11 0.51649
544	0.00544961	0.0425355	8.23696e-06	7500	2e+11 0.51637
545	0.00545961	0.0248827	4.81852e-06	7500	2e+11 0.51649
546	0.00546961	0.0143382	2.77659e-06	7500	2e+11 0.51649
547	0.00547961	0.0081203	1.57249e-06	7500	2e+11 0.516418
548	0.00548961	0.00453241	8.77696e-07	7500	2e+11 0.516418
549	0.00549961	0.00249547	4.83246e-07	7500	2e+11 0.516538
550	0.00550961	0.00135257	2.61925e-07	7500	2e+11 0.516538
551	0.00551961	0.00072141	1.39701e-07	7500	2e+11 0.516394
552	0.00552961	0.000380535	7.36902e-08	7500	2e+11 0.516442
553	0.00553961	0.000197856	3.83147e-08	7500	2e+11 0.516442
554	0.00554961	0.000100874	1.95342e-08	7500	2e+11 0.51637
555	0.00555961	5.06405e-05	9.80649e-09	7500	2e+11 0.516418
556	0.00556961	2.51887e-05	4.87778e-09	7500	2e+11 0.516418
557	0.00557961	1.24092e-05	2.40303e-09	7500	2e+11 0.516466
558	0.00558961	5.99201e-06	1.16035e-09	7500	2e+11 0.516466
559	0.00559961	2.86246e-06	5.54313e-10	7500	2e+11 0.516514
560	0.0056096	1.34085e-06	2.59655e-10	7500	2e+11 0.516514
561	0.0056196	6.21716e-07	1.20395e-10	7500	2e+11 0.516418
562	0.00562961	2.83035e-07	5.48095e-11	7500	2e+11 0.516346
563	0.00563961	1.27142e-07	2.46209e-11	7500	2e+11 0.51649
564	0.00564961	5.64299e-08	1.09276e-11	7500	2e+11 0.51649
565	0.00565961	2.48329e-08	4.80886e-12	7500	2e+11 0.516466
566	0.0056696	1.07472e-08	2.08119e-12	7500	2e+11 0.516466
567	0.0056796	4.59396e-09	8.89617e-13	7500	2e+11 0.516442
568	0.00568961	1.92115e-09	3.72029e-13	7500	2e+11 0.516442
569	0.0056996	7.92431e-10	1.53454e-13	7500	2e+11 0.516466
570	0.0057096	3.21341e-10	6.22274e-14	7500	2e+11 0.516514
571	0.0057196	1.29967e-10	2.5168e-14	7500	2e+11 0.516514
572	0.0057296	5.17422e-11	1.00198e-14	7500	2e+11 0.51637
573	0.0057396	2.02471e-11	3.92083e-15	7500	2e+11 0.516514
574	0.0057496	7.78638e-12	1.50783e-15	7500	2e+11 0.516514
575	0.0057596	2.95689e-12	5.726e-16	7500	2e+11 0.516418
576	0.0057696	1.1095e-12	2.14855e-16	7500	2e+11 0.516514
577	0.0057796	4.09564e-13	7.93117e-17	7500	2e+11 0.516514
578	0.0057896	1.5077e-13	2.91964e-17	7500	2e+11 0.516394
579	0.0057996	5.52527e-14	1.06996e-17	7500	2e+11 0.51649
580	0.0058096	1.98315e-14	3.84035e-18	7500	2e+11 0.51649
581	0.0058196	6.92448e-15	1.34092e-18	7500	2e+11 0.516394
582	0.0058296	2.41857e-15	4.68354e-19	7500	2e+11 0.516418
583	0.0058396	8.21577e-16	1.59098e-19	7500	2e+11 0.516418
584	0.0058496	2.77699e-16	5.37762e-20	7500	2e+11 0.516394
585	0.0058596	9.26663e-17	1.79447e-20	7500	2e+11 0.51637
586	0.0058696	3.0633e-17	5.93205e-21	7500	2e+11 0.516442
587	0.0058796	9.96954e-18	1.93059e-21	7500	2e+11 0.516538
588	0.0058896	3.17646e-18	6.1512e-22	7500	2e+11 0.516538
589	0.0058996	1.00566e-18	1.94745e-22	7500	2e+11 0.51649
590	0.0059096	3.15402e-19	6.10774e-23	7500	2e+11 0.51649
591	0.0059196	9.54995e-20	1.84934e-23	7500	2e+11 0.516418
592	0.0059296	2.86469e-20	5.54744e-24	7500	2e+11 0.516418
593	0.0059396	8.48531e-21	1.64317e-24	7500	2e+11 0.516466
594	0.0059496	2.52784e-21	4.89514e-25	7500	2e+11 0.51649
595	0.0059596	7.26723e-22	1.40729e-25	7500	2e+11 0.51649
596	0.0059696	2.03048e-22	3.932e-26	7500	2e+11 0.516394
597	0.0059796	5.5842e-23	1.08137e-26	7500	2e+11 0.51649
598	0.0059896	1.5218e-23	2.94695e-27	7500	2e+11 0.51649
599	0.0059996	4.20481e-24	8.14257e-28	7500	2e+11 0.516394
600	0.0060096	1.11819e-24	2.16537e-28	7500	2e+11 0.51649
601	0.00601959	2.91797e-25	5.65063e-29	7500	2e+11 0.51649
602	0.00602959	7.59108e-26	1.47001e-29	7500	2e+11 0.51649
603	0.00603959	1.99251e-26	3.85847e-30	7500	2e+11 0.51649
604	0.00604959	5.043e-27	9.76574e-31	7500	2e+11 0.516442
605	0.00605959	1.27566e-27	2.4703e-31	7500	2e+11 0.516466
606	0.00606959	3.22135e-28	6.23812e-32	7500	2e+11 0.516466
607	0.00607959	7.95458e-29	1.5404e-32	7500	2e+11 0.51649
608	0.00608959	1.8903e-29	3.66055e-33	7500	2e+11 0.51649
609	0.00609959	4.44703e-30	8.61164e-34	7500	2e+11 0.51649
610	0.00610959	1.0207e-30	1.97657e-34	7500	2e+11 0.51649
611	0.00611959	2.28855e-31	4.43175e-35	7500	2e+11 0.516418
612	0.00612959	5.06476e-32	9.80787e-36	7500	2e+11 0.516418
613	0.00613959	1.09465e-32	2.11978e-36	7500	2e+11 0.51649
614	0.00614959	2.44174e-33	4.72841e-37	7500	2e+11 0.51649
615	0.00615959	5.26244e-34	1.01907e-37	7500	2e+11 0.516466
616	0.00616959	1.11985e-34	2.16857e-38	7500	2e+11 0.516466
617	0.00617959	2.31325e-35	4.47959e-39	7500	2e+11 0.516418
618	0.00618958	4.71347e-36	9.1276e-40	7500	2e+11 0.516538
619	0.00619958	9.65507e-37	1.8697e-40	7500	2e+11 0.516538
620	0.00620958	1.91182e-37	3.70223e-41	7500	2e+11 0.516442
621	0.00621958	3.92495e-38	7.60064e-42	7500	2e+11 0.516442
622	0.00622958	7.93819e-39	1.53722e-42	7500	2e+11 0.516514
623	0.00623958	1.51962e-39	2.94273e-43	7500	2e+11 0.516514
624	0.00624958	2.82215e-40	5.46506e-44	7500	2e+11 0.516442
625	0.00625958	4.34178e-41	8.40779e-45	7500	2e+11 0.516442
626	0.00626958	7.23631e-42	1.4013e-45	7500	2e+11 0.51649
627	0.00627958	0	0	7500	2e+11 0.51649
628	0.00628958	0	0	7500	2e+11 0.516418
629	0.00629958	0	0	7500	2e+11 0.516466
630	0.00630957	0	0	7500	2e+11 0.516514
631	0.00631957	0	0	7500	2e+11 0.516514
632	0.00632957	0	0	7500	2e+11 0.51661
633	0.00633957	0	0	7500	2e+11 0.51661
634	0.00634957	0	0	7500	2e+11 0.516514
635	0.00635957	0	0	7500	2e+11 0.516514
636	0.00636957	0	0	7500	2e+11 0.516514
637	0.00637956	0	0	7500	2e+11 0.516538
638	0.00638956	0	0	7500	2e+11 0.516538
639	0.00639956	0	0	7500	2e+11 0.516586
640	0.00640956	0	0	7500	2e+11 0.516586
641	0.00641956	0	0	7500	2e+11 0.516562
642	0.00642955	0	0	7500	2e+11 0.516731
643	0.00643955	0	0	7500	2e+11 0.516731
644	0.00644955	0	0	7500	2e+11 0.516707
645	0.00645954	0	0	7500	2e+11 0.516707
646	0.00646954	0	0	7500	2e+11 0.516731
647	0.00647953	0	0	7500	2e+11 0.516731
648	0.00648952	0	0	7500	2e+11 0.516851
649	0.00649952	0	0	7500	2e+11 0.517164
650	0.0065095	0	0	7500	2e+11 0.517164
651	0.00651956	0	0	7500	2e+11 0.51702
652	0.00652955	0	0	7500	2e+11 0.51702
653	0.00653954	0	0	7500	2e+11 0.516779
654	0.00654954	0	0	7500	2e+11 0.516658
655	0.00655953	0	0	7500	2e+11 0.516634
656	0.00656953	0	0	7500	2e+11 0.516634
657	0.00657953	0	0	7500	2e+11 0.516538
658	0.00658952	0	0	7500	2e+11 0.516658
659	0.00659952	0	0	7500	2e+11 0.516658
660	0.00660952	0	0	7500	2e+11 0.516538
661	0.00661952	0	0	7500	2e+11 0.516538
662	0.00662951	0	0	7500	2e+11 0.516514
663	0.00663951	0	0	7500	2e+11 0.516514
664	0.00664951	0	0	7500	2e+11 0.51637
665	0.00665951	0	0	7500	2e+11 0.51637
666	0.00666951	0	0	7500	2e+11 0.516394
667	0.00667951	0	0	7500	2e+11 0.516562
668	0.00668951	0	0	7500	2e+11 0.516562
669	0.00669951	0	0	7500	2e+11 0.516418
670	0.00670951	0	0	7500	2e+11 0.51649
671	0.00671951	0	0	7500	2e+11 0.51649
672	0.00672951	0	0	7500	2e+11 0.51637
673	0.00673951	0	0	7500	2e+11 0.516538
674	0.00674951	0	0	7500	2e+11 0.516538
675	0.00675951	0	0	7500	2e+11 0.51637
676	0.00676951	0	0	7500	2e+11 0.51637
677	0.00677951	0	0	7500	2e+11 0.516442
678	0.00678951	0	0	7500	2e+11 0.516442
679	0.00679951	0	0	7500	2e+11 0.516442
680	0.00680951	0	0	7500	2e+11 0.516442
681	0.00681951	0	0	7500	2e+11 0.516394
682	0.00682951	0	0	7500	2e+11 0.516394
683	0.00683951	0	0	7500	2e+11 0.51637
684	0.00684952	0	0	7500	2e+11 0.516346
685	0.00685952	0	0	7500	2e+11 0.516346
686	0.00686952	0	0	7500	2e+11 0.51637
687	0.00687952	0	0	7500	2e+11 0.516442
688	0.00688952	0	0	7500	2e+11 0.516442
689	0.00689952	0	0	7500	2e+11 0.516418
690	0.00690952	0	0	7500	2e+11 0.516418
691	0.00691952	0	0	7500	2e+11 0.516442
692	0.00692952	0	0	7500	2e+11 0.516442
693	0.00693952	0	0	7500	2e+11 0.516466
694	0.00694952	0	0	7500	2e+11 0.516466
695	0.00695952	0	0	7500	2e+11 0.516466
696	0.00696952	0	0	7500	2e+11 0.516394
697	0.00697952	0	0	7500	2e+11 0.516418
698	0.00698952	0	0	7500	2e+11 0.516418
699	0.00699952	0	0	7500	2e+11 0.51649
700	0.00700952	0	0	7500	2e+11 0.51649
701	0.00701952	0	0	7500	2e+11 0.51637
702	0.00702952	0	0	7500	2e+11 0.51637
703	0.00703952	0	0	7500	2e+11 0.516466
704	0.00704952	0	0	7500	2e+11 0.516466
705	0.00705952	0	0	7500	2e+11 0.516442
706	0.00706952	0	0	7500	2e+11 0.516442
707	0.00707952	0	0	7500	2e+11 0.516442
708	0.00708952	0	0	7500	2e+11 0.516418
709	0.00709952	0	0	7500	2e+11 0.516538
710	0.00710952	0	0	7500	2e+11 0.516538
711	0.00711952	0	0	7500	2e+11 0.516442
712	0.00712952	0	0	7500	2e+11 0.516442
713	0.00713952	0	0	7500	2e+11 0.516442
714	0.00714952	0	0	7500	2e+11 0.516442
715	0.00715952	0	0	7500	2e+11 0.516394
716	0.00716952	0	0	7500	2e+11 0.516562
717	0.00717951	0	0	7500	2e+11 0.516562
718	0.00718951	0	0	7500	2e+11 0.516418
719	0.00719952	0	0	7500	2e+11 0.51649
720	0.00720951	0	0	7500	2e+11 0.51649
721	0.00721952	0	0	7500	2e+11 0.51649
722	0.00722951	0	0	7500	2e+11 0.51649
723	0.00723951	0	0	7500	2e+11 0.516442
724	0.00724951	0	0	7500	2e+11 0.516442
725	0.00725951	0	0	7500	2e+11 0.516442
726	0.00726951	0	0	7500	2e+11 0.516442
727	0.00727951	0	0	7500	2e+11 0.516442
728	0.00728951	0	0	7500	2e+11 0.516442
729	0.00729951	0	0	7500	2e+11 0.516418
730	0.00730951	0	0	7500	2e+11 0.516418
731	0.00731951	0	0	7500	2e+11 0.516514
732	0.00732951	0	0	7500	2e+11 0.516514
733	0.00733951	0	0	7500	2e+11 0.516322
734	0.00734952	0	0	7500	2e+11 0.51637
735	0.00735952	0	0	7500	2e+11 0.516418
736	0.00736952	0	0	7500	2e+11 0.51649
737	0.00737951	0	0	7500	2e+11 0.51649
738	0.00738952	0	0	7500	2e+11 0.516322
739	0.00739952	0	0	7500	2e+11 0.51637
740	0.00740952	0	0	7500	2e+11 0.51637
741	0.00741952	0	0	7500	2e+11 0.516346
742	0.00742952	0	0	7500	2e+11 0.516346
743	0.00743952	0	0	7500	2e+11 0.516274
744	0.00744953	0	0	7500	2e+11 0.516274
745	0.00745953	0	0	7500	2e+11 0.516226
746	0.00746953	0	0	7500	2e+11 0.516226
747	0.00747954	0	0	7500	2e+11 0.516105
748	0.00748955	0	0	7500	2e+11 0.516129
749	0.00749955	0	0	7500	2e+11 0.516129
750	0.00750956	0	0	7500	2e+11 0.519466
751	0.0075195	0	0	7500	2e+11 0.519466
752	0.00752952	0	0	7500	2e+11 0.515841
753	0.00753953	0	0	7500	2e+11 0.516274
754	0.00754953	0	0	7500	2e+11 0.516274
755	0.00755954	0	0	7500	2e+11 0.516033
756	0.00756954	0	0	7500	2e+11 0.516346
757	0.00757955	0	0	7500	2e+11 0.516346
758	0.00758955	0	0	7500	2e+11 0.516177
759	0.00759955	0	0	7500	2e+11 0.516177
760	0.00760956	0	0	7500	2e+11 0.516298
761	0.00761956	0	0	7500	2e+11 0.516298
762	0.00762957	0	0	7500	2e+11 0.516442
763	0.00763956	0	0	7500	2e+11 0.516442
764	0.00764957	0	0	7500	2e+11 0.516538
765	0.00765957	0	0	7500	2e+11 0.516538
766	0.00766957	0	0	7500	2e+11 0.516346
767	0.00767957	0	0	7500	2e+11 0.516346
768	0.00768957	0	0	7500	2e+11 0.516346
769	0.00769957	0	0	7500	2e+11 0.516346
770	0.00770958	0	0	7500	2e+11 0.516442
771	0.00771958	0	0	7500	2e+11 0.516442
772	0.00772958	0	0	7500	2e+11 0.516346
773	0.00773958	0	0	7500	2e+11 0.516346
774	0.00774958	0	0	7500	2e+11 0.516394
775	0.00775958	7.23631e-42	-1.4013e-45	7500	2e+11 0.516394
776	0.00776958	9.4072e-41	-1.82169e-44	7500	2e+11 0.51637
777	0.00777958	5.93374e-40	-1.14906e-43	7500	2e+11 0.51637
778	0.00778959	3.28527e-39	-6.3619e-43	7500	2e+11 0.51649
779	0.00779958	1.80545e-38	-3.49624e-42	7500	2e+11 0.51649
780	0.00780959	9.56274e-38	-1.85182e-41	7500	2e+11 0.516201
781	0.00781965	5.18255e-37	-1.0036e-40	7500	2e+11 0.51541
782	0.00782966	2.7482e-36	-5.32187e-40	7500	2e+11 0.51637
783	0.00783966	1.50903e-35	-2.92223e-39	7500	2e+11 0.51637
784	0.00784967	7.70032e-35	-1.49116e-38	7500	2e+11 0.516466
785	0.00785966	3.59345e-34	-6.95869e-38	7500	2e+11 0.516466
786	0.00786967	1.67915e-33	-3.25166e-37	7500	2e+11 0.516514
787	0.00787966	8.02067e-33	-1.5532e-36	7500	2e+11 0.516514
788	0.00788967	3.77192e-32	-7.30428e-36	7500	2e+11 0.516466
789	0.00789967	1.81633e-31	-3.51731e-35	7500	2e+11 0.516466
790	0.00790967	8.16002e-31	-1.58018e-34	7500	2e+11 0.51661
791	0.00791967	3.52362e-30	-6.82347e-34	7500	2e+11 0.51661
792	0.00792967	1.57371e-29	-3.04747e-33	7500	2e+11 0.516466
793	0.00793967	6.40399e-29	-1.24013e-32	7500	2e+11 0.516466
794	0.00794967	2.59672e-28	-5.02853e-32	7500	2e+11 0.51661
795	0.00795967	1.07848e-27	-2.08847e-31	7500	2e+11 0.51661
796	0.00796967	4.30889e-27	-8.34413e-31	7500	2e+11 0.516322
797	0.00797968	1.7549e-26	-3.39834e-30	7500	2e+11 0.516514
798	0.00798967	7.0512e-26	-1.36546e-29	7500	2e+11 0.516514
799	0.00799967	2.78424e-25	-5.39167e-29	7500	2e+11 0.516514
800	0.00800967	1.06255e-24	-2.05762e-28	7500	2e+11 0.516466
801	0.00801967	4.0522e-24	-7.84706e-28	7500	2e+11 0.516514
802	0.00802967	1.4821e-23	-2.87007e-27	7500	2e+11 0.516514
803	0.00803967	5.3976e-23	-1.04524e-26	7500	2e+11 0.516274
804	0.00804968	1.96014e-22	-3.7958e-26	7500	2e+11 0.516418
805	0.00805968	7.09897e-22	-1.37471e-25	7500	2e+11 0.516466
806	0.00806968	2.47224e-21	-4.78747e-25	7500	2e+11 0.516658
807	0.00807967	8.62245e-21	-1.66973e-24	7500	2e+11 0.516658
808	0.00808967	2.95607e-20	-5.7244e-24	7500	2e+11 0.51637
809	0.00809967	9.72715e-20	-1.88366e-23	7500	2e+11 0.51637
810	0.00810968	3.24694e-19	-6.28768e-23	7500	2e+11 0.516466
811	0.00811968	1.03891e-18	-2.01185e-22	7500	2e+11 0.516466
812	0.00812968	3.40292e-18	-6.58973e-22	7500	2e+11 0.51637
813	0.00813968	1.09471e-17	-2.11989e-21	7500	2e+11 0.516322
814	0.00814968	3.43799e-17	-6.65763e-21	7500	2e+11 0.51637
815	0.00815968	1.07166e-16	-2.07527e-20	7500	2e+11 0.51637
816	0.00816968	3.24536e-16	-6.28462e-20	7500	2e+11 0.516658
817	0.00817968	9.85396e-16	-1.90821e-19	7500	2e+11 0.516658
818	0.00818968	2.895e-15	-5.60615e-19	7500	2e+11 0.516322
819	0.00819968	8.18244e-15	-1.58452e-18	7500	2e+11 0.51637
820	0.00820968	2.36791e-14	-4.58545e-18	7500	2e+11 0.51637
821	0.00821968	6.69014e-14	-1.29554e-17	7500	2e+11 0.51661
822	0.00822968	1.8453e-13	-3.57341e-17	7500	2e+11 0.51661
823	0.00823968	5.05135e-13	-9.78191e-17	7500	2e+11 0.516514
824	0.00824968	1.32675e-12	-2.56923e-16	7500	2e+11 0.516514
825	0.00825968	3.51861e-12	-6.81375e-16	7500	2e+11 0.51637
826	0.00826968	9.05601e-12	-1.75369e-15	7500	2e+11 0.516562
827	0.00827968	2.32424e-11	-4.50086e-15	7500	2e+11 0.516562
828	0.00828968	5.85015e-11	-1.13288e-14	7500	2e+11 0.516514
829	0.00829968	1.43716e-10	-2.78305e-14	7500	2e+11 0.516466
830	0.00830968	3.48437e-10	-6.74746e-14	7500	2e+11 0.516466
831	0.00831969	8.3821e-10	-1.62319e-13	7500	2e+11 0.51637
832	0.00832969	2.05368e-09	-3.97693e-13	7500	2e+11 0.51637
833	0.00833969	4.89803e-09	-9.48499e-13	7500	2e+11 0.51637
834	0.00834969	1.13433e-08	-2.19662e-12	7500	2e+11 0.51661
835	0.00835968	2.59134e-08	-5.01811e-12	7500	2e+11 0.51661
836	0.00836968	5.81265e-08	-1.12561e-11	7500	2e+11 0.51661
837	0.00837968	1.2927e-07	-2.5033e-11	7500	2e+11 0.516466
838	0.00838968	2.84117e-07	-5.50189e-11	7500	2e+11 0.516466
839	0.00839969	6.24423e-07	-1.20919e-10	7500	2e+11 0.516418
840	0.00840969	1.34096e-06	-2.59676e-10	7500	2e+11 0.516418
841	0.00841969	2.83297e-06	-5.48603e-10	7500	2e+11 0.516418
842	0.00842969	5.93365e-06	-1.14905e-09	7500	2e+11 0.516418
843	0.00843969	1.2187e-05	-2.36e-09	7500	2e+11 0.516418
844	0.00844969	2.47439e-05	-4.79163e-09	7500	2e+11 0.516418
845	0.00845969	4.94121e-05	-9.56861e-09	7500	2e+11 0.516466
846	0.00846968	9.71339e-05	-1.88099e-08	7500	2e+11 0.516466
847	0.00847969	0.000187156	-3.62427e-08	7500	2e+11 0.516322
848	0.00848969	0.000358535	-6.943e-08	7500	2e+11 0.516322
849	0.00849969	0.000674266	-1.30571e-07	7500	2e+11 0.51637
850	0.00850969	0.00124887	-2.41842e-07	7500	2e+11 0.51637
851	0.00851969	0.00230026	-4.45444e-07	7500	2e+11 0.51661
852	0.00852969	0.00414009	-8.01725e-07	7500	2e+11 0.51661
853	0.00853969	0.00730982	-1.41554e-06	7500	2e+11 0.51661
854	0.00854969	0.0126982	-2.459e-06	7500	2e+11 0.51661
855	0.00855969	0.0219068	-4.24224e-06	7500	2e+11 0.516466
856	0.00856969	0.0371093	-7.18618e-06	7500	2e+11 0.516466
857	0.00857969	0.0617676	-1.19613e-05	7500	2e+11 0.51637
858	0.00858969	0.100323	-1.94275e-05	7500	2e+11 0.516466
859	0.00859969	0.160269	-3.10359e-05	7500	2e+11 0.516466
860	0.00860969	0.252174	-4.88332e-05	7500	2e+11 0.51637
861	0.00861969	0.39236	-7.59801e-05	7500	2e+11 0.516562
862	0.00862969	0.597334	-0.000115673	7500	2e+11 0.516562
863	0.00863969	0.889518	-0.000172254	7500	2e+11 0.516514
864	0.00864969	1.30272	-0.000252271	7500	2e+11 0.516562
865	0.00865968	1.88892	-0.000365787	7500	2e+11 0.516562
866	0.00866968	2.69626	-0.000522128	7500	2e+11 0.516707
867	0.00867967	3.76494	-0.000729077	7500	2e+11 0.516947
868	0.00868966	5.15446	-0.000998157	7500	2e+11 0.516947
869	0.00869965	6.91655	-0.00133939	7500	2e+11 0.517333
870	0.00870963	9.11049	-0.00176424	7500	2e+11 0.51743
871	0.00871961	11.7951	-0.00228411	7500	2e+11 0.517816
872	0.00872959	14.9164	-0.00288855	7500	2e+11 0.518252
873	0.00873955	18.4644	-0.00357561	7500	2e+11 0.518737
874	0.00874951	22.3889	-0.00433559	7500	2e+11 0.518883
875	0.00875946	26.6133	-0.00515364	7500	2e+11 0.519223
876	0.0087694	30.9735	-0.00599798	7500	2e+11 0.519855
877	0.00877934	35.3079	-0.00683735	7500	2e+11 0.520392
878	0.00878926	39.4267	-0.00763494	7500	2e+11 0.520539
879	0.00879918	43.1197	-0.00835009	7500	2e+11 0.521028
880	0.00880909	46.1397	-0.00893491	7500	2e+11 0.521126
881	0.008819	48.2775	-0.0093489	7500	2e+11 0.521224
882	0.00882891	49.4303	-0.00957213	7500	2e+11 0.521469
883	0.00883881	49.8007	-0.00964387	7500	2e+11 0.521469
884	0.00884872	49.9235	-0.00966765	7500	2e+11 0.521469
885	0.00885862	49.9722	-0.00967707	7500	2e+11 0.521469
886	0.00886852	49.9876	-0.00968006	7500	2e+11 0.52142
887	0.00887843	49.9942	-0.00968134	7500	2e+11 0.52142
888	0.00888833	49.996	-0.00968168	7500	2e+11 0.52142
889	0.00889824	49.9968	-0.00968185	7500	2e+11 0.521469
890	0.00890814	49.9972	-0.00968191	7500	2e+11 0.521518
891	0.00891804	49.9973	-0.00968193	7500	2e+11 0.521518
892	0.00892795	49.9973	-0.00968194	7500	2e+11 0.521469
893	0.00893785	49.9974	-0.00968195	7500	2e+11 0.521469
894	0.00894775	49.9974	-0.00968195	7500	2e+11 0.521469
895	0.00895765	49.9974	-0.00968195	7500	2e+11 0.52142
896	0.00896756	49.9974	-0.00968195	7500	2e+11 0.52142
897	0.00897746	49.9974	-0.00968195	7500	2e+11 0.521469
898	0.00898737	49.9974	-0.00968195	7500	2e+11 0.521469
899	0.00899727	49.9974	-0.00968195	7500	2e+11 0.521469
900	0.00900717	49.9974	-0.00968195	7500	2e+11 0.521469
901	0.00901708	49.9974	-0.00968195	7500	2e+11 0.521518
902	0.00902698	49.9974	-0.00968195	7500	2e+11 0.521518
903	0.00903688	49.9974	-0.00968195	7500	2e+11 0.521469
904	0.00904679	49.9974	-0.00968196	7500	2e+11 0.521469
905	0.00905669	49.9974	-0.00968196	7500	2e+11 0.521469
906	0.00906659	49.9974	-0.00968196	7500	2e+11 0.521371
907	0.0090765	49.9974	-0.00968196	7500	2e+11 0.521469
908	0.0090864	49.9974	-0.00968196	7500	2e+11 0.521469
909	0.0090963	49.9974	-0.00968196	7500	2e+11 0.521469
910	0.00910621	49.9974	-0.00968196	7500	2e+11 0.521518
911	0.00911611	49.9974	-0.00968196	7500	2e+11 0.521518
912	0.00912601	49.9974	-0.00968196	7500	2e+11 0.52142
913	0.00913592	49.9974	-0.00968196	7500	2e+11 0.52142
914	0.00914582	49.9974	-0.00968196	7500	2e+11 0.52142
915	0.00915573	49.9974	-0.00968196	7500	2e+11 0.521469
916	0.00916563	49.9974	-0.00968196	7500	2e+11 0.521469
917	0.00917554	49.9974	-0.00968196	7500	2e+11 0.521322
918	0.00918544	49.9974	-0.00968196	7500	2e+11 0.521567
919	0.00919534	49.9974	-0.00968196	7500	2e+11 0.521567
920	0.00920524	49.9974	-0.00968196	7500	2e+11 0.521469
921	0.00921515	49.9974	-0.00968196	7500	2e+11 0.52142
922	0.00922505	49.9974	-0.00968196	7500	2e+11 0.521567
923	0.00923495	49.9974	-0.00968196	7500	2e+11 0.521567
924	0.00924486	49.9974	-0.00968196	7500	2e+11 0.521469
925	0.00925476	49.9974	-0.00968196	7500	2e+11 0.521469
926	0.00926466	49.9974	-0.00968196	7500	2e+11 0.521469
927	0.00927457	49.9974	-0.00968196	7500	2e+11 0.521469
928	0.00928447	49.9974	-0.00968196	7500	2e+11 0.52142
929	0.00929437	49.9974	-0.00968196	7500	2e+11 0.52142
930	0.00930428	49.9974	-0.00968196	7500	2e+11 0.521469
931	0.00931418	49.9974	-0.00968196	7500	2e+11 0.521469
932	0.00932409	49.9974	-0.00968196	7500	2e+11 0.521371
933	0.00933399	49.9974	-0.00968196	7500	2e+11 0.521567
934	0.00934389	49.9974	-0.00968196	7500	2e+11 0.521567
935	0.0093538	49.9974	-0.00968196	7500	2e+11 0.52142
936	0.0093637	49.9974	-0.00968196	7500	2e+11 0.52142
937	0.0093736	49.9974	-0.00968196	7500	2e+11 0.521371
938	0.00938351	49.9974	-0.00968196	7500	2e+11 0.521567
939	0.00939341	49.9974	-0.00968196	7500	2e+11 0.521567
940	0.00940331	49.9974	-0.00968196	7500	2e+11 0.521567
941	0.00941321	49.9974	-0.00968196	7500	2e+11 0.521567
942	0.00942312	49.9974	-0.00968196	7500	2e+11 0.52142
943	0.00943302	49.9974	-0.00968196	7500	2e+11 0.52142
944	0.00944293	49.9974	-0.00968196	7500	2e+11 0.521518
945	0.00945283	49.9974	-0.00968196	7500	2e+11 0.521518
946	0.00946274	49.9974	-0.00968196	7500	2e+11 0.52142
947	0.00947264	49.9974	-0.00968196	7500	2e+11 0.521469
948	0.00948254	49.9974	-0.00968196	7500	2e+11 0.521518
949	0.00949244	49.9974	-0.00968195	7500	2e+11 0.521518
950	0.00950235	49.9973	-0.00968193	7500	2e+11 0.521371
951	0.00951225	49.9971	-0.00968189	7500	2e+11 0.521567
952	0.00952215	49.9966	-0.00968181	7500	2e+11 0.521567
953	0.00953206	49.9959	-0.00968167	7500	2e+11 0.521567
954	0.00954196	49.9946	-0.00968141	7500	2e+11 0.521567
955	0.00955187	49.9921	-0.00968094	7500	2e+11 0.521567
956	0.00956177	49.9879	-0.00968012	7500	2e+11 0.521567
957	0.00957167	49.9807	-0.00967872	7500	2e+11 0.521518
958	0.00958157	49.9683	-0.00967632	7500	2e+11 0.521273
959	0.00959148	49.9479	-0.00967237	7500	2e+11 0.521616
960	0.00960138	49.914	-0.00966581	7500	2e+11 0.521616
961	0.00961129	49.8596	-0.00965526	7500	2e+11 0.52142
962	0.00962119	49.7738	-0.00963865	7500	2e+11 0.52142
963	0.0096311	49.639	-0.00961256	7500	2e+11 0.52142
964	0.009641	49.4305	-0.00957218	7500	2e+11 0.52142
965	0.0096509	49.1177	-0.0095116	7500	2e+11 0.52142
966	0.00966081	48.6569	-0.00942237	7500	2e+11 0.521322
967	0.00967072	47.9901	-0.00929325	7500	2e+11 0.521322
968	0.00968063	47.0407	-0.00910939	7500	2e+11 0.521126
969	0.00969054	45.7396	-0.00885743	7500	2e+11 0.521126
970	0.00970046	44.0092	-0.00852234	7500	2e+11 0.520636
971	0.00971038	41.7431	-0.00808352	7500	2e+11 0.520636
972	0.0097203	38.8452	-0.00752235	7500	2e+11 0.52049
973	0.00973023	35.2201	-0.00682033	7500	2e+11 0.52005
974	0.00974017	30.9345	-0.00599045	7500	2e+11 0.519417
975	0.00975012	26.0057	-0.00503598	7500	2e+11 0.519125
976	0.00976007	20.6643	-0.00400162	7500	2e+11 0.51864
977	0.00977004	15.237	-0.00295063	7500	2e+11 0.518058
978	0.00978002	10.1183	-0.0019594	7500	2e+11 0.517526
979	0.00979001	5.76019	-0.00111546	7500	2e+11 0.517044
980	0.0098	2.5481	-0.000493438	7500	2e+11 0.51661
981	0.00981	0.81831	-0.000158465	7500	2e+11 0.516562
982	0.00982	0.308796	-5.97981e-05	7500	2e+11 0.516466
983	0.00983	0.0931326	-1.80351e-05	7500	2e+11 0.516418
984	0.00984	0.0447831	-8.67221e-06	7500	2e+11 0.516418
985	0.00985	0.0169535	-3.28303e-06	7500	2e+11 0.516418
986	0.00986	0.00648582	-1.25597e-06	7500	2e+11 0.516418
987	0.00987	0.00180589	-3.49709e-07	7500	2e+11 0.516418
988	0.00988	0.000576789	-1.11695e-07	7500	2e+11 0.516418
989	0.00989	0.000215086	-4.16512e-08	7500	2e+11 0.516418
990	0.0099	8.10328e-05	-1.56919e-08	7500	2e+11 0.516418
991	0.00991	3.05466e-05	-5.91533e-09	7500	2e+11 0.516418
992	0.00992	1.14815e-05	-2.22339e-09	7500	2e+11 0.516418
993	0.00993	5.206e-06	-1.00814e-09	7500	2e+11 0.516418
994	0.00994	1.81357e-06	-3.51199e-10	7500	2e+11 0.516418
995	0.00995	6.83684e-07	-1.32401e-10	7500	2e+11 0.516418
996	0.00996	2.07652e-07	-4.02259e-11	7500	2e+11 0.516418
997	0.00997	7.05367e-08	-1.37028e-11	7500	2e+11 0.516418
998	0.00998	1.86196e-08	-3.73556e-12	7500	2e+11 0.516418
999	0.00999	5.96907e-09	-1.5329e-12	7500	2e+11 0.516418
1000	0.01	0	-1.12927e-12	7500	2e+11 0.516418
