0	0	0	0	7500	2e+11 0.516398
1	1e-05	0	0	7500	2e+11 0.516398
2	2e-05	0	0	7500	2e+11 0.516398
3	3e-05	0	0	7500	2e+11 0.516398
4	4e-05	0	0	7500	2e+11 0.516398
5	5e-05	0	0	7500	2e+11 0.516398
6	6e-05	0	0	7500	2e+11 0.516398
7	7e-05	0	0	7500	2e+11 0.516398
8	8e-05	0	0	7500	2e+11 0.516398
9	9e-05	0	0	7500	2e+11 0.516398
10	0.0001	0	0	7500	2e+11 0.516398
11	0.00011	0	0	7500	2e+11 0.516398
12	0.00012	0	0	7500	2e+11 0.516398
13	0.00013	0	0	7500	2e+11 0.516398
14	0.00014	0	0	7500	2e+11 0.516398
15	0.00015	0	0	7500	2e+11 0.516398
16	0.00016	0	0	7500	2e+11 0.516398
17	0.00017	0	0	7500	2e+11 0.516398
18	0.00018	0	0	7500	2e+11 0.516398
19	0.00019	0	0	7500	2e+11 0.516398
20	0.0002	0	0	7500	2e+11 0.516398
21	0.00021	0	0	7500	2e+11 0.516398
22	0.00022	0	0	7500	2e+11 0.516398
23	0.00023	0	0	7500	2e+11 0.516398
24	0.00024	0	0	7500	2e+11 0.516398
25	0.00025	0	0	7500	2e+11 0.516398
26	0.00026	0	0	7500	2e+11 0.516398
27	0.00027	0	0	7500	2e+11 0.516398
28	0.00028	0	0	7500	2e+11 0.516398
29	0.00029	0	0	7500	2e+11 0.516398
30	0.0003	0	0	7500	2e+11 0.516398
31	0.00031	0	0	7500	2e+11 0.516398
32	0.00032	0	0	7500	2e+11 0.516398
33	0.00033	0	0	7500	2e+11 0.516398
34	0.00034	0	0	7500	2e+11 0.516398
35	0.00035	0	0	7500	2e+11 0.516398
36	0.00036	0	0	7500	2e+11 0.516398
37	0.00037	0	0	7500	2e+11 0.516398
38	0.00038	0	0	7500	2e+11 0.516398
39	0.00039	0	0	7500	2e+11 0.516398
40	0.0004	0	0	7500	2e+11 0.516398
41	0.00041	0	0	7500	2e+11 0.516398
42	0.00042	0	0	7500	2e+11 0.516398
43	0.00043	0	0	7500	2e+11 0.516398
44	0.00044	0	0	7500	2e+11 0.516398
45	0.00045	0	0	7500	2e+11 0.516398
46	0.00046	0	0	7500	2e+11 0.516398
47	0.00047	0	0	7500	2e+11 0.516398
48	0.00048	0	0	7500	2e+11 0.516398
49	0.00049	0	0	7500	2e+11 0.5164
50	0.0005	0	0	7500	2e+11 0.5164
51	0.00051	0	0	7500	2e+11 0.516397
52	0.00052	0	0	7500	2e+11 0.5164
53	0.00053	0	0	7500	2e+11 0.5164
54	0.00054	0	0	7500	2e+11 0.516397
55	0.00055	0	0	7500	2e+11 0.5164
56	0.00056	0	0	7500	2e+11 0.5164
57	0.00057	0	0	7500	2e+11 0.516397
58	0.00058	0	0	7500	2e+11 0.516397
59	0.00059	0	0	7500	2e+11 0.5164
60	0.0006	0	0	7500	2e+11 0.5164
61	0.00061	0	0	7500	2e+11 0.516397
62	0.00062	0	0	7500	2e+11 0.5164
63	0.00063	0	0	7500	2e+11 0.5164
64	0.00064	0	0	7500	2e+11 0.516397
65	0.00065	0	0	7500	2e+11 0.5164
66	0.00066	0	0	7500	2e+11 0.5164
67	0.00067	0	0	7500	2e+11 0.516397
68	0.00068	0	0	7500	2e+11 0.5164
69	0.00069	0	0	7500	2e+11 0.5164
70	0.0007	0	0	7500	2e+11 0.516397
71	0.00071	0	0	7500	2e+11 0.516397
72	0.00072	0	0	7500	2e+11 0.5164
73	0.00073	0	0	7500	2e+11 0.5164
74	0.00074	0	0	7500	2e+11 0.516397
75	0.00075	0	0	7500	2e+11 0.5164
76	0.00076	0	0	7500	2e+11 0.5164
77	0.00077	0	0	7500	2e+11 0.516397
78	0.00078	0	0	7500	2e+11 0.5164
79	0.00079	0	0	7500	2e+11 0.5164
80	0.0008	0	0	7500	2e+11 0.516397
81	0.00081	0	0	7500	2e+11 0.5164
82	0.00082	0	0	7500	2e+11 0.5164
83	0.00083	0	0	7500	2e+11 0.516397
84	0.00084	0	0	7500	2e+11 0.5164
85	0.00085	0	0	7500	2e+11 0.5164
86	0.00086	0	0	7500	2e+11 0.516397
87	0.00087	0	0	7500	2e+11 0.5164
88	0.00088	0	0	7500	2e+11 0.5164
89	0.00089	0	0	7500	2e+11 0.516397
90	0.0009	0	0	7500	2e+11 0.516397
91	0.00091	0	0	7500	2e+11 0.5164
92	0.00092	0	0	7500	2e+11 0.5164
93	0.00093	0	0	7500	2e+11 0.516397
94	0.00094	0	0	7500	2e+11 0.5164
95	0.00095	0	0	7500	2e+11 0.5164
96	0.00096	0	0	7500	2e+11 0.516397
97	0.00097	0	0	7500	2e+11 0.516397
98	0.00098	0	0	7500	2e+11 0.5164
99	0.00099	0	0	7500	2e+11 0.5164
100	0.001	0	0	7500	2e+11 0.5164
101	0.00101	0	0	7500	2e+11 0.5164
102	0.00102	0	0	7500	2e+11 0.5164
103	0.00103	0	0	7500	2e+11 0.5164
104	0.00104	0	0	7500	2e+11 0.5164
105	0.00105	0	0	7500	2e+11 0.5164
106	0.00106	0	0	7500	2e+11 0.5164
107	0.00107	0	0	7500	2e+11 0.5164
108	0.00108	0	0	7500	2e+11 0.5164
109	0.00109	0	0	7500	2e+11 0.5164
110	0.0011	0	0	7500	2e+11 0.5164
111	0.00111	0	0	7500	2e+11 0.5164
112	0.00112	0	0	7500	2e+11 0.5164
113	0.00113	0	0	7500	2e+11 0.5164
114	0.00114	0	0	7500	2e+11 0.5164
115	0.00115	0	0	7500	2e+11 0.5164
116	0.00116	0	0	7500	2e+11 0.5164
117	0.00117	0	0	7500	2e+11 0.5164
118	0.00118	1.948e-38	3.7723e-42	7500	2e+11 0.5164
119	0.00119	7.9476e-38	1.53905e-41	7500	2e+11 0.5164
120	0.0012	1.64879e-37	3.19286e-41	7500	2e+11 0.5164
121	0.00121	2.70217e-37	5.23273e-41	7500	2e+11 0.5164
122	0.00122	3.89825e-37	7.54893e-41	7500	2e+11 0.5164
123	0.00123	5.1193e-37	9.91349e-41	7500	2e+11 0.5164
124	0.00124	6.17703e-37	1.19618e-40	7500	2e+11 0.5164
125	0.00125	6.90304e-37	1.33677e-40	7500	2e+11 0.5164
126	0.00126	7.2362e-37	1.40128e-40	7500	2e+11 0.5164
127	0.00127	7.23627e-37	1.4013e-40	7500	2e+11 0.5164
128	0.00128	3.61815e-36	7.00652e-40	7500	2e+11 0.5164
129	0.00129	1.05502e-35	2.04304e-39	7500	2e+11 0.5164
130	0.0013	4.05233e-35	7.8473e-39	7500	2e+11 0.5164
131	0.00131	1.02521e-34	1.98532e-38	7500	2e+11 0.5164
132	0.00132	3.05368e-34	5.91343e-38	7500	2e+11 0.5164
133	0.00133	9.50127e-34	1.83991e-37	7500	2e+11 0.5164
134	0.00134	2.75623e-33	5.33743e-37	7500	2e+11 0.5164
135	0.00135	8.24205e-33	1.59607e-36	7500	2e+11 0.5164
136	0.00136	2.05276e-32	3.97516e-36	7500	2e+11 0.5164
137	0.00137	4.93688e-32	9.56023e-36	7500	2e+11 0.5164
138	0.00138	1.5223e-31	2.94792e-35	7500	2e+11 0.5164
139	0.00139	3.77053e-31	7.30159e-35	7500	2e+11 0.5164
140	0.0014	9.08631e-31	1.75956e-34	7500	2e+11 0.5164
141	0.00141	2.69826e-30	5.22515e-34	7500	2e+11 0.5164
142	0.00142	7.50173e-30	1.4527e-33	7500	2e+11 0.5164
143	0.00143	2.06902e-29	4.00663e-33	7500	2e+11 0.5164
144	0.00144	4.9453e-29	9.57653e-33	7500	2e+11 0.5164
145	0.00145	1.57001e-28	3.04032e-32	7500	2e+11 0.5164
146	0.00146	4.37836e-28	8.47865e-32	7500	2e+11 0.5164
147	0.00147	1.08345e-27	2.0981e-31	7500	2e+11 0.5164
148	0.00148	2.94676e-27	5.70637e-31	7500	2e+11 0.5164
149	0.00149	7.58907e-27	1.46962e-30	7500	2e+11 0.5164
150	0.0015	2.26395e-26	4.38412e-30	7500	2e+11 0.5164
151	0.00151	5.48248e-26	1.06168e-29	7500	2e+11 0.5164
152	0.00152	1.7378e-25	3.36523e-29	7500	2e+11 0.5164
153	0.00153	5.15209e-25	9.97699e-29	7500	2e+11 0.5164
154	0.00154	1.28621e-24	2.49074e-28	7500	2e+11 0.5164
155	0.00155	3.60853e-24	6.98789e-28	7500	2e+11 0.5164
156	0.00156	9.83959e-24	1.90543e-27	7500	2e+11 0.5164
157	0.00157	2.30199e-23	4.45778e-27	7500	2e+11 0.5164
158	0.00158	7.0301e-23	1.36137e-26	7500	2e+11 0.5164
159	0.00159	1.82208e-22	3.52844e-26	7500	2e+11 0.5164
160	0.0016	6.31724e-22	1.22333e-25	7500	2e+11 0.5164
161	0.00161	1.66847e-21	3.23097e-25	7500	2e+11 0.5164
162	0.00162	4.403e-21	8.52638e-25	7500	2e+11 0.5164
163	0.00163	1.04929e-20	2.03195e-24	7500	2e+11 0.5164
164	0.00164	2.93712e-20	5.6877e-24	7500	2e+11 0.5164
165	0.00165	8.61205e-20	1.66772e-23	7500	2e+11 0.5164
166	0.00166	2.12831e-19	4.12145e-23	7500	2e+11 0.5164
167	0.00167	5.43199e-19	1.0519e-22	7500	2e+11 0.5164
168	0.00168	1.49055e-18	2.88644e-22	7500	2e+11 0.5164
169	0.00169	3.80154e-18	7.36164e-22	7500	2e+11 0.5164
170	0.0017	1.06759e-17	2.06737e-21	7500	2e+11 0.5164
171	0.00171	2.70059e-17	5.22966e-21	7500	2e+11 0.5164
172	0.00172	8.35236e-17	1.61743e-20	7500	2e+11 0.5164
173	0.00173	2.59606e-16	5.02726e-20	7500	2e+11 0.5164
174	0.00174	8.14646e-16	1.57755e-19	7500	2e+11 0.5164
175	0.00175	2.30997e-15	4.47324e-19	7500	2e+11 0.5164
176	0.00176	6.13021e-15	1.18711e-18	7500	2e+11 0.5164
177	0.00177	1.64785e-14	3.19106e-18	7500	2e+11 0.5164
178	0.00178	3.88955e-14	7.53208e-18	7500	2e+11 0.5164
179	0.00179	1.15158e-13	2.23003e-17	7500	2e+11 0.5164
180	0.0018	2.90726e-13	5.62989e-17	7500	2e+11 0.5164
181	0.00181	6.18647e-13	1.19801e-16	7500	2e+11 0.5164
182	0.00182	1.95394e-12	3.78379e-16	7500	2e+11 0.5164
183	0.00183	6.2858e-12	1.21724e-15	7500	2e+11 0.5164
184	0.00184	1.69764e-11	3.28748e-15	7500	2e+11 0.5164
185	0.00185	4.4178e-11	8.55504e-15	7500	2e+11 0.5164
186	0.00186	1.0378e-10	2.0097e-14	7500	2e+11 0.5164
187	0.00187	3.11878e-10	6.0395e-14	7500	2e+11 0.5164
188	0.00188	8.93195e-10	1.72966e-13	7500	2e+11 0.5164
189	0.00189	2.56892e-09	4.97469e-13	7500	2e+11 0.5164
190	0.0019	6.99927e-09	1.3554e-12	7500	2e+11 0.5164
191	0.00191	2.27142e-08	4.39858e-12	7500	2e+11 0.5164
192	0.00192	5.78359e-08	1.11999e-11	7500	2e+11 0.5164
193	0.00193	1.70069e-07	3.29337e-11	7500	2e+11 0.5164
194	0.00194	3.78107e-07	7.32201e-11	7500	2e+11 0.5164
195	0.00195	1.1632e-06	2.25253e-10	7500	2e+11 0.5164
196	0.00196	3.52021e-06	6.81686e-10	7500	2e+11 0.516406
197	0.00197	9.28049e-06	1.79716e-09	7500	2e+11 0.516406
198	0.00198	3.11495e-05	6.03207e-09	7500	2e+11 0.516394
199	0.00199	7.81459e-05	1.51329e-08	7500	2e+11 0.516406
200	0.002	0.000277367	5.3712e-08	7500	2e+11 0.516406
201	0.00201	0.000716891	1.38825e-07	7500	2e+11 0.516394
202	0.00202	0.00215246	4.16821e-07	7500	2e+11 0.516406
203	0.00203	0.00534229	1.03453e-06	7500	2e+11 0.516406
204	0.00204	0.0146521	2.83737e-06	7500	2e+11 0.516394
205	0.00205	0.037153	7.19465e-06	7500	2e+11 0.516406
206	0.00206	0.11209	2.17062e-05	7500	2e+11 0.516406
207	0.00207	0.236012	4.57036e-05	7500	2e+11 0.516382
208	0.00208	0.785018	0.000152018	7500	2e+11 0.516358
209	0.00209	1.9277	0.000373297	7500	2e+11 0.51631
210	0.00210001	3.64574	0.000705994	7500	2e+11 0.516153
211	0.00211002	5.863	0.00113536	7500	2e+11 0.515985
212	0.00212003	8.49119	0.00164431	7500	2e+11 0.515745
213	0.00213005	11.4338	0.00221414	7500	2e+11 0.515518
214	0.00214007	14.5955	0.00282641	7500	2e+11 0.51517
215	0.0021501	17.8829	0.003463	7500	2e+11 0.514895
216	0.00216013	21.2087	0.00410705	7500	2e+11 0.514513
217	0.00217018	24.4948	0.00474341	7500	2e+11 0.514227
218	0.00218023	27.6747	0.00535918	7500	2e+11 0.513857
219	0.00219028	30.6914	0.00594337	7500	2e+11 0.513619
220	0.00220034	33.5022	0.00648767	7500	2e+11 0.513239
221	0.00221041	36.0747	0.00698584	7500	2e+11 0.513037
222	0.00222048	38.3895	0.00743409	7500	2e+11 0.512764
223	0.00223055	40.4382	0.00783082	7500	2e+11 0.512492
224	0.00224063	42.2216	0.00817617	7500	2e+11 0.512385
225	0.00225072	43.7509	0.00847233	7500	2e+11 0.512125
226	0.0022608	45.0416	0.00872228	7500	2e+11 0.511983
227	0.00227089	46.1137	0.00892988	7500	2e+11 0.511912
228	0.00228098	46.9914	0.00909984	7500	2e+11 0.511853
229	0.00229107	47.6993	0.00923693	7500	2e+11 0.5117
230	0.00230116	48.2615	0.0093458	7500	2e+11 0.511629
231	0.00231126	48.7021	0.00943113	7500	2e+11 0.511605
232	0.00232135	49.0425	0.00949704	7500	2e+11 0.511558
233	0.00233145	49.302	0.0095473	7500	2e+11 0.51157
234	0.00234154	49.4972	0.00958508	7500	2e+11 0.51157
235	0.00235164	49.642	0.00961312	7500	2e+11 0.511476
236	0.00236174	49.7481	0.00963368	7500	2e+11 0.511476
237	0.00237183	49.8249	0.00964856	7500	2e+11 0.511452
238	0.00238193	49.8799	0.00965919	7500	2e+11 0.511464
239	0.00239203	49.9187	0.00966671	7500	2e+11 0.511464
240	0.00240212	49.9458	0.00967197	7500	2e+11 0.511476
241	0.00241222	49.9646	0.0096756	7500	2e+11 0.511476
242	0.00242232	49.9774	0.00967809	7500	2e+11 0.511417
243	0.00243242	49.9861	0.00967977	7500	2e+11 0.511487
244	0.00244251	49.992	0.0096809	7500	2e+11 0.511487
245	0.00245261	49.9958	0.00968165	7500	2e+11 0.511417
246	0.00246271	49.9984	0.00968214	7500	2e+11 0.51144
247	0.0024728	50	0.00968246	7500	2e+11 0.51144
248	0.0024829	50.0011	0.00968266	7500	2e+11 0.511452
249	0.002493	50.0017	0.00968279	7500	2e+11 0.511452
250	0.0025031	50.0022	0.00968288	7500	2e+11 0.511428
251	0.00251319	50.0024	0.00968292	7500	2e+11 0.51144
252	0.00252329	50.0025	0.00968294	7500	2e+11 0.51144
253	0.00253339	50.0026	0.00968296	7500	2e+11 0.511417
254	0.00254349	50.0026	0.00968296	7500	2e+11 0.511511
255	0.00255358	50.0026	0.00968296	7500	2e+11 0.511511
256	0.00256368	50.0026	0.00968296	7500	2e+11 0.511452
257	0.00257378	50.0026	0.00968296	7500	2e+11 0.511452
258	0.00258387	50.0026	0.00968296	7500	2e+11 0.51144
259	0.00259397	50.0026	0.00968296	7500	2e+11 0.51144
260	0.00260407	50.0026	0.00968296	7500	2e+11 0.511428
261	0.00261417	50.0026	0.00968296	7500	2e+11 0.511464
262	0.00262426	50.0026	0.00968296	7500	2e+11 0.511464
263	0.00263436	50.0026	0.00968296	7500	2e+11 0.511452
264	0.00264446	50.0026	0.00968296	7500	2e+11 0.511452
265	0.00265455	50.0026	0.00968296	7500	2e+11 0.511428
266	0.00266465	50.0026	0.00968296	7500	2e+11 0.51144
267	0.00267475	50.0026	0.00968296	7500	2e+11 0.511464
268	0.00268485	50.0026	0.00968296	7500	2e+11 0.511464
269	0.00269494	50.0026	0.00968296	7500	2e+11 0.511405
270	0.00270504	50.0026	0.00968296	7500	2e+11 0.51144
271	0.00271514	50.0026	0.00968296	7500	2e+11 0.511464
272	0.00272523	50.0026	0.00968296	7500	2e+11 0.511464
273	0.00273533	50.0026	0.00968296	7500	2e+11 0.511417
274	0.00274543	50.0026	0.00968296	7500	2e+11 0.51144
275	0.00275553	50.0026	0.00968296	7500	2e+11 0.51144
276	0.00276562	50.0026	0.00968296	7500	2e+11 0.511405
277	0.00277572	50.0026	0.00968296	7500	2e+11 0.511417
278	0.00278582	50.0026	0.00968296	7500	2e+11 0.51144
279	0.00279592	50.0026	0.00968296	7500	2e+11 0.51144
280	0.00280601	50.0026	0.00968296	7500	2e+11 0.51144
281	0.00281611	50.0026	0.00968296	7500	2e+11 0.511428
282	0.00282621	50.0026	0.00968296	7500	2e+11 0.51144
283	0.0028363	50.0026	0.00968295	7500	2e+11 0.51144
284	0.0028464	50.0025	0.00968295	7500	2e+11 0.511476
285	0.0028565	50.0025	0.00968295	7500	2e+11 0.511476
286	0.0028666	50.0025	0.00968295	7500	2e+11 0.511417
287	0.00287669	50.0025	0.00968295	7500	2e+11 0.511428
288	0.00288679	50.0025	0.00968294	7500	2e+11 0.51144
289	0.00289689	50.0025	0.00968294	7500	2e+11 0.51144
290	0.00290698	50.0025	0.00968294	7500	2e+11 0.51144
291	0.00291708	50.0025	0.00968294	7500	2e+11 0.51144
292	0.00292718	50.0025	0.00968294	7500	2e+11 0.51144
293	0.00293728	50.0025	0.00968294	7500	2e+11 0.51144
294	0.00294737	50.0025	0.00968295	7500	2e+11 0.511464
295	0.00295747	50.0025	0.00968295	7500	2e+11 0.511464
296	0.00296757	50.0025	0.00968294	7500	2e+11 0.511476
297	0.00297767	50.0025	0.00968294	7500	2e+11 0.511476
298	0.00298776	50.0025	0.00968294	7500	2e+11 0.511452
299	0.00299786	50.0025	0.00968294	7500	2e+11 0.511452
300	0.00300796	50.0024	0.00968293	7500	2e+11 0.511487
301	0.00301805	50.0024	0.00968292	7500	2e+11 0.511487
302	0.00302815	50.0022	0.00968288	7500	2e+11 0.511428
303	0.00303825	50.0014	0.00968274	7500	2e+11 0.51144
304	0.00304835	49.9997	0.0096824	7500	2e+11 0.51144
305	0.00305844	49.9953	0.00968155	7500	2e+11 0.511464
306	0.00306854	49.9847	0.0096795	7500	2e+11 0.511464
307	0.00307864	49.9525	0.00967325	7500	2e+11 0.511417
308	0.00308873	49.8562	0.00965462	7500	2e+11 0.511464
309	0.00309883	49.6049	0.00960595	7500	2e+11 0.511487
310	0.00310893	48.9128	0.00947193	7500	2e+11 0.511582
311	0.00311902	47.0593	0.009113	7500	2e+11 0.511771
312	0.00312911	44.1625	0.00855204	7500	2e+11 0.512137
313	0.00313919	40.4406	0.00783129	7500	2e+11 0.512456
314	0.00314927	36.1614	0.00700262	7500	2e+11 0.512895
315	0.00315934	31.61	0.00612125	7500	2e+11 0.513334
316	0.0031694	27.0458	0.00523739	7500	2e+11 0.513822
317	0.00317945	22.6815	0.00439225	7500	2e+11 0.514191
318	0.00318949	18.6697	0.00361538	7500	2e+11 0.514609
319	0.00319953	15.1039	0.00292485	7500	2e+11 0.514979
320	0.00320955	12.024	0.00232843	7500	2e+11 0.515278
321	0.00321958	9.42875	0.00182587	7500	2e+11 0.515494
322	0.00322959	7.28929	0.00141156	7500	2e+11 0.515697
323	0.00323961	5.56087	0.00107686	7500	2e+11 0.515865
324	0.00324962	4.18918	0.000811231	7500	2e+11 0.516009
325	0.00325963	3.11838	0.000603872	7500	2e+11 0.516093
326	0.00326963	2.29486	0.000444398	7500	2e+11 0.516238
327	0.00327963	1.67023	0.000323438	7500	2e+11 0.516238
328	0.00328964	1.20223	0.000232811	7500	2e+11 0.516226
329	0.00329964	0.855995	0.000165763	7500	2e+11 0.516394
330	0.00330964	0.603409	0.00011685	7500	2e+11 0.516394
331	0.00331964	0.421482	8.16196e-05	7500	2e+11 0.516382
332	0.00332964	0.2913	5.64101e-05	7500	2e+11 0.516322
333	0.00333965	0.199386	3.86109e-05	7500	2e+11 0.51643
334	0.00334964	0.135247	2.61905e-05	7500	2e+11 0.51643
335	0.00335965	0.0908496	1.75929e-05	7500	2e+11 0.516394
336	0.00336965	0.0604637	1.17087e-05	7500	2e+11 0.516394
337	0.00337965	0.0398788	7.7225e-06	7500	2e+11 0.516406
338	0.00338965	0.026064	5.04728e-06	7500	2e+11 0.51649
339	0.00339964	0.0168694	3.26674e-06	7500	2e+11 0.51649
340	0.00340965	0.0108238	2.09601e-06	7500	2e+11 0.516382
341	0.00341965	0.00688429	1.33314e-06	7500	2e+11 0.516382
342	0.00342965	0.00433663	8.39785e-07	7500	2e+11 0.516418
343	0.00343965	0.00270791	5.24385e-07	7500	2e+11 0.516418
344	0.00344965	0.00167653	3.2466e-07	7500	2e+11 0.516454
345	0.00345964	0.00102886	1.99239e-07	7500	2e+11 0.516454
346	0.00346965	0.000626299	1.21282e-07	7500	2e+11 0.516382
347	0.00347965	0.000377815	7.31636e-08	7500	2e+11 0.516382
348	0.00348965	0.000225854	4.37364e-08	7500	2e+11 0.516442
349	0.00349965	0.000133972	2.59436e-08	7500	2e+11 0.516442
350	0.00350965	7.88315e-05	1.52657e-08	7500	2e+11 0.516406
351	0.00351965	4.60315e-05	8.91397e-09	7500	2e+11 0.516454
352	0.00352965	2.66521e-05	5.16116e-09	7500	2e+11 0.516454
353	0.00353965	1.53088e-05	2.96453e-09	7500	2e+11 0.516406
354	0.00354965	8.71955e-06	1.68853e-09	7500	2e+11 0.516406
355	0.00355965	4.92596e-06	9.53908e-10	7500	2e+11 0.516394
356	0.00356965	2.76103e-06	5.34672e-10	7500	2e+11 0.51643
357	0.00357965	1.53424e-06	2.97104e-10	7500	2e+11 0.51643
358	0.00358965	8.45659e-07	1.63761e-10	7500	2e+11 0.516466
359	0.00359965	4.62899e-07	8.964e-11	7500	2e+11 0.516466
360	0.00360965	2.5161e-07	4.8724e-11	7500	2e+11 0.516406
361	0.00361965	1.35509e-07	2.62413e-11	7500	2e+11 0.516406
362	0.00362965	7.24349e-08	1.4027e-11	7500	2e+11 0.51643
363	0.00363965	3.84623e-08	7.4482e-12	7500	2e+11 0.51643
364	0.00364965	2.02508e-08	3.92155e-12	7500	2e+11 0.516418
365	0.00365965	1.0582e-08	2.0492e-12	7500	2e+11 0.51643
366	0.00366965	5.48471e-09	1.06211e-12	7500	2e+11 0.51643
367	0.00367965	2.82025e-09	5.46138e-13	7500	2e+11 0.516502
368	0.00368965	1.44024e-09	2.78901e-13	7500	2e+11 0.516502
369	0.00369965	7.30672e-10	1.41494e-13	7500	2e+11 0.516382
370	0.00370965	3.67757e-10	7.12159e-14	7500	2e+11 0.51643
371	0.00371965	1.83731e-10	3.55793e-14	7500	2e+11 0.51643
372	0.00372965	9.12385e-11	1.76683e-14	7500	2e+11 0.516406
373	0.00373965	4.4978e-11	8.70995e-15	7500	2e+11 0.51637
374	0.00374965	2.20068e-11	4.26159e-15	7500	2e+11 0.516442
375	0.00375965	1.06756e-11	2.06731e-15	7500	2e+11 0.516442
376	0.00376965	5.13937e-12	9.95235e-16	7500	2e+11 0.516442
377	0.00377965	2.45505e-12	4.75418e-16	7500	2e+11 0.516442
378	0.00378965	1.16401e-12	2.2541e-16	7500	2e+11 0.516394
379	0.00379965	5.48895e-13	1.06293e-16	7500	2e+11 0.516442
380	0.00380965	2.57339e-13	4.98334e-17	7500	2e+11 0.516442
381	0.00381965	1.19574e-13	2.31555e-17	7500	2e+11 0.516454
382	0.00382965	5.518e-14	1.06856e-17	7500	2e+11 0.516454
383	0.00383965	2.52527e-14	4.89016e-18	7500	2e+11 0.516394
384	0.00384965	1.14981e-14	2.2266e-18	7500	2e+11 0.516442
385	0.00385965	5.20002e-15	1.00698e-18	7500	2e+11 0.516442
386	0.00386965	2.33308e-15	4.51799e-19	7500	2e+11 0.516394
387	0.00387965	1.03917e-15	2.01235e-19	7500	2e+11 0.516394
388	0.00388965	4.59664e-16	8.90135e-20	7500	2e+11 0.516382
389	0.00389965	2.02081e-16	3.91328e-20	7500	2e+11 0.516947
390	0.00390964	8.81124e-17	1.70629e-20	7500	2e+11 0.517551
391	0.00391962	3.81763e-17	7.39281e-21	7500	2e+11 0.517551
392	0.00392961	1.64148e-17	3.17871e-21	7500	2e+11 0.516514
393	0.00393962	7.01116e-18	1.35771e-21	7500	2e+11 0.51649
394	0.00394961	2.98158e-18	5.77381e-22	7500	2e+11 0.51649
395	0.00395962	1.26221e-18	2.44425e-22	7500	2e+11 0.51637
396	0.00396962	5.27731e-19	1.02195e-22	7500	2e+11 0.51637
397	0.00397962	2.18682e-19	4.23475e-23	7500	2e+11 0.516466
398	0.00398962	9.04632e-20	1.75181e-23	7500	2e+11 0.516466
399	0.00399962	3.70066e-20	7.1663e-24	7500	2e+11 0.516466
400	0.00400962	1.50789e-20	2.92001e-24	7500	2e+11 0.51649
401	0.00401961	6.1006e-21	1.18138e-24	7500	2e+11 0.51649
402	0.00402961	2.4603e-21	4.76435e-25	7500	2e+11 0.51637
403	0.00403962	9.82279e-22	1.90218e-25	7500	2e+11 0.51649
404	0.00404961	3.88491e-22	7.5231e-26	7500	2e+11 0.51649
405	0.00405961	1.52289e-22	2.94907e-26	7500	2e+11 0.516442
406	0.00406962	5.94755e-23	1.15174e-26	7500	2e+11 0.516466
407	0.00407961	2.31418e-23	4.48138e-27	7500	2e+11 0.516466
408	0.00408961	8.91544e-24	1.72647e-27	7500	2e+11 0.516394
409	0.00409961	3.4004e-24	6.58485e-28	7500	2e+11 0.516394
410	0.00410962	1.29821e-24	2.51396e-28	7500	2e+11 0.516394
411	0.00411962	4.94141e-25	9.56901e-29	7500	2e+11 0.516394
412	0.00412962	1.87019e-25	3.62161e-29	7500	2e+11 0.516442
413	0.00413961	6.98445e-26	1.35253e-29	7500	2e+11 0.516442
414	0.00414962	2.57814e-26	4.99254e-30	7500	2e+11 0.516394
415	0.00415962	9.46348e-27	1.83259e-30	7500	2e+11 0.516394
416	0.00416962	3.45457e-27	6.68975e-31	7500	2e+11 0.516418
417	0.00417962	1.25879e-27	2.43763e-31	7500	2e+11 0.516514
418	0.00418961	4.57217e-28	8.85396e-32	7500	2e+11 0.516514
419	0.00419961	1.63536e-28	3.16686e-32	7500	2e+11 0.51637
420	0.00420962	5.78171e-29	1.11962e-32	7500	2e+11 0.516346
421	0.00421962	2.03267e-29	3.93625e-33	7500	2e+11 0.51649
422	0.00422961	7.12048e-30	1.37888e-33	7500	2e+11 0.51649
423	0.00423962	2.46788e-30	4.77902e-34	7500	2e+11 0.516394
424	0.00424962	8.54623e-31	1.65497e-34	7500	2e+11 0.516418
425	0.00425962	2.94313e-31	5.69935e-35	7500	2e+11 0.516418
426	0.00426962	1.0039e-31	1.94405e-35	7500	2e+11 0.516442
427	0.00427962	3.40391e-32	6.59165e-36	7500	2e+11 0.516442
428	0.00428962	1.14711e-32	2.22136e-36	7500	2e+11 0.516418
429	0.00429962	3.82819e-33	7.41326e-37	7500	2e+11 0.516394
430	0.00430962	1.28019e-33	2.47907e-37	7500	2e+11 0.516562
431	0.00431961	4.24051e-34	8.21172e-38	7500	2e+11 0.516562
432	0.00432961	1.38502e-34	2.68208e-38	7500	2e+11 0.51637
433	0.00433961	4.51168e-35	8.73683e-39	7500	2e+11 0.51637
434	0.00434962	1.46058e-35	2.8284e-39	7500	2e+11 0.516394
435	0.00435962	4.70035e-36	9.10219e-40	7500	2e+11 0.516394
436	0.00436962	1.50775e-36	2.91975e-40	7500	2e+11 0.516466
437	0.00437961	4.80742e-37	9.30953e-41	7500	2e+11 0.516466
438	0.00438961	1.52309e-37	2.94945e-41	7500	2e+11 0.51637
439	0.00439962	4.7839e-38	9.26398e-42	7500	2e+11 0.516514
440	0.00440961	1.48127e-38	2.86846e-42	7500	2e+11 0.516514
441	0.00441961	4.56609e-39	8.84219e-43	7500	2e+11 0.516394
442	0.00442961	1.3966e-39	2.70451e-43	7500	2e+11 0.516418
443	0.00443961	4.12468e-40	7.9874e-44	7500	2e+11 0.516418
444	0.00444962	1.08545e-40	2.10195e-44	7500	2e+11 0.516418
445	0.00445962	2.17089e-41	4.2039e-45	7500	2e+11 0.516418
446	0.00446962	0	0	7500	2e+11 0.516394
447	0.00447962	0	0	7500	2e+11 0.51649
448	0.00448962	0	0	7500	2e+11 0.51649
449	0.00449961	0	0	7500	2e+11 0.516418
450	0.00450962	0	0	7500	2e+11 0.516514
451	0.00451961	0	0	7500	2e+11 0.516514
452	0.00452961	0	0	7500	2e+11 0.516418
453	0.00453962	0	0	7500	2e+11 0.516466
454	0.00454961	0	0	7500	2e+11 0.516514
455	0.00455961	0	0	7500	2e+11 0.516514
456	0.00456962	0	0	7500	2e+11 0.516442
457	0.00457962	0	0	7500	2e+11 0.516442
458	0.00458962	0	0	7500	2e+11 0.516394
459	0.00459962	0	0	7500	2e+11 0.51649
460	0.00460961	0	0	7500	2e+11 0.51649
461	0.00461961	0	0	7500	2e+11 0.516442
462	0.00462962	0	0	7500	2e+11 0.516394
463	0.00463962	0	0	7500	2e+11 0.51649
464	0.00464961	0	0	7500	2e+11 0.51649
465	0.00465961	0	0	7500	2e+11 0.516442
466	0.00466961	0	0	7500	2e+11 0.516394
467	0.00467961	0	0	7500	2e+11 0.516466
468	0.00468961	0	0	7500	2e+11 0.516466
469	0.00469962	0	0	7500	2e+11 0.516466
470	0.00470961	0	0	7500	2e+11 0.516466
471	0.00471962	0	0	7500	2e+11 0.516346
472	0.00472962	0	0	7500	2e+11 0.51661
473	0.00473961	0	0	7500	2e+11 0.51661
474	0.00474961	0	0	7500	2e+11 0.516394
475	0.00475961	0	0	7500	2e+11 0.516346
476	0.00476961	0	0	7500	2e+11 0.516394
477	0.00477961	0	0	7500	2e+11 0.516538
478	0.00478961	0	0	7500	2e+11 0.516538
479	0.00479961	0	0	7500	2e+11 0.516346
480	0.00480961	0	0	7500	2e+11 0.516442
481	0.00481961	0	0	7500	2e+11 0.516442
482	0.00482961	0	0	7500	2e+11 0.516418
483	0.00483961	0	0	7500	2e+11 0.516442
484	0.00484961	0	0	7500	2e+11 0.516442
485	0.00485961	0	0	7500	2e+11 0.516442
486	0.00486961	0	0	7500	2e+11 0.516442
487	0.00487961	0	0	7500	2e+11 0.516466
488	0.00488961	0	0	7500	2e+11 0.516466
489	0.00489962	0	0	7500	2e+11 0.516442
490	0.00490962	0	0	7500	2e+11 0.51649
491	0.00491961	0	0	7500	2e+11 0.51649
492	0.00492961	0	0	7500	2e+11 0.516418
493	0.00493961	0	0	7500	2e+11 0.516418
494	0.00494961	0	0	7500	2e+11 0.516418
495	0.00495961	0	0	7500	2e+11 0.516538
496	0.00496961	0	0	7500	2e+11 0.516538
497	0.00497961	0	0	7500	2e+11 0.516442
498	0.00498961	0	0	7500	2e+11 0.516394
499	0.00499961	0	0	7500	2e+11 0.516418
500	0.00500961	0	0	7500	2e+11 0.516442
501	0.00501961	0	0	7500	2e+11 0.516442
502	0.00502961	0	0	7500	2e+11 0.516418
503	0.00503961	0	0	7500	2e+11 0.516418
504	0.00504961	0	0	7500	2e+11 0.516418
505	0.00505961	0	0	7500	2e+11 0.516418
506	0.00506961	0	0	7500	2e+11 0.516586
507	0.00507961	0	0	7500	2e+11 0.516586
508	0.00508961	0	0	7500	2e+11 0.51637
509	0.00509961	0	0	7500	2e+11 0.516394
510	0.00510961	0	0	7500	2e+11 0.516394
511	0.00511961	0	0	7500	2e+11 0.516442
512	0.00512961	0	0	7500	2e+11 0.516442
513	0.00513961	0	0	7500	2e+11 0.516466
514	0.00514961	0	0	7500	2e+11 0.516466
515	0.00515961	0	0	7500	2e+11 0.516514
516	0.00516961	0	0	7500	2e+11 0.516514
517	0.00517961	0	0	7500	2e+11 0.516418
518	0.00518961	0	0	7500	2e+11 0.516394
519	0.00519961	0	0	7500	2e+11 0.516442
520	0.00520961	0	0	7500	2e+11 0.51649
521	0.00521961	0	0	7500	2e+11 0.51649
522	0.00522961	0	0	7500	2e+11 0.516418
523	0.00523961	0	0	7500	2e+11 0.516418
524	0.00524961	0	0	7500	2e+11 0.51649
525	0.00525961	0	0	7500	2e+11 0.51649
526	0.00526961	0	0	7500	2e+11 0.516418
527	0.00527961	0	0	7500	2e+11 0.516562
528	0.00528961	0	0	7500	2e+11 0.516562
529	0.00529961	0	0	7500	2e+11 0.516466
530	0.00530961	0	0	7500	2e+11 0.516466
531	0.00531961	0	0	7500	2e+11 0.516442
532	0.00532961	0	0	7500	2e+11 0.516442
533	0.00533961	0	0	7500	2e+11 0.516394
534	0.00534961	0	0	7500	2e+11 0.516466
535	0.00535961	0	0	7500	2e+11 0.516466
536	0.00536961	0	0	7500	2e+11 0.516418
537	0.00537961	0	0	7500	2e+11 0.516466
538	0.00538961	0	0	7500	2e+11 0.516466
539	0.00539961	0	0	7500	2e+11 0.516466
540	0.00540961	0	0	7500	2e+11 0.516466
541	0.00541961	0	0	7500	2e+11 0.516394
542	0.00542961	0	0	7500	2e+11 0.51649
543	0.00543961	0	0	7500	2e+11 0.51649
544	0.00544961	0	0	7500	2e+11 0.51637
545	0.00545961	0	0	7500	2e+11 0.51649
546	0.00546961	0	0	7500	2e+11 0.51649
547	0.00547961	0	0	7500	2e+11 0.516418
548	0.00548961	0	0	7500	2e+11 0.516418
549	0.00549961	0	0	7500	2e+11 0.516538
550	0.00550961	0	0	7500	2e+11 0.516538
551	0.00551961	0	0	7500	2e+11 0.516394
552	0.00552961	0	0	7500	2e+11 0.516442
553	0.00553961	0	0	7500	2e+11 0.516442
554	0.00554961	0	0	7500	2e+11 0.51637
555	0.00555961	0	0	7500	2e+11 0.516418
556	0.00556961	0	0	7500	2e+11 0.516418
557	0.00557961	0	0	7500	2e+11 0.516466
558	0.00558961	0	0	7500	2e+11 0.516466
559	0.00559961	0	0	7500	2e+11 0.516514
560	0.0056096	0	0	7500	2e+11 0.516514
561	0.0056196	0	0	7500	2e+11 0.516418
562	0.00562961	0	0	7500	2e+11 0.516346
563	0.00563961	0	0	7500	2e+11 0.51649
564	0.00564961	0	0	7500	2e+11 0.51649
565	0.00565961	0	0	7500	2e+11 0.516466
566	0.0056696	0	0	7500	2e+11 0.516466
567	0.0056796	0	0	7500	2e+11 0.516442
568	0.00568961	0	0	7500	2e+11 0.516442
569	0.0056996	0	0	7500	2e+11 0.516466
570	0.0057096	0	0	7500	2e+11 0.516514
571	0.0057196	0	0	7500	2e+11 0.516514
572	0.0057296	0	0	7500	2e+11 0.51637
573	0.0057396	0	0	7500	2e+11 0.516514
574	0.0057496	0	0	7500	2e+11 0.516514
575	0.0057596	0	0	7500	2e+11 0.516418
576	0.0057696	0	0	7500	2e+11 0.516514
577	0.0057796	0	0	7500	2e+11 0.516514
578	0.0057896	0	0	7500	2e+11 0.516394
579	0.0057996	0	0	7500	2e+11 0.51649
580	0.0058096	0	0	7500	2e+11 0.51649
581	0.0058196	0	0	7500	2e+11 0.516394
582	0.0058296	0	0	7500	2e+11 0.516418
583	0.0058396	0	0	7500	2e+11 0.516418
584	0.0058496	0	0	7500	2e+11 0.516394
585	0.0058596	0	0	7500	2e+11 0.51637
586	0.0058696	0	0	7500	2e+11 0.516442
587	0.0058796	0	0	7500	2e+11 0.516538
588	0.0058896	0	0	7500	2e+11 0.516538
589	0.0058996	0	0	7500	2e+11 0.51649
590	0.0059096	0	0	7500	2e+11 0.51649
591	0.0059196	0	0	7500	2e+11 0.516418
592	0.0059296	0	0	7500	2e+11 0.516418
593	0.0059396	0	0	7500	2e+11 0.516466
594	0.0059496	0	0	7500	2e+11 0.51649
595	0.0059596	0	0	7500	2e+11 0.51649
596	0.0059696	0	0	7500	2e+11 0.516394
597	0.0059796	0	0	7500	2e+11 0.51649
598	0.0059896	0	0	7500	2e+11 0.51649
599	0.0059996	0	0	7500	2e+11 0.516394
600	0.0060096	0	0	7500	2e+11 0.51649
601	0.00601959	0	0	7500	2e+11 0.51649
602	0.00602959	0	0	7500	2e+11 0.51649
603	0.00603959	0	0	7500	2e+11 0.51649
604	0.00604959	0	0	7500	2e+11 0.516442
605	0.00605959	0	0	7500	2e+11 0.516466
606	0.00606959	0	0	7500	2e+11 0.516466
607	0.00607959	0	0	7500	2e+11 0.51649
608	0.00608959	0	0	7500	2e+11 0.51649
609	0.00609959	0	0	7500	2e+11 0.51649
610	0.00610959	0	0	7500	2e+11 0.51649
611	0.00611959	0	0	7500	2e+11 0.516418
612	0.00612959	0	0	7500	2e+11 0.516418
613	0.00613959	0	0	7500	2e+11 0.51649
614	0.00614959	0	0	7500	2e+11 0.51649
615	0.00615959	0	0	7500	2e+11 0.516466
616	0.00616959	0	0	7500	2e+11 0.516466
617	0.00617959	0	0	7500	2e+11 0.516418
618	0.00618958	0	0	7500	2e+11 0.516538
619	0.00619958	0	0	7500	2e+11 0.516538
620	0.00620958	0	0	7500	2e+11 0.516442
621	0.00621958	0	0	7500	2e+11 0.516442
622	0.00622958	0	0	7500	2e+11 0.516514
623	0.00623958	0	0	7500	2e+11 0.516514
624	0.00624958	0	0	7500	2e+11 0.516442
625	0.00625958	0	0	7500	2e+11 0.516442
626	0.00626958	0	0	7500	2e+11 0.51649
627	0.00627958	0	0	7500	2e+11 0.51649
628	0.00628958	0	0	7500	2e+11 0.516418
629	0.00629958	0	0	7500	2e+11 0.516466
630	0.00630957	0	0	7500	2e+11 0.516514
631	0.00631957	0	0	7500	2e+11 0.516514
632	0.00632957	0	0	7500	2e+11 0.51661
633	0.00633957	0	0	7500	2e+11 0.51661
634	0.00634957	0	0	7500	2e+11 0.516514
635	0.00635957	0	0	7500	2e+11 0.516514
636	0.00636957	0	0	7500	2e+11 0.516514
637	0.00637956	0	0	7500	2e+11 0.516538
638	0.00638956	0	0	7500	2e+11 0.516538
639	0.00639956	0	0	7500	2e+11 0.516586
640	0.00640956	0	0	7500	2e+11 0.516586
641	0.00641956	0	0	7500	2e+11 0.516562
642	0.00642955	0	0	7500	2e+11 0.516731
643	0.00643955	0	0	7500	2e+11 0.516731
644	0.00644955	0	0	7500	2e+11 0.516707
645	0.00645954	0	0	7500	2e+11 0.516707
646	0.00646954	0	0	7500	2e+11 0.516731
647	0.00647953	0	0	7500	2e+11 0.516731
648	0.00648952	0	0	7500	2e+11 0.516851
649	0.00649952	0	0	7500	2e+11 0.517164
650	0.0065095	0	0	7500	2e+11 0.517164
651	0.00651956	0	0	7500	2e+11 0.51702
652	0.00652955	0	0	7500	2e+11 0.51702
653	0.00653954	0	0	7500	2e+11 0.516779
654	0.00654954	0	0	7500	2e+11 0.516658
655	0.00655953	0	0	7500	2e+11 0.516634
656	0.00656953	0	0	7500	2e+11 0.516634
657	0.00657953	0	0	7500	2e+11 0.516538
658	0.00658952	0	0	7500	2e+11 0.516658
659	0.00659952	0	0	7500	2e+11 0.516658
660	0.00660952	0	0	7500	2e+11 0.516538
661	0.00661952	0	0	7500	2e+11 0.516538
662	0.00662951	0	0	7500	2e+11 0.516514
663	0.00663951	0	0	7500	2e+11 0.516514
664	0.00664951	0	0	7500	2e+11 0.51637
665	0.00665951	0	0	7500	2e+11 0.51637
666	0.00666951	0	0	7500	2e+11 0.516394
667	0.00667951	0	0	7500	2e+11 0.516562
668	0.00668951	0	0	7500	2e+11 0.516562
669	0.00669951	0	0	7500	2e+11 0.516418
670	0.00670951	0	0	7500	2e+11 0.51649
671	0.00671951	0	0	7500	2e+11 0.51649
672	0.00672951	0	0	7500	2e+11 0.51637
673	0.00673951	0	0	7500	2e+11 0.516538
674	0.00674951	0	0	7500	2e+11 0.516538
675	0.00675951	0	0	7500	2e+11 0.51637
676	0.00676951	0	0	7500	2e+11 0.51637
677	0.00677951	0	0	7500	2e+11 0.516442
678	0.00678951	0	0	7500	2e+11 0.516442
679	0.00679951	0	0	7500	2e+11 0.516442
680	0.00680951	0	0	7500	2e+11 0.516442
681	0.00681951	0	0	7500	2e+11 0.516394
682	0.00682951	0	0	7500	2e+11 0.516394
683	0.00683951	0	0	7500	2e+11 0.51637
684	0.00684952	0	0	7500	2e+11 0.516346
685	0.00685952	0	0	7500	2e+11 0.516346
686	0.00686952	0	0	7500	2e+11 0.51637
687	0.00687952	0	0	7500	2e+11 0.516442
688	0.00688952	0	0	7500	2e+11 0.516442
689	0.00689952	0	0	7500	2e+11 0.516418
690	0.00690952	0	0	7500	2e+11 0.516418
691	0.00691952	0	0	7500	2e+11 0.516442
692	0.00692952	0	0	7500	2e+11 0.516442
693	0.00693952	0	0	7500	2e+11 0.516466
694	0.00694952	0	0	7500	2e+11 0.516466
695	0.00695952	0	0	7500	2e+11 0.516466
696	0.00696952	0	0	7500	2e+11 0.516394
697	0.00697952	0	0	7500	2e+11 0.516418
698	0.00698952	0	0	7500	2e+11 0.516418
699	0.00699952	0	0	7500	2e+11 0.51649
700	0.00700952	0	0	7500	2e+11 0.51649
701	0.00701952	0	0	7500	2e+11 0.51637
702	0.00702952	0	0	7500	2e+11 0.51637
703	0.00703952	0	0	7500	2e+11 0.516466
704	0.00704952	0	0	7500	2e+11 0.516466
705	0.00705952	0	0	7500	2e+11 0.516442
706	0.00706952	0	0	7500	2e+11 0.516442
707	0.00707952	0	0	7500	2e+11 0.516442
708	0.00708952	0	0	7500	2e+11 0.516418
709	0.00709952	0	0	7500	2e+11 0.516538
710	0.00710952	0	0	7500	2e+11 0.516538
711	0.00711952	0	0	7500	2e+11 0.516442
712	0.00712952	0	0	7500	2e+11 0.516442
713	0.00713952	0	0	7500	2e+11 0.516442
714	0.00714952	0	0	7500	2e+11 0.516442
715	0.00715952	0	0	7500	2e+11 0.516394
716	0.00716952	0	0	7500	2e+11 0.516562
717	0.00717951	0	0	7500	2e+11 0.516562
718	0.00718951	0	0	7500	2e+11 0.516418
719	0.00719952	-1.28625e-37	-2.49081e-41	7500	2e+11 0.51649
720	0.00720951	-3.43455e-37	-6.65098e-41	7500	2e+11 0.51649
721	0.00721952	-5.55131e-37	-1.07501e-40	7500	2e+11 0.51649
722	0.00722951	-7.23692e-37	-1.40142e-40	7500	2e+11 0.51649
723	0.00723951	-7.2349e-37	-1.40103e-40	7500	2e+11 0.516442
724	0.00724951	-2.89476e-36	-5.60567e-40	7500	2e+11 0.516442
725	0.00725951	-7.12026e-36	-1.37883e-39	7500	2e+11 0.516442
726	0.00726951	-2.09305e-35	-4.05317e-39	7500	2e+11 0.516442
727	0.00727951	-6.04248e-35	-1.17012e-38	7500	2e+11 0.516442
728	0.00728951	-2.12001e-34	-4.10539e-38	7500	2e+11 0.516442
729	0.00729951	-4.87931e-34	-9.44875e-38	7500	2e+11 0.516418
730	0.00730951	-1.45933e-33	-2.82598e-37	7500	2e+11 0.516418
731	0.00731951	-4.89789e-33	-9.48472e-37	7500	2e+11 0.516514
732	0.00732951	-1.0711e-32	-2.07417e-36	7500	2e+11 0.516514
733	0.00733951	-3.59063e-32	-6.95323e-36	7500	2e+11 0.516322
734	0.00734952	-8.93353e-32	-1.72997e-35	7500	2e+11 0.51637
735	0.00735952	-2.62797e-31	-5.08904e-35	7500	2e+11 0.516418
736	0.00736952	-6.41596e-31	-1.24244e-34	7500	2e+11 0.51649
737	0.00737951	-1.70276e-30	-3.29739e-34	7500	2e+11 0.51649
738	0.00738952	-3.43821e-30	-6.65807e-34	7500	2e+11 0.516322
739	0.00739952	-1.14231e-29	-2.21207e-33	7500	2e+11 0.51637
740	0.00740952	-3.06241e-29	-5.93033e-33	7500	2e+11 0.51637
741	0.00741952	-6.23806e-29	-1.20799e-32	7500	2e+11 0.516346
742	0.00742952	-1.90594e-28	-3.69083e-32	7500	2e+11 0.516346
743	0.00743952	-5.59799e-28	-1.08405e-31	7500	2e+11 0.516274
744	0.00744953	-1.36965e-27	-2.65231e-31	7500	2e+11 0.516274
745	0.00745953	-4.6206e-27	-8.94775e-31	7500	2e+11 0.516226
746	0.00746953	-1.58849e-26	-3.0761e-30	7500	2e+11 0.516226
747	0.00747954	-4.20201e-26	-8.13717e-30	7500	2e+11 0.516105
748	0.00748955	-1.21587e-25	-2.35452e-29	7500	2e+11 0.516129
749	0.00749955	-3.53359e-25	-6.84277e-29	7500	2e+11 0.516129
750	0.00750956	-9.05093e-25	-1.7527e-28	7500	2e+11 0.519466
751	0.0075195	-1.93881e-24	-3.75448e-28	7500	2e+11 0.519466
752	0.00752952	-6.87099e-24	-1.33056e-27	7500	2e+11 0.515841
753	0.00753953	-1.65528e-23	-3.20544e-27	7500	2e+11 0.516274
754	0.00754953	-4.46543e-23	-8.64727e-27	7500	2e+11 0.516274
755	0.00755954	-1.38798e-22	-2.68781e-26	7500	2e+11 0.516033
756	0.00756954	-3.19449e-22	-6.1861e-26	7500	2e+11 0.516346
757	0.00757955	-7.71702e-22	-1.4944e-25	7500	2e+11 0.516346
758	0.00758955	-2.46566e-21	-4.77474e-25	7500	2e+11 0.516177
759	0.00759955	-7.0211e-21	-1.35963e-24	7500	2e+11 0.516177
760	0.00760956	-1.934e-20	-3.74518e-24	7500	2e+11 0.516298
761	0.00761956	-5.5421e-20	-1.07322e-23	7500	2e+11 0.516298
762	0.00762957	-1.79991e-19	-3.4855e-23	7500	2e+11 0.516442
763	0.00763956	-4.86174e-19	-9.41472e-23	7500	2e+11 0.516442
764	0.00764957	-1.46776e-18	-2.8423e-22	7500	2e+11 0.516538
765	0.00765957	-3.92214e-18	-7.5952e-22	7500	2e+11 0.516538
766	0.00766957	-9.90129e-18	-1.91738e-21	7500	2e+11 0.516346
767	0.00767957	-3.61093e-17	-6.99254e-21	7500	2e+11 0.516346
768	0.00768957	-8.01356e-17	-1.55182e-20	7500	2e+11 0.516346
769	0.00769957	-2.68035e-16	-5.19047e-20	7500	2e+11 0.516346
770	0.00770958	-7.84411e-16	-1.51901e-19	7500	2e+11 0.516442
771	0.00771958	-2.02686e-15	-3.92499e-19	7500	2e+11 0.516442
772	0.00772958	-5.96754e-15	-1.15561e-18	7500	2e+11 0.516346
773	0.00773958	-1.53386e-14	-2.97031e-18	7500	2e+11 0.516346
774	0.00774958	-4.17006e-14	-8.07528e-18	7500	2e+11 0.516394
775	0.00775958	-1.03115e-13	-1.99682e-17	7500	2e+11 0.516394
776	0.00776958	-2.99661e-13	-5.80291e-17	7500	2e+11 0.51637
777	0.00777958	-7.67627e-13	-1.4865e-16	7500	2e+11 0.51637
778	0.00778959	-1.82085e-12	-3.52607e-16	7500	2e+11 0.51649
779	0.00779958	-5.35676e-12	-1.03733e-15	7500	2e+11 0.51649
780	0.00780959	-1.22936e-11	-2.38064e-15	7500	2e+11 0.516201
781	0.00781965	-3.13593e-11	-6.07271e-15	7500	2e+11 0.51541
782	0.00782966	-9.82555e-11	-1.90271e-14	7500	2e+11 0.51637
783	0.00783966	-2.92453e-10	-5.66332e-14	7500	2e+11 0.51637
784	0.00784967	-6.42485e-10	-1.24417e-13	7500	2e+11 0.516466
785	0.00785966	-1.6497e-09	-3.19463e-13	7500	2e+11 0.516466
786	0.00786967	-4.52274e-09	-8.75824e-13	7500	2e+11 0.516514
787	0.00787966	-1.33961e-08	-2.59414e-12	7500	2e+11 0.516514
788	0.00788967	-4.78979e-08	-9.2754e-12	7500	2e+11 0.516466
789	0.00789967	-1.34037e-07	-2.59562e-11	7500	2e+11 0.516466
790	0.00790967	-3.0539e-07	-5.91386e-11	7500	2e+11 0.51661
791	0.00791967	-8.59576e-07	-1.66456e-10	7500	2e+11 0.51661
792	0.00792967	-2.51126e-06	-4.86304e-10	7500	2e+11 0.516466
793	0.00793967	-7.43175e-06	-1.43915e-09	7500	2e+11 0.516466
794	0.00794967	-2.29804e-05	-4.45013e-09	7500	2e+11 0.51661
795	0.00795967	-4.95637e-05	-9.59797e-09	7500	2e+11 0.51661
796	0.00796967	-0.00014784	-2.86292e-08	7500	2e+11 0.516322
797	0.00797968	-0.000447855	-8.67268e-08	7500	2e+11 0.516514
798	0.00798967	-0.00115233	-2.23147e-07	7500	2e+11 0.516514
799	0.00799967	-0.00334463	-6.47685e-07	7500	2e+11 0.516514
800	0.00800967	-0.00769184	-1.48952e-06	7500	2e+11 0.516466
801	0.00801967	-0.0252662	-4.89277e-06	7500	2e+11 0.516514
802	0.00802967	-0.0683092	-1.3228e-05	7500	2e+11 0.516514
803	0.00803967	-0.142995	-2.76908e-05	7500	2e+11 0.516274
804	0.00804968	-0.479046	-9.27669e-05	7500	2e+11 0.516466
805	0.00805968	-1.27523	-0.000246948	7500	2e+11 0.51661
806	0.00806967	-3.26968	-0.000633172	7500	2e+11 0.517044
807	0.00807966	-6.33894	-0.00122753	7500	2e+11 0.517044
808	0.00808965	-10.2123	-0.0019776	7500	2e+11 0.517478
809	0.00809963	-14.6126	-0.00282972	7500	2e+11 0.517768
810	0.0081096	-19.22	-0.00372193	7500	2e+11 0.518446
811	0.00811956	-23.7939	-0.00460766	7500	2e+11 0.518931
812	0.00812951	-28.1345	-0.00544822	7500	2e+11 0.519223
813	0.00813946	-32.079	-0.00621207	7500	2e+11 0.519563
814	0.0081494	-35.5784	-0.00688972	7500	2e+11 0.520002
815	0.00815933	-38.5861	-0.00747216	7500	2e+11 0.520099
816	0.00816926	-41.0881	-0.00795668	7500	2e+11 0.520881
817	0.00817917	-43.1476	-0.00835549	7500	2e+11 0.520881
818	0.00818909	-44.8085	-0.00867713	7500	2e+11 0.520783
819	0.008199	-46.1167	-0.00893047	7500	2e+11 0.521028
820	0.00820891	-47.1226	-0.00912525	7500	2e+11 0.521224
821	0.00821882	-47.8933	-0.00927451	7500	2e+11 0.52142
822	0.00822873	-48.4714	-0.00938645	7500	2e+11 0.52142
823	0.00823864	-48.9001	-0.00946947	7500	2e+11 0.521518
824	0.00824854	-49.2203	-0.00953148	7500	2e+11 0.521518
825	0.00825845	-49.4543	-0.00957679	7500	2e+11 0.521322
826	0.00826836	-49.6194	-0.00960875	7500	2e+11 0.521469
827	0.00827826	-49.738	-0.00963171	7500	2e+11 0.521469
828	0.00828816	-49.8212	-0.00964783	7500	2e+11 0.521322
829	0.00829807	-49.8788	-0.00965899	7500	2e+11 0.521567
830	0.00830797	-49.9183	-0.00966663	7500	2e+11 0.521567
831	0.00831788	-49.945	-0.0096718	7500	2e+11 0.521469
832	0.00832778	-49.9632	-0.00967533	7500	2e+11 0.521469
833	0.00833769	-49.975	-0.00967763	7500	2e+11 0.521371
834	0.00834759	-49.983	-0.00967916	7500	2e+11 0.521714
835	0.00835749	-49.9882	-0.00968018	7500	2e+11 0.521763
836	0.00836739	-49.9916	-0.00968084	7500	2e+11 0.521763
837	0.0083773	-49.9938	-0.00968126	7500	2e+11 0.521665
838	0.00838719	-49.9952	-0.00968153	7500	2e+11 0.521665
839	0.00839711	-49.9961	-0.0096817	7500	2e+11 0.521322
840	0.00840701	-49.9966	-0.0096818	7500	2e+11 0.521567
841	0.00841691	-49.9969	-0.00968186	7500	2e+11 0.521567
842	0.00842682	-49.9971	-0.00968189	7500	2e+11 0.521567
843	0.00843672	-49.9972	-0.00968192	7500	2e+11 0.521567
844	0.00844662	-49.9973	-0.00968193	7500	2e+11 0.52142
845	0.00845653	-49.9973	-0.00968194	7500	2e+11 0.521469
846	0.00846643	-49.9974	-0.00968195	7500	2e+11 0.521469
847	0.00847633	-49.9974	-0.00968195	7500	2e+11 0.52142
848	0.00848624	-49.9974	-0.00968195	7500	2e+11 0.52142
849	0.00849614	-49.9974	-0.00968195	7500	2e+11 0.521469
850	0.00850604	-49.9974	-0.00968195	7500	2e+11 0.521469
851	0.00851595	-49.9974	-0.00968195	7500	2e+11 0.521518
852	0.00852585	-49.9974	-0.00968195	7500	2e+11 0.521518
853	0.00853576	-49.9974	-0.00968195	7500	2e+11 0.521567
854	0.00854566	-49.9974	-0.00968195	7500	2e+11 0.521567
855	0.00855556	-49.9974	-0.00968195	7500	2e+11 0.521518
856	0.00856546	-49.9974	-0.00968195	7500	2e+11 0.521518
857	0.00857537	-49.9974	-0.00968195	7500	2e+11 0.521371
858	0.00858528	-49.9974	-0.00968195	7500	2e+11 0.52142
859	0.00859518	-49.9974	-0.00968195	7500	2e+11 0.521469
860	0.00860508	-49.9974	-0.00968195	7500	2e+11 0.521518
861	0.00861498	-49.9974	-0.00968195	7500	2e+11 0.521518
862	0.00862489	-49.9974	-0.00968195	7500	2e+11 0.521469
863	0.00863479	-49.9974	-0.00968195	7500	2e+11 0.52142
864	0.0086447	-49.9974	-0.00968195	7500	2e+11 0.52142
865	0.0086546	-49.9974	-0.00968195	7500	2e+11 0.52142
866	0.0086645	-49.9974	-0.00968195	7500	2e+11 0.521518
867	0.00867441	-49.9974	-0.00968195	7500	2e+11 0.521518
868	0.00868431	-49.9974	-0.00968195	7500	2e+11 0.521518
869	0.00869421	-49.9974	-0.00968195	7500	2e+11 0.521469
870	0.00870411	-49.9974	-0.00968195	7500	2e+11 0.521469
871	0.00871402	-49.9974	-0.00968195	7500	2e+11 0.521469
872	0.00872393	-49.9974	-0.00968195	7500	2e+11 0.521567
873	0.00873383	-49.9974	-0.00968195	7500	2e+11 0.521616
874	0.00874373	-49.9974	-0.00968195	7500	2e+11 0.521616
875	0.00875363	-49.9974	-0.00968195	7500	2e+11 0.521469
876	0.00876353	-49.9974	-0.00968195	7500	2e+11 0.521469
877	0.00877344	-49.9974	-0.00968195	7500	2e+11 0.521616
878	0.00878334	-49.9974	-0.00968195	7500	2e+11 0.521616
879	0.00879325	-49.9974	-0.00968195	7500	2e+11 0.521371
880	0.00880315	-49.9974	-0.00968195	7500	2e+11 0.521371
881	0.00881306	-49.9974	-0.00968195	7500	2e+11 0.521371
882	0.00882296	-49.9974	-0.00968195	7500	2e+11 0.521861
883	0.00883286	-49.9974	-0.00968195	7500	2e+11 0.521861
884	0.00884276	-49.9974	-0.00968195	7500	2e+11 0.521469
885	0.00885267	-49.9974	-0.00968195	7500	2e+11 0.521469
886	0.00886257	-49.9974	-0.00968195	7500	2e+11 0.521469
887	0.00887248	-49.9974	-0.00968195	7500	2e+11 0.521322
888	0.00888238	-49.9973	-0.00968195	7500	2e+11 0.521616
889	0.00889228	-49.9974	-0.00968195	7500	2e+11 0.521616
890	0.00890219	-49.9974	-0.00968195	7500	2e+11 0.521469
891	0.00891209	-49.9973	-0.00968195	7500	2e+11 0.521371
892	0.00892199	-49.9973	-0.00968194	7500	2e+11 0.521469
893	0.0089319	-49.9973	-0.00968194	7500	2e+11 0.521665
894	0.0089418	-49.9973	-0.00968193	7500	2e+11 0.521665
895	0.0089517	-49.997	-0.00968188	7500	2e+11 0.521469
896	0.0089616	-49.9965	-0.00968179	7500	2e+11 0.521469
897	0.00897152	-49.9955	-0.00968158	7500	2e+11 0.521273
898	0.00898142	-49.9925	-0.00968101	7500	2e+11 0.521469
899	0.00899133	-49.9859	-0.00967973	7500	2e+11 0.521469
900	0.00900123	-49.9598	-0.00967468	7500	2e+11 0.521616
901	0.00901113	-49.8989	-0.00966289	7500	2e+11 0.521616
902	0.00902103	-49.7245	-0.0096291	7500	2e+11 0.521616
903	0.00903093	-49.097	-0.00950759	7500	2e+11 0.521469
904	0.00904084	-47.8585	-0.00926775	7500	2e+11 0.521322
905	0.00905075	-46.0581	-0.00891911	7500	2e+11 0.521322
906	0.00906066	-43.795	-0.00848087	7500	2e+11 0.52093
907	0.00907058	-41.1167	-0.00796222	7500	2e+11 0.520588
908	0.0090805	-38.132	-0.00738423	7500	2e+11 0.520294
909	0.00909043	-34.9482	-0.00676768	7500	2e+11 0.520197
910	0.00910036	-31.6534	-0.00612966	7500	2e+11 0.519807
911	0.0091103	-28.3176	-0.00548367	7500	2e+11 0.519515
912	0.00912025	-25.0343	-0.00484787	7500	2e+11 0.519028
913	0.00913021	-21.8671	-0.00423455	7500	2e+11 0.518737
914	0.00914017	-18.8611	-0.00365244	7500	2e+11 0.518591
915	0.00915013	-16.066	-0.00311116	7500	2e+11 0.518107
916	0.0091601	-13.5195	-0.00261804	7500	2e+11 0.518058
917	0.00917008	-11.2409	-0.0021768	7500	2e+11 0.517623
918	0.00918006	-9.24225	-0.00178975	7500	2e+11 0.517382
919	0.00919004	-7.51217	-0.00145473	7500	2e+11 0.517382
920	0.00920003	-6.02023	-0.00116581	7500	2e+11 0.517189
921	0.00921001	-4.7657	-0.000922874	7500	2e+11 0.516996
922	0.00922001	-3.72449	-0.000721245	7500	2e+11 0.516899
923	0.00923	-2.87669	-0.000557069	7500	2e+11 0.516899
924	0.00923999	-2.19584	-0.000425223	7500	2e+11 0.516658
925	0.00924999	-1.65451	-0.000320394	7500	2e+11 0.516658
926	0.00925999	-1.23329	-0.000238826	7500	2e+11 0.51661
927	0.00926998	-0.90852	-0.000175934	7500	2e+11 0.51661
928	0.00927999	-0.662512	-0.000128295	7500	2e+11 0.516562
929	0.00928998	-0.47638	-9.22505e-05	7500	2e+11 0.516562
930	0.00929999	-0.337925	-6.54389e-05	7500	2e+11 0.516466
931	0.00930998	-0.237293	-4.59515e-05	7500	2e+11 0.516466
932	0.00931998	-0.165093	-3.19701e-05	7500	2e+11 0.516418
933	0.00932998	-0.113923	-2.20611e-05	7500	2e+11 0.516514
934	0.00933998	-0.0778865	-1.50827e-05	7500	2e+11 0.516514
935	0.00934999	-0.0526998	-1.02053e-05	7500	2e+11 0.516466
936	0.00935999	-0.0352289	-6.82204e-06	7500	2e+11 0.516466
937	0.00936999	-0.0232448	-4.50133e-06	7500	2e+11 0.516514
938	0.00937998	-0.0151774	-2.93909e-06	7500	2e+11 0.516514
939	0.00938999	-0.00980955	-1.89961e-06	7500	2e+11 0.516322
940	0.00939999	-0.0062806	-1.21623e-06	7500	2e+11 0.516418
941	0.00940999	-0.00401491	-7.77485e-07	7500	2e+11 0.516514
942	0.00941999	-0.00253374	-4.90656e-07	7500	2e+11 0.516514
943	0.00942999	-0.00158654	-3.07232e-07	7500	2e+11 0.516562
944	0.00943998	-0.000983848	-1.90521e-07	7500	2e+11 0.516562
945	0.00944998	-0.000606721	-1.17491e-07	7500	2e+11 0.51637
946	0.00945999	-0.000373478	-7.23237e-08	7500	2e+11 0.516274
947	0.00946999	-0.000227394	-4.40347e-08	7500	2e+11 0.516466
948	0.00947999	-0.000136399	-2.64136e-08	7500	2e+11 0.516466
949	0.00948999	-8.08985e-05	-1.56659e-08	7500	2e+11 0.516466
950	0.00949999	-4.73995e-05	-9.17888e-09	7500	2e+11 0.516322
951	0.00950999	-2.72998e-05	-5.28659e-09	7500	2e+11 0.51661
952	0.00951999	-1.54345e-05	-2.98889e-09	7500	2e+11 0.51661
953	0.00952999	-8.4629e-06	-1.63883e-09	7500	2e+11 0.51637
954	0.00954	-4.51646e-06	-8.74608e-10	7500	2e+11 0.516755
955	0.00954999	-2.35021e-06	-4.55117e-10	7500	2e+11 0.516755
956	0.00955999	-1.1903e-06	-2.30501e-10	7500	2e+11 0.51661
957	0.00956999	-5.83101e-07	-1.12917e-10	7500	2e+11 0.51661
958	0.00957999	-2.76391e-07	-5.35229e-11	7500	2e+11 0.51637
959	0.00959	-1.26582e-07	-2.45124e-11	7500	2e+11 0.516562
960	0.00959999	-5.58779e-08	-1.08207e-11	7500	2e+11 0.516562
961	0.00960999	-2.38788e-08	-4.62411e-12	7500	2e+11 0.516322
962	0.00962	-9.77195e-09	-1.89233e-12	7500	2e+11 0.51661
963	0.00962999	-3.81831e-09	-7.39413e-13	7500	2e+11 0.51661
964	0.00963999	-1.46895e-09	-2.8446e-13	7500	2e+11 0.516514
965	0.00964999	-5.54157e-10	-1.07312e-13	7500	2e+11 0.516514
966	0.00966	-1.95707e-10	-3.78986e-14	7500	2e+11 0.516514
967	0.00967	-6.54376e-11	-1.26719e-14	7500	2e+11 0.516514
968	0.00968	-2.19433e-11	-4.2493e-15	7500	2e+11 0.516755
969	0.00968999	-7.03788e-12	-1.36288e-15	7500	2e+11 0.516755
970	0.0097	-2.17803e-12	-4.21775e-16	7500	2e+11 0.51637
971	0.00971	-6.38985e-13	-1.23739e-16	7500	2e+11 0.51661
972	0.00971999	-1.86964e-13	-3.62055e-17	7500	2e+11 0.51661
973	0.00972999	-5.26196e-14	-1.01898e-17	7500	2e+11 0.516466
974	0.00974	-1.44728e-14	-2.80264e-18	7500	2e+11 0.516755
975	0.00974999	-3.79363e-15	-7.34634e-19	7500	2e+11 0.516755
976	0.00976	-9.68907e-16	-1.87628e-19	7500	2e+11 0.516562
977	0.00976999	-2.35804e-16	-4.56633e-20	7500	2e+11 0.516562
978	0.00978	-5.5831e-17	-1.08116e-20	7500	2e+11 0.516226
979	0.00979	-1.33248e-17	-2.58034e-21	7500	2e+11 0.516466
980	0.0098	-2.8871e-18	-5.59084e-22	7500	2e+11 0.516466
981	0.00981	-5.99617e-19	-1.16115e-22	7500	2e+11 0.516418
982	0.00982	-1.17118e-19	-2.26799e-23	7500	2e+11 0.51637
983	0.00983	-2.41757e-20	-4.68161e-24	7500	2e+11 0.516562
984	0.00984	-4.66958e-21	-9.0426e-25	7500	2e+11 0.516562
985	0.00985	-8.58605e-22	-1.66268e-25	7500	2e+11 0.516274
986	0.00986001	-1.60907e-22	-3.11596e-26	7500	2e+11 0.516947
987	0.00987	-3.06467e-23	-5.9347e-27	7500	2e+11 0.516947
988	0.00987999	-5.75944e-24	-1.11531e-27	7500	2e+11 0.516803
989	0.00988999	-1.00858e-24	-1.9531e-28	7500	2e+11 0.516803
990	0.0099	-1.7943e-25	-3.47465e-29	7500	2e+11 0.516418
991	0.00991	-2.94779e-26	-5.70837e-30	7500	2e+11 0.516418
992	0.00992	-4.91949e-27	-9.52655e-31	7500	2e+11 0.51661
993	0.00993	-7.78639e-28	-1.50783e-31	7500	2e+11 0.516658
994	0.00993999	-1.33561e-28	-2.58641e-32	7500	2e+11 0.516658
995	0.00995	-2.30494e-29	-4.4635e-33	7500	2e+11 0.516322
996	0.00996	-3.861e-30	-7.4768e-34	7500	2e+11 0.51661
997	0.00996999	-6.09081e-31	-1.17948e-34	7500	2e+11 0.51661
998	0.00998	-9.40878e-32	-1.82201e-35	7500	2e+11 0.516514
999	0.00999	-1.58425e-32	-3.06861e-36	7500	2e+11 0.516514
1000	0.01	0	-3.99743e-39	7500	2e+11 0.516322
