0	0	0	0	7500	2e+11 0.516398
1	1e-05	0	0	7500	2e+11 0.516398
2	2e-05	0	0	7500	2e+11 0.516398
3	3e-05	0	0	7500	2e+11 0.516398
4	4e-05	0	0	7500	2e+11 0.516398
5	5e-05	0	0	7500	2e+11 0.516398
6	6e-05	0	0	7500	2e+11 0.516398
7	7e-05	0	0	7500	2e+11 0.516398
8	8e-05	0	0	7500	2e+11 0.516398
9	9e-05	0	0	7500	2e+11 0.516398
10	0.0001	0	0	7500	2e+11 0.516398
11	0.00011	0	0	7500	2e+11 0.516398
12	0.00012	0	0	7500	2e+11 0.516398
13	0.00013	0	0	7500	2e+11 0.516398
14	0.00014	0	0	7500	2e+11 0.516398
15	0.00015	0	0	7500	2e+11 0.516398
16	0.00016	0	0	7500	2e+11 0.516398
17	0.00017	0	0	7500	2e+11 0.516398
18	0.00018	0	0	7500	2e+11 0.516398
19	0.00019	0	0	7500	2e+11 0.516398
20	0.0002	0	0	7500	2e+11 0.516398
21	0.00021	0	0	7500	2e+11 0.516398
22	0.00022	0	0	7500	2e+11 0.516398
23	0.00023	0	0	7500	2e+11 0.516398
24	0.00024	0	0	7500	2e+11 0.516398
25	0.00025	0	0	7500	2e+11 0.516398
26	0.00026	0	0	7500	2e+11 0.516398
27	0.00027	0	0	7500	2e+11 0.516398
28	0.00028	0	0	7500	2e+11 0.516398
29	0.00029	0	0	7500	2e+11 0.516398
30	0.0003	0	0	7500	2e+11 0.516398
31	0.00031	0	0	7500	2e+11 0.516398
32	0.00032	0	0	7500	2e+11 0.516398
33	0.00033	0	0	7500	2e+11 0.516398
34	0.00034	0	0	7500	2e+11 0.516398
35	0.00035	0	0	7500	2e+11 0.516398
36	0.00036	0	0	7500	2e+11 0.516398
37	0.00037	0	0	7500	2e+11 0.516398
38	0.00038	0	0	7500	2e+11 0.516398
39	0.00039	0	0	7500	2e+11 0.516398
40	0.0004	0	0	7500	2e+11 0.516398
41	0.00041	0	0	7500	2e+11 0.516398
42	0.00042	0	0	7500	2e+11 0.516398
43	0.00043	0	0	7500	2e+11 0.516398
44	0.00044	0	0	7500	2e+11 0.516398
45	0.00045	0	0	7500	2e+11 0.516398
46	0.00046	0	0	7500	2e+11 0.516398
47	0.00047	0	0	7500	2e+11 0.516398
48	0.00048	0	0	7500	2e+11 0.516398
49	0.00049	0	0	7500	2e+11 0.5164
50	0.0005	0	0	7500	2e+11 0.5164
51	0.00051	0	0	7500	2e+11 0.516397
52	0.00052	0	0	7500	2e+11 0.5164
53	0.00053	0	0	7500	2e+11 0.5164
54	0.00054	0	0	7500	2e+11 0.516397
55	0.00055	0	0	7500	2e+11 0.5164
56	0.00056	8.70524e-39	1.68576e-42	7500	2e+11 0.5164
57	0.00057	8.83549e-39	1.71099e-42	7500	2e+11 0.516397
58	0.00058	2.06957e-39	4.00771e-43	7500	2e+11 0.516397
59	0.00059	0	0	7500	2e+11 0.5164
60	0.0006	0	0	7500	2e+11 0.5164
61	0.00061	0	0	7500	2e+11 0.516397
62	0.00062	0	0	7500	2e+11 0.5164
63	0.00063	2.80297e-37	5.42793e-41	7500	2e+11 0.5164
64	0.00064	8.04131e-37	1.55719e-40	7500	2e+11 0.516397
65	0.00065	1.39798e-36	2.70717e-40	7500	2e+11 0.5164
66	0.00066	1.81127e-36	3.50751e-40	7500	2e+11 0.5164
67	0.00067	2.8945e-36	5.60518e-40	7500	2e+11 0.516397
68	0.00068	5.91497e-36	1.14543e-39	7500	2e+11 0.5164
69	0.00069	1.51961e-35	2.94272e-39	7500	2e+11 0.5164
70	0.0007	3.97994e-35	7.70713e-39	7500	2e+11 0.516397
71	0.00071	1.03356e-34	2.00148e-38	7500	2e+11 0.516397
72	0.00072	2.88824e-34	5.59306e-38	7500	2e+11 0.5164
73	0.00073	7.44152e-34	1.44104e-37	7500	2e+11 0.5164
74	0.00074	2.15713e-33	4.17726e-37	7500	2e+11 0.516397
75	0.00075	5.48786e-33	1.06272e-36	7500	2e+11 0.5164
76	0.00076	1.6503e-32	3.1958e-36	7500	2e+11 0.5164
77	0.00077	4.54589e-32	8.80308e-36	7500	2e+11 0.516397
78	0.00078	1.34835e-31	2.61108e-35	7500	2e+11 0.5164
79	0.00079	3.44139e-31	6.66423e-35	7500	2e+11 0.5164
80	0.0008	9.03579e-31	1.74977e-34	7500	2e+11 0.516397
81	0.00081	2.77579e-30	5.3753e-34	7500	2e+11 0.5164
82	0.00082	7.9758e-30	1.54451e-33	7500	2e+11 0.5164
83	0.00083	2.03634e-29	3.94335e-33	7500	2e+11 0.516397
84	0.00084	6.22201e-29	1.20489e-32	7500	2e+11 0.5164
85	0.00085	1.50396e-28	2.91242e-32	7500	2e+11 0.5164
86	0.00086	5.09188e-28	9.86039e-32	7500	2e+11 0.516397
87	0.00087	1.33092e-27	2.57732e-31	7500	2e+11 0.5164
88	0.00088	3.48668e-27	6.75194e-31	7500	2e+11 0.5164
89	0.00089	9.23367e-27	1.78809e-30	7500	2e+11 0.516397
90	0.0009	2.41836e-26	4.68314e-30	7500	2e+11 0.516397
91	0.00091	5.60805e-26	1.08599e-29	7500	2e+11 0.5164
92	0.00092	1.63113e-25	3.15867e-29	7500	2e+11 0.5164
93	0.00093	4.56384e-25	8.83784e-29	7500	2e+11 0.516397
94	0.00094	1.49697e-24	2.89888e-28	7500	2e+11 0.5164
95	0.00095	3.52528e-24	6.82667e-28	7500	2e+11 0.5164
96	0.00096	1.13754e-23	2.20284e-27	7500	2e+11 0.516397
97	0.00097	3.49937e-23	6.77651e-27	7500	2e+11 0.516397
98	0.00098	1.16055e-22	2.2474e-26	7500	2e+11 0.5164
99	0.00099	3.28377e-22	6.359e-26	7500	2e+11 0.5164
100	0.001	7.89931e-22	1.52969e-25	7500	2e+11 0.5164
101	0.00101	2.55475e-21	4.94725e-25	7500	2e+11 0.5164
102	0.00102	6.74793e-21	1.30673e-24	7500	2e+11 0.5164
103	0.00103	1.70364e-20	3.29909e-24	7500	2e+11 0.5164
104	0.00104	4.44651e-20	8.61062e-24	7500	2e+11 0.5164
105	0.00105	1.08394e-19	2.09904e-23	7500	2e+11 0.5164
106	0.00106	3.07224e-19	5.94937e-23	7500	2e+11 0.5164
107	0.00107	1.02133e-18	1.97779e-22	7500	2e+11 0.5164
108	0.00108	2.25366e-18	4.36419e-22	7500	2e+11 0.5164
109	0.00109	7.75445e-18	1.50164e-21	7500	2e+11 0.5164
110	0.0011	1.90634e-17	3.69161e-21	7500	2e+11 0.5164
111	0.00111	4.7324e-17	9.16425e-21	7500	2e+11 0.5164
112	0.00112	1.39885e-16	2.70887e-20	7500	2e+11 0.5164
113	0.00113	3.21714e-16	6.22997e-20	7500	2e+11 0.5164
114	0.00114	1.00686e-15	1.94978e-19	7500	2e+11 0.5164
115	0.00115	2.92649e-15	5.66711e-19	7500	2e+11 0.5164
116	0.00116	7.52415e-15	1.45704e-18	7500	2e+11 0.5164
117	0.00117	2.24274e-14	4.34304e-18	7500	2e+11 0.5164
118	0.00118	5.60622e-14	1.08564e-17	7500	2e+11 0.5164
119	0.00119	1.32096e-13	2.55803e-17	7500	2e+11 0.5164
120	0.0012	3.62919e-13	7.0279e-17	7500	2e+11 0.5164
121	0.00121	9.46945e-13	1.83375e-16	7500	2e+11 0.5164
122	0.00122	2.12501e-12	4.11506e-16	7500	2e+11 0.5164
123	0.00123	7.71246e-12	1.49351e-15	7500	2e+11 0.5164
124	0.00124	2.28494e-11	4.42477e-15	7500	2e+11 0.5164
125	0.00125	6.0549e-11	1.17253e-14	7500	2e+11 0.5164
126	0.00126	1.94483e-10	3.76616e-14	7500	2e+11 0.5164
127	0.00127	4.80848e-10	9.31158e-14	7500	2e+11 0.5164
128	0.00128	1.42082e-09	2.75141e-13	7500	2e+11 0.5164
129	0.00129	3.4107e-09	6.60479e-13	7500	2e+11 0.5164
130	0.0013	9.09914e-09	1.76204e-12	7500	2e+11 0.5164
131	0.00131	2.74794e-08	5.32136e-12	7500	2e+11 0.5164
132	0.00132	8.95376e-08	1.73389e-11	7500	2e+11 0.5164
133	0.00133	2.10516e-07	4.07663e-11	7500	2e+11 0.5164
134	0.00134	5.69871e-07	1.10355e-10	7500	2e+11 0.5164
135	0.00135	1.44847e-06	2.80496e-10	7500	2e+11 0.5164
136	0.00136	5.0392e-06	9.75837e-10	7500	2e+11 0.5164
137	0.00137	1.41198e-05	2.73428e-09	7500	2e+11 0.5164
138	0.00138	4.49444e-05	8.70345e-09	7500	2e+11 0.5164
139	0.00139	0.000112569	2.1799e-08	7500	2e+11 0.5164
140	0.0014	0.000332746	6.44361e-08	7500	2e+11 0.5164
141	0.00141	0.00102934	1.99332e-07	7500	2e+11 0.5164
142	0.00142	0.00241345	4.67362e-07	7500	2e+11 0.5164
143	0.00143	0.00622653	1.20576e-06	7500	2e+11 0.5164
144	0.00144	0.0189146	3.66279e-06	7500	2e+11 0.5164
145	0.00145	0.0471825	9.13684e-06	7500	2e+11 0.5164
146	0.00146	0.11957	2.31545e-05	7500	2e+11 0.516394
147	0.00147	0.344012	6.66177e-05	7500	2e+11 0.516376
148	0.00148	1.02179	0.000197868	7500	2e+11 0.516358
149	0.00149	2.24936	0.000435588	7500	2e+11 0.516268
150	0.00150001	3.9722	0.000769214	7500	2e+11 0.516135
151	0.00151002	6.12586	0.00118627	7500	2e+11 0.515961
152	0.00152003	8.63555	0.00167227	7500	2e+11 0.515721
153	0.00153005	11.4207	0.00221161	7500	2e+11 0.515488
154	0.00154007	14.4005	0.00278864	7500	2e+11 0.515176
155	0.0015501	17.4965	0.00338818	7500	2e+11 0.514901
156	0.00156014	20.636	0.00399615	7500	2e+11 0.514573
157	0.00157018	23.7526	0.00459968	7500	2e+11 0.51428
158	0.00158022	26.788	0.00518747	7500	2e+11 0.513959
159	0.00159028	29.692	0.00574983	7500	2e+11 0.513655
160	0.00160034	32.4247	0.00627901	7500	2e+11 0.513382
161	0.0016104	34.9559	0.00676918	7500	2e+11 0.51312
162	0.00162047	37.2644	0.00721623	7500	2e+11 0.512871
163	0.00163054	39.3381	0.00761779	7500	2e+11 0.512646
164	0.00164062	41.1738	0.00797327	7500	2e+11 0.512433
165	0.0016507	42.7752	0.00828339	7500	2e+11 0.512255
166	0.00166078	44.1526	0.00855011	7500	2e+11 0.512131
167	0.00167087	45.3208	0.00877633	7500	2e+11 0.511995
168	0.00168096	46.2976	0.00896549	7500	2e+11 0.511853
169	0.00169105	47.1032	0.00912149	7500	2e+11 0.511777
170	0.00170114	47.7584	0.00924837	7500	2e+11 0.511729
171	0.00171123	48.2845	0.00935024	7500	2e+11 0.511641
172	0.00172133	48.7013	0.00943097	7500	2e+11 0.511558
173	0.00173142	49.0275	0.00949414	7500	2e+11 0.511552
174	0.00174152	49.2796	0.00954296	7500	2e+11 0.511523
175	0.00175161	49.4721	0.00958023	7500	2e+11 0.511523
176	0.00176171	49.6173	0.00960834	7500	2e+11 0.511487
177	0.00177181	49.7255	0.00962931	7500	2e+11 0.511464
178	0.0017819	49.8053	0.00964476	7500	2e+11 0.511464
179	0.001792	49.8635	0.00965603	7500	2e+11 0.51147
180	0.0018021	49.9055	0.00966415	7500	2e+11 0.51147
181	0.00181219	49.9354	0.00966996	7500	2e+11 0.51144
182	0.00182229	49.9566	0.00967406	7500	2e+11 0.511434
183	0.00183239	49.9714	0.00967692	7500	2e+11 0.51144
184	0.00184248	49.9817	0.00967891	7500	2e+11 0.51144
185	0.00185258	49.9887	0.00968027	7500	2e+11 0.511434
186	0.00186268	49.9935	0.0096812	7500	2e+11 0.51144
187	0.00187278	49.9967	0.00968182	7500	2e+11 0.511458
188	0.00188287	49.9988	0.00968223	7500	2e+11 0.511458
189	0.00189297	50.0003	0.00968251	7500	2e+11 0.511446
190	0.00190307	50.0012	0.00968268	7500	2e+11 0.511422
191	0.00191316	50.0018	0.0096828	7500	2e+11 0.511422
192	0.00192326	50.0022	0.00968288	7500	2e+11 0.511446
193	0.00193336	50.0024	0.00968292	7500	2e+11 0.511446
194	0.00194346	50.0025	0.00968294	7500	2e+11 0.511428
195	0.00195355	50.0026	0.00968296	7500	2e+11 0.511428
196	0.00196365	50.0026	0.00968296	7500	2e+11 0.511464
197	0.00197375	50.0026	0.00968296	7500	2e+11 0.511464
198	0.00198385	50.0026	0.00968296	7500	2e+11 0.511405
199	0.00199394	50.0026	0.00968296	7500	2e+11 0.511464
200	0.00200404	50.0026	0.00968296	7500	2e+11 0.511464
201	0.00201414	50.0026	0.00968296	7500	2e+11 0.511476
202	0.00202423	50.0026	0.00968296	7500	2e+11 0.511476
203	0.00203433	50.0026	0.00968296	7500	2e+11 0.511428
204	0.00204443	50.0026	0.00968296	7500	2e+11 0.511452
205	0.00205453	50.0026	0.00968296	7500	2e+11 0.511452
206	0.00206462	50.0026	0.00968296	7500	2e+11 0.51144
207	0.00207472	50.0026	0.00968296	7500	2e+11 0.511452
208	0.00208482	50.0026	0.00968296	7500	2e+11 0.511452
209	0.00209492	50.0026	0.00968296	7500	2e+11 0.511428
210	0.00210501	50.0026	0.00968296	7500	2e+11 0.511405
211	0.00211511	50.0026	0.00968296	7500	2e+11 0.51144
212	0.00212521	50.0026	0.00968296	7500	2e+11 0.511464
213	0.0021353	50.0026	0.00968296	7500	2e+11 0.511464
214	0.0021454	50.0026	0.00968296	7500	2e+11 0.511428
215	0.0021555	50.0026	0.00968296	7500	2e+11 0.511428
216	0.0021656	50.0026	0.00968296	7500	2e+11 0.511452
217	0.00217569	50.0026	0.00968296	7500	2e+11 0.511452
218	0.00218579	50.0026	0.00968296	7500	2e+11 0.511476
219	0.00219589	50.0026	0.00968296	7500	2e+11 0.511476
220	0.00220599	50.0026	0.00968296	7500	2e+11 0.51144
221	0.00221608	50.0026	0.00968296	7500	2e+11 0.51144
222	0.00222618	50.0026	0.00968296	7500	2e+11 0.51144
223	0.00223628	50.0026	0.00968296	7500	2e+11 0.511487
224	0.00224637	50.0026	0.00968296	7500	2e+11 0.511487
225	0.00225647	50.0026	0.00968295	7500	2e+11 0.511393
226	0.00226657	50.0025	0.00968295	7500	2e+11 0.511428
227	0.00227667	50.0025	0.00968295	7500	2e+11 0.511499
228	0.00228676	50.0025	0.00968295	7500	2e+11 0.511499
229	0.00229686	50.0025	0.00968295	7500	2e+11 0.511405
230	0.00230696	50.0025	0.00968295	7500	2e+11 0.511428
231	0.00231705	50.0025	0.00968295	7500	2e+11 0.511428
232	0.00232715	50.0025	0.00968294	7500	2e+11 0.511428
233	0.00233725	50.0025	0.00968294	7500	2e+11 0.511499
234	0.00234735	50.0025	0.00968294	7500	2e+11 0.511499
235	0.00235744	50.0025	0.00968294	7500	2e+11 0.511428
236	0.00236754	50.0025	0.00968294	7500	2e+11 0.511428
237	0.00237764	50.0025	0.00968294	7500	2e+11 0.511428
238	0.00238774	50.0025	0.00968294	7500	2e+11 0.51144
239	0.00239783	50.0025	0.00968294	7500	2e+11 0.51144
240	0.00240793	50.0025	0.00968293	7500	2e+11 0.511476
241	0.00241803	50.0024	0.00968292	7500	2e+11 0.511476
242	0.00242813	50.0022	0.00968288	7500	2e+11 0.511417
243	0.00243822	50.0016	0.00968278	7500	2e+11 0.511487
244	0.00244832	50.0005	0.00968255	7500	2e+11 0.511487
245	0.00245842	49.9971	0.0096819	7500	2e+11 0.511417
246	0.00246851	49.9836	0.00967929	7500	2e+11 0.51144
247	0.00247861	49.9554	0.00967383	7500	2e+11 0.51144
248	0.00248871	49.887	0.00966057	7500	2e+11 0.511476
249	0.0024988	49.6065	0.00960627	7500	2e+11 0.511487
250	0.0025089	48.9346	0.00947614	7500	2e+11 0.51157
251	0.00251899	47.1516	0.00913088	7500	2e+11 0.511794
252	0.00252908	44.38	0.00859415	7500	2e+11 0.51203
253	0.00253917	40.8149	0.00790378	7500	2e+11 0.512409
254	0.00254925	36.7033	0.00710757	7500	2e+11 0.512919
255	0.00255932	32.307	0.00625623	7500	2e+11 0.513251
256	0.00256938	27.8664	0.00539631	7500	2e+11 0.513703
257	0.00257943	23.5846	0.00456714	7500	2e+11 0.514131
258	0.00258947	19.6109	0.00379763	7500	2e+11 0.514525
259	0.00259951	16.0403	0.00310619	7500	2e+11 0.514907
260	0.00260954	12.9206	0.00250206	7500	2e+11 0.515075
261	0.00261956	10.2597	0.00198679	7500	2e+11 0.515494
262	0.00262958	8.04051	0.00155704	7500	2e+11 0.515577
263	0.0026396	6.2245	0.00120537	7500	2e+11 0.515817
264	0.00264961	4.76175	0.00092211	7500	2e+11 0.515973
265	0.00265962	3.6026	0.00069764	7500	2e+11 0.515997
266	0.00266963	2.69668	0.000522209	7500	2e+11 0.516141
267	0.00267963	1.99761	0.000386835	7500	2e+11 0.516274
268	0.00268963	1.46527	0.000283749	7500	2e+11 0.516274
269	0.00269964	1.06456	0.000206151	7500	2e+11 0.516262
270	0.00270964	0.766294	0.000148392	7500	2e+11 0.516298
271	0.00271964	0.54648	0.000105825	7500	2e+11 0.516442
272	0.00272964	0.386158	7.47791e-05	7500	2e+11 0.516442
273	0.00273964	0.270393	5.23613e-05	7500	2e+11 0.516358
274	0.00274964	0.187691	3.63461e-05	7500	2e+11 0.516406
275	0.00275964	0.129093	2.49987e-05	7500	2e+11 0.516406
276	0.00276964	0.0880302	1.7047e-05	7500	2e+11 0.51637
277	0.00277964	0.0595319	1.15283e-05	7500	2e+11 0.516394
278	0.00278964	0.0399484	7.73598e-06	7500	2e+11 0.516394
279	0.00279964	0.0265882	5.14879e-06	7500	2e+11 0.516454
280	0.00280964	0.0175513	3.39879e-06	7500	2e+11 0.516454
281	0.00281964	0.0114853	2.22411e-06	7500	2e+11 0.516406
282	0.00282964	0.00745654	1.44395e-06	7500	2e+11 0.51643
283	0.00283964	0.00480552	9.30585e-07	7500	2e+11 0.51643
284	0.00284964	0.00307052	5.94604e-07	7500	2e+11 0.51643
285	0.00285964	0.00194731	3.77095e-07	7500	2e+11 0.51643
286	0.00286964	0.00122493	2.37206e-07	7500	2e+11 0.51637
287	0.00287964	0.000764815	1.48106e-07	7500	2e+11 0.51643
288	0.00288964	0.000474023	9.17941e-08	7500	2e+11 0.51643
289	0.00289964	0.000291234	5.63972e-08	7500	2e+11 0.516418
290	0.00290964	0.00017767	3.44057e-08	7500	2e+11 0.516418
291	0.00291964	0.000107513	2.08197e-08	7500	2e+11 0.516394
292	0.00292964	6.46294e-05	1.25154e-08	7500	2e+11 0.516418
293	0.00293964	3.8531e-05	7.46149e-09	7500	2e+11 0.516418
294	0.00294964	2.28069e-05	4.41653e-09	7500	2e+11 0.516466
295	0.00295964	1.34132e-05	2.59745e-09	7500	2e+11 0.516466
296	0.00296965	7.83118e-06	1.5165e-09	7500	2e+11 0.516466
297	0.00297964	4.53708e-06	8.78603e-10	7500	2e+11 0.516466
298	0.00298964	2.60939e-06	5.05307e-10	7500	2e+11 0.516454
299	0.00299964	1.489e-06	2.88345e-10	7500	2e+11 0.516406
300	0.00300964	8.43667e-07	1.63375e-10	7500	2e+11 0.51643
301	0.00301964	4.75089e-07	9.20006e-11	7500	2e+11 0.51643
302	0.00302964	2.65746e-07	5.14615e-11	7500	2e+11 0.516382
303	0.00303964	1.4746e-07	2.85555e-11	7500	2e+11 0.51643
304	0.00304964	8.1332e-08	1.57499e-11	7500	2e+11 0.51643
305	0.00305965	4.45677e-08	8.63049e-12	7500	2e+11 0.516478
306	0.00306964	2.42182e-08	4.68984e-12	7500	2e+11 0.516478
307	0.00307964	1.30751e-08	2.53198e-12	7500	2e+11 0.51637
308	0.00308964	7.01937e-09	1.3593e-12	7500	2e+11 0.516442
309	0.00309964	3.74362e-09	7.2495e-13	7500	2e+11 0.516442
310	0.00310965	1.97944e-09	3.83317e-13	7500	2e+11 0.516454
311	0.00311964	1.04063e-09	2.01517e-13	7500	2e+11 0.516454
312	0.00312964	5.43268e-10	1.05203e-13	7500	2e+11 0.516442
313	0.00313964	2.8187e-10	5.4584e-14	7500	2e+11 0.516442
314	0.00314964	1.45394e-10	2.81554e-14	7500	2e+11 0.516382
315	0.00315964	7.44378e-11	1.44148e-14	7500	2e+11 0.516382
316	0.00316965	3.77955e-11	7.31907e-15	7500	2e+11 0.516406
317	0.00317964	1.91012e-11	3.69893e-15	7500	2e+11 0.516406
318	0.00318965	9.58587e-12	1.8563e-15	7500	2e+11 0.516394
319	0.00319965	4.77364e-12	9.24411e-16	7500	2e+11 0.51643
320	0.00320964	2.36461e-12	4.57905e-16	7500	2e+11 0.51643
321	0.00321964	1.16435e-12	2.25475e-16	7500	2e+11 0.516418
322	0.00322964	5.69802e-13	1.10342e-16	7500	2e+11 0.516382
323	0.00323964	2.77306e-13	5.37001e-17	7500	2e+11 0.516406
324	0.00324964	1.34013e-13	2.59515e-17	7500	2e+11 0.516406
325	0.00325964	6.42766e-14	1.24471e-17	7500	2e+11 0.516406
326	0.00326965	3.06007e-14	5.92579e-18	7500	2e+11 0.516454
327	0.00327964	1.4503e-14	2.80849e-18	7500	2e+11 0.516454
328	0.00328964	6.82958e-15	1.32254e-18	7500	2e+11 0.516382
329	0.00329965	3.19034e-15	6.17806e-19	7500	2e+11 0.516478
330	0.00330964	1.48242e-15	2.87069e-19	7500	2e+11 0.516478
331	0.00331964	6.84281e-16	1.3251e-19	7500	2e+11 0.51643
332	0.00332964	3.1366e-16	6.07399e-20	7500	2e+11 0.516346
333	0.00333965	1.42842e-16	2.76612e-20	7500	2e+11 0.516454
334	0.00334964	6.47593e-17	1.25406e-20	7500	2e+11 0.516454
335	0.00335965	2.91898e-17	5.65258e-21	7500	2e+11 0.516394
336	0.00336965	1.30809e-17	2.53312e-21	7500	2e+11 0.516394
337	0.00337965	5.83054e-18	1.12908e-21	7500	2e+11 0.516406
338	0.00338965	2.58434e-18	5.00455e-22	7500	2e+11 0.51649
339	0.00339964	1.1356e-18	2.19907e-22	7500	2e+11 0.51649
340	0.00340965	4.9667e-19	9.61797e-23	7500	2e+11 0.516382
341	0.00341965	2.16093e-19	4.18463e-23	7500	2e+11 0.516382
342	0.00342965	9.32092e-20	1.80499e-23	7500	2e+11 0.516418
343	0.00343965	3.9966e-20	7.73938e-24	7500	2e+11 0.516418
344	0.00344965	1.70473e-20	3.30119e-24	7500	2e+11 0.516454
345	0.00345964	7.22328e-21	1.39878e-24	7500	2e+11 0.516454
346	0.00346965	3.0476e-21	5.90165e-25	7500	2e+11 0.516382
347	0.00347965	1.27619e-21	2.47132e-25	7500	2e+11 0.516382
348	0.00348965	5.30209e-22	1.02675e-25	7500	2e+11 0.516442
349	0.00349965	2.19384e-22	4.24835e-26	7500	2e+11 0.516442
350	0.00350965	9.03098e-23	1.74884e-26	7500	2e+11 0.516406
351	0.00351965	3.70172e-23	7.16836e-27	7500	2e+11 0.516454
352	0.00352965	1.50701e-23	2.91832e-27	7500	2e+11 0.516454
353	0.00353965	6.10241e-24	1.18173e-27	7500	2e+11 0.516406
354	0.00354965	2.45415e-24	4.75243e-28	7500	2e+11 0.516406
355	0.00355965	9.80763e-25	1.89924e-28	7500	2e+11 0.516394
356	0.00356965	3.89786e-25	7.54817e-29	7500	2e+11 0.51643
357	0.00357965	1.53711e-25	2.97661e-29	7500	2e+11 0.51643
358	0.00358965	6.02329e-26	1.1664e-29	7500	2e+11 0.516466
359	0.00359965	2.35141e-26	4.55348e-30	7500	2e+11 0.516466
360	0.00360965	9.14461e-27	1.77085e-30	7500	2e+11 0.516406
361	0.00361965	3.52306e-27	6.82237e-31	7500	2e+11 0.516406
362	0.00362965	1.34985e-27	2.61398e-31	7500	2e+11 0.51643
363	0.00363965	5.1544e-28	9.98145e-32	7500	2e+11 0.51643
364	0.00364965	1.95276e-28	3.78151e-32	7500	2e+11 0.516418
365	0.00365965	7.35644e-29	1.42457e-32	7500	2e+11 0.51643
366	0.00366965	2.75119e-29	5.32767e-33	7500	2e+11 0.51643
367	0.00367965	1.02205e-29	1.97919e-33	7500	2e+11 0.516502
368	0.00368965	3.77908e-30	7.31815e-34	7500	2e+11 0.516502
369	0.00369965	1.39207e-30	2.69574e-34	7500	2e+11 0.516382
370	0.00370965	5.09211e-31	9.86082e-35	7500	2e+11 0.51643
371	0.00371965	1.85143e-31	3.58528e-35	7500	2e+11 0.51643
372	0.00372965	6.71146e-32	1.29967e-35	7500	2e+11 0.516406
373	0.00373965	2.41878e-32	4.68394e-36	7500	2e+11 0.51637
374	0.00374965	8.66256e-33	1.6775e-36	7500	2e+11 0.516442
375	0.00375965	3.07556e-33	5.95579e-37	7500	2e+11 0.516442
376	0.00376965	1.0848e-33	2.10071e-37	7500	2e+11 0.516442
377	0.00377965	3.7995e-34	7.35769e-38	7500	2e+11 0.516442
378	0.00378965	1.32214e-34	2.56032e-38	7500	2e+11 0.516394
379	0.00379965	4.59021e-35	8.8889e-39	7500	2e+11 0.516442
380	0.00380965	1.58858e-35	3.07628e-39	7500	2e+11 0.516442
381	0.00381965	5.44569e-36	1.05455e-39	7500	2e+11 0.516454
382	0.00382965	1.85665e-36	3.5954e-40	7500	2e+11 0.516454
383	0.00383965	6.27711e-37	1.21556e-40	7500	2e+11 0.516394
384	0.00384965	2.11799e-37	4.10146e-41	7500	2e+11 0.516442
385	0.00385965	7.10674e-38	1.37622e-41	7500	2e+11 0.516442
386	0.00386965	2.36481e-38	4.57944e-42	7500	2e+11 0.516394
387	0.00387965	7.80794e-39	1.512e-42	7500	2e+11 0.516394
388	0.00388965	2.54717e-39	4.93257e-43	7500	2e+11 0.516382
389	0.00389965	8.17698e-40	1.58347e-43	7500	2e+11 0.516947
390	0.00390964	2.46033e-40	4.76441e-44	7500	2e+11 0.517551
391	0.00391962	6.51267e-41	1.26117e-44	7500	2e+11 0.517551
392	0.00392961	7.23631e-42	1.4013e-45	7500	2e+11 0.516514
393	0.00393962	0	0	7500	2e+11 0.51649
394	0.00394961	0	0	7500	2e+11 0.51649
395	0.00395962	0	0	7500	2e+11 0.51637
396	0.00396962	0	0	7500	2e+11 0.51637
397	0.00397962	0	0	7500	2e+11 0.516466
398	0.00398962	0	0	7500	2e+11 0.516466
399	0.00399962	0	0	7500	2e+11 0.516466
400	0.00400962	0	0	7500	2e+11 0.51649
401	0.00401961	0	0	7500	2e+11 0.51649
402	0.00402961	0	0	7500	2e+11 0.51637
403	0.00403962	0	0	7500	2e+11 0.51649
404	0.00404961	0	0	7500	2e+11 0.51649
405	0.00405961	0	0	7500	2e+11 0.516442
406	0.00406962	0	0	7500	2e+11 0.516466
407	0.00407961	0	0	7500	2e+11 0.516466
408	0.00408961	0	0	7500	2e+11 0.516394
409	0.00409961	0	0	7500	2e+11 0.516394
410	0.00410962	0	0	7500	2e+11 0.516394
411	0.00411962	0	0	7500	2e+11 0.516394
412	0.00412962	0	0	7500	2e+11 0.516442
413	0.00413961	0	0	7500	2e+11 0.516442
414	0.00414962	0	0	7500	2e+11 0.516394
415	0.00415962	0	0	7500	2e+11 0.516394
416	0.00416962	0	0	7500	2e+11 0.516418
417	0.00417962	0	0	7500	2e+11 0.516514
418	0.00418961	0	0	7500	2e+11 0.516514
419	0.00419961	0	0	7500	2e+11 0.51637
420	0.00420962	0	0	7500	2e+11 0.516346
421	0.00421962	0	0	7500	2e+11 0.51649
422	0.00422961	0	0	7500	2e+11 0.51649
423	0.00423962	0	0	7500	2e+11 0.516394
424	0.00424962	0	0	7500	2e+11 0.516418
425	0.00425962	0	0	7500	2e+11 0.516418
426	0.00426962	0	0	7500	2e+11 0.516442
427	0.00427962	0	0	7500	2e+11 0.516442
428	0.00428962	0	0	7500	2e+11 0.516418
429	0.00429962	0	0	7500	2e+11 0.516394
430	0.00430962	0	0	7500	2e+11 0.516562
431	0.00431961	0	0	7500	2e+11 0.516562
432	0.00432961	0	0	7500	2e+11 0.51637
433	0.00433961	0	0	7500	2e+11 0.51637
434	0.00434962	0	0	7500	2e+11 0.516394
435	0.00435962	0	0	7500	2e+11 0.516394
436	0.00436962	0	0	7500	2e+11 0.516466
437	0.00437961	0	0	7500	2e+11 0.516466
438	0.00438961	0	0	7500	2e+11 0.51637
439	0.00439962	0	0	7500	2e+11 0.516514
440	0.00440961	0	0	7500	2e+11 0.516514
441	0.00441961	0	0	7500	2e+11 0.516394
442	0.00442961	0	0	7500	2e+11 0.516418
443	0.00443961	0	0	7500	2e+11 0.516418
444	0.00444962	0	0	7500	2e+11 0.516418
445	0.00445962	0	0	7500	2e+11 0.516418
446	0.00446962	0	0	7500	2e+11 0.516394
447	0.00447962	0	0	7500	2e+11 0.51649
448	0.00448962	0	0	7500	2e+11 0.51649
449	0.00449961	0	0	7500	2e+11 0.516418
450	0.00450962	0	0	7500	2e+11 0.516514
451	0.00451961	0	0	7500	2e+11 0.516514
452	0.00452961	0	0	7500	2e+11 0.516418
453	0.00453962	0	0	7500	2e+11 0.516466
454	0.00454961	0	0	7500	2e+11 0.516514
455	0.00455961	0	0	7500	2e+11 0.516514
456	0.00456962	0	0	7500	2e+11 0.516442
457	0.00457962	0	0	7500	2e+11 0.516442
458	0.00458962	0	0	7500	2e+11 0.516394
459	0.00459962	0	0	7500	2e+11 0.51649
460	0.00460961	0	0	7500	2e+11 0.51649
461	0.00461961	0	0	7500	2e+11 0.516442
462	0.00462962	0	0	7500	2e+11 0.516394
463	0.00463962	0	0	7500	2e+11 0.51649
464	0.00464961	0	0	7500	2e+11 0.51649
465	0.00465961	0	0	7500	2e+11 0.516442
466	0.00466961	0	0	7500	2e+11 0.516394
467	0.00467961	0	0	7500	2e+11 0.516466
468	0.00468961	0	0	7500	2e+11 0.516466
469	0.00469962	0	0	7500	2e+11 0.516466
470	0.00470961	0	0	7500	2e+11 0.516466
471	0.00471962	0	0	7500	2e+11 0.516346
472	0.00472962	0	0	7500	2e+11 0.51661
473	0.00473961	0	0	7500	2e+11 0.51661
474	0.00474961	0	0	7500	2e+11 0.516394
475	0.00475961	0	0	7500	2e+11 0.516346
476	0.00476961	0	0	7500	2e+11 0.516394
477	0.00477961	0	0	7500	2e+11 0.516538
478	0.00478961	0	0	7500	2e+11 0.516538
479	0.00479961	0	0	7500	2e+11 0.516346
480	0.00480961	0	0	7500	2e+11 0.516442
481	0.00481961	0	0	7500	2e+11 0.516442
482	0.00482961	0	0	7500	2e+11 0.516418
483	0.00483961	0	0	7500	2e+11 0.516442
484	0.00484961	0	0	7500	2e+11 0.516442
485	0.00485961	0	0	7500	2e+11 0.516442
486	0.00486961	0	0	7500	2e+11 0.516442
487	0.00487961	0	0	7500	2e+11 0.516466
488	0.00488961	0	0	7500	2e+11 0.516466
489	0.00489962	0	0	7500	2e+11 0.516442
490	0.00490962	0	0	7500	2e+11 0.51649
491	0.00491961	0	0	7500	2e+11 0.51649
492	0.00492961	0	0	7500	2e+11 0.516418
493	0.00493961	0	0	7500	2e+11 0.516418
494	0.00494961	0	0	7500	2e+11 0.516418
495	0.00495961	0	0	7500	2e+11 0.516538
496	0.00496961	0	0	7500	2e+11 0.516538
497	0.00497961	0	0	7500	2e+11 0.516442
498	0.00498961	0	0	7500	2e+11 0.516394
499	0.00499961	0	0	7500	2e+11 0.516418
500	0.00500961	0	0	7500	2e+11 0.516442
501	0.00501961	0	0	7500	2e+11 0.516442
502	0.00502961	0	0	7500	2e+11 0.516418
503	0.00503961	0	0	7500	2e+11 0.516418
504	0.00504961	0	0	7500	2e+11 0.516418
505	0.00505961	0	0	7500	2e+11 0.516418
506	0.00506961	0	0	7500	2e+11 0.516586
507	0.00507961	0	0	7500	2e+11 0.516586
508	0.00508961	0	0	7500	2e+11 0.51637
509	0.00509961	0	0	7500	2e+11 0.516394
510	0.00510961	0	0	7500	2e+11 0.516394
511	0.00511961	0	0	7500	2e+11 0.516442
512	0.00512961	0	0	7500	2e+11 0.516442
513	0.00513961	0	0	7500	2e+11 0.516466
514	0.00514961	0	0	7500	2e+11 0.516466
515	0.00515961	0	0	7500	2e+11 0.516514
516	0.00516961	0	0	7500	2e+11 0.516514
517	0.00517961	0	0	7500	2e+11 0.516418
518	0.00518961	0	0	7500	2e+11 0.516394
519	0.00519961	0	0	7500	2e+11 0.516442
520	0.00520961	0	0	7500	2e+11 0.51649
521	0.00521961	0	0	7500	2e+11 0.51649
522	0.00522961	0	0	7500	2e+11 0.516418
523	0.00523961	0	0	7500	2e+11 0.516418
524	0.00524961	0	0	7500	2e+11 0.51649
525	0.00525961	0	0	7500	2e+11 0.51649
526	0.00526961	0	0	7500	2e+11 0.516418
527	0.00527961	0	0	7500	2e+11 0.516562
528	0.00528961	0	0	7500	2e+11 0.516562
529	0.00529961	0	0	7500	2e+11 0.516466
530	0.00530961	0	0	7500	2e+11 0.516466
531	0.00531961	0	0	7500	2e+11 0.516442
532	0.00532961	0	0	7500	2e+11 0.516442
533	0.00533961	0	0	7500	2e+11 0.516394
534	0.00534961	0	0	7500	2e+11 0.516466
535	0.00535961	0	0	7500	2e+11 0.516466
536	0.00536961	0	0	7500	2e+11 0.516418
537	0.00537961	0	0	7500	2e+11 0.516466
538	0.00538961	0	0	7500	2e+11 0.516466
539	0.00539961	0	0	7500	2e+11 0.516466
540	0.00540961	0	0	7500	2e+11 0.516466
541	0.00541961	0	0	7500	2e+11 0.516394
542	0.00542961	0	0	7500	2e+11 0.51649
543	0.00543961	0	0	7500	2e+11 0.51649
544	0.00544961	0	0	7500	2e+11 0.51637
545	0.00545961	0	0	7500	2e+11 0.51649
546	0.00546961	0	0	7500	2e+11 0.51649
547	0.00547961	0	0	7500	2e+11 0.516418
548	0.00548961	0	0	7500	2e+11 0.516418
549	0.00549961	0	0	7500	2e+11 0.516538
550	0.00550961	0	0	7500	2e+11 0.516538
551	0.00551961	0	0	7500	2e+11 0.516394
552	0.00552961	0	0	7500	2e+11 0.516442
553	0.00553961	0	0	7500	2e+11 0.516442
554	0.00554961	0	0	7500	2e+11 0.51637
555	0.00555961	0	0	7500	2e+11 0.516418
556	0.00556961	0	0	7500	2e+11 0.516418
557	0.00557961	0	0	7500	2e+11 0.516466
558	0.00558961	0	0	7500	2e+11 0.516466
559	0.00559961	0	0	7500	2e+11 0.516514
560	0.0056096	0	0	7500	2e+11 0.516514
561	0.0056196	0	0	7500	2e+11 0.516418
562	0.00562961	0	0	7500	2e+11 0.516346
563	0.00563961	0	0	7500	2e+11 0.51649
564	0.00564961	0	0	7500	2e+11 0.51649
565	0.00565961	0	0	7500	2e+11 0.516466
566	0.0056696	0	0	7500	2e+11 0.516466
567	0.0056796	0	0	7500	2e+11 0.516442
568	0.00568961	0	0	7500	2e+11 0.516442
569	0.0056996	0	0	7500	2e+11 0.516466
570	0.0057096	0	0	7500	2e+11 0.516514
571	0.0057196	0	0	7500	2e+11 0.516514
572	0.0057296	0	0	7500	2e+11 0.51637
573	0.0057396	0	0	7500	2e+11 0.516514
574	0.0057496	0	0	7500	2e+11 0.516514
575	0.0057596	0	0	7500	2e+11 0.516418
576	0.0057696	0	0	7500	2e+11 0.516514
577	0.0057796	0	0	7500	2e+11 0.516514
578	0.0057896	0	0	7500	2e+11 0.516394
579	0.0057996	0	0	7500	2e+11 0.51649
580	0.0058096	0	0	7500	2e+11 0.51649
581	0.0058196	0	0	7500	2e+11 0.516394
582	0.0058296	0	0	7500	2e+11 0.516418
583	0.0058396	0	0	7500	2e+11 0.516418
584	0.0058496	0	0	7500	2e+11 0.516394
585	0.0058596	0	0	7500	2e+11 0.51637
586	0.0058696	0	0	7500	2e+11 0.516442
587	0.0058796	0	0	7500	2e+11 0.516538
588	0.0058896	0	0	7500	2e+11 0.516538
589	0.0058996	0	0	7500	2e+11 0.51649
590	0.0059096	0	0	7500	2e+11 0.51649
591	0.0059196	0	0	7500	2e+11 0.516418
592	0.0059296	0	0	7500	2e+11 0.516418
593	0.0059396	0	0	7500	2e+11 0.516466
594	0.0059496	0	0	7500	2e+11 0.51649
595	0.0059596	0	0	7500	2e+11 0.51649
596	0.0059696	0	0	7500	2e+11 0.516394
597	0.0059796	0	0	7500	2e+11 0.51649
598	0.0059896	0	0	7500	2e+11 0.51649
599	0.0059996	0	0	7500	2e+11 0.516394
600	0.0060096	0	0	7500	2e+11 0.51649
601	0.00601959	0	0	7500	2e+11 0.51649
602	0.00602959	0	0	7500	2e+11 0.51649
603	0.00603959	0	0	7500	2e+11 0.51649
604	0.00604959	0	0	7500	2e+11 0.516442
605	0.00605959	0	0	7500	2e+11 0.516466
606	0.00606959	0	0	7500	2e+11 0.516466
607	0.00607959	0	0	7500	2e+11 0.51649
608	0.00608959	0	0	7500	2e+11 0.51649
609	0.00609959	0	0	7500	2e+11 0.51649
610	0.00610959	0	0	7500	2e+11 0.51649
611	0.00611959	0	0	7500	2e+11 0.516418
612	0.00612959	0	0	7500	2e+11 0.516418
613	0.00613959	0	0	7500	2e+11 0.51649
614	0.00614959	0	0	7500	2e+11 0.51649
615	0.00615959	0	0	7500	2e+11 0.516466
616	0.00616959	0	0	7500	2e+11 0.516466
617	0.00617959	0	0	7500	2e+11 0.516418
618	0.00618958	0	0	7500	2e+11 0.516538
619	0.00619958	0	0	7500	2e+11 0.516538
620	0.00620958	0	0	7500	2e+11 0.516442
621	0.00621958	0	0	7500	2e+11 0.516442
622	0.00622958	0	0	7500	2e+11 0.516514
623	0.00623958	0	0	7500	2e+11 0.516514
624	0.00624958	0	0	7500	2e+11 0.516442
625	0.00625958	0	0	7500	2e+11 0.516442
626	0.00626958	0	0	7500	2e+11 0.51649
627	0.00627958	0	0	7500	2e+11 0.51649
628	0.00628958	0	0	7500	2e+11 0.516418
629	0.00629958	0	0	7500	2e+11 0.516466
630	0.00630957	0	0	7500	2e+11 0.516514
631	0.00631957	0	0	7500	2e+11 0.516514
632	0.00632957	0	0	7500	2e+11 0.51661
633	0.00633957	0	0	7500	2e+11 0.51661
634	0.00634957	0	0	7500	2e+11 0.516514
635	0.00635957	0	0	7500	2e+11 0.516514
636	0.00636957	0	0	7500	2e+11 0.516514
637	0.00637956	0	0	7500	2e+11 0.516538
638	0.00638956	0	0	7500	2e+11 0.516538
639	0.00639956	0	0	7500	2e+11 0.516586
640	0.00640956	0	0	7500	2e+11 0.516586
641	0.00641956	0	0	7500	2e+11 0.516562
642	0.00642955	0	0	7500	2e+11 0.516731
643	0.00643955	0	0	7500	2e+11 0.516731
644	0.00644955	0	0	7500	2e+11 0.516707
645	0.00645954	0	0	7500	2e+11 0.516707
646	0.00646954	0	0	7500	2e+11 0.516731
647	0.00647953	0	0	7500	2e+11 0.516731
648	0.00648952	0	0	7500	2e+11 0.516851
649	0.00649952	0	0	7500	2e+11 0.517164
650	0.0065095	0	0	7500	2e+11 0.517164
651	0.00651956	0	0	7500	2e+11 0.51702
652	0.00652955	0	0	7500	2e+11 0.51702
653	0.00653954	0	0	7500	2e+11 0.516779
654	0.00654954	0	0	7500	2e+11 0.516658
655	0.00655953	0	0	7500	2e+11 0.516634
656	0.00656953	-3.9691e-38	-7.68612e-42	7500	2e+11 0.516634
657	0.00657953	-1.35666e-37	-2.62715e-41	7500	2e+11 0.516538
658	0.00658952	-2.67033e-37	-5.17107e-41	7500	2e+11 0.516658
659	0.00659952	-4.17859e-37	-8.0918e-41	7500	2e+11 0.516658
660	0.00660952	-5.63619e-37	-1.09144e-40	7500	2e+11 0.516538
661	0.00661952	-6.71895e-37	-1.30112e-40	7500	2e+11 0.516538
662	0.00662951	-7.23794e-37	-1.40162e-40	7500	2e+11 0.516514
663	0.00663951	-7.23591e-37	-1.40123e-40	7500	2e+11 0.516514
664	0.00664951	-3.61794e-36	-7.00611e-40	7500	2e+11 0.51637
665	0.00665951	-1.1149e-35	-2.15899e-39	7500	2e+11 0.51637
666	0.00666951	-3.8352e-35	-7.42683e-39	7500	2e+11 0.516394
667	0.00667951	-9.29957e-35	-1.80085e-38	7500	2e+11 0.516562
668	0.00668951	-2.67488e-34	-5.17989e-38	7500	2e+11 0.516562
669	0.00669951	-6.90746e-34	-1.33762e-37	7500	2e+11 0.516418
670	0.00670951	-2.21614e-33	-4.29154e-37	7500	2e+11 0.51649
671	0.00671951	-6.13542e-33	-1.18812e-36	7500	2e+11 0.51649
672	0.00672951	-1.73263e-32	-3.35523e-36	7500	2e+11 0.51637
673	0.00673951	-5.02638e-32	-9.73354e-36	7500	2e+11 0.516538
674	0.00674951	-1.428e-31	-2.76531e-35	7500	2e+11 0.516538
675	0.00675951	-4.00646e-31	-7.75849e-35	7500	2e+11 0.51637
676	0.00676951	-1.12326e-30	-2.17518e-34	7500	2e+11 0.51637
677	0.00677951	-3.03202e-30	-5.87147e-34	7500	2e+11 0.516442
678	0.00678951	-6.7661e-30	-1.31025e-33	7500	2e+11 0.516442
679	0.00679951	-1.67811e-29	-3.24965e-33	7500	2e+11 0.516442
680	0.00680951	-5.41225e-29	-1.04808e-32	7500	2e+11 0.516442
681	0.00681951	-1.55153e-28	-3.00452e-32	7500	2e+11 0.516394
682	0.00682951	-4.67013e-28	-9.04367e-32	7500	2e+11 0.516394
683	0.00683951	-1.23419e-27	-2.38999e-31	7500	2e+11 0.51637
684	0.00684952	-3.31013e-27	-6.41004e-31	7500	2e+11 0.516346
685	0.00685952	-8.57799e-27	-1.66112e-30	7500	2e+11 0.516346
686	0.00686952	-2.50217e-26	-4.84543e-30	7500	2e+11 0.51637
687	0.00687952	-6.16884e-26	-1.19459e-29	7500	2e+11 0.516442
688	0.00688952	-1.47654e-25	-2.8593e-29	7500	2e+11 0.516442
689	0.00689952	-4.63094e-25	-8.96778e-29	7500	2e+11 0.516418
690	0.00690952	-1.18898e-24	-2.30245e-28	7500	2e+11 0.516418
691	0.00691952	-4.23542e-24	-8.20185e-28	7500	2e+11 0.516442
692	0.00692952	-1.07417e-23	-2.08013e-27	7500	2e+11 0.516442
693	0.00693952	-2.57803e-23	-4.99232e-27	7500	2e+11 0.516466
694	0.00694952	-6.69468e-23	-1.29642e-26	7500	2e+11 0.516466
695	0.00695952	-1.76372e-22	-3.41543e-26	7500	2e+11 0.516466
696	0.00696952	-6.3632e-22	-1.23223e-25	7500	2e+11 0.516394
697	0.00697952	-1.55717e-21	-3.01546e-25	7500	2e+11 0.516418
698	0.00698952	-4.78307e-21	-9.26238e-25	7500	2e+11 0.516418
699	0.00699952	-1.45745e-20	-2.82234e-24	7500	2e+11 0.51649
700	0.00700952	-3.40859e-20	-6.60071e-24	7500	2e+11 0.51649
701	0.00701952	-1.05871e-19	-2.05018e-23	7500	2e+11 0.51637
702	0.00702952	-2.82833e-19	-5.47704e-23	7500	2e+11 0.51637
703	0.00703952	-7.66759e-19	-1.48482e-22	7500	2e+11 0.516466
704	0.00704952	-2.1981e-18	-4.2566e-22	7500	2e+11 0.516466
705	0.00705952	-5.80343e-18	-1.12383e-21	7500	2e+11 0.516442
706	0.00706952	-1.39299e-17	-2.69752e-21	7500	2e+11 0.516442
707	0.00707952	-4.0433e-17	-7.82981e-21	7500	2e+11 0.516442
708	0.00708952	-1.12355e-16	-2.17574e-20	7500	2e+11 0.516418
709	0.00709952	-3.36498e-16	-6.51626e-20	7500	2e+11 0.516538
710	0.00710952	-9.38962e-16	-1.81829e-19	7500	2e+11 0.516538
711	0.00711952	-2.27577e-15	-4.40701e-19	7500	2e+11 0.516442
712	0.00712952	-6.47537e-15	-1.25395e-18	7500	2e+11 0.516442
713	0.00713952	-2.14393e-14	-4.1517e-18	7500	2e+11 0.516442
714	0.00714952	-5.32058e-14	-1.03033e-17	7500	2e+11 0.516442
715	0.00715952	-1.54463e-13	-2.99117e-17	7500	2e+11 0.516394
716	0.00716952	-3.4824e-13	-6.74363e-17	7500	2e+11 0.516562
717	0.00717951	-1.03954e-12	-2.01305e-16	7500	2e+11 0.516562
718	0.00718951	-2.43829e-12	-4.72172e-16	7500	2e+11 0.516418
719	0.00719952	-7.23922e-12	-1.40187e-15	7500	2e+11 0.51649
720	0.00720951	-2.15941e-11	-4.18167e-15	7500	2e+11 0.51649
721	0.00721952	-5.16972e-11	-1.00111e-14	7500	2e+11 0.51649
722	0.00722951	-1.78151e-10	-3.44988e-14	7500	2e+11 0.51649
723	0.00723951	-4.75836e-10	-9.21453e-14	7500	2e+11 0.516442
724	0.00724951	-1.23884e-09	-2.399e-13	7500	2e+11 0.516442
725	0.00725951	-2.82691e-09	-5.47429e-13	7500	2e+11 0.516442
726	0.00726951	-8.1779e-09	-1.58364e-12	7500	2e+11 0.516442
727	0.00727951	-1.90438e-08	-3.68782e-12	7500	2e+11 0.516442
728	0.00728951	-5.58782e-08	-1.08208e-11	7500	2e+11 0.516442
729	0.00729951	-1.39052e-07	-2.69274e-11	7500	2e+11 0.516418
730	0.00730951	-3.91785e-07	-7.58688e-11	7500	2e+11 0.516418
731	0.00731951	-1.12557e-06	-2.17966e-10	7500	2e+11 0.516514
732	0.00732951	-2.47058e-06	-4.78425e-10	7500	2e+11 0.516514
733	0.00733951	-1.01723e-05	-1.96985e-09	7500	2e+11 0.516322
734	0.00734952	-2.82312e-05	-5.46694e-09	7500	2e+11 0.51637
735	0.00735952	-7.42877e-05	-1.43857e-08	7500	2e+11 0.516418
736	0.00736952	-0.000225845	-4.37347e-08	7500	2e+11 0.51649
737	0.00737951	-0.000574337	-1.1122e-07	7500	2e+11 0.51649
738	0.00738952	-0.00160514	-3.10834e-07	7500	2e+11 0.516322
739	0.00739952	-0.00443558	-8.58947e-07	7500	2e+11 0.51637
740	0.00740952	-0.0103797	-2.01002e-06	7500	2e+11 0.51637
741	0.00741952	-0.0376227	-7.2856e-06	7500	2e+11 0.516346
742	0.00742952	-0.0873173	-1.69089e-05	7500	2e+11 0.516346
743	0.00743952	-0.268384	-5.19724e-05	7500	2e+11 0.516322
744	0.00744952	-0.759976	-0.000147169	7500	2e+11 0.516322
745	0.00745953	-2.20591	-0.000427174	7500	2e+11 0.516466
746	0.00746953	-4.74779	-0.000919405	7500	2e+11 0.516658
747	0.00747952	-8.16809	-0.00158174	7500	2e+11 0.516972
748	0.00748951	-12.2	-0.00236251	7500	2e+11 0.51743
749	0.00749949	-16.5827	-0.00321122	7500	2e+11 0.517478
750	0.00750947	-21.0579	-0.00407785	7500	2e+11 0.521714
751	0.00751937	-25.3829	-0.00491537	7500	2e+11 0.521714
752	0.00752933	-29.4702	-0.00570688	7500	2e+11 0.518858
753	0.00753928	-33.1732	-0.00642397	7500	2e+11 0.519709
754	0.00754922	-36.42	-0.0070527	7500	2e+11 0.519709
755	0.00755915	-39.1995	-0.00759096	7500	2e+11 0.520026
756	0.00756908	-41.5352	-0.00804325	7500	2e+11 0.52049
757	0.00757901	-43.4522	-0.00841448	7500	2e+11 0.520563
758	0.00758893	-44.9953	-0.00871331	7500	2e+11 0.52071
759	0.00759884	-46.2123	-0.00894896	7500	2e+11 0.520759
760	0.00760876	-47.1643	-0.00913332	7500	2e+11 0.521101
761	0.00761867	-47.9005	-0.0092759	7500	2e+11 0.521101
762	0.00762858	-48.4616	-0.00938455	7500	2e+11 0.521322
763	0.00763849	-48.881	-0.00946577	7500	2e+11 0.521322
764	0.0076484	-49.1943	-0.00952644	7500	2e+11 0.52142
765	0.0076583	-49.4251	-0.00957114	7500	2e+11 0.52142
766	0.00766821	-49.5935	-0.00960374	7500	2e+11 0.521346
767	0.00767811	-49.7147	-0.00962722	7500	2e+11 0.521346
768	0.00768802	-49.8017	-0.00964405	7500	2e+11 0.521371
769	0.00769792	-49.8629	-0.00965591	7500	2e+11 0.521371
770	0.00770783	-49.9059	-0.00966424	7500	2e+11 0.521518
771	0.00771774	-49.9357	-0.00967	7500	2e+11 0.521518
772	0.00772765	-49.956	-0.00967393	7500	2e+11 0.521444
773	0.00773755	-49.9698	-0.00967661	7500	2e+11 0.521444
774	0.00774745	-49.9792	-0.00967843	7500	2e+11 0.52142
775	0.00775736	-49.9855	-0.00967965	7500	2e+11 0.521371
776	0.00776726	-49.9897	-0.00968047	7500	2e+11 0.521371
777	0.00777717	-49.9925	-0.009681	7500	2e+11 0.521322
778	0.00778708	-49.9943	-0.00968135	7500	2e+11 0.521591
779	0.00779698	-49.9954	-0.00968157	7500	2e+11 0.521591
780	0.00780688	-49.9961	-0.00968171	7500	2e+11 0.521175
781	0.00781684	-49.9966	-0.00968179	7500	2e+11 0.520588
782	0.00782676	-49.9968	-0.00968185	7500	2e+11 0.52142
783	0.00783666	-49.997	-0.00968188	7500	2e+11 0.521469
784	0.00784657	-49.9971	-0.0096819	7500	2e+11 0.521518
785	0.00785647	-49.9972	-0.00968192	7500	2e+11 0.521518
786	0.00786637	-49.9973	-0.00968193	7500	2e+11 0.52142
787	0.00787628	-49.9973	-0.00968194	7500	2e+11 0.521371
788	0.00788619	-49.9974	-0.00968195	7500	2e+11 0.521665
789	0.00789609	-49.9974	-0.00968195	7500	2e+11 0.521665
790	0.00790599	-49.9974	-0.00968195	7500	2e+11 0.521518
791	0.00791589	-49.9974	-0.00968195	7500	2e+11 0.521518
792	0.0079258	-49.9974	-0.00968195	7500	2e+11 0.521518
793	0.0079357	-49.9974	-0.00968195	7500	2e+11 0.521518
794	0.00794561	-49.9974	-0.00968195	7500	2e+11 0.521861
795	0.00795551	-49.9974	-0.00968195	7500	2e+11 0.521861
796	0.00796541	-49.9974	-0.00968195	7500	2e+11 0.521371
797	0.00797532	-49.9974	-0.00968195	7500	2e+11 0.521567
798	0.00798522	-49.9974	-0.00968195	7500	2e+11 0.521567
799	0.00799512	-49.9974	-0.00968195	7500	2e+11 0.521469
800	0.00800503	-49.9974	-0.00968195	7500	2e+11 0.521469
801	0.00801493	-49.9974	-0.00968195	7500	2e+11 0.521763
802	0.00802483	-49.9974	-0.00968195	7500	2e+11 0.521763
803	0.00803474	-49.9974	-0.00968195	7500	2e+11 0.521273
804	0.00804465	-49.9974	-0.00968195	7500	2e+11 0.521469
805	0.00805455	-49.9974	-0.00968195	7500	2e+11 0.521469
806	0.00806445	-49.9974	-0.00968195	7500	2e+11 0.521763
807	0.00807435	-49.9974	-0.00968195	7500	2e+11 0.521763
808	0.00808425	-49.9974	-0.00968195	7500	2e+11 0.521371
809	0.00809416	-49.9974	-0.00968195	7500	2e+11 0.521322
810	0.00810407	-49.9974	-0.00968195	7500	2e+11 0.521469
811	0.00811397	-49.9974	-0.00968195	7500	2e+11 0.521469
812	0.00812387	-49.9974	-0.00968195	7500	2e+11 0.52142
813	0.00813378	-49.9974	-0.00968195	7500	2e+11 0.521371
814	0.00814368	-49.9974	-0.00968195	7500	2e+11 0.521371
815	0.00815359	-49.9974	-0.00968195	7500	2e+11 0.521371
816	0.00816349	-49.9974	-0.00968195	7500	2e+11 0.521812
817	0.00817339	-49.9974	-0.00968195	7500	2e+11 0.521812
818	0.00818329	-49.9974	-0.00968195	7500	2e+11 0.521322
819	0.0081932	-49.9974	-0.00968195	7500	2e+11 0.52142
820	0.0082031	-49.9974	-0.00968195	7500	2e+11 0.521518
821	0.00821301	-49.9974	-0.00968195	7500	2e+11 0.521665
822	0.0082229	-49.9974	-0.00968195	7500	2e+11 0.521665
823	0.00823282	-49.9974	-0.00968195	7500	2e+11 0.521616
824	0.00824272	-49.9974	-0.00968195	7500	2e+11 0.521616
825	0.00825262	-49.9974	-0.00968195	7500	2e+11 0.52142
826	0.00826253	-49.9974	-0.00968195	7500	2e+11 0.521567
827	0.00827243	-49.9974	-0.00968195	7500	2e+11 0.521567
828	0.00828233	-49.9974	-0.00968195	7500	2e+11 0.52142
829	0.00829224	-49.9974	-0.00968195	7500	2e+11 0.521567
830	0.00830214	-49.9974	-0.00968195	7500	2e+11 0.521567
831	0.00831205	-49.9973	-0.00968194	7500	2e+11 0.521469
832	0.00832195	-49.9973	-0.00968194	7500	2e+11 0.521469
833	0.00833185	-49.9973	-0.00968193	7500	2e+11 0.521371
834	0.00834176	-49.9971	-0.0096819	7500	2e+11 0.521714
835	0.00835166	-49.9967	-0.00968183	7500	2e+11 0.521763
836	0.00836155	-49.9955	-0.00968159	7500	2e+11 0.521763
837	0.00837146	-49.9927	-0.00968104	7500	2e+11 0.521665
838	0.00838136	-49.9836	-0.00967927	7500	2e+11 0.521665
839	0.00839127	-49.9608	-0.00967487	7500	2e+11 0.521322
840	0.00840118	-49.9009	-0.00966327	7500	2e+11 0.521518
841	0.00841108	-49.7426	-0.00963261	7500	2e+11 0.521518
842	0.00842099	-49.2093	-0.00952935	7500	2e+11 0.52142
843	0.00843089	-48.129	-0.00932014	7500	2e+11 0.52142
844	0.0084408	-46.5484	-0.00901406	7500	2e+11 0.521175
845	0.00845071	-44.5095	-0.00861922	7500	2e+11 0.520979
846	0.00846063	-42.1083	-0.00815423	7500	2e+11 0.520832
847	0.00847055	-39.4001	-0.0076298	7500	2e+11 0.520539
848	0.00848047	-36.4543	-0.00705935	7500	2e+11 0.520197
849	0.0084904	-33.3716	-0.00646238	7500	2e+11 0.519953
850	0.00850034	-30.2255	-0.00585314	7500	2e+11 0.519612
851	0.00851029	-27.0813	-0.00524428	7500	2e+11 0.519223
852	0.00852023	-24.0052	-0.00464858	7500	2e+11 0.519223
853	0.00853019	-21.0512	-0.00407655	7500	2e+11 0.518688
854	0.00854015	-18.2685	-0.00353767	7500	2e+11 0.518543
855	0.00855012	-15.6869	-0.00303776	7500	2e+11 0.518058
856	0.00856008	-13.3244	-0.00258026	7500	2e+11 0.518058
857	0.00857006	-11.1841	-0.00216579	7500	2e+11 0.517478
858	0.00858004	-9.28127	-0.00179731	7500	2e+11 0.517478
859	0.00859003	-7.6138	-0.00147441	7500	2e+11 0.517189
860	0.00860002	-6.17487	-0.00119576	7500	2e+11 0.51714
861	0.00861	-4.95399	-0.000959337	7500	2e+11 0.51714
862	0.00861999	-3.93449	-0.000761911	7500	2e+11 0.516996
863	0.00862998	-3.08664	-0.000597726	7500	2e+11 0.516803
864	0.00863998	-2.39787	-0.000464345	7500	2e+11 0.51661
865	0.00864998	-1.84233	-0.000356765	7500	2e+11 0.516707
866	0.00865997	-1.39334	-0.000269818	7500	2e+11 0.516707
867	0.00866997	-1.0442	-0.000202209	7500	2e+11 0.516562
868	0.00867997	-0.777066	-0.000150478	7500	2e+11 0.516562
869	0.00868997	-0.570173	-0.000110414	7500	2e+11 0.516466
870	0.00869997	-0.414269	-8.02229e-05	7500	2e+11 0.516466
871	0.00870997	-0.298267	-5.77593e-05	7500	2e+11 0.516514
872	0.00871997	-0.212627	-4.1175e-05	7500	2e+11 0.51661
873	0.00872996	-0.149981	-2.90437e-05	7500	2e+11 0.51661
874	0.00873996	-0.104676	-2.02704e-05	7500	2e+11 0.516514
875	0.00874997	-0.0725464	-1.40485e-05	7500	2e+11 0.516466
876	0.00875997	-0.0498179	-9.64719e-06	7500	2e+11 0.516466
877	0.00876997	-0.0339348	-6.57144e-06	7500	2e+11 0.51661
878	0.00877996	-0.0228625	-4.4273e-06	7500	2e+11 0.51661
879	0.00878997	-0.0152432	-2.95184e-06	7500	2e+11 0.51637
880	0.00879997	-0.010099	-1.95566e-06	7500	2e+11 0.51637
881	0.00880997	-0.0066179	-1.28155e-06	7500	2e+11 0.516322
882	0.00881997	-0.00429268	-8.31273e-07	7500	2e+11 0.516803
883	0.00882997	-0.00276584	-5.35603e-07	7500	2e+11 0.516803
884	0.00883996	-0.00177399	-3.43531e-07	7500	2e+11 0.516562
885	0.00884997	-0.00112803	-2.18441e-07	7500	2e+11 0.516322
886	0.00885997	-0.00071162	-1.37805e-07	7500	2e+11 0.51637
887	0.00886997	-0.000444875	-8.61496e-08	7500	2e+11 0.51637
888	0.00887997	-0.000275061	-5.32653e-08	7500	2e+11 0.516562
889	0.00888997	-0.000168351	-3.2601e-08	7500	2e+11 0.516562
890	0.00889997	-0.000102096	-1.97707e-08	7500	2e+11 0.51637
891	0.00890997	-6.12123e-05	-1.18537e-08	7500	2e+11 0.51637
892	0.00891998	-3.63498e-05	-7.03911e-09	7500	2e+11 0.516418
893	0.00892998	-2.13962e-05	-4.14335e-09	7500	2e+11 0.516707
894	0.00893997	-1.25124e-05	-2.42302e-09	7500	2e+11 0.516707
895	0.00894997	-7.22793e-06	-1.39968e-09	7500	2e+11 0.516418
896	0.00895997	-4.10045e-06	-7.94049e-10	7500	2e+11 0.516418
897	0.00896998	-2.28096e-06	-4.41706e-10	7500	2e+11 0.516226
898	0.00897998	-1.25815e-06	-2.43639e-10	7500	2e+11 0.516466
899	0.00898998	-6.80692e-07	-1.31815e-10	7500	2e+11 0.516466
900	0.00899998	-3.57577e-07	-6.92445e-11	7500	2e+11 0.516514
901	0.00900998	-1.86581e-07	-3.61312e-11	7500	2e+11 0.51661
902	0.00901998	-9.63701e-08	-1.8662e-11	7500	2e+11 0.51661
903	0.00902997	-4.85199e-08	-9.39584e-12	7500	2e+11 0.516466
904	0.00903998	-2.39849e-08	-4.64465e-12	7500	2e+11 0.516658
905	0.00904997	-1.16424e-08	-2.25455e-12	7500	2e+11 0.516658
906	0.00905997	-5.52095e-09	-1.06913e-12	7500	2e+11 0.516418
907	0.00906997	-2.54576e-09	-4.92985e-13	7500	2e+11 0.516322
908	0.00907998	-1.15292e-09	-2.23261e-13	7500	2e+11 0.516418
909	0.00908998	-5.19381e-10	-1.00578e-13	7500	2e+11 0.516418
910	0.00909998	-2.25414e-10	-4.36513e-14	7500	2e+11 0.516418
911	0.00910998	-9.59087e-11	-1.85726e-14	7500	2e+11 0.516418
912	0.00911998	-4.05492e-11	-7.85232e-15	7500	2e+11 0.516322
913	0.00912998	-1.6726e-11	-3.23898e-15	7500	2e+11 0.516466
914	0.00913998	-6.81558e-12	-1.31983e-15	7500	2e+11 0.516466
915	0.00914998	-2.67392e-12	-5.17803e-16	7500	2e+11 0.516514
916	0.00915998	-1.04539e-12	-2.02439e-16	7500	2e+11 0.516514
917	0.00916998	-3.95977e-13	-7.66807e-17	7500	2e+11 0.516274
918	0.00917999	-1.46879e-13	-2.8443e-17	7500	2e+11 0.516466
919	0.00918998	-5.32267e-14	-1.03073e-17	7500	2e+11 0.516466
920	0.00919998	-1.91526e-14	-3.70888e-18	7500	2e+11 0.516466
921	0.00920998	-6.75981e-15	-1.30903e-18	7500	2e+11 0.516466
922	0.00921998	-2.38337e-15	-4.61538e-19	7500	2e+11 0.516562
923	0.00922998	-8.16962e-16	-1.58204e-19	7500	2e+11 0.516562
924	0.00923998	-2.76061e-16	-5.34591e-20	7500	2e+11 0.516466
925	0.00924998	-9.20881e-17	-1.78328e-20	7500	2e+11 0.516466
926	0.00925998	-2.9724e-17	-5.75602e-21	7500	2e+11 0.516562
927	0.00926998	-9.17801e-18	-1.77731e-21	7500	2e+11 0.516562
928	0.00927998	-2.83757e-18	-5.49492e-22	7500	2e+11 0.516466
929	0.00928998	-8.76308e-19	-1.69696e-22	7500	2e+11 0.516466
930	0.00929999	-2.5932e-19	-5.02171e-23	7500	2e+11 0.516466
931	0.00930998	-7.4521e-20	-1.44309e-23	7500	2e+11 0.516466
932	0.00931998	-2.12104e-20	-4.10738e-24	7500	2e+11 0.516418
933	0.00932998	-6.07887e-21	-1.17717e-24	7500	2e+11 0.516514
934	0.00933998	-1.72568e-21	-3.34176e-25	7500	2e+11 0.516514
935	0.00934999	-4.80774e-22	-9.31015e-26	7500	2e+11 0.516466
936	0.00935999	-1.28063e-22	-2.47993e-26	7500	2e+11 0.516466
937	0.00936999	-3.22279e-23	-6.2409e-27	7500	2e+11 0.516514
938	0.00937998	-7.88427e-24	-1.52678e-27	7500	2e+11 0.516514
939	0.00938999	-1.87981e-24	-3.64024e-28	7500	2e+11 0.516322
940	0.00939999	-4.36032e-25	-8.44372e-29	7500	2e+11 0.516418
941	0.00940999	-1.07931e-25	-2.09007e-29	7500	2e+11 0.516514
942	0.00941999	-2.48521e-26	-4.81259e-30	7500	2e+11 0.516514
943	0.00942999	-5.61949e-27	-1.08821e-30	7500	2e+11 0.516562
944	0.00943998	-1.20828e-27	-2.33983e-31	7500	2e+11 0.516562
945	0.00944998	-2.58702e-28	-5.00975e-32	7500	2e+11 0.51637
946	0.00945999	-5.81898e-29	-1.12684e-32	7500	2e+11 0.516274
947	0.00946999	-1.25841e-29	-2.4369e-33	7500	2e+11 0.516466
948	0.00947999	-2.54227e-30	-4.92308e-34	7500	2e+11 0.516466
949	0.00948999	-5.13927e-31	-9.95215e-35	7500	2e+11 0.516466
950	0.00949999	-1.06423e-31	-2.06088e-35	7500	2e+11 0.516322
951	0.00950999	-2.19826e-32	-4.25692e-36	7500	2e+11 0.51661
952	0.00951999	-4.60072e-33	-8.90925e-37	7500	2e+11 0.51661
953	0.00952999	-8.95338e-34	-1.73382e-37	7500	2e+11 0.51637
954	0.00954	-1.71167e-34	-3.31464e-38	7500	2e+11 0.516755
955	0.00954999	-3.29395e-35	-6.37871e-39	7500	2e+11 0.516755
956	0.00955999	-6.39221e-36	-1.23785e-39	7500	2e+11 0.51661
957	0.00956999	-1.20094e-36	-2.32561e-40	7500	2e+11 0.51661
958	0.00957999	-2.21618e-37	-4.29162e-41	7500	2e+11 0.51637
959	0.00959	-4.01396e-38	-7.773e-42	7500	2e+11 0.516562
960	0.00959999	-7.02642e-39	-1.36066e-42	7500	2e+11 0.516562
961	0.00960999	-1.22293e-39	-2.36819e-43	7500	2e+11 0.516322
962	0.00962	-1.95379e-40	-3.78351e-44	7500	2e+11 0.51661
963	0.00962999	-2.89452e-41	-5.60519e-45	7500	2e+11 0.51661
964	0.00963999	0	-0	7500	2e+11 0.516514
965	0.00964999	0	0	7500	2e+11 0.516514
966	0.00966	0	0	7500	2e+11 0.516514
967	0.00967	0	0	7500	2e+11 0.516514
968	0.00968	0	0	7500	2e+11 0.516755
969	0.00968999	0	0	7500	2e+11 0.516755
970	0.0097	0	0	7500	2e+11 0.51637
971	0.00971	0	0	7500	2e+11 0.51661
972	0.00971999	0	0	7500	2e+11 0.51661
973	0.00972999	0	0	7500	2e+11 0.516466
974	0.00974	0	0	7500	2e+11 0.516755
975	0.00974999	0	0	7500	2e+11 0.516755
976	0.00976	0	0	7500	2e+11 0.516562
977	0.00976999	0	0	7500	2e+11 0.516562
978	0.00978	0	0	7500	2e+11 0.516226
979	0.00979	0	0	7500	2e+11 0.516466
980	0.0098	0	0	7500	2e+11 0.516466
981	0.00981	0	0	7500	2e+11 0.516418
982	0.00982	0	0	7500	2e+11 0.51637
983	0.00983	0	0	7500	2e+11 0.516562
984	0.00984	0	0	7500	2e+11 0.516562
985	0.00985	0	0	7500	2e+11 0.516274
986	0.00986001	0	0	7500	2e+11 0.516947
987	0.00987	0	0	7500	2e+11 0.516947
988	0.00987999	0	0	7500	2e+11 0.516803
989	0.00988999	0	0	7500	2e+11 0.516803
990	0.0099	0	0	7500	2e+11 0.516418
991	0.00991	0	0	7500	2e+11 0.516418
992	0.00992	0	0	7500	2e+11 0.51661
993	0.00993	0	0	7500	2e+11 0.516658
994	0.00993999	0	0	7500	2e+11 0.516658
995	0.00995	0	0	7500	2e+11 0.516322
996	0.00996	0	0	7500	2e+11 0.51661
997	0.00996999	0	0	7500	2e+11 0.51661
998	0.00998	0	0	7500	2e+11 0.516514
999	0.00999	0	0	7500	2e+11 0.516514
1000	0.01	0	-0	7500	2e+11 0.516322
