0	0	0	0	7500	2e+11 0.516398
1	1e-05	0	0	7500	2e+11 0.516398
2	2e-05	0	0	7500	2e+11 0.516398
3	3e-05	0	0	7500	2e+11 0.516398
4	4e-05	0	0	7500	2e+11 0.516398
5	5e-05	0	0	7500	2e+11 0.516398
6	6e-05	0	0	7500	2e+11 0.516398
7	7e-05	0	0	7500	2e+11 0.516398
8	8e-05	0	0	7500	2e+11 0.516398
9	9e-05	0	0	7500	2e+11 0.516398
10	0.0001	0	0	7500	2e+11 0.516398
11	0.00011	0	0	7500	2e+11 0.516398
12	0.00012	0	0	7500	2e+11 0.516398
13	0.00013	0	0	7500	2e+11 0.516398
14	0.00014	0	0	7500	2e+11 0.516398
15	0.00015	0	0	7500	2e+11 0.516398
16	0.00016	0	0	7500	2e+11 0.516398
17	0.00017	0	0	7500	2e+11 0.516398
18	0.00018	0	0	7500	2e+11 0.516398
19	0.00019	0	0	7500	2e+11 0.516398
20	0.0002	0	0	7500	2e+11 0.516398
21	0.00021	0	0	7500	2e+11 0.516398
22	0.00022	0	0	7500	2e+11 0.516398
23	0.00023	0	0	7500	2e+11 0.516398
24	0.00024	0	0	7500	2e+11 0.516398
25	0.00025	0	0	7500	2e+11 0.516398
26	0.00026	0	0	7500	2e+11 0.516398
27	0.00027	0	0	7500	2e+11 0.516398
28	0.00028	0	0	7500	2e+11 0.516398
29	0.00029	0	0	7500	2e+11 0.516398
30	0.0003	0	0	7500	2e+11 0.516398
31	0.00031	0	0	7500	2e+11 0.516398
32	0.00032	0	0	7500	2e+11 0.516398
33	0.00033	0	0	7500	2e+11 0.516398
34	0.00034	0	0	7500	2e+11 0.516398
35	0.00035	0	0	7500	2e+11 0.516398
36	0.00036	0	0	7500	2e+11 0.516398
37	0.00037	0	0	7500	2e+11 0.516398
38	0.00038	0	0	7500	2e+11 0.516398
39	0.00039	0	0	7500	2e+11 0.516398
40	0.0004	0	0	7500	2e+11 0.516398
41	0.00041	0	0	7500	2e+11 0.516398
42	0.00042	0	0	7500	2e+11 0.516398
43	0.00043	0	0	7500	2e+11 0.516398
44	0.00044	0	0	7500	2e+11 0.516398
45	0.00045	0	0	7500	2e+11 0.516398
46	0.00046	0	0	7500	2e+11 0.516398
47	0.00047	0	0	7500	2e+11 0.516398
48	0.00048	0	0	7500	2e+11 0.516398
49	0.00049	0	0	7500	2e+11 0.5164
50	0.0005	0	0	7500	2e+11 0.5164
51	0.00051	0	0	7500	2e+11 0.516397
52	0.00052	0	0	7500	2e+11 0.5164
53	0.00053	0	0	7500	2e+11 0.5164
54	0.00054	0	0	7500	2e+11 0.516397
55	0.00055	0	0	7500	2e+11 0.5164
56	0.00056	0	0	7500	2e+11 0.5164
57	0.00057	0	0	7500	2e+11 0.516397
58	0.00058	0	0	7500	2e+11 0.516397
59	0.00059	0	0	7500	2e+11 0.5164
60	0.0006	0	0	7500	2e+11 0.5164
61	0.00061	0	0	7500	2e+11 0.516397
62	0.00062	0	0	7500	2e+11 0.5164
63	0.00063	0	0	7500	2e+11 0.5164
64	0.00064	0	0	7500	2e+11 0.516397
65	0.00065	0	0	7500	2e+11 0.5164
66	0.00066	0	0	7500	2e+11 0.5164
67	0.00067	0	0	7500	2e+11 0.516397
68	0.00068	0	0	7500	2e+11 0.5164
69	0.00069	0	0	7500	2e+11 0.5164
70	0.0007	0	0	7500	2e+11 0.516397
71	0.00071	0	0	7500	2e+11 0.516397
72	0.00072	0	0	7500	2e+11 0.5164
73	0.00073	0	0	7500	2e+11 0.5164
74	0.00074	0	0	7500	2e+11 0.516397
75	0.00075	0	0	7500	2e+11 0.5164
76	0.00076	0	0	7500	2e+11 0.5164
77	0.00077	0	0	7500	2e+11 0.516397
78	0.00078	0	0	7500	2e+11 0.5164
79	0.00079	0	0	7500	2e+11 0.5164
80	0.0008	0	0	7500	2e+11 0.516397
81	0.00081	0	0	7500	2e+11 0.5164
82	0.00082	0	0	7500	2e+11 0.5164
83	0.00083	0	0	7500	2e+11 0.516397
84	0.00084	0	0	7500	2e+11 0.5164
85	0.00085	0	0	7500	2e+11 0.5164
86	0.00086	0	0	7500	2e+11 0.516397
87	0.00087	0	0	7500	2e+11 0.5164
88	0.00088	0	0	7500	2e+11 0.5164
89	0.00089	0	0	7500	2e+11 0.516397
90	0.0009	0	0	7500	2e+11 0.516397
91	0.00091	0	0	7500	2e+11 0.5164
92	0.00092	0	0	7500	2e+11 0.5164
93	0.00093	0	0	7500	2e+11 0.516397
94	0.00094	0	0	7500	2e+11 0.5164
95	0.00095	0	0	7500	2e+11 0.5164
96	0.00096	0	0	7500	2e+11 0.516397
97	0.00097	0	0	7500	2e+11 0.516397
98	0.00098	0	0	7500	2e+11 0.5164
99	0.00099	0	0	7500	2e+11 0.5164
100	0.001	0	0	7500	2e+11 0.5164
101	0.00101	0	0	7500	2e+11 0.5164
102	0.00102	0	0	7500	2e+11 0.5164
103	0.00103	0	0	7500	2e+11 0.5164
104	0.00104	0	0	7500	2e+11 0.5164
105	0.00105	0	0	7500	2e+11 0.5164
106	0.00106	0	0	7500	2e+11 0.5164
107	0.00107	0	0	7500	2e+11 0.5164
108	0.00108	0	0	7500	2e+11 0.5164
109	0.00109	0	0	7500	2e+11 0.5164
110	0.0011	0	0	7500	2e+11 0.5164
111	0.00111	0	0	7500	2e+11 0.5164
112	0.00112	0	0	7500	2e+11 0.5164
113	0.00113	0	0	7500	2e+11 0.5164
114	0.00114	0	0	7500	2e+11 0.5164
115	0.00115	0	0	7500	2e+11 0.5164
116	0.00116	0	0	7500	2e+11 0.5164
117	0.00117	0	0	7500	2e+11 0.5164
118	0.00118	0	0	7500	2e+11 0.5164
119	0.00119	0	0	7500	2e+11 0.5164
120	0.0012	0	0	7500	2e+11 0.5164
121	0.00121	0	0	7500	2e+11 0.5164
122	0.00122	0	0	7500	2e+11 0.5164
123	0.00123	0	0	7500	2e+11 0.5164
124	0.00124	0	0	7500	2e+11 0.5164
125	0.00125	0	0	7500	2e+11 0.5164
126	0.00126	0	0	7500	2e+11 0.5164
127	0.00127	0	0	7500	2e+11 0.5164
128	0.00128	0	0	7500	2e+11 0.5164
129	0.00129	0	0	7500	2e+11 0.5164
130	0.0013	0	0	7500	2e+11 0.5164
131	0.00131	0	0	7500	2e+11 0.5164
132	0.00132	0	0	7500	2e+11 0.5164
133	0.00133	0	0	7500	2e+11 0.5164
134	0.00134	0	0	7500	2e+11 0.5164
135	0.00135	0	0	7500	2e+11 0.5164
136	0.00136	0	0	7500	2e+11 0.5164
137	0.00137	0	0	7500	2e+11 0.5164
138	0.00138	0	0	7500	2e+11 0.5164
139	0.00139	0	0	7500	2e+11 0.5164
140	0.0014	0	0	7500	2e+11 0.5164
141	0.00141	0	0	7500	2e+11 0.5164
142	0.00142	0	0	7500	2e+11 0.5164
143	0.00143	0	0	7500	2e+11 0.5164
144	0.00144	0	0	7500	2e+11 0.5164
145	0.00145	0	0	7500	2e+11 0.5164
146	0.00146	0	0	7500	2e+11 0.5164
147	0.00147	0	0	7500	2e+11 0.5164
148	0.00148	0	0	7500	2e+11 0.5164
149	0.00149	0	0	7500	2e+11 0.5164
150	0.0015	0	0	7500	2e+11 0.5164
151	0.00151	0	0	7500	2e+11 0.5164
152	0.00152	0	0	7500	2e+11 0.5164
153	0.00153	0	0	7500	2e+11 0.5164
154	0.00154	0	0	7500	2e+11 0.5164
155	0.00155	0	0	7500	2e+11 0.5164
156	0.00156	0	0	7500	2e+11 0.5164
157	0.00157	0	0	7500	2e+11 0.5164
158	0.00158	0	0	7500	2e+11 0.5164
159	0.00159	0	0	7500	2e+11 0.5164
160	0.0016	0	0	7500	2e+11 0.5164
161	0.00161	0	0	7500	2e+11 0.5164
162	0.00162	0	0	7500	2e+11 0.5164
163	0.00163	0	0	7500	2e+11 0.5164
164	0.00164	0	0	7500	2e+11 0.5164
165	0.00165	0	0	7500	2e+11 0.5164
166	0.00166	0	0	7500	2e+11 0.5164
167	0.00167	0	0	7500	2e+11 0.5164
168	0.00168	0	0	7500	2e+11 0.5164
169	0.00169	0	0	7500	2e+11 0.5164
170	0.0017	0	0	7500	2e+11 0.5164
171	0.00171	0	0	7500	2e+11 0.5164
172	0.00172	0	0	7500	2e+11 0.5164
173	0.00173	0	0	7500	2e+11 0.5164
174	0.00174	0	0	7500	2e+11 0.5164
175	0.00175	0	0	7500	2e+11 0.5164
176	0.00176	0	0	7500	2e+11 0.5164
177	0.00177	0	0	7500	2e+11 0.5164
178	0.00178	0	0	7500	2e+11 0.5164
179	0.00179	0	0	7500	2e+11 0.5164
180	0.0018	0	0	7500	2e+11 0.5164
181	0.00181	0	0	7500	2e+11 0.5164
182	0.00182	0	0	7500	2e+11 0.5164
183	0.00183	0	0	7500	2e+11 0.5164
184	0.00184	0	0	7500	2e+11 0.5164
185	0.00185	0	0	7500	2e+11 0.5164
186	0.00186	0	0	7500	2e+11 0.5164
187	0.00187	0	0	7500	2e+11 0.5164
188	0.00188	0	0	7500	2e+11 0.5164
189	0.00189	0	0	7500	2e+11 0.5164
190	0.0019	0	0	7500	2e+11 0.5164
191	0.00191	0	0	7500	2e+11 0.5164
192	0.00192	0	0	7500	2e+11 0.5164
193	0.00193	0	0	7500	2e+11 0.5164
194	0.00194	0	0	7500	2e+11 0.5164
195	0.00195	0	0	7500	2e+11 0.5164
196	0.00196	0	0	7500	2e+11 0.516406
197	0.00197	0	0	7500	2e+11 0.516406
198	0.00198	0	0	7500	2e+11 0.516394
199	0.00199	0	0	7500	2e+11 0.516406
200	0.002	0	0	7500	2e+11 0.516406
201	0.00201	0	0	7500	2e+11 0.516394
202	0.00202	0	0	7500	2e+11 0.516406
203	0.00203	0	0	7500	2e+11 0.516406
204	0.00204	0	0	7500	2e+11 0.516394
205	0.00205	0	0	7500	2e+11 0.516406
206	0.00206	0	0	7500	2e+11 0.516406
207	0.00207	0	0	7500	2e+11 0.516394
208	0.00208	0	0	7500	2e+11 0.516406
209	0.00209	0	0	7500	2e+11 0.516406
210	0.0021	0	0	7500	2e+11 0.516394
211	0.00211	0	0	7500	2e+11 0.516406
212	0.00212	0	0	7500	2e+11 0.516406
213	0.00213	0	0	7500	2e+11 0.516394
214	0.00214	0	0	7500	2e+11 0.516406
215	0.00215	0	0	7500	2e+11 0.516406
216	0.00216	0	0	7500	2e+11 0.516394
217	0.00217	0	0	7500	2e+11 0.516406
218	0.00218	0	0	7500	2e+11 0.516406
219	0.00219	0	0	7500	2e+11 0.516394
220	0.0022	0	0	7500	2e+11 0.516406
221	0.00221	0	0	7500	2e+11 0.516406
222	0.00222	4.1131e-38	7.96498e-42	7500	2e+11 0.516394
223	0.00223	1.29783e-37	2.51323e-41	7500	2e+11 0.516406
224	0.00224	2.49897e-37	4.83924e-41	7500	2e+11 0.516406
225	0.00225	3.84355e-37	7.443e-41	7500	2e+11 0.516394
226	0.00226	5.14391e-37	9.96113e-41	7500	2e+11 0.516394
227	0.00227	6.19707e-37	1.20006e-40	7500	2e+11 0.516406
228	0.00228	7.00906e-37	1.3573e-40	7500	2e+11 0.516406
229	0.00229	7.2362e-37	1.40128e-40	7500	2e+11 0.516394
230	0.0023	1.61007e-36	3.11789e-40	7500	2e+11 0.516406
231	0.00231	5.06536e-36	9.80902e-40	7500	2e+11 0.516406
232	0.00232	1.33867e-35	2.59232e-39	7500	2e+11 0.516394
233	0.00233	5.78911e-35	1.12106e-38	7500	2e+11 0.516406
234	0.00234	1.45043e-34	2.80876e-38	7500	2e+11 0.516406
235	0.00235	3.88133e-34	7.51616e-38	7500	2e+11 0.516394
236	0.00236	9.98574e-34	1.93373e-37	7500	2e+11 0.516406
237	0.00237	2.96708e-33	5.74573e-37	7500	2e+11 0.516406
238	0.00238	7.38796e-33	1.43067e-36	7500	2e+11 0.516394
239	0.00239	2.01341e-32	3.89896e-36	7500	2e+11 0.516406
240	0.0024	5.31565e-32	1.02937e-35	7500	2e+11 0.516406
241	0.00241	1.66667e-31	3.22749e-35	7500	2e+11 0.516394
242	0.00242	3.91661e-31	7.58449e-35	7500	2e+11 0.516406
243	0.00243	1.07055e-30	2.07312e-34	7500	2e+11 0.516406
244	0.00244	2.43937e-30	4.72382e-34	7500	2e+11 0.516394
245	0.00245	7.46617e-30	1.44582e-33	7500	2e+11 0.516406
246	0.00246	1.95226e-29	3.78054e-33	7500	2e+11 0.516406
247	0.00247	4.90163e-29	9.49198e-33	7500	2e+11 0.516394
248	0.00248	1.35707e-28	2.62795e-32	7500	2e+11 0.516406
249	0.00249	4.31934e-28	8.36436e-32	7500	2e+11 0.516406
250	0.0025	9.41893e-28	1.82397e-31	7500	2e+11 0.516394
251	0.00251	3.17784e-27	6.15386e-31	7500	2e+11 0.516406
252	0.00252	9.03975e-27	1.75054e-30	7500	2e+11 0.516406
253	0.00253	2.32356e-26	4.49956e-30	7500	2e+11 0.516394
254	0.00254	6.02874e-26	1.16746e-29	7500	2e+11 0.516406
255	0.00255	1.50499e-25	2.91441e-29	7500	2e+11 0.516406
256	0.00256	6.00556e-25	1.16297e-28	7500	2e+11 0.516394
257	0.00257	1.57926e-24	3.05821e-28	7500	2e+11 0.516406
258	0.00258	3.9317e-24	7.61371e-28	7500	2e+11 0.516406
259	0.00259	1.01221e-23	1.96013e-27	7500	2e+11 0.516394
260	0.0026	2.75178e-23	5.3288e-27	7500	2e+11 0.516406
261	0.00261	9.81928e-23	1.9015e-26	7500	2e+11 0.516406
262	0.00262	2.59633e-22	5.02778e-26	7500	2e+11 0.516394
263	0.00263	8.08787e-22	1.56621e-25	7500	2e+11 0.516406
264	0.00264	2.1189e-21	4.10322e-25	7500	2e+11 0.516406
265	0.00265	5.18709e-21	1.00447e-24	7500	2e+11 0.516394
266	0.00266	1.3086e-20	2.5341e-24	7500	2e+11 0.516406
267	0.00267	3.67582e-20	7.11819e-24	7500	2e+11 0.516406
268	0.00268	1.15164e-19	2.23015e-23	7500	2e+11 0.516394
269	0.00269	3.61279e-19	6.99614e-23	7500	2e+11 0.516406
270	0.0027	8.77933e-19	1.70011e-22	7500	2e+11 0.516406
271	0.00271	2.79221e-18	5.40709e-22	7500	2e+11 0.516394
272	0.00272	7.54056e-18	1.46022e-21	7500	2e+11 0.516406
273	0.00273	2.12417e-17	4.11343e-21	7500	2e+11 0.516406
274	0.00274	5.91377e-17	1.1452e-20	7500	2e+11 0.516394
275	0.00275	1.56306e-16	3.02685e-20	7500	2e+11 0.516406
276	0.00276	4.16881e-16	8.07287e-20	7500	2e+11 0.516406
277	0.00277	1.24271e-15	2.40651e-19	7500	2e+11 0.516394
278	0.00278	3.09958e-15	6.00232e-19	7500	2e+11 0.516406
279	0.00279	8.12286e-15	1.57299e-18	7500	2e+11 0.516406
280	0.0028	2.18313e-14	4.22761e-18	7500	2e+11 0.516394
281	0.00281	6.70499e-14	1.29842e-17	7500	2e+11 0.516406
282	0.00282	1.66582e-13	3.22584e-17	7500	2e+11 0.516406
283	0.00283	4.94021e-13	9.56667e-17	7500	2e+11 0.516394
284	0.00284	1.3793e-12	2.671e-16	7500	2e+11 0.516406
285	0.00285	3.44227e-12	6.66592e-16	7500	2e+11 0.516406
286	0.00286	1.12193e-11	2.17261e-15	7500	2e+11 0.516394
287	0.00287	3.12411e-11	6.04982e-15	7500	2e+11 0.516394
288	0.00288	9.07334e-11	1.75704e-14	7500	2e+11 0.516406
289	0.00289	2.02216e-10	3.9159e-14	7500	2e+11 0.516406
290	0.0029	5.15536e-10	9.98331e-14	7500	2e+11 0.516394
291	0.00291	1.52457e-09	2.95232e-13	7500	2e+11 0.516406
292	0.00292	4.80299e-09	9.30094e-13	7500	2e+11 0.516406
293	0.00293	1.12264e-08	2.17399e-12	7500	2e+11 0.516394
294	0.00294	4.57979e-08	8.86872e-12	7500	2e+11 0.516406
295	0.00295	1.15498e-07	2.23661e-11	7500	2e+11 0.516406
296	0.00296	3.13844e-07	6.07757e-11	7500	2e+11 0.516394
297	0.00297	9.64436e-07	1.86762e-10	7500	2e+11 0.516406
298	0.00298	2.47195e-06	4.78692e-10	7500	2e+11 0.516406
299	0.00299	6.65338e-06	1.28842e-09	7500	2e+11 0.516394
300	0.003	1.46459e-05	2.83617e-09	7500	2e+11 0.516406
301	0.00301	4.52761e-05	8.76769e-09	7500	2e+11 0.516406
302	0.00302	0.0001219	2.36059e-08	7500	2e+11 0.516394
303	0.00303	0.000341953	6.62188e-08	7500	2e+11 0.516406
304	0.00304	0.000831517	1.61023e-07	7500	2e+11 0.516406
305	0.00305	0.00290493	5.62537e-07	7500	2e+11 0.516394
306	0.00306	0.00780392	1.51122e-06	7500	2e+11 0.516406
307	0.00307	0.0231649	4.48587e-06	7500	2e+11 0.516406
308	0.00308	0.0546196	1.0577e-05	7500	2e+11 0.516394
309	0.00309	0.163519	3.16653e-05	7500	2e+11 0.516394
310	0.0031	0.456987	8.84951e-05	7500	2e+11 0.516382
311	0.00311	1.37562	0.000266387	7500	2e+11 0.516334
312	0.00312001	3.04837	0.000590314	7500	2e+11 0.516213
313	0.00313001	5.3842	0.00104265	7500	2e+11 0.516045
314	0.00314002	8.26572	0.00160065	7500	2e+11 0.515805
315	0.00315004	11.5578	0.00223816	7500	2e+11 0.515494
316	0.00316007	15.1261	0.00292915	7500	2e+11 0.515146
317	0.0031701	18.836	0.00364758	7500	2e+11 0.514835
318	0.00318013	22.5659	0.00436987	7500	2e+11 0.514406
319	0.00319018	26.2079	0.00507513	7500	2e+11 0.514108
320	0.00320023	29.6714	0.00574584	7500	2e+11 0.513703
321	0.00321029	32.8863	0.0063684	7500	2e+11 0.513382
322	0.00322036	35.8066	0.00693391	7500	2e+11 0.513037
323	0.00323043	38.4054	0.00743717	7500	2e+11 0.5128
324	0.0032405	40.6703	0.00787576	7500	2e+11 0.512492
325	0.00325058	42.6042	0.00825027	7500	2e+11 0.51235
326	0.00326066	44.2263	0.00856438	7500	2e+11 0.512101
327	0.00327075	45.5594	0.00882254	7500	2e+11 0.511995
328	0.00328084	46.6354	0.00903091	7500	2e+11 0.511877
329	0.00329093	47.4882	0.00919605	7500	2e+11 0.5117
330	0.00330102	48.152	0.0093246	7500	2e+11 0.511688
331	0.00331112	48.6598	0.00942292	7500	2e+11 0.511641
332	0.00332121	49.0421	0.00949697	7500	2e+11 0.511523
333	0.00333131	49.3253	0.00955181	7500	2e+11 0.511535
334	0.0033414	49.5313	0.0095917	7500	2e+11 0.511535
335	0.0033515	49.679	0.00962031	7500	2e+11 0.511464
336	0.0033616	49.7835	0.00964052	7500	2e+11 0.511464
337	0.00337169	49.8561	0.00965459	7500	2e+11 0.511464
338	0.00338179	49.9058	0.00966423	7500	2e+11 0.511499
339	0.00339188	49.9395	0.00967074	7500	2e+11 0.511499
340	0.00340198	49.9619	0.00967509	7500	2e+11 0.51144
341	0.00341208	49.9767	0.00967795	7500	2e+11 0.511405
342	0.00342218	49.9863	0.00967981	7500	2e+11 0.511499
343	0.00343227	49.9925	0.00968101	7500	2e+11 0.511499
344	0.00344237	49.9964	0.00968177	7500	2e+11 0.511476
345	0.00345247	49.9989	0.00968225	7500	2e+11 0.511476
346	0.00346257	50.0005	0.00968255	7500	2e+11 0.511452
347	0.00347266	50.0014	0.00968273	7500	2e+11 0.511452
348	0.00348276	50.002	0.00968284	7500	2e+11 0.511476
349	0.00349286	50.0023	0.00968291	7500	2e+11 0.511476
350	0.00350295	50.0025	0.00968294	7500	2e+11 0.51144
351	0.00351305	50.0026	0.00968296	7500	2e+11 0.51144
352	0.00352315	50.0026	0.00968296	7500	2e+11 0.511452
353	0.00353325	50.0026	0.00968296	7500	2e+11 0.511452
354	0.00354334	50.0026	0.00968296	7500	2e+11 0.511428
355	0.00355344	50.0026	0.00968296	7500	2e+11 0.511511
356	0.00356354	50.0026	0.00968296	7500	2e+11 0.511511
357	0.00357363	50.0026	0.00968296	7500	2e+11 0.511417
358	0.00358373	50.0026	0.00968296	7500	2e+11 0.511452
359	0.00359383	50.0026	0.00968296	7500	2e+11 0.511452
360	0.00360393	50.0026	0.00968296	7500	2e+11 0.51144
361	0.00361402	50.0026	0.00968296	7500	2e+11 0.511452
362	0.00362412	50.0026	0.00968296	7500	2e+11 0.511452
363	0.00363422	50.0026	0.00968296	7500	2e+11 0.511452
364	0.00364431	50.0026	0.00968296	7500	2e+11 0.511452
365	0.00365441	50.0026	0.00968296	7500	2e+11 0.511464
366	0.00366451	50.0026	0.00968296	7500	2e+11 0.511464
367	0.00367461	50.0026	0.00968296	7500	2e+11 0.511511
368	0.0036847	50.0026	0.00968296	7500	2e+11 0.511511
369	0.0036948	50.0026	0.00968296	7500	2e+11 0.511417
370	0.0037049	50.0026	0.00968296	7500	2e+11 0.511452
371	0.00371499	50.0026	0.00968296	7500	2e+11 0.511452
372	0.00372509	50.0026	0.00968296	7500	2e+11 0.51144
373	0.00373519	50.0026	0.00968296	7500	2e+11 0.51144
374	0.00374529	50.0026	0.00968296	7500	2e+11 0.511464
375	0.00375538	50.0026	0.00968296	7500	2e+11 0.511464
376	0.00376548	50.0026	0.00968296	7500	2e+11 0.51144
377	0.00377558	50.0026	0.00968296	7500	2e+11 0.51144
378	0.00378567	50.0026	0.00968296	7500	2e+11 0.51144
379	0.00379577	50.0026	0.00968296	7500	2e+11 0.511464
380	0.00380587	50.0026	0.00968296	7500	2e+11 0.511464
381	0.00381597	50.0026	0.00968296	7500	2e+11 0.511476
382	0.00382606	50.0026	0.00968295	7500	2e+11 0.511476
383	0.00383616	50.0025	0.00968295	7500	2e+11 0.511417
384	0.00384626	50.0025	0.00968295	7500	2e+11 0.511452
385	0.00385635	50.0025	0.00968295	7500	2e+11 0.511452
386	0.00386645	50.0025	0.00968295	7500	2e+11 0.511476
387	0.00387655	50.0025	0.00968295	7500	2e+11 0.511476
388	0.00388665	50.0025	0.00968295	7500	2e+11 0.511452
389	0.00389674	50.0025	0.00968295	7500	2e+11 0.51157
390	0.00390684	50.0025	0.00968295	7500	2e+11 0.512551
391	0.00391691	50.0025	0.00968295	7500	2e+11 0.512551
392	0.00392701	50.0025	0.00968295	7500	2e+11 0.511464
393	0.00393711	50.0025	0.00968295	7500	2e+11 0.511464
394	0.0039472	50.0025	0.00968294	7500	2e+11 0.511464
395	0.0039573	50.0025	0.00968294	7500	2e+11 0.511487
396	0.0039674	50.0025	0.00968294	7500	2e+11 0.511487
397	0.0039775	50.0025	0.00968294	7500	2e+11 0.511487
398	0.00398759	50.0025	0.00968294	7500	2e+11 0.511487
399	0.00399769	50.0025	0.00968294	7500	2e+11 0.511487
400	0.00400778	50.0025	0.00968294	7500	2e+11 0.511487
401	0.00401788	50.0025	0.00968294	7500	2e+11 0.511487
402	0.00402798	50.0025	0.00968293	7500	2e+11 0.511487
403	0.00403807	50.0024	0.00968292	7500	2e+11 0.511464
404	0.00404817	50.0022	0.00968288	7500	2e+11 0.511511
405	0.00405827	50.0016	0.00968277	7500	2e+11 0.511511
406	0.00406836	49.9996	0.00968238	7500	2e+11 0.511417
407	0.00407846	49.9951	0.0096815	7500	2e+11 0.511464
408	0.00408856	49.9812	0.00967883	7500	2e+11 0.511464
409	0.00409865	49.9538	0.00967352	7500	2e+11 0.511464
410	0.00410875	49.8516	0.00965373	7500	2e+11 0.511464
411	0.00411885	49.5857	0.00960223	7500	2e+11 0.51144
412	0.00412894	48.8537	0.00946048	7500	2e+11 0.511629
413	0.00413904	46.8451	0.00907151	7500	2e+11 0.511794
414	0.00414913	43.67	0.00845666	7500	2e+11 0.512172
415	0.00415921	39.601	0.00766871	7500	2e+11 0.512575
416	0.00416928	34.961	0.00677017	7500	2e+11 0.512978
417	0.00417935	30.0821	0.00582537	7500	2e+11 0.513596
418	0.00418941	25.2662	0.00489279	7500	2e+11 0.514
419	0.00419945	20.7429	0.00401684	7500	2e+11 0.514334
420	0.00420949	16.6691	0.00322795	7500	2e+11 0.514788
421	0.00421952	13.133	0.00254319	7500	2e+11 0.515218
422	0.00422955	10.1594	0.00196737	7500	2e+11 0.515338
423	0.00423957	7.724	0.00149575	7500	2e+11 0.515697
424	0.00424958	5.78221	0.00111972	7500	2e+11 0.515865
425	0.00425959	4.26333	0.00082559	7500	2e+11 0.516009
426	0.0042696	3.09573	0.000599486	7500	2e+11 0.516129
427	0.0042796	2.21622	0.00042917	7500	2e+11 0.516201
428	0.00428961	1.56662	0.000303376	7500	2e+11 0.51625
429	0.00429961	1.09212	0.000211487	7500	2e+11 0.516274
430	0.00430961	0.752476	0.000145716	7500	2e+11 0.51649
431	0.00431961	0.51149	9.90496e-05	7500	2e+11 0.51649
432	0.00432961	0.343161	6.64529e-05	7500	2e+11 0.516322
433	0.00433961	0.227686	4.40913e-05	7500	2e+11 0.51637
434	0.00434962	0.149297	2.89112e-05	7500	2e+11 0.516394
435	0.00435962	0.0967708	1.87396e-05	7500	2e+11 0.516394
436	0.00436962	0.0620344	1.20129e-05	7500	2e+11 0.516466
437	0.00437961	0.0393189	7.61407e-06	7500	2e+11 0.516466
438	0.00438961	0.0246398	4.77147e-06	7500	2e+11 0.51637
439	0.00439962	0.0152633	2.95573e-06	7500	2e+11 0.516514
440	0.00440961	0.00934181	1.80903e-06	7500	2e+11 0.516514
441	0.00441961	0.00565826	1.09572e-06	7500	2e+11 0.516394
442	0.00442961	0.0033913	6.56722e-07	7500	2e+11 0.516418
443	0.00443961	0.00200973	3.89182e-07	7500	2e+11 0.516418
444	0.00444962	0.00117693	2.27912e-07	7500	2e+11 0.516418
445	0.00445962	0.000681411	1.31955e-07	7500	2e+11 0.516418
446	0.00446962	0.000391103	7.57367e-08	7500	2e+11 0.516394
447	0.00447962	0.000222215	4.30318e-08	7500	2e+11 0.51649
448	0.00448962	0.000124914	2.41896e-08	7500	2e+11 0.51649
449	0.00449961	6.95077e-05	1.34601e-08	7500	2e+11 0.516418
450	0.00450962	3.8333e-05	7.42316e-09	7500	2e+11 0.516514
451	0.00451961	2.09001e-05	4.04728e-09	7500	2e+11 0.516514
452	0.00452961	1.12802e-05	2.18441e-09	7500	2e+11 0.516418
453	0.00453962	6.03047e-06	1.1678e-09	7500	2e+11 0.516466
454	0.00454961	3.19335e-06	6.1839e-10	7500	2e+11 0.516514
455	0.00455961	1.6727e-06	3.23916e-10	7500	2e+11 0.516514
456	0.00456962	8.6863e-07	1.6821e-10	7500	2e+11 0.516442
457	0.00457962	4.46995e-07	8.65603e-11	7500	2e+11 0.516442
458	0.00458962	2.28052e-07	4.41621e-11	7500	2e+11 0.516394
459	0.00459962	1.14906e-07	2.22515e-11	7500	2e+11 0.51649
460	0.00460961	5.7185e-08	1.10738e-11	7500	2e+11 0.51649
461	0.00461961	2.81823e-08	5.45748e-12	7500	2e+11 0.516442
462	0.00462962	1.37709e-08	2.66672e-12	7500	2e+11 0.516394
463	0.00463962	6.68808e-09	1.29514e-12	7500	2e+11 0.51649
464	0.00464961	3.2239e-09	6.24305e-13	7500	2e+11 0.51649
465	0.00465961	1.53381e-09	2.9702e-13	7500	2e+11 0.516442
466	0.00466961	7.23697e-10	1.40143e-13	7500	2e+11 0.516394
467	0.00467961	3.38136e-10	6.54797e-14	7500	2e+11 0.516466
468	0.00468961	1.56325e-10	3.02721e-14	7500	2e+11 0.516466
469	0.00469962	7.16429e-11	1.38736e-14	7500	2e+11 0.516466
470	0.00470961	3.2574e-11	6.30793e-15	7500	2e+11 0.516466
471	0.00471962	1.46368e-11	2.83441e-15	7500	2e+11 0.516346
472	0.00472962	6.51292e-12	1.26122e-15	7500	2e+11 0.51661
473	0.00473961	2.86886e-12	5.55551e-16	7500	2e+11 0.51661
474	0.00474961	1.25049e-12	2.42156e-16	7500	2e+11 0.516394
475	0.00475961	5.4343e-13	1.05235e-16	7500	2e+11 0.516346
476	0.00476961	2.33298e-13	4.51779e-17	7500	2e+11 0.516394
477	0.00477961	9.91115e-14	1.91929e-17	7500	2e+11 0.516538
478	0.00478961	4.17182e-14	8.0787e-18	7500	2e+11 0.516538
479	0.00479961	1.7436e-14	3.37648e-18	7500	2e+11 0.516346
480	0.00480961	7.25898e-15	1.4057e-18	7500	2e+11 0.516442
481	0.00481961	2.98279e-15	5.77615e-19	7500	2e+11 0.516442
482	0.00482961	1.2096e-15	2.34238e-19	7500	2e+11 0.516418
483	0.00483961	4.8814e-16	9.45279e-20	7500	2e+11 0.516442
484	0.00484961	1.94657e-16	3.76952e-20	7500	2e+11 0.516442
485	0.00485961	7.71703e-17	1.4944e-20	7500	2e+11 0.516442
486	0.00486961	3.02685e-17	5.86147e-21	7500	2e+11 0.516442
487	0.00487961	1.18235e-17	2.2896e-21	7500	2e+11 0.516466
488	0.00488961	4.55397e-18	8.81872e-22	7500	2e+11 0.516466
489	0.00489962	1.74357e-18	3.37641e-22	7500	2e+11 0.516442
490	0.00490962	6.62737e-19	1.28339e-22	7500	2e+11 0.51649
491	0.00491961	2.49138e-19	4.82454e-23	7500	2e+11 0.51649
492	0.00492961	9.32267e-20	1.80533e-23	7500	2e+11 0.516418
493	0.00493961	3.43902e-20	6.65963e-24	7500	2e+11 0.516418
494	0.00494961	1.26122e-20	2.44234e-24	7500	2e+11 0.516418
495	0.00495961	4.56838e-21	8.84663e-25	7500	2e+11 0.516538
496	0.00496961	1.64219e-21	3.18009e-25	7500	2e+11 0.516538
497	0.00497961	5.8798e-22	1.13862e-25	7500	2e+11 0.516442
498	0.00498961	2.07446e-22	4.01718e-26	7500	2e+11 0.516394
499	0.00499961	7.25427e-23	1.40478e-26	7500	2e+11 0.516418
500	0.00500961	2.51122e-23	4.86295e-27	7500	2e+11 0.516442
501	0.00501961	8.65963e-24	1.67693e-27	7500	2e+11 0.516442
502	0.00502961	2.96009e-24	5.73219e-28	7500	2e+11 0.516418
503	0.00503961	1.00217e-24	1.94069e-28	7500	2e+11 0.516418
504	0.00504961	3.35758e-25	6.50192e-29	7500	2e+11 0.516418
505	0.00505961	1.11624e-25	2.16159e-29	7500	2e+11 0.516418
506	0.00506961	3.66713e-26	7.10137e-30	7500	2e+11 0.516586
507	0.00507961	1.1998e-26	2.3234e-30	7500	2e+11 0.516586
508	0.00508961	3.90377e-27	7.55962e-31	7500	2e+11 0.51637
509	0.00509961	1.25839e-27	2.43686e-31	7500	2e+11 0.516394
510	0.00510961	4.00854e-28	7.7625e-32	7500	2e+11 0.516394
511	0.00511961	1.25542e-28	2.4311e-32	7500	2e+11 0.516442
512	0.00512961	3.89153e-29	7.53592e-33	7500	2e+11 0.516442
513	0.00513961	1.19624e-29	2.31651e-33	7500	2e+11 0.516466
514	0.00514961	3.6344e-30	7.03798e-34	7500	2e+11 0.516466
515	0.00515961	1.09938e-30	2.12893e-34	7500	2e+11 0.516514
516	0.00516961	3.32329e-31	6.43553e-35	7500	2e+11 0.516514
517	0.00517961	9.932e-32	1.92332e-35	7500	2e+11 0.516418
518	0.00518961	2.94599e-32	5.70489e-36	7500	2e+11 0.516394
519	0.00519961	8.59555e-33	1.66452e-36	7500	2e+11 0.516442
520	0.00520961	2.50131e-33	4.84377e-37	7500	2e+11 0.51649
521	0.00521961	7.24609e-34	1.4032e-37	7500	2e+11 0.51649
522	0.00522961	2.07984e-34	4.0276e-38	7500	2e+11 0.516418
523	0.00523961	5.93184e-35	1.1487e-38	7500	2e+11 0.516418
524	0.00524961	1.66818e-35	3.23042e-39	7500	2e+11 0.51649
525	0.00525961	4.66824e-36	9.04e-40	7500	2e+11 0.51649
526	0.00526961	1.2834e-36	2.4853e-40	7500	2e+11 0.516418
527	0.00527961	3.5033e-37	6.78411e-41	7500	2e+11 0.516562
528	0.00528961	9.42235e-38	1.82463e-41	7500	2e+11 0.516562
529	0.00529961	2.52112e-38	4.88212e-42	7500	2e+11 0.516466
530	0.00530961	6.69355e-39	1.2962e-42	7500	2e+11 0.516466
531	0.00531961	1.74394e-39	3.37713e-43	7500	2e+11 0.516442
532	0.00532961	4.4865e-40	8.68805e-44	7500	2e+11 0.516442
533	0.00533961	1.01308e-40	1.96182e-44	7500	2e+11 0.516394
534	0.00534961	1.44726e-41	2.8026e-45	7500	2e+11 0.516466
535	0.00535961	0	0	7500	2e+11 0.516466
536	0.00536961	0	0	7500	2e+11 0.516418
537	0.00537961	0	0	7500	2e+11 0.516466
538	0.00538961	0	0	7500	2e+11 0.516466
539	0.00539961	0	0	7500	2e+11 0.516466
540	0.00540961	0	0	7500	2e+11 0.516466
541	0.00541961	0	0	7500	2e+11 0.516394
542	0.00542961	0	0	7500	2e+11 0.51649
543	0.00543961	0	0	7500	2e+11 0.51649
544	0.00544961	0	0	7500	2e+11 0.51637
545	0.00545961	0	0	7500	2e+11 0.51649
546	0.00546961	0	0	7500	2e+11 0.51649
547	0.00547961	0	0	7500	2e+11 0.516418
548	0.00548961	0	0	7500	2e+11 0.516418
549	0.00549961	0	0	7500	2e+11 0.516538
550	0.00550961	0	0	7500	2e+11 0.516538
551	0.00551961	0	0	7500	2e+11 0.516394
552	0.00552961	0	0	7500	2e+11 0.516442
553	0.00553961	0	0	7500	2e+11 0.516442
554	0.00554961	0	0	7500	2e+11 0.51637
555	0.00555961	0	0	7500	2e+11 0.516418
556	0.00556961	0	0	7500	2e+11 0.516418
557	0.00557961	0	0	7500	2e+11 0.516466
558	0.00558961	0	0	7500	2e+11 0.516466
559	0.00559961	0	0	7500	2e+11 0.516514
560	0.0056096	0	0	7500	2e+11 0.516514
561	0.0056196	0	0	7500	2e+11 0.516418
562	0.00562961	0	0	7500	2e+11 0.516346
563	0.00563961	0	0	7500	2e+11 0.51649
564	0.00564961	0	0	7500	2e+11 0.51649
565	0.00565961	0	0	7500	2e+11 0.516466
566	0.0056696	0	0	7500	2e+11 0.516466
567	0.0056796	0	0	7500	2e+11 0.516442
568	0.00568961	0	0	7500	2e+11 0.516442
569	0.0056996	0	0	7500	2e+11 0.516466
570	0.0057096	0	0	7500	2e+11 0.516514
571	0.0057196	0	0	7500	2e+11 0.516514
572	0.0057296	0	0	7500	2e+11 0.51637
573	0.0057396	0	0	7500	2e+11 0.516514
574	0.0057496	0	0	7500	2e+11 0.516514
575	0.0057596	0	0	7500	2e+11 0.516418
576	0.0057696	0	0	7500	2e+11 0.516514
577	0.0057796	0	0	7500	2e+11 0.516514
578	0.0057896	0	0	7500	2e+11 0.516394
579	0.0057996	0	0	7500	2e+11 0.51649
580	0.0058096	0	0	7500	2e+11 0.51649
581	0.0058196	0	0	7500	2e+11 0.516394
582	0.0058296	0	0	7500	2e+11 0.516418
583	0.0058396	0	0	7500	2e+11 0.516418
584	0.0058496	0	0	7500	2e+11 0.516394
585	0.0058596	0	0	7500	2e+11 0.51637
586	0.0058696	0	0	7500	2e+11 0.516442
587	0.0058796	0	0	7500	2e+11 0.516538
588	0.0058896	0	0	7500	2e+11 0.516538
589	0.0058996	0	0	7500	2e+11 0.51649
590	0.0059096	0	0	7500	2e+11 0.51649
591	0.0059196	0	0	7500	2e+11 0.516418
592	0.0059296	0	0	7500	2e+11 0.516418
593	0.0059396	0	0	7500	2e+11 0.516466
594	0.0059496	0	0	7500	2e+11 0.51649
595	0.0059596	0	0	7500	2e+11 0.51649
596	0.0059696	0	0	7500	2e+11 0.516394
597	0.0059796	0	0	7500	2e+11 0.51649
598	0.0059896	0	0	7500	2e+11 0.51649
599	0.0059996	0	0	7500	2e+11 0.516394
600	0.0060096	0	0	7500	2e+11 0.51649
601	0.00601959	0	0	7500	2e+11 0.51649
602	0.00602959	0	0	7500	2e+11 0.51649
603	0.00603959	0	0	7500	2e+11 0.51649
604	0.00604959	0	0	7500	2e+11 0.516442
605	0.00605959	0	0	7500	2e+11 0.516466
606	0.00606959	0	0	7500	2e+11 0.516466
607	0.00607959	0	0	7500	2e+11 0.51649
608	0.00608959	0	0	7500	2e+11 0.51649
609	0.00609959	0	0	7500	2e+11 0.51649
610	0.00610959	0	0	7500	2e+11 0.51649
611	0.00611959	0	0	7500	2e+11 0.516418
612	0.00612959	0	0	7500	2e+11 0.516418
613	0.00613959	0	0	7500	2e+11 0.51649
614	0.00614959	0	0	7500	2e+11 0.51649
615	0.00615959	0	0	7500	2e+11 0.516466
616	0.00616959	0	0	7500	2e+11 0.516466
617	0.00617959	0	0	7500	2e+11 0.516418
618	0.00618958	0	0	7500	2e+11 0.516538
619	0.00619958	0	0	7500	2e+11 0.516538
620	0.00620958	0	0	7500	2e+11 0.516442
621	0.00621958	0	0	7500	2e+11 0.516442
622	0.00622958	0	0	7500	2e+11 0.516514
623	0.00623958	0	0	7500	2e+11 0.516514
624	0.00624958	0	0	7500	2e+11 0.516442
625	0.00625958	0	0	7500	2e+11 0.516442
626	0.00626958	0	0	7500	2e+11 0.51649
627	0.00627958	0	0	7500	2e+11 0.51649
628	0.00628958	0	0	7500	2e+11 0.516418
629	0.00629958	0	0	7500	2e+11 0.516466
630	0.00630957	0	0	7500	2e+11 0.516514
631	0.00631957	0	0	7500	2e+11 0.516514
632	0.00632957	0	0	7500	2e+11 0.51661
633	0.00633957	0	0	7500	2e+11 0.51661
634	0.00634957	0	0	7500	2e+11 0.516514
635	0.00635957	0	0	7500	2e+11 0.516514
636	0.00636957	0	0	7500	2e+11 0.516514
637	0.00637956	0	0	7500	2e+11 0.516538
638	0.00638956	0	0	7500	2e+11 0.516538
639	0.00639956	0	0	7500	2e+11 0.516586
640	0.00640956	0	0	7500	2e+11 0.516586
641	0.00641956	0	0	7500	2e+11 0.516562
642	0.00642955	0	0	7500	2e+11 0.516731
643	0.00643955	0	0	7500	2e+11 0.516731
644	0.00644955	0	0	7500	2e+11 0.516707
645	0.00645954	0	0	7500	2e+11 0.516707
646	0.00646954	0	0	7500	2e+11 0.516731
647	0.00647953	0	0	7500	2e+11 0.516731
648	0.00648952	0	0	7500	2e+11 0.516851
649	0.00649952	0	0	7500	2e+11 0.517164
650	0.0065095	0	0	7500	2e+11 0.517164
651	0.00651956	0	0	7500	2e+11 0.51702
652	0.00652955	0	0	7500	2e+11 0.51702
653	0.00653954	0	0	7500	2e+11 0.516779
654	0.00654954	0	0	7500	2e+11 0.516658
655	0.00655953	0	0	7500	2e+11 0.516634
656	0.00656953	0	0	7500	2e+11 0.516634
657	0.00657953	0	0	7500	2e+11 0.516538
658	0.00658952	0	0	7500	2e+11 0.516658
659	0.00659952	0	0	7500	2e+11 0.516658
660	0.00660952	0	0	7500	2e+11 0.516538
661	0.00661952	0	0	7500	2e+11 0.516538
662	0.00662951	0	0	7500	2e+11 0.516514
663	0.00663951	0	0	7500	2e+11 0.516514
664	0.00664951	0	0	7500	2e+11 0.51637
665	0.00665951	0	0	7500	2e+11 0.51637
666	0.00666951	0	0	7500	2e+11 0.516394
667	0.00667951	0	0	7500	2e+11 0.516562
668	0.00668951	0	0	7500	2e+11 0.516562
669	0.00669951	0	0	7500	2e+11 0.516418
670	0.00670951	0	0	7500	2e+11 0.51649
671	0.00671951	0	0	7500	2e+11 0.51649
672	0.00672951	0	0	7500	2e+11 0.51637
673	0.00673951	0	0	7500	2e+11 0.516538
674	0.00674951	0	0	7500	2e+11 0.516538
675	0.00675951	0	0	7500	2e+11 0.51637
676	0.00676951	0	0	7500	2e+11 0.51637
677	0.00677951	0	0	7500	2e+11 0.516442
678	0.00678951	0	0	7500	2e+11 0.516442
679	0.00679951	0	0	7500	2e+11 0.516442
680	0.00680951	0	0	7500	2e+11 0.516442
681	0.00681951	0	0	7500	2e+11 0.516394
682	0.00682951	0	0	7500	2e+11 0.516394
683	0.00683951	0	0	7500	2e+11 0.51637
684	0.00684952	0	0	7500	2e+11 0.516346
685	0.00685952	0	0	7500	2e+11 0.516346
686	0.00686952	0	0	7500	2e+11 0.51637
687	0.00687952	0	0	7500	2e+11 0.516442
688	0.00688952	0	0	7500	2e+11 0.516442
689	0.00689952	0	0	7500	2e+11 0.516418
690	0.00690952	0	0	7500	2e+11 0.516418
691	0.00691952	0	0	7500	2e+11 0.516442
692	0.00692952	0	0	7500	2e+11 0.516442
693	0.00693952	0	0	7500	2e+11 0.516466
694	0.00694952	0	0	7500	2e+11 0.516466
695	0.00695952	0	0	7500	2e+11 0.516466
696	0.00696952	0	0	7500	2e+11 0.516394
697	0.00697952	0	0	7500	2e+11 0.516418
698	0.00698952	0	0	7500	2e+11 0.516418
699	0.00699952	0	0	7500	2e+11 0.51649
700	0.00700952	0	0	7500	2e+11 0.51649
701	0.00701952	0	0	7500	2e+11 0.51637
702	0.00702952	0	0	7500	2e+11 0.51637
703	0.00703952	0	0	7500	2e+11 0.516466
704	0.00704952	0	0	7500	2e+11 0.516466
705	0.00705952	0	0	7500	2e+11 0.516442
706	0.00706952	0	0	7500	2e+11 0.516442
707	0.00707952	0	0	7500	2e+11 0.516442
708	0.00708952	0	0	7500	2e+11 0.516418
709	0.00709952	0	0	7500	2e+11 0.516538
710	0.00710952	0	0	7500	2e+11 0.516538
711	0.00711952	0	0	7500	2e+11 0.516442
712	0.00712952	0	0	7500	2e+11 0.516442
713	0.00713952	0	0	7500	2e+11 0.516442
714	0.00714952	0	0	7500	2e+11 0.516442
715	0.00715952	0	0	7500	2e+11 0.516394
716	0.00716952	0	0	7500	2e+11 0.516562
717	0.00717951	0	0	7500	2e+11 0.516562
718	0.00718951	0	0	7500	2e+11 0.516418
719	0.00719952	0	0	7500	2e+11 0.51649
720	0.00720951	0	0	7500	2e+11 0.51649
721	0.00721952	0	0	7500	2e+11 0.51649
722	0.00722951	0	0	7500	2e+11 0.51649
723	0.00723951	0	0	7500	2e+11 0.516442
724	0.00724951	0	0	7500	2e+11 0.516442
725	0.00725951	0	0	7500	2e+11 0.516442
726	0.00726951	0	0	7500	2e+11 0.516442
727	0.00727951	0	0	7500	2e+11 0.516442
728	0.00728951	0	0	7500	2e+11 0.516442
729	0.00729951	0	0	7500	2e+11 0.516418
730	0.00730951	0	0	7500	2e+11 0.516418
731	0.00731951	0	0	7500	2e+11 0.516514
732	0.00732951	0	0	7500	2e+11 0.516514
733	0.00733951	0	0	7500	2e+11 0.516322
734	0.00734952	0	0	7500	2e+11 0.51637
735	0.00735952	0	0	7500	2e+11 0.516418
736	0.00736952	0	0	7500	2e+11 0.51649
737	0.00737951	0	0	7500	2e+11 0.51649
738	0.00738952	0	0	7500	2e+11 0.516322
739	0.00739952	0	0	7500	2e+11 0.51637
740	0.00740952	0	0	7500	2e+11 0.51637
741	0.00741952	0	0	7500	2e+11 0.516346
742	0.00742952	0	0	7500	2e+11 0.516346
743	0.00743952	0	0	7500	2e+11 0.516274
744	0.00744953	0	0	7500	2e+11 0.516274
745	0.00745953	0	0	7500	2e+11 0.516226
746	0.00746953	0	0	7500	2e+11 0.516226
747	0.00747954	0	0	7500	2e+11 0.516105
748	0.00748955	0	0	7500	2e+11 0.516129
749	0.00749955	0	0	7500	2e+11 0.516129
750	0.00750956	0	0	7500	2e+11 0.519466
751	0.0075195	0	0	7500	2e+11 0.519466
752	0.00752952	0	0	7500	2e+11 0.515841
753	0.00753953	0	0	7500	2e+11 0.516274
754	0.00754953	0	0	7500	2e+11 0.516274
755	0.00755954	0	0	7500	2e+11 0.516033
756	0.00756954	0	0	7500	2e+11 0.516346
757	0.00757955	0	0	7500	2e+11 0.516346
758	0.00758955	0	0	7500	2e+11 0.516177
759	0.00759955	0	0	7500	2e+11 0.516177
760	0.00760956	0	0	7500	2e+11 0.516298
761	0.00761956	0	0	7500	2e+11 0.516298
762	0.00762957	0	0	7500	2e+11 0.516442
763	0.00763956	0	0	7500	2e+11 0.516442
764	0.00764957	0	0	7500	2e+11 0.516538
765	0.00765957	0	0	7500	2e+11 0.516538
766	0.00766957	0	0	7500	2e+11 0.516346
767	0.00767957	0	0	7500	2e+11 0.516346
768	0.00768957	0	0	7500	2e+11 0.516346
769	0.00769957	0	0	7500	2e+11 0.516346
770	0.00770958	0	0	7500	2e+11 0.516442
771	0.00771958	0	0	7500	2e+11 0.516442
772	0.00772958	0	0	7500	2e+11 0.516346
773	0.00773958	0	0	7500	2e+11 0.516346
774	0.00774958	0	0	7500	2e+11 0.516394
775	0.00775958	0	0	7500	2e+11 0.516394
776	0.00776958	0	0	7500	2e+11 0.51637
777	0.00777958	0	0	7500	2e+11 0.51637
778	0.00778959	0	0	7500	2e+11 0.51649
779	0.00779958	0	0	7500	2e+11 0.51649
780	0.00780959	0	0	7500	2e+11 0.516201
781	0.00781965	0	0	7500	2e+11 0.51541
782	0.00782966	0	0	7500	2e+11 0.51637
783	0.00783966	0	0	7500	2e+11 0.51637
784	0.00784967	0	0	7500	2e+11 0.516466
785	0.00785966	0	0	7500	2e+11 0.516466
786	0.00786967	0	0	7500	2e+11 0.516514
787	0.00787966	0	0	7500	2e+11 0.516514
788	0.00788967	0	0	7500	2e+11 0.516466
789	0.00789967	0	0	7500	2e+11 0.516466
790	0.00790967	0	0	7500	2e+11 0.51661
791	0.00791967	0	0	7500	2e+11 0.51661
792	0.00792967	0	0	7500	2e+11 0.516466
793	0.00793967	0	0	7500	2e+11 0.516466
794	0.00794967	0	0	7500	2e+11 0.51661
795	0.00795967	0	0	7500	2e+11 0.51661
796	0.00796967	0	0	7500	2e+11 0.516322
797	0.00797968	0	0	7500	2e+11 0.516514
798	0.00798967	0	0	7500	2e+11 0.516514
799	0.00799967	0	0	7500	2e+11 0.516514
800	0.00800967	0	0	7500	2e+11 0.516466
801	0.00801967	0	0	7500	2e+11 0.516514
802	0.00802967	0	0	7500	2e+11 0.516514
803	0.00803967	0	0	7500	2e+11 0.516274
804	0.00804968	0	0	7500	2e+11 0.516418
805	0.00805968	0	0	7500	2e+11 0.516466
806	0.00806968	0	0	7500	2e+11 0.516658
807	0.00807967	0	0	7500	2e+11 0.516658
808	0.00808967	0	0	7500	2e+11 0.51637
809	0.00809967	0	0	7500	2e+11 0.51637
810	0.00810968	0	0	7500	2e+11 0.516466
811	0.00811968	0	0	7500	2e+11 0.516466
812	0.00812968	0	0	7500	2e+11 0.51637
813	0.00813968	0	0	7500	2e+11 0.516322
814	0.00814968	0	0	7500	2e+11 0.51637
815	0.00815968	0	0	7500	2e+11 0.51637
816	0.00816968	0	0	7500	2e+11 0.516658
817	0.00817968	0	0	7500	2e+11 0.516658
818	0.00818968	0	0	7500	2e+11 0.516322
819	0.00819968	0	0	7500	2e+11 0.51637
820	0.00820968	0	0	7500	2e+11 0.51637
821	0.00821968	0	0	7500	2e+11 0.51661
822	0.00822968	0	0	7500	2e+11 0.51661
823	0.00823968	0	0	7500	2e+11 0.516514
824	0.00824968	0	0	7500	2e+11 0.516514
825	0.00825968	0	0	7500	2e+11 0.51637
826	0.00826968	0	0	7500	2e+11 0.516562
827	0.00827968	0	0	7500	2e+11 0.516562
828	0.00828968	0	0	7500	2e+11 0.516514
829	0.00829968	0	0	7500	2e+11 0.516466
830	0.00830968	0	0	7500	2e+11 0.516466
831	0.00831969	0	0	7500	2e+11 0.51637
832	0.00832969	0	0	7500	2e+11 0.51637
833	0.00833969	0	0	7500	2e+11 0.51637
834	0.00834969	0	0	7500	2e+11 0.51661
835	0.00835968	0	0	7500	2e+11 0.51661
836	0.00836968	0	0	7500	2e+11 0.51661
837	0.00837968	0	0	7500	2e+11 0.516466
838	0.00838968	0	0	7500	2e+11 0.516466
839	0.00839969	0	0	7500	2e+11 0.516418
840	0.00840969	0	0	7500	2e+11 0.516418
841	0.00841969	0	0	7500	2e+11 0.516418
842	0.00842969	0	0	7500	2e+11 0.516418
843	0.00843969	0	0	7500	2e+11 0.516418
844	0.00844969	0	0	7500	2e+11 0.516418
845	0.00845969	0	0	7500	2e+11 0.516466
846	0.00846968	0	0	7500	2e+11 0.516466
847	0.00847969	0	0	7500	2e+11 0.516322
848	0.00848969	0	0	7500	2e+11 0.516322
849	0.00849969	0	0	7500	2e+11 0.51637
850	0.00850969	0	0	7500	2e+11 0.51637
851	0.00851969	0	0	7500	2e+11 0.51661
852	0.00852969	0	0	7500	2e+11 0.51661
853	0.00853969	0	0	7500	2e+11 0.51661
854	0.00854969	0	0	7500	2e+11 0.51661
855	0.00855969	0	0	7500	2e+11 0.516466
856	0.00856969	-9.12609e-30	-1.76726e-33	7500	2e+11 0.516466
857	0.00857969	-6.60065e-28	-1.27821e-31	7500	2e+11 0.51637
858	0.00858969	-2.20751e-26	-4.27482e-30	7500	2e+11 0.516466
859	0.00859969	-4.60476e-25	-8.91707e-29	7500	2e+11 0.516466
860	0.00860969	-6.77164e-24	-1.31132e-27	7500	2e+11 0.51637
861	0.00861969	-7.14955e-23	-1.3845e-26	7500	2e+11 0.516466
862	0.00862969	-5.74321e-22	-1.11217e-25	7500	2e+11 0.516466
863	0.00863969	-2.21584e-21	-4.29096e-25	7500	2e+11 0.516418
864	0.00864969	-1.31248e-20	-2.54161e-24	7500	2e+11 0.51637
865	0.00865969	-3.26807e-20	-6.32859e-24	7500	2e+11 0.51637
866	0.00866969	-1.46415e-19	-2.83532e-23	7500	2e+11 0.516418
867	0.00867969	-4.26402e-19	-8.25725e-23	7500	2e+11 0.516418
868	0.00868969	-1.45475e-18	-2.81711e-22	7500	2e+11 0.516418
869	0.00869969	-3.89206e-18	-7.53694e-22	7500	2e+11 0.516466
870	0.00870969	-1.54342e-17	-2.98882e-21	7500	2e+11 0.516466
871	0.00871969	-4.42528e-17	-8.56952e-21	7500	2e+11 0.51637
872	0.00872969	-1.2242e-16	-2.37066e-20	7500	2e+11 0.516466
873	0.00873969	-4.18428e-16	-8.10282e-20	7500	2e+11 0.51661
874	0.00874969	-1.25577e-15	-2.43179e-19	7500	2e+11 0.51661
875	0.00875969	-3.56344e-15	-6.90058e-19	7500	2e+11 0.51637
876	0.00876969	-1.16528e-14	-2.25655e-18	7500	2e+11 0.51637
877	0.00877969	-2.83229e-14	-5.48471e-18	7500	2e+11 0.51661
878	0.00878969	-9.26916e-14	-1.79497e-17	7500	2e+11 0.51661
879	0.00879969	-2.41526e-13	-4.67713e-17	7500	2e+11 0.516322
880	0.00880969	-7.81381e-13	-1.51314e-16	7500	2e+11 0.516322
881	0.0088197	-2.01222e-12	-3.89665e-16	7500	2e+11 0.516274
882	0.0088297	-5.25665e-12	-1.01795e-15	7500	2e+11 0.516707
883	0.00883969	-1.1527e-11	-2.23218e-15	7500	2e+11 0.516707
884	0.00884969	-3.75502e-11	-7.27156e-15	7500	2e+11 0.516418
885	0.00885969	-8.93924e-11	-1.73108e-14	7500	2e+11 0.516418
886	0.00886969	-2.84657e-10	-5.51235e-14	7500	2e+11 0.51637
887	0.00887969	-6.78441e-10	-1.3138e-13	7500	2e+11 0.51637
888	0.0088897	-2.07895e-09	-4.02587e-13	7500	2e+11 0.516466
889	0.0088997	-5.57612e-09	-1.07981e-12	7500	2e+11 0.516466
890	0.0089097	-1.54257e-08	-2.98718e-12	7500	2e+11 0.516418
891	0.0089197	-3.49949e-08	-6.77673e-12	7500	2e+11 0.51637
892	0.0089297	-9.52062e-08	-1.84366e-11	7500	2e+11 0.516418
893	0.0089397	-2.70633e-07	-5.24079e-11	7500	2e+11 0.516562
894	0.00894969	-8.98373e-07	-1.73969e-10	7500	2e+11 0.516562
895	0.0089597	-2.15371e-06	-4.17064e-10	7500	2e+11 0.51637
896	0.0089697	-6.08859e-06	-1.17905e-09	7500	2e+11 0.51637
897	0.0089797	-1.4261e-05	-2.76164e-09	7500	2e+11 0.516322
898	0.0089897	-4.50301e-05	-8.72004e-09	7500	2e+11 0.51637
899	0.0089997	-0.000120545	-2.33434e-08	7500	2e+11 0.516418
900	0.0090097	-0.000301484	-5.83821e-08	7500	2e+11 0.516418
901	0.0090197	-0.000978184	-1.89425e-07	7500	2e+11 0.51661
902	0.0090297	-0.00257453	-4.98555e-07	7500	2e+11 0.51661
903	0.0090397	-0.00701249	-1.35796e-06	7500	2e+11 0.516466
904	0.00904969	-0.0235974	-4.56962e-06	7500	2e+11 0.516514
905	0.00905969	-0.0641887	-1.24301e-05	7500	2e+11 0.516514
906	0.0090697	-0.1405	-2.72076e-05	7500	2e+11 0.516274
907	0.0090797	-0.48766	-9.4435e-05	7500	2e+11 0.51637
908	0.0090897	-1.3509	-0.000261601	7500	2e+11 0.516658
909	0.00909969	-3.55448	-0.000688322	7500	2e+11 0.516803
910	0.00910969	-6.90519	-0.00133718	7500	2e+11 0.517333
911	0.00911967	-11.1223	-0.00215383	7500	2e+11 0.51743
912	0.00912965	-15.8801	-0.00307517	7500	2e+11 0.518107
913	0.00913962	-20.8044	-0.00402876	7500	2e+11 0.518494
914	0.00914957	-25.627	-0.00496264	7500	2e+11 0.51898
915	0.00915952	-30.1373	-0.00583607	7500	2e+11 0.519661
916	0.00916946	-34.141	-0.00661138	7500	2e+11 0.519709
917	0.0091794	-37.5778	-0.00727691	7500	2e+11 0.520099
918	0.00918933	-40.4442	-0.00783198	7500	2e+11 0.520588
919	0.00919925	-42.7684	-0.00828206	7500	2e+11 0.520783
920	0.00920916	-44.6261	-0.00864181	7500	2e+11 0.520979
921	0.00921907	-46.0699	-0.0089214	7500	2e+11 0.521028
922	0.00922899	-47.1584	-0.00913219	7500	2e+11 0.521371
923	0.00923889	-47.9769	-0.00929069	7500	2e+11 0.521371
924	0.0092488	-48.5775	-0.00940699	7500	2e+11 0.521224
925	0.00925871	-49.0118	-0.0094911	7500	2e+11 0.521371
926	0.00926861	-49.3257	-0.00955188	7500	2e+11 0.521371
927	0.00927852	-49.5455	-0.00959445	7500	2e+11 0.521273
928	0.00928843	-49.6966	-0.00962371	7500	2e+11 0.521469
929	0.00929833	-49.7992	-0.00964357	7500	2e+11 0.521469
930	0.00930824	-49.8682	-0.00965694	7500	2e+11 0.52142
931	0.00931814	-49.9136	-0.00966574	7500	2e+11 0.521518
932	0.00932804	-49.9439	-0.0096716	7500	2e+11 0.521518
933	0.00933795	-49.9638	-0.00967545	7500	2e+11 0.521616
934	0.00934785	-49.9765	-0.00967792	7500	2e+11 0.521616
935	0.00935776	-49.9846	-0.00967947	7500	2e+11 0.521469
936	0.00936766	-49.9896	-0.00968045	7500	2e+11 0.521469
937	0.00937756	-49.9928	-0.00968106	7500	2e+11 0.521469
938	0.00938746	-49.9947	-0.00968143	7500	2e+11 0.521469
939	0.00939737	-49.9958	-0.00968166	7500	2e+11 0.52142
940	0.00940727	-49.9965	-0.00968178	7500	2e+11 0.52142
941	0.00941718	-49.9969	-0.00968186	7500	2e+11 0.521518
942	0.00942708	-49.9971	-0.0096819	7500	2e+11 0.521518
943	0.00943698	-49.9973	-0.00968193	7500	2e+11 0.521567
944	0.00944688	-49.9973	-0.00968194	7500	2e+11 0.521567
945	0.00945679	-49.9974	-0.00968195	7500	2e+11 0.52142
946	0.00946669	-49.9974	-0.00968195	7500	2e+11 0.521322
947	0.0094766	-49.9974	-0.00968195	7500	2e+11 0.521665
948	0.0094865	-49.9974	-0.00968195	7500	2e+11 0.521665
949	0.0094964	-49.9973	-0.00968195	7500	2e+11 0.521322
950	0.00950631	-49.9973	-0.00968195	7500	2e+11 0.52142
951	0.00951622	-49.9973	-0.00968196	7500	2e+11 0.521567
952	0.00952612	-49.9973	-0.00968197	7500	2e+11 0.521567
953	0.00953602	-49.9972	-0.00968199	7500	2e+11 0.521518
954	0.00954593	-49.9971	-0.00968201	7500	2e+11 0.521763
955	0.00955582	-49.9969	-0.00968205	7500	2e+11 0.521763
956	0.00956573	-49.9965	-0.00968212	7500	2e+11 0.521665
957	0.00957563	-49.9959	-0.00968224	7500	2e+11 0.521665
958	0.00958553	-49.9949	-0.00968243	7500	2e+11 0.52142
959	0.00959545	-49.9932	-0.00968276	7500	2e+11 0.521665
960	0.00960535	-49.9906	-0.00968327	7500	2e+11 0.521665
961	0.00961525	-49.9864	-0.00968408	7500	2e+11 0.521469
962	0.00962515	-49.9798	-0.00968536	7500	2e+11 0.521469
963	0.00963506	-49.9696	-0.00968733	7500	2e+11 0.521469
964	0.00964496	-49.954	-0.00969036	7500	2e+11 0.521665
965	0.00965486	-49.9303	-0.00969496	7500	2e+11 0.521665
966	0.00966477	-49.8953	-0.00970174	7500	2e+11 0.521616
967	0.00967467	-49.844	-0.00971167	7500	2e+11 0.521616
968	0.00968457	-49.7691	-0.00972617	7500	2e+11 0.521714
969	0.00969447	-49.661	-0.00974711	7500	2e+11 0.521714
970	0.00970438	-49.5101	-0.00977632	7500	2e+11 0.521518
971	0.00971428	-49.3014	-0.00981673	7500	2e+11 0.521812
972	0.00972418	-49.0162	-0.00987197	7500	2e+11 0.521812
973	0.00973408	-48.6306	-0.00994664	7500	2e+11 0.521665
974	0.00974398	-48.1157	-0.0100463	7500	2e+11 0.522009
975	0.00975388	-47.4503	-0.0101752	7500	2e+11 0.522009
976	0.00976377	-46.6042	-0.010339	7500	2e+11 0.522009
977	0.00977367	-45.527	-0.0105476	7500	2e+11 0.522009
978	0.00978356	-44.1899	-0.0108066	7500	2e+11 0.522156
979	0.00979345	-42.5774	-0.0111188	7500	2e+11 0.522353
980	0.00980334	-40.6582	-0.0114905	7500	2e+11 0.522402
981	0.00981322	-38.4052	-0.0119268	7500	2e+11 0.522846
982	0.0098231	-35.8312	-0.0124252	7500	2e+11 0.523191
983	0.00983297	-32.9307	-0.0129869	7500	2e+11 0.523636
984	0.00984283	-29.7172	-0.0136092	7500	2e+11 0.523834
985	0.00985269	-26.2624	-0.0142782	7500	2e+11 0.524081
986	0.00986254	-22.642	-0.0149793	7500	2e+11 0.524428
987	0.00987239	-18.9373	-0.0156967	7500	2e+11 0.524925
988	0.00988223	-15.2517	-0.0164104	7500	2e+11 0.525422
989	0.00989205	-11.7063	-0.017097	7500	2e+11 0.525422
990	0.00990189	-8.42254	-0.0177329	7500	2e+11 0.52597
991	0.00991171	-5.52858	-0.0182933	7500	2e+11 0.52602
992	0.00992153	-3.16889	-0.0187502	7500	2e+11 0.52642
993	0.00993134	-1.4513	-0.0190828	7500	2e+11 0.52652
994	0.00994114	-0.470146	-0.0192728	7500	2e+11 0.52652
995	0.00995095	-0.170096	-0.019331	7500	2e+11 0.52657
996	0.00996076	-0.0582314	-0.0193526	7500	2e+11 0.52657
997	0.00997057	-0.0262589	-0.0193588	7500	2e+11 0.52652
998	0.00998038	-0.00958018	-0.019362	7500	2e+11 0.52652
999	0.00999019	-0.00343386	-0.0193631	7500	2e+11 0.52642
1000	0.01	0	-0.0193635	7500	2e+11 0.52642
