0	0	0	0	7500	2e+11 0.516398
1	1e-05	0	0	7500	2e+11 0.516398
2	2e-05	0	0	7500	2e+11 0.516398
3	3e-05	0	0	7500	2e+11 0.516398
4	4e-05	0	0	7500	2e+11 0.516398
5	5e-05	0	0	7500	2e+11 0.516398
6	6e-05	0	0	7500	2e+11 0.516398
7	7e-05	0	0	7500	2e+11 0.516398
8	8e-05	0	0	7500	2e+11 0.516398
9	9e-05	0	0	7500	2e+11 0.516398
10	0.0001	0	0	7500	2e+11 0.516398
11	0.00011	0	0	7500	2e+11 0.516398
12	0.00012	0	0	7500	2e+11 0.516398
13	0.00013	0	0	7500	2e+11 0.516398
14	0.00014	0	0	7500	2e+11 0.516398
15	0.00015	0	0	7500	2e+11 0.516398
16	0.00016	0	0	7500	2e+11 0.516398
17	0.00017	0	0	7500	2e+11 0.516398
18	0.00018	0	0	7500	2e+11 0.516398
19	0.00019	0	0	7500	2e+11 0.516398
20	0.0002	0	0	7500	2e+11 0.516398
21	0.00021	0	0	7500	2e+11 0.516398
22	0.00022	0	0	7500	2e+11 0.516398
23	0.00023	0	0	7500	2e+11 0.516398
24	0.00024	0	0	7500	2e+11 0.516398
25	0.00025	0	0	7500	2e+11 0.516398
26	0.00026	0	0	7500	2e+11 0.516398
27	0.00027	0	0	7500	2e+11 0.516398
28	0.00028	0	0	7500	2e+11 0.516398
29	0.00029	0	0	7500	2e+11 0.516398
30	0.0003	0	0	7500	2e+11 0.516398
31	0.00031	0	0	7500	2e+11 0.516398
32	0.00032	0	0	7500	2e+11 0.516398
33	0.00033	0	0	7500	2e+11 0.516398
34	0.00034	0	0	7500	2e+11 0.516398
35	0.00035	0	0	7500	2e+11 0.516398
36	0.00036	0	0	7500	2e+11 0.516398
37	0.00037	0	0	7500	2e+11 0.516398
38	0.00038	0	0	7500	2e+11 0.516398
39	0.00039	0	0	7500	2e+11 0.516398
40	0.0004	0	0	7500	2e+11 0.516398
41	0.00041	0	0	7500	2e+11 0.516398
42	0.00042	0	0	7500	2e+11 0.516398
43	0.00043	0	0	7500	2e+11 0.516398
44	0.00044	0	0	7500	2e+11 0.516398
45	0.00045	0	0	7500	2e+11 0.516398
46	0.00046	0	0	7500	2e+11 0.516398
47	0.00047	0	0	7500	2e+11 0.516398
48	0.00048	0	0	7500	2e+11 0.516398
49	0.00049	0	0	7500	2e+11 0.5164
50	0.0005	0	0	7500	2e+11 0.5164
51	0.00051	0	0	7500	2e+11 0.516397
52	0.00052	0	0	7500	2e+11 0.5164
53	0.00053	0	0	7500	2e+11 0.5164
54	0.00054	0	0	7500	2e+11 0.516397
55	0.00055	0	0	7500	2e+11 0.5164
56	0.00056	0	0	7500	2e+11 0.5164
57	0.00057	0	0	7500	2e+11 0.516397
58	0.00058	0	0	7500	2e+11 0.516397
59	0.00059	0	0	7500	2e+11 0.5164
60	0.0006	0	0	7500	2e+11 0.5164
61	0.00061	0	0	7500	2e+11 0.516397
62	0.00062	0	0	7500	2e+11 0.5164
63	0.00063	0	0	7500	2e+11 0.5164
64	0.00064	0	0	7500	2e+11 0.516397
65	0.00065	0	0	7500	2e+11 0.5164
66	0.00066	0	0	7500	2e+11 0.5164
67	0.00067	0	0	7500	2e+11 0.516397
68	0.00068	0	0	7500	2e+11 0.5164
69	0.00069	0	0	7500	2e+11 0.5164
70	0.0007	0	0	7500	2e+11 0.516397
71	0.00071	0	0	7500	2e+11 0.516397
72	0.00072	0	0	7500	2e+11 0.5164
73	0.00073	0	0	7500	2e+11 0.5164
74	0.00074	0	0	7500	2e+11 0.516397
75	0.00075	0	0	7500	2e+11 0.5164
76	0.00076	0	0	7500	2e+11 0.5164
77	0.00077	0	0	7500	2e+11 0.516397
78	0.00078	0	0	7500	2e+11 0.5164
79	0.00079	0	0	7500	2e+11 0.5164
80	0.0008	0	0	7500	2e+11 0.516397
81	0.00081	0	0	7500	2e+11 0.5164
82	0.00082	0	0	7500	2e+11 0.5164
83	0.00083	0	0	7500	2e+11 0.516397
84	0.00084	0	0	7500	2e+11 0.5164
85	0.00085	0	0	7500	2e+11 0.5164
86	0.00086	0	0	7500	2e+11 0.516397
87	0.00087	0	0	7500	2e+11 0.5164
88	0.00088	0	0	7500	2e+11 0.5164
89	0.00089	0	0	7500	2e+11 0.516397
90	0.0009	0	0	7500	2e+11 0.516397
91	0.00091	0	0	7500	2e+11 0.5164
92	0.00092	0	0	7500	2e+11 0.5164
93	0.00093	0	0	7500	2e+11 0.516397
94	0.00094	0	0	7500	2e+11 0.5164
95	0.00095	0	0	7500	2e+11 0.5164
96	0.00096	0	0	7500	2e+11 0.516397
97	0.00097	0	0	7500	2e+11 0.516397
98	0.00098	0	0	7500	2e+11 0.5164
99	0.00099	0	0	7500	2e+11 0.5164
100	0.001	0	0	7500	2e+11 0.5164
101	0.00101	0	0	7500	2e+11 0.5164
102	0.00102	0	0	7500	2e+11 0.5164
103	0.00103	0	0	7500	2e+11 0.5164
104	0.00104	0	0	7500	2e+11 0.5164
105	0.00105	0	0	7500	2e+11 0.5164
106	0.00106	0	0	7500	2e+11 0.5164
107	0.00107	0	0	7500	2e+11 0.5164
108	0.00108	0	0	7500	2e+11 0.5164
109	0.00109	0	0	7500	2e+11 0.5164
110	0.0011	0	0	7500	2e+11 0.5164
111	0.00111	0	0	7500	2e+11 0.5164
112	0.00112	0	0	7500	2e+11 0.5164
113	0.00113	0	0	7500	2e+11 0.5164
114	0.00114	0	0	7500	2e+11 0.5164
115	0.00115	0	0	7500	2e+11 0.5164
116	0.00116	0	0	7500	2e+11 0.5164
117	0.00117	0	0	7500	2e+11 0.5164
118	0.00118	0	0	7500	2e+11 0.5164
119	0.00119	0	0	7500	2e+11 0.5164
120	0.0012	0	0	7500	2e+11 0.5164
121	0.00121	0	0	7500	2e+11 0.5164
122	0.00122	0	0	7500	2e+11 0.5164
123	0.00123	0	0	7500	2e+11 0.5164
124	0.00124	0	0	7500	2e+11 0.5164
125	0.00125	0	0	7500	2e+11 0.5164
126	0.00126	0	0	7500	2e+11 0.5164
127	0.00127	0	0	7500	2e+11 0.5164
128	0.00128	0	0	7500	2e+11 0.5164
129	0.00129	0	0	7500	2e+11 0.5164
130	0.0013	0	0	7500	2e+11 0.5164
131	0.00131	0	0	7500	2e+11 0.5164
132	0.00132	0	0	7500	2e+11 0.5164
133	0.00133	0	0	7500	2e+11 0.5164
134	0.00134	0	0	7500	2e+11 0.5164
135	0.00135	0	0	7500	2e+11 0.5164
136	0.00136	0	0	7500	2e+11 0.5164
137	0.00137	0	0	7500	2e+11 0.5164
138	0.00138	0	0	7500	2e+11 0.5164
139	0.00139	0	0	7500	2e+11 0.5164
140	0.0014	0	0	7500	2e+11 0.5164
141	0.00141	0	0	7500	2e+11 0.5164
142	0.00142	0	0	7500	2e+11 0.5164
143	0.00143	0	0	7500	2e+11 0.5164
144	0.00144	0	0	7500	2e+11 0.5164
145	0.00145	0	0	7500	2e+11 0.5164
146	0.00146	0	0	7500	2e+11 0.5164
147	0.00147	0	0	7500	2e+11 0.5164
148	0.00148	0	0	7500	2e+11 0.5164
149	0.00149	0	0	7500	2e+11 0.5164
150	0.0015	0	0	7500	2e+11 0.5164
151	0.00151	0	0	7500	2e+11 0.5164
152	0.00152	0	0	7500	2e+11 0.5164
153	0.00153	0	0	7500	2e+11 0.5164
154	0.00154	0	0	7500	2e+11 0.5164
155	0.00155	0	0	7500	2e+11 0.5164
156	0.00156	0	0	7500	2e+11 0.5164
157	0.00157	0	0	7500	2e+11 0.5164
158	0.00158	0	0	7500	2e+11 0.5164
159	0.00159	0	0	7500	2e+11 0.5164
160	0.0016	0	0	7500	2e+11 0.5164
161	0.00161	0	0	7500	2e+11 0.5164
162	0.00162	0	0	7500	2e+11 0.5164
163	0.00163	0	0	7500	2e+11 0.5164
164	0.00164	0	0	7500	2e+11 0.5164
165	0.00165	0	0	7500	2e+11 0.5164
166	0.00166	0	0	7500	2e+11 0.5164
167	0.00167	0	0	7500	2e+11 0.5164
168	0.00168	0	0	7500	2e+11 0.5164
169	0.00169	0	0	7500	2e+11 0.5164
170	0.0017	0	0	7500	2e+11 0.5164
171	0.00171	0	0	7500	2e+11 0.5164
172	0.00172	0	0	7500	2e+11 0.5164
173	0.00173	0	0	7500	2e+11 0.5164
174	0.00174	0	0	7500	2e+11 0.5164
175	0.00175	0	0	7500	2e+11 0.5164
176	0.00176	0	0	7500	2e+11 0.5164
177	0.00177	0	0	7500	2e+11 0.5164
178	0.00178	0	0	7500	2e+11 0.5164
179	0.00179	0	0	7500	2e+11 0.5164
180	0.0018	0	0	7500	2e+11 0.5164
181	0.00181	0	0	7500	2e+11 0.5164
182	0.00182	0	0	7500	2e+11 0.5164
183	0.00183	0	0	7500	2e+11 0.5164
184	0.00184	0	0	7500	2e+11 0.5164
185	0.00185	0	0	7500	2e+11 0.5164
186	0.00186	0	0	7500	2e+11 0.5164
187	0.00187	0	0	7500	2e+11 0.5164
188	0.00188	0	0	7500	2e+11 0.5164
189	0.00189	0	0	7500	2e+11 0.5164
190	0.0019	0	0	7500	2e+11 0.5164
191	0.00191	0	0	7500	2e+11 0.5164
192	0.00192	0	0	7500	2e+11 0.5164
193	0.00193	0	0	7500	2e+11 0.5164
194	0.00194	0	0	7500	2e+11 0.5164
195	0.00195	0	0	7500	2e+11 0.5164
196	0.00196	0	0	7500	2e+11 0.516406
197	0.00197	0	0	7500	2e+11 0.516406
198	0.00198	0	0	7500	2e+11 0.516394
199	0.00199	0	0	7500	2e+11 0.516406
200	0.002	0	0	7500	2e+11 0.516406
201	0.00201	0	0	7500	2e+11 0.516394
202	0.00202	0	0	7500	2e+11 0.516406
203	0.00203	0	0	7500	2e+11 0.516406
204	0.00204	0	0	7500	2e+11 0.516394
205	0.00205	0	0	7500	2e+11 0.516406
206	0.00206	0	0	7500	2e+11 0.516406
207	0.00207	0	0	7500	2e+11 0.516394
208	0.00208	0	0	7500	2e+11 0.516406
209	0.00209	0	0	7500	2e+11 0.516406
210	0.0021	0	0	7500	2e+11 0.516394
211	0.00211	0	0	7500	2e+11 0.516406
212	0.00212	0	0	7500	2e+11 0.516406
213	0.00213	0	0	7500	2e+11 0.516394
214	0.00214	0	0	7500	2e+11 0.516406
215	0.00215	0	0	7500	2e+11 0.516406
216	0.00216	0	0	7500	2e+11 0.516394
217	0.00217	6.1132e-38	1.18382e-41	7500	2e+11 0.516406
218	0.00218	1.59263e-37	3.08412e-41	7500	2e+11 0.516406
219	0.00219	2.81947e-37	5.45988e-41	7500	2e+11 0.516394
220	0.0022	4.14921e-37	8.03491e-41	7500	2e+11 0.516406
221	0.00221	5.43111e-37	1.05173e-40	7500	2e+11 0.516406
222	0.00222	6.46793e-37	1.25251e-40	7500	2e+11 0.516394
223	0.00223	7.08945e-37	1.37287e-40	7500	2e+11 0.516406
224	0.00224	7.2362e-37	1.40128e-40	7500	2e+11 0.516406
225	0.00225	1.99087e-36	3.85529e-40	7500	2e+11 0.516394
226	0.00226	5.78898e-36	1.12103e-39	7500	2e+11 0.516394
227	0.00227	1.39376e-35	2.699e-39	7500	2e+11 0.516406
228	0.00228	5.49953e-35	1.06498e-38	7500	2e+11 0.516406
229	0.00229	1.44944e-34	2.80683e-38	7500	2e+11 0.516394
230	0.0023	4.61682e-34	8.94042e-38	7500	2e+11 0.516406
231	0.00231	1.14746e-33	2.22205e-37	7500	2e+11 0.516406
232	0.00232	2.95744e-33	5.72706e-37	7500	2e+11 0.516394
233	0.00233	6.61553e-33	1.28109e-36	7500	2e+11 0.516406
234	0.00234	1.97417e-32	3.82295e-36	7500	2e+11 0.516406
235	0.00235	5.57477e-32	1.07955e-35	7500	2e+11 0.516394
236	0.00236	1.45308e-31	2.81388e-35	7500	2e+11 0.516406
237	0.00237	3.55971e-31	6.89334e-35	7500	2e+11 0.516406
238	0.00238	1.11292e-30	2.15517e-34	7500	2e+11 0.516394
239	0.00239	2.48691e-30	4.81589e-34	7500	2e+11 0.516406
240	0.0024	5.8492e-30	1.13269e-33	7500	2e+11 0.516406
241	0.00241	1.50775e-29	2.91974e-33	7500	2e+11 0.516394
242	0.00242	5.4725e-29	1.05974e-32	7500	2e+11 0.516406
243	0.00243	1.62548e-28	3.14772e-32	7500	2e+11 0.516406
244	0.00244	4.77935e-28	9.25516e-32	7500	2e+11 0.516394
245	0.00245	1.30083e-27	2.51904e-31	7500	2e+11 0.516406
246	0.00246	3.48713e-27	6.75281e-31	7500	2e+11 0.516406
247	0.00247	1.12135e-26	2.17148e-30	7500	2e+11 0.516394
248	0.00248	2.90202e-26	5.61974e-30	7500	2e+11 0.516406
249	0.00249	8.23926e-26	1.59553e-29	7500	2e+11 0.516406
250	0.0025	2.30874e-25	4.47085e-29	7500	2e+11 0.516394
251	0.00251	8.0909e-25	1.5668e-28	7500	2e+11 0.516406
252	0.00252	2.13254e-24	4.12964e-28	7500	2e+11 0.516406
253	0.00253	5.78655e-24	1.12056e-27	7500	2e+11 0.516394
254	0.00254	1.53528e-23	2.97305e-27	7500	2e+11 0.516406
255	0.00255	4.1245e-23	7.98706e-27	7500	2e+11 0.516406
256	0.00256	1.11068e-22	2.15083e-26	7500	2e+11 0.516394
257	0.00257	2.94728e-22	5.70738e-26	7500	2e+11 0.516406
258	0.00258	7.3849e-22	1.43008e-25	7500	2e+11 0.516406
259	0.00259	2.6207e-21	5.07496e-25	7500	2e+11 0.516394
260	0.0026	6.7766e-21	1.31228e-24	7500	2e+11 0.516406
261	0.00261	2.17359e-20	4.20914e-24	7500	2e+11 0.516406
262	0.00262	5.54717e-20	1.0742e-23	7500	2e+11 0.516394
263	0.00263	1.46177e-19	2.83071e-23	7500	2e+11 0.516406
264	0.00264	3.67798e-19	7.12239e-23	7500	2e+11 0.516406
265	0.00265	1.02618e-18	1.9872e-22	7500	2e+11 0.516394
266	0.00266	2.8244e-18	5.46942e-22	7500	2e+11 0.516406
267	0.00267	7.6384e-18	1.47917e-21	7500	2e+11 0.516406
268	0.00268	2.06048e-17	3.9901e-21	7500	2e+11 0.516394
269	0.00269	7.49176e-17	1.45077e-20	7500	2e+11 0.516406
270	0.0027	1.92533e-16	3.72838e-20	7500	2e+11 0.516406
271	0.00271	4.49449e-16	8.70354e-20	7500	2e+11 0.516394
272	0.00272	1.44597e-15	2.8001e-19	7500	2e+11 0.516406
273	0.00273	3.57821e-15	6.92918e-19	7500	2e+11 0.516406
274	0.00274	1.07858e-14	2.08866e-18	7500	2e+11 0.516394
275	0.00275	2.94958e-14	5.71183e-18	7500	2e+11 0.516406
276	0.00276	7.62698e-14	1.47696e-17	7500	2e+11 0.516406
277	0.00277	2.28914e-13	4.43289e-17	7500	2e+11 0.516394
278	0.00278	6.32009e-13	1.22388e-16	7500	2e+11 0.516406
279	0.00279	1.6646e-12	3.22349e-16	7500	2e+11 0.516406
280	0.0028	5.09688e-12	9.87007e-16	7500	2e+11 0.516394
281	0.00281	1.07135e-11	2.07466e-15	7500	2e+11 0.516406
282	0.00282	3.46074e-11	6.70169e-15	7500	2e+11 0.516406
283	0.00283	9.62381e-11	1.86364e-14	7500	2e+11 0.516394
284	0.00284	2.89552e-10	5.60715e-14	7500	2e+11 0.516406
285	0.00285	7.58718e-10	1.46925e-13	7500	2e+11 0.516406
286	0.00286	2.4904e-09	4.82264e-13	7500	2e+11 0.516394
287	0.00287	6.56772e-09	1.27183e-12	7500	2e+11 0.516394
288	0.00288	1.58275e-08	3.06499e-12	7500	2e+11 0.516406
289	0.00289	4.04962e-08	7.84206e-12	7500	2e+11 0.516406
290	0.0029	1.44396e-07	2.79622e-11	7500	2e+11 0.516394
291	0.00291	3.66255e-07	7.0925e-11	7500	2e+11 0.516406
292	0.00292	1.1532e-06	2.23317e-10	7500	2e+11 0.516406
293	0.00293	2.69176e-06	5.21257e-10	7500	2e+11 0.516394
294	0.00294	7.17346e-06	1.38913e-09	7500	2e+11 0.516406
295	0.00295	2.19497e-05	4.25055e-09	7500	2e+11 0.516406
296	0.00296	6.12824e-05	1.18673e-08	7500	2e+11 0.516394
297	0.00297	0.000177404	3.43542e-08	7500	2e+11 0.516406
298	0.00298	0.000499927	9.68104e-08	7500	2e+11 0.516406
299	0.00299	0.00124306	2.40717e-07	7500	2e+11 0.516394
300	0.003	0.0037856	7.33079e-07	7500	2e+11 0.516406
301	0.00301	0.0114863	2.22432e-06	7500	2e+11 0.516406
302	0.00302	0.0264342	5.11895e-06	7500	2e+11 0.516394
303	0.00303	0.0869964	1.68468e-05	7500	2e+11 0.516394
304	0.00304	0.212951	4.12378e-05	7500	2e+11 0.516394
305	0.00305	0.600496	0.000116286	7500	2e+11 0.516358
306	0.00306	1.65749	0.000320972	7500	2e+11 0.516346
307	0.00307001	3.45963	0.000669954	7500	2e+11 0.516189
308	0.00308001	5.89269	0.00114111	7500	2e+11 0.515997
309	0.00309003	8.84226	0.0017123	7500	2e+11 0.515745
310	0.00310005	12.1739	0.00235747	7500	2e+11 0.515434
311	0.00311007	15.752	0.00305036	7500	2e+11 0.515122
312	0.0031201	19.451	0.00376666	7500	2e+11 0.514728
313	0.00313014	23.1497	0.00448292	7500	2e+11 0.51437
314	0.00314019	26.7442	0.00517899	7500	2e+11 0.514024
315	0.00315024	30.1506	0.00583864	7500	2e+11 0.513655
316	0.0031603	33.3065	0.00644977	7500	2e+11 0.51331
317	0.00317037	36.1674	0.00700379	7500	2e+11 0.513049
318	0.00318044	38.7069	0.00749556	7500	2e+11 0.512717
319	0.00319051	40.9177	0.00792367	7500	2e+11 0.512516
320	0.00320059	42.804	0.00828896	7500	2e+11 0.512291
321	0.00321068	44.3819	0.00859453	7500	2e+11 0.512125
322	0.00322076	45.6803	0.00884596	7500	2e+11 0.511948
323	0.00323085	46.7272	0.00904868	7500	2e+11 0.511853
324	0.00324095	47.5556	0.0092091	7500	2e+11 0.5117
325	0.00325104	48.2002	0.00933392	7500	2e+11 0.5117
326	0.00326113	48.694	0.00942955	7500	2e+11 0.511582
327	0.00327123	49.0657	0.00950153	7500	2e+11 0.51157
328	0.00328132	49.341	0.00955485	7500	2e+11 0.511546
329	0.00329142	49.5417	0.00959371	7500	2e+11 0.511499
330	0.00330151	49.6858	0.00962162	7500	2e+11 0.511499
331	0.00331161	49.7877	0.00964134	7500	2e+11 0.511499
332	0.00332171	49.8586	0.00965508	7500	2e+11 0.511452
333	0.0033318	49.9074	0.00966453	7500	2e+11 0.511487
334	0.0033419	49.9404	0.00967091	7500	2e+11 0.511487
335	0.003352	49.9624	0.00967518	7500	2e+11 0.511428
336	0.00336209	49.9769	0.00967799	7500	2e+11 0.51144
337	0.00337219	49.9864	0.00967983	7500	2e+11 0.51144
338	0.00338229	49.9926	0.00968102	7500	2e+11 0.511476
339	0.00339239	49.9965	0.00968177	7500	2e+11 0.511476
340	0.00340248	49.9989	0.00968225	7500	2e+11 0.511428
341	0.00341258	50.0005	0.00968255	7500	2e+11 0.511405
342	0.00342268	50.0014	0.00968273	7500	2e+11 0.511499
343	0.00343277	50.002	0.00968284	7500	2e+11 0.511499
344	0.00344287	50.0023	0.00968291	7500	2e+11 0.511476
345	0.00345297	50.0025	0.00968294	7500	2e+11 0.511476
346	0.00346307	50.0026	0.00968296	7500	2e+11 0.511452
347	0.00347316	50.0026	0.00968296	7500	2e+11 0.511452
348	0.00348326	50.0026	0.00968296	7500	2e+11 0.511476
349	0.00349336	50.0026	0.00968296	7500	2e+11 0.511476
350	0.00350345	50.0026	0.00968296	7500	2e+11 0.51144
351	0.00351355	50.0026	0.00968296	7500	2e+11 0.51144
352	0.00352365	50.0026	0.00968296	7500	2e+11 0.511452
353	0.00353375	50.0026	0.00968296	7500	2e+11 0.511452
354	0.00354384	50.0026	0.00968296	7500	2e+11 0.511428
355	0.00355394	50.0026	0.00968296	7500	2e+11 0.511511
356	0.00356404	50.0026	0.00968296	7500	2e+11 0.511511
357	0.00357413	50.0026	0.00968296	7500	2e+11 0.511417
358	0.00358423	50.0026	0.00968296	7500	2e+11 0.511452
359	0.00359433	50.0026	0.00968296	7500	2e+11 0.511452
360	0.00360443	50.0026	0.00968296	7500	2e+11 0.51144
361	0.00361452	50.0026	0.00968296	7500	2e+11 0.511452
362	0.00362462	50.0026	0.00968296	7500	2e+11 0.511452
363	0.00363472	50.0026	0.00968296	7500	2e+11 0.511452
364	0.00364481	50.0026	0.00968296	7500	2e+11 0.511452
365	0.00365491	50.0026	0.00968296	7500	2e+11 0.511464
366	0.00366501	50.0026	0.00968296	7500	2e+11 0.511464
367	0.00367511	50.0026	0.00968296	7500	2e+11 0.511511
368	0.0036852	50.0026	0.00968296	7500	2e+11 0.511511
369	0.0036953	50.0026	0.00968296	7500	2e+11 0.511417
370	0.0037054	50.0026	0.00968296	7500	2e+11 0.511452
371	0.0037155	50.0026	0.00968296	7500	2e+11 0.511452
372	0.00372559	50.0026	0.00968296	7500	2e+11 0.51144
373	0.00373569	50.0026	0.00968296	7500	2e+11 0.51144
374	0.00374579	50.0026	0.00968296	7500	2e+11 0.511464
375	0.00375588	50.0026	0.00968296	7500	2e+11 0.511464
376	0.00376598	50.0026	0.00968296	7500	2e+11 0.51144
377	0.00377608	50.0026	0.00968295	7500	2e+11 0.51144
378	0.00378618	50.0025	0.00968295	7500	2e+11 0.51144
379	0.00379627	50.0025	0.00968295	7500	2e+11 0.511464
380	0.00380637	50.0025	0.00968295	7500	2e+11 0.511464
381	0.00381647	50.0025	0.00968295	7500	2e+11 0.511476
382	0.00382656	50.0025	0.00968295	7500	2e+11 0.511476
383	0.00383666	50.0025	0.00968295	7500	2e+11 0.511417
384	0.00384676	50.0025	0.00968295	7500	2e+11 0.511452
385	0.00385685	50.0025	0.00968295	7500	2e+11 0.511452
386	0.00386695	50.0025	0.00968295	7500	2e+11 0.511476
387	0.00387705	50.0025	0.00968295	7500	2e+11 0.511476
388	0.00388715	50.0025	0.00968295	7500	2e+11 0.511452
389	0.00389724	50.0025	0.00968294	7500	2e+11 0.511688
390	0.00390734	50.0025	0.00968294	7500	2e+11 0.512551
391	0.00391741	50.0025	0.00968294	7500	2e+11 0.512551
392	0.00392751	50.0025	0.00968294	7500	2e+11 0.511464
393	0.00393761	50.0025	0.00968294	7500	2e+11 0.511464
394	0.0039477	50.0025	0.00968294	7500	2e+11 0.511464
395	0.0039578	50.0025	0.00968294	7500	2e+11 0.511487
396	0.0039679	50.0025	0.00968294	7500	2e+11 0.511487
397	0.00397799	50.0024	0.00968293	7500	2e+11 0.511487
398	0.00398809	50.0023	0.00968291	7500	2e+11 0.511487
399	0.00399819	50.0021	0.00968287	7500	2e+11 0.511487
400	0.00400828	50.0015	0.00968276	7500	2e+11 0.511487
401	0.00401838	50.0001	0.00968248	7500	2e+11 0.511487
402	0.00402847	49.9945	0.0096814	7500	2e+11 0.511487
403	0.00403857	49.9818	0.00967893	7500	2e+11 0.511464
404	0.00404867	49.9409	0.00967102	7500	2e+11 0.511511
405	0.00405876	49.8661	0.00965652	7500	2e+11 0.511511
406	0.00406886	49.4811	0.00958197	7500	2e+11 0.511464
407	0.00407896	48.5899	0.0094094	7500	2e+11 0.511653
408	0.00408905	46.3683	0.00897918	7500	2e+11 0.511794
409	0.00409914	43.0261	0.00833196	7500	2e+11 0.51222
410	0.00410922	38.8477	0.00752282	7500	2e+11 0.512622
411	0.0041193	34.1613	0.00661531	7500	2e+11 0.513097
412	0.00412936	29.292	0.00567236	7500	2e+11 0.513619
413	0.00413941	24.526	0.00474945	7500	2e+11 0.514024
414	0.00414946	20.0834	0.00388914	7500	2e+11 0.514525
415	0.0041595	16.1025	0.00311823	7500	2e+11 0.514835
416	0.00416953	12.6671	0.00245297	7500	2e+11 0.515194
417	0.00417955	9.7871	0.00189526	7500	2e+11 0.515577
418	0.00418957	7.43634	0.00144004	7500	2e+11 0.515649
419	0.00419958	5.55782	0.00107627	7500	2e+11 0.515817
420	0.00420959	4.09455	0.000792906	7500	2e+11 0.515985
421	0.0042196	2.97516	0.000576138	7500	2e+11 0.516226
422	0.0042296	2.13074	0.000412615	7500	2e+11 0.516226
423	0.00423961	1.50558	0.000291554	7500	2e+11 0.51625
424	0.00424961	1.0503	0.00020339	7500	2e+11 0.516322
425	0.00425961	0.723478	0.000140101	7500	2e+11 0.516346
426	0.00426961	0.491598	9.51976e-05	7500	2e+11 0.516394
427	0.00427961	0.330384	6.39786e-05	7500	2e+11 0.516394
428	0.00428962	0.21959	4.25233e-05	7500	2e+11 0.516394
429	0.00429962	0.144139	2.79124e-05	7500	2e+11 0.516394
430	0.00430962	0.0936178	1.8129e-05	7500	2e+11 0.516562
431	0.00431961	0.0600925	1.16369e-05	7500	2e+11 0.516562
432	0.00432961	0.0380922	7.37653e-06	7500	2e+11 0.51637
433	0.00433961	0.0238902	4.62631e-06	7500	2e+11 0.51637
434	0.00434962	0.0148189	2.86968e-06	7500	2e+11 0.516394
435	0.00435962	0.0090931	1.76087e-06	7500	2e+11 0.516394
436	0.00436962	0.00552274	1.06947e-06	7500	2e+11 0.516466
437	0.00437961	0.00331903	6.42727e-07	7500	2e+11 0.516466
438	0.00438961	0.00197356	3.82178e-07	7500	2e+11 0.51637
439	0.00439962	0.00116073	2.24773e-07	7500	2e+11 0.516514
440	0.00440961	0.000674765	1.30668e-07	7500	2e+11 0.516514
441	0.00441961	0.000388484	7.52297e-08	7500	2e+11 0.516394
442	0.00442961	0.000221471	4.28877e-08	7500	2e+11 0.516418
443	0.00443961	0.000124894	2.41855e-08	7500	2e+11 0.516418
444	0.00444962	6.96211e-05	1.34821e-08	7500	2e+11 0.516418
445	0.00445962	3.83825e-05	7.43274e-09	7500	2e+11 0.516418
446	0.00446962	2.09953e-05	4.06572e-09	7500	2e+11 0.516394
447	0.00447962	1.13749e-05	2.20274e-09	7500	2e+11 0.51649
448	0.00448962	6.09958e-06	1.18118e-09	7500	2e+11 0.51649
449	0.00449961	3.23923e-06	6.27274e-10	7500	2e+11 0.516418
450	0.00450962	1.70609e-06	3.30384e-10	7500	2e+11 0.516514
451	0.00451961	8.88563e-07	1.72069e-10	7500	2e+11 0.516514
452	0.00452961	4.58309e-07	8.87512e-11	7500	2e+11 0.516418
453	0.00453962	2.3427e-07	4.53662e-11	7500	2e+11 0.516466
454	0.00454961	1.18671e-07	2.29805e-11	7500	2e+11 0.516514
455	0.00455961	5.94778e-08	1.15178e-11	7500	2e+11 0.516514
456	0.00456962	2.95716e-08	5.72652e-12	7500	2e+11 0.516442
457	0.00457962	1.45762e-08	2.82267e-12	7500	2e+11 0.516442
458	0.00458962	7.12712e-09	1.38016e-12	7500	2e+11 0.516394
459	0.00459962	3.44162e-09	6.66468e-13	7500	2e+11 0.51649
460	0.00460961	1.64151e-09	3.17878e-13	7500	2e+11 0.51649
461	0.00461961	7.75585e-10	1.50191e-13	7500	2e+11 0.516442
462	0.00462962	3.63508e-10	7.0393e-14	7500	2e+11 0.516394
463	0.00463962	1.69461e-10	3.2816e-14	7500	2e+11 0.51649
464	0.00464961	7.84522e-11	1.51922e-14	7500	2e+11 0.51649
465	0.00465961	3.58419e-11	6.94075e-15	7500	2e+11 0.516442
466	0.00466961	1.62466e-11	3.14614e-15	7500	2e+11 0.516394
467	0.00467961	7.29429e-12	1.41253e-15	7500	2e+11 0.516466
468	0.00468961	3.24087e-12	6.27591e-16	7500	2e+11 0.516466
469	0.00469962	1.42789e-12	2.7651e-16	7500	2e+11 0.516466
470	0.00470961	6.24386e-13	1.20912e-16	7500	2e+11 0.516466
471	0.00471962	2.69826e-13	5.22516e-17	7500	2e+11 0.516346
472	0.00472962	1.15491e-13	2.23648e-17	7500	2e+11 0.51661
473	0.00473961	4.89412e-14	9.47742e-18	7500	2e+11 0.51661
474	0.00474961	2.05247e-14	3.97459e-18	7500	2e+11 0.516394
475	0.00475961	8.58884e-15	1.66322e-18	7500	2e+11 0.516346
476	0.00476961	3.55023e-15	6.875e-19	7500	2e+11 0.516394
477	0.00477961	1.4523e-15	2.81236e-19	7500	2e+11 0.516538
478	0.00478961	5.88729e-16	1.14007e-19	7500	2e+11 0.516538
479	0.00479961	2.37059e-16	4.59063e-20	7500	2e+11 0.516346
480	0.00480961	9.51453e-17	1.84248e-20	7500	2e+11 0.516442
481	0.00481961	3.7684e-17	7.29748e-21	7500	2e+11 0.516442
482	0.00482961	1.47268e-17	2.85183e-21	7500	2e+11 0.516418
483	0.00483961	5.73036e-18	1.10968e-21	7500	2e+11 0.516442
484	0.00484961	2.20309e-18	4.26627e-22	7500	2e+11 0.516442
485	0.00485961	8.42417e-19	1.63133e-22	7500	2e+11 0.516442
486	0.00486961	3.18698e-19	6.17155e-23	7500	2e+11 0.516442
487	0.00487961	1.20141e-19	2.32652e-23	7500	2e+11 0.516466
488	0.00488961	4.46446e-20	8.64539e-24	7500	2e+11 0.516466
489	0.00489962	1.64977e-20	3.19477e-24	7500	2e+11 0.516442
490	0.00490962	6.05406e-21	1.17236e-24	7500	2e+11 0.51649
491	0.00491961	2.19709e-21	4.25465e-25	7500	2e+11 0.51649
492	0.00492961	7.94076e-22	1.53772e-25	7500	2e+11 0.516418
493	0.00493961	2.82846e-22	5.47729e-26	7500	2e+11 0.516418
494	0.00494961	1.00198e-22	1.94033e-26	7500	2e+11 0.516418
495	0.00495961	3.50535e-23	6.78808e-27	7500	2e+11 0.516538
496	0.00496961	1.21726e-23	2.35721e-27	7500	2e+11 0.516538
497	0.00497961	4.21243e-24	8.15733e-28	7500	2e+11 0.516442
498	0.00498961	1.43604e-24	2.78087e-28	7500	2e+11 0.516394
499	0.00499961	4.85289e-25	9.39759e-29	7500	2e+11 0.516418
500	0.00500961	1.6235e-25	3.1439e-29	7500	2e+11 0.516442
501	0.00501961	5.41304e-26	1.04823e-29	7500	2e+11 0.516442
502	0.00502961	1.78929e-26	3.46495e-30	7500	2e+11 0.516418
503	0.00503961	5.85849e-27	1.13449e-30	7500	2e+11 0.516418
504	0.00504961	1.89825e-27	3.67594e-31	7500	2e+11 0.516418
505	0.00505961	6.10462e-28	1.18215e-31	7500	2e+11 0.516418
506	0.00506961	1.93987e-28	3.75655e-32	7500	2e+11 0.516586
507	0.00507961	6.14163e-29	1.18932e-32	7500	2e+11 0.516586
508	0.00508961	1.93439e-29	3.74593e-33	7500	2e+11 0.51637
509	0.00509961	6.03682e-30	1.16903e-33	7500	2e+11 0.516394
510	0.00510961	1.86163e-30	3.60503e-34	7500	2e+11 0.516394
511	0.00511961	5.64226e-31	1.09262e-34	7500	2e+11 0.516442
512	0.00512961	1.69265e-31	3.2778e-35	7500	2e+11 0.516442
513	0.00513961	5.03652e-32	9.75318e-36	7500	2e+11 0.516466
514	0.00514961	1.48113e-32	2.8682e-36	7500	2e+11 0.516466
515	0.00515961	4.3385e-33	8.40148e-37	7500	2e+11 0.516514
516	0.00516961	1.27077e-33	2.46084e-37	7500	2e+11 0.516514
517	0.00517961	3.67993e-34	7.12616e-38	7500	2e+11 0.516418
518	0.00518961	1.0579e-34	2.04861e-38	7500	2e+11 0.516394
519	0.00519961	2.99066e-35	5.7914e-39	7500	2e+11 0.516442
520	0.00520961	8.43646e-36	1.63371e-39	7500	2e+11 0.51649
521	0.00521961	2.37009e-36	4.58966e-40	7500	2e+11 0.51649
522	0.00522961	6.59803e-37	1.2777e-40	7500	2e+11 0.516418
523	0.00523961	1.82564e-37	3.53534e-41	7500	2e+11 0.516418
524	0.00524961	4.98e-38	9.64374e-42	7500	2e+11 0.51649
525	0.00525961	1.35174e-38	2.61763e-42	7500	2e+11 0.51649
526	0.00526961	3.59643e-39	6.96445e-43	7500	2e+11 0.516418
527	0.00527961	9.47952e-40	1.8357e-43	7500	2e+11 0.516562
528	0.00528961	2.3156e-40	4.48416e-44	7500	2e+11 0.516562
529	0.00529961	5.06541e-41	9.80909e-45	7500	2e+11 0.516466
530	0.00530961	7.23631e-42	1.4013e-45	7500	2e+11 0.516466
531	0.00531961	0	0	7500	2e+11 0.516442
532	0.00532961	0	0	7500	2e+11 0.516442
533	0.00533961	0	0	7500	2e+11 0.516394
534	0.00534961	0	0	7500	2e+11 0.516466
535	0.00535961	0	0	7500	2e+11 0.516466
536	0.00536961	0	0	7500	2e+11 0.516418
537	0.00537961	0	0	7500	2e+11 0.516466
538	0.00538961	0	0	7500	2e+11 0.516466
539	0.00539961	0	0	7500	2e+11 0.516466
540	0.00540961	0	0	7500	2e+11 0.516466
541	0.00541961	0	0	7500	2e+11 0.516394
542	0.00542961	0	0	7500	2e+11 0.51649
543	0.00543961	0	0	7500	2e+11 0.51649
544	0.00544961	0	0	7500	2e+11 0.51637
545	0.00545961	0	0	7500	2e+11 0.51649
546	0.00546961	0	0	7500	2e+11 0.51649
547	0.00547961	0	0	7500	2e+11 0.516418
548	0.00548961	0	0	7500	2e+11 0.516418
549	0.00549961	0	0	7500	2e+11 0.516538
550	0.00550961	0	0	7500	2e+11 0.516538
551	0.00551961	0	0	7500	2e+11 0.516394
552	0.00552961	0	0	7500	2e+11 0.516442
553	0.00553961	0	0	7500	2e+11 0.516442
554	0.00554961	0	0	7500	2e+11 0.51637
555	0.00555961	0	0	7500	2e+11 0.516418
556	0.00556961	0	0	7500	2e+11 0.516418
557	0.00557961	0	0	7500	2e+11 0.516466
558	0.00558961	0	0	7500	2e+11 0.516466
559	0.00559961	0	0	7500	2e+11 0.516514
560	0.0056096	0	0	7500	2e+11 0.516514
561	0.0056196	0	0	7500	2e+11 0.516418
562	0.00562961	0	0	7500	2e+11 0.516346
563	0.00563961	0	0	7500	2e+11 0.51649
564	0.00564961	0	0	7500	2e+11 0.51649
565	0.00565961	0	0	7500	2e+11 0.516466
566	0.0056696	0	0	7500	2e+11 0.516466
567	0.0056796	0	0	7500	2e+11 0.516442
568	0.00568961	0	0	7500	2e+11 0.516442
569	0.0056996	0	0	7500	2e+11 0.516466
570	0.0057096	0	0	7500	2e+11 0.516514
571	0.0057196	0	0	7500	2e+11 0.516514
572	0.0057296	0	0	7500	2e+11 0.51637
573	0.0057396	0	0	7500	2e+11 0.516514
574	0.0057496	0	0	7500	2e+11 0.516514
575	0.0057596	0	0	7500	2e+11 0.516418
576	0.0057696	0	0	7500	2e+11 0.516514
577	0.0057796	0	0	7500	2e+11 0.516514
578	0.0057896	0	0	7500	2e+11 0.516394
579	0.0057996	0	0	7500	2e+11 0.51649
580	0.0058096	0	0	7500	2e+11 0.51649
581	0.0058196	0	0	7500	2e+11 0.516394
582	0.0058296	0	0	7500	2e+11 0.516418
583	0.0058396	0	0	7500	2e+11 0.516418
584	0.0058496	0	0	7500	2e+11 0.516394
585	0.0058596	0	0	7500	2e+11 0.51637
586	0.0058696	0	0	7500	2e+11 0.516442
587	0.0058796	0	0	7500	2e+11 0.516538
588	0.0058896	0	0	7500	2e+11 0.516538
589	0.0058996	0	0	7500	2e+11 0.51649
590	0.0059096	0	0	7500	2e+11 0.51649
591	0.0059196	0	0	7500	2e+11 0.516418
592	0.0059296	0	0	7500	2e+11 0.516418
593	0.0059396	0	0	7500	2e+11 0.516466
594	0.0059496	0	0	7500	2e+11 0.51649
595	0.0059596	0	0	7500	2e+11 0.51649
596	0.0059696	0	0	7500	2e+11 0.516394
597	0.0059796	0	0	7500	2e+11 0.51649
598	0.0059896	0	0	7500	2e+11 0.51649
599	0.0059996	0	0	7500	2e+11 0.516394
600	0.0060096	0	0	7500	2e+11 0.51649
601	0.00601959	0	0	7500	2e+11 0.51649
602	0.00602959	0	0	7500	2e+11 0.51649
603	0.00603959	0	0	7500	2e+11 0.51649
604	0.00604959	0	0	7500	2e+11 0.516442
605	0.00605959	0	0	7500	2e+11 0.516466
606	0.00606959	0	0	7500	2e+11 0.516466
607	0.00607959	0	0	7500	2e+11 0.51649
608	0.00608959	0	0	7500	2e+11 0.51649
609	0.00609959	0	0	7500	2e+11 0.51649
610	0.00610959	0	0	7500	2e+11 0.51649
611	0.00611959	0	0	7500	2e+11 0.516418
612	0.00612959	0	0	7500	2e+11 0.516418
613	0.00613959	0	0	7500	2e+11 0.51649
614	0.00614959	0	0	7500	2e+11 0.51649
615	0.00615959	0	0	7500	2e+11 0.516466
616	0.00616959	0	0	7500	2e+11 0.516466
617	0.00617959	0	0	7500	2e+11 0.516418
618	0.00618958	0	0	7500	2e+11 0.516538
619	0.00619958	0	0	7500	2e+11 0.516538
620	0.00620958	0	0	7500	2e+11 0.516442
621	0.00621958	0	0	7500	2e+11 0.516442
622	0.00622958	0	0	7500	2e+11 0.516514
623	0.00623958	0	0	7500	2e+11 0.516514
624	0.00624958	0	0	7500	2e+11 0.516442
625	0.00625958	0	0	7500	2e+11 0.516442
626	0.00626958	0	0	7500	2e+11 0.51649
627	0.00627958	0	0	7500	2e+11 0.51649
628	0.00628958	0	0	7500	2e+11 0.516418
629	0.00629958	0	0	7500	2e+11 0.516466
630	0.00630957	0	0	7500	2e+11 0.516514
631	0.00631957	0	0	7500	2e+11 0.516514
632	0.00632957	0	0	7500	2e+11 0.51661
633	0.00633957	0	0	7500	2e+11 0.51661
634	0.00634957	0	0	7500	2e+11 0.516514
635	0.00635957	0	0	7500	2e+11 0.516514
636	0.00636957	0	0	7500	2e+11 0.516514
637	0.00637956	0	0	7500	2e+11 0.516538
638	0.00638956	0	0	7500	2e+11 0.516538
639	0.00639956	0	0	7500	2e+11 0.516586
640	0.00640956	0	0	7500	2e+11 0.516586
641	0.00641956	0	0	7500	2e+11 0.516562
642	0.00642955	0	0	7500	2e+11 0.516731
643	0.00643955	0	0	7500	2e+11 0.516731
644	0.00644955	0	0	7500	2e+11 0.516707
645	0.00645954	0	0	7500	2e+11 0.516707
646	0.00646954	0	0	7500	2e+11 0.516731
647	0.00647953	0	0	7500	2e+11 0.516731
648	0.00648952	0	0	7500	2e+11 0.516851
649	0.00649952	0	0	7500	2e+11 0.517164
650	0.0065095	0	0	7500	2e+11 0.517164
651	0.00651956	0	0	7500	2e+11 0.51702
652	0.00652955	0	0	7500	2e+11 0.51702
653	0.00653954	0	0	7500	2e+11 0.516779
654	0.00654954	0	0	7500	2e+11 0.516658
655	0.00655953	0	0	7500	2e+11 0.516634
656	0.00656953	0	0	7500	2e+11 0.516634
657	0.00657953	0	0	7500	2e+11 0.516538
658	0.00658952	0	0	7500	2e+11 0.516658
659	0.00659952	0	0	7500	2e+11 0.516658
660	0.00660952	0	0	7500	2e+11 0.516538
661	0.00661952	0	0	7500	2e+11 0.516538
662	0.00662951	0	0	7500	2e+11 0.516514
663	0.00663951	0	0	7500	2e+11 0.516514
664	0.00664951	0	0	7500	2e+11 0.51637
665	0.00665951	0	0	7500	2e+11 0.51637
666	0.00666951	0	0	7500	2e+11 0.516394
667	0.00667951	0	0	7500	2e+11 0.516562
668	0.00668951	0	0	7500	2e+11 0.516562
669	0.00669951	0	0	7500	2e+11 0.516418
670	0.00670951	0	0	7500	2e+11 0.51649
671	0.00671951	0	0	7500	2e+11 0.51649
672	0.00672951	0	0	7500	2e+11 0.51637
673	0.00673951	0	0	7500	2e+11 0.516538
674	0.00674951	0	0	7500	2e+11 0.516538
675	0.00675951	0	0	7500	2e+11 0.51637
676	0.00676951	0	0	7500	2e+11 0.51637
677	0.00677951	0	0	7500	2e+11 0.516442
678	0.00678951	0	0	7500	2e+11 0.516442
679	0.00679951	0	0	7500	2e+11 0.516442
680	0.00680951	0	0	7500	2e+11 0.516442
681	0.00681951	0	0	7500	2e+11 0.516394
682	0.00682951	0	0	7500	2e+11 0.516394
683	0.00683951	0	0	7500	2e+11 0.51637
684	0.00684952	0	0	7500	2e+11 0.516346
685	0.00685952	0	0	7500	2e+11 0.516346
686	0.00686952	0	0	7500	2e+11 0.51637
687	0.00687952	0	0	7500	2e+11 0.516442
688	0.00688952	0	0	7500	2e+11 0.516442
689	0.00689952	0	0	7500	2e+11 0.516418
690	0.00690952	0	0	7500	2e+11 0.516418
691	0.00691952	0	0	7500	2e+11 0.516442
692	0.00692952	0	0	7500	2e+11 0.516442
693	0.00693952	0	0	7500	2e+11 0.516466
694	0.00694952	0	0	7500	2e+11 0.516466
695	0.00695952	0	0	7500	2e+11 0.516466
696	0.00696952	0	0	7500	2e+11 0.516394
697	0.00697952	0	0	7500	2e+11 0.516418
698	0.00698952	0	0	7500	2e+11 0.516418
699	0.00699952	0	0	7500	2e+11 0.51649
700	0.00700952	0	0	7500	2e+11 0.51649
701	0.00701952	0	0	7500	2e+11 0.51637
702	0.00702952	0	0	7500	2e+11 0.51637
703	0.00703952	0	0	7500	2e+11 0.516466
704	0.00704952	0	0	7500	2e+11 0.516466
705	0.00705952	0	0	7500	2e+11 0.516442
706	0.00706952	0	0	7500	2e+11 0.516442
707	0.00707952	0	0	7500	2e+11 0.516442
708	0.00708952	0	0	7500	2e+11 0.516418
709	0.00709952	0	0	7500	2e+11 0.516538
710	0.00710952	0	0	7500	2e+11 0.516538
711	0.00711952	0	0	7500	2e+11 0.516442
712	0.00712952	0	0	7500	2e+11 0.516442
713	0.00713952	0	0	7500	2e+11 0.516442
714	0.00714952	0	0	7500	2e+11 0.516442
715	0.00715952	0	0	7500	2e+11 0.516394
716	0.00716952	0	0	7500	2e+11 0.516562
717	0.00717951	0	0	7500	2e+11 0.516562
718	0.00718951	0	0	7500	2e+11 0.516418
719	0.00719952	0	0	7500	2e+11 0.51649
720	0.00720951	0	0	7500	2e+11 0.51649
721	0.00721952	0	0	7500	2e+11 0.51649
722	0.00722951	0	0	7500	2e+11 0.51649
723	0.00723951	0	0	7500	2e+11 0.516442
724	0.00724951	0	0	7500	2e+11 0.516442
725	0.00725951	0	0	7500	2e+11 0.516442
726	0.00726951	0	0	7500	2e+11 0.516442
727	0.00727951	0	0	7500	2e+11 0.516442
728	0.00728951	0	0	7500	2e+11 0.516442
729	0.00729951	0	0	7500	2e+11 0.516418
730	0.00730951	0	0	7500	2e+11 0.516418
731	0.00731951	0	0	7500	2e+11 0.516514
732	0.00732951	0	0	7500	2e+11 0.516514
733	0.00733951	0	0	7500	2e+11 0.516322
734	0.00734952	0	0	7500	2e+11 0.51637
735	0.00735952	0	0	7500	2e+11 0.516418
736	0.00736952	0	0	7500	2e+11 0.51649
737	0.00737951	0	0	7500	2e+11 0.51649
738	0.00738952	0	0	7500	2e+11 0.516322
739	0.00739952	0	0	7500	2e+11 0.51637
740	0.00740952	0	0	7500	2e+11 0.51637
741	0.00741952	0	0	7500	2e+11 0.516346
742	0.00742952	0	0	7500	2e+11 0.516346
743	0.00743952	0	0	7500	2e+11 0.516274
744	0.00744953	0	0	7500	2e+11 0.516274
745	0.00745953	0	0	7500	2e+11 0.516226
746	0.00746953	0	0	7500	2e+11 0.516226
747	0.00747954	0	0	7500	2e+11 0.516105
748	0.00748955	0	0	7500	2e+11 0.516129
749	0.00749955	0	0	7500	2e+11 0.516129
750	0.00750956	0	0	7500	2e+11 0.519466
751	0.0075195	0	0	7500	2e+11 0.519466
752	0.00752952	0	0	7500	2e+11 0.515841
753	0.00753953	0	0	7500	2e+11 0.516274
754	0.00754953	0	0	7500	2e+11 0.516274
755	0.00755954	0	0	7500	2e+11 0.516033
756	0.00756954	0	0	7500	2e+11 0.516346
757	0.00757955	0	0	7500	2e+11 0.516346
758	0.00758955	0	0	7500	2e+11 0.516177
759	0.00759955	0	0	7500	2e+11 0.516177
760	0.00760956	0	0	7500	2e+11 0.516298
761	0.00761956	0	0	7500	2e+11 0.516298
762	0.00762957	0	0	7500	2e+11 0.516442
763	0.00763956	0	0	7500	2e+11 0.516442
764	0.00764957	0	0	7500	2e+11 0.516538
765	0.00765957	0	0	7500	2e+11 0.516538
766	0.00766957	0	0	7500	2e+11 0.516346
767	0.00767957	0	0	7500	2e+11 0.516346
768	0.00768957	0	0	7500	2e+11 0.516346
769	0.00769957	0	0	7500	2e+11 0.516346
770	0.00770958	0	0	7500	2e+11 0.516442
771	0.00771958	0	0	7500	2e+11 0.516442
772	0.00772958	0	0	7500	2e+11 0.516346
773	0.00773958	0	0	7500	2e+11 0.516346
774	0.00774958	0	0	7500	2e+11 0.516394
775	0.00775958	0	0	7500	2e+11 0.516394
776	0.00776958	0	0	7500	2e+11 0.51637
777	0.00777958	0	0	7500	2e+11 0.51637
778	0.00778959	0	0	7500	2e+11 0.51649
779	0.00779958	0	0	7500	2e+11 0.51649
780	0.00780959	0	0	7500	2e+11 0.516201
781	0.00781965	0	0	7500	2e+11 0.51541
782	0.00782966	0	0	7500	2e+11 0.51637
783	0.00783966	0	0	7500	2e+11 0.51637
784	0.00784967	0	0	7500	2e+11 0.516466
785	0.00785966	0	0	7500	2e+11 0.516466
786	0.00786967	0	0	7500	2e+11 0.516514
787	0.00787966	0	0	7500	2e+11 0.516514
788	0.00788967	0	0	7500	2e+11 0.516466
789	0.00789967	0	0	7500	2e+11 0.516466
790	0.00790967	0	0	7500	2e+11 0.51661
791	0.00791967	0	0	7500	2e+11 0.51661
792	0.00792967	0	0	7500	2e+11 0.516466
793	0.00793967	0	0	7500	2e+11 0.516466
794	0.00794967	0	0	7500	2e+11 0.51661
795	0.00795967	0	0	7500	2e+11 0.51661
796	0.00796967	0	0	7500	2e+11 0.516322
797	0.00797968	0	0	7500	2e+11 0.516514
798	0.00798967	0	0	7500	2e+11 0.516514
799	0.00799967	0	0	7500	2e+11 0.516514
800	0.00800967	0	0	7500	2e+11 0.516466
801	0.00801967	0	0	7500	2e+11 0.516514
802	0.00802967	0	0	7500	2e+11 0.516514
803	0.00803967	0	0	7500	2e+11 0.516274
804	0.00804968	0	0	7500	2e+11 0.516418
805	0.00805968	0	0	7500	2e+11 0.516466
806	0.00806968	0	0	7500	2e+11 0.516658
807	0.00807967	0	0	7500	2e+11 0.516658
808	0.00808967	0	0	7500	2e+11 0.51637
809	0.00809967	0	0	7500	2e+11 0.51637
810	0.00810968	0	0	7500	2e+11 0.516466
811	0.00811968	0	0	7500	2e+11 0.516466
812	0.00812968	0	0	7500	2e+11 0.51637
813	0.00813968	0	0	7500	2e+11 0.516322
814	0.00814968	0	0	7500	2e+11 0.51637
815	0.00815968	0	0	7500	2e+11 0.51637
816	0.00816968	0	0	7500	2e+11 0.516658
817	0.00817968	0	0	7500	2e+11 0.516658
818	0.00818968	0	0	7500	2e+11 0.516322
819	0.00819968	0	0	7500	2e+11 0.51637
820	0.00820968	0	0	7500	2e+11 0.51637
821	0.00821968	0	0	7500	2e+11 0.51661
822	0.00822968	0	0	7500	2e+11 0.51661
823	0.00823968	0	0	7500	2e+11 0.516514
824	0.00824968	0	0	7500	2e+11 0.516514
825	0.00825968	0	0	7500	2e+11 0.51637
826	0.00826968	0	0	7500	2e+11 0.516562
827	0.00827968	0	0	7500	2e+11 0.516562
828	0.00828968	0	0	7500	2e+11 0.516514
829	0.00829968	0	0	7500	2e+11 0.516466
830	0.00830968	0	0	7500	2e+11 0.516466
831	0.00831969	0	0	7500	2e+11 0.51637
832	0.00832969	0	0	7500	2e+11 0.51637
833	0.00833969	0	0	7500	2e+11 0.51637
834	0.00834969	0	0	7500	2e+11 0.51661
835	0.00835968	0	0	7500	2e+11 0.51661
836	0.00836968	0	0	7500	2e+11 0.51661
837	0.00837968	0	0	7500	2e+11 0.516466
838	0.00838968	0	0	7500	2e+11 0.516466
839	0.00839969	0	0	7500	2e+11 0.516418
840	0.00840969	0	0	7500	2e+11 0.516418
841	0.00841969	0	0	7500	2e+11 0.516418
842	0.00842969	0	0	7500	2e+11 0.516418
843	0.00843969	0	0	7500	2e+11 0.516418
844	0.00844969	0	0	7500	2e+11 0.516418
845	0.00845969	0	0	7500	2e+11 0.516466
846	0.00846968	-1.23056e-32	-2.38298e-36	7500	2e+11 0.516466
847	0.00847969	-1.00538e-30	-1.9469e-34	7500	2e+11 0.516322
848	0.00848969	-3.85888e-29	-7.4727e-33	7500	2e+11 0.516322
849	0.00849969	-9.36298e-28	-1.81313e-31	7500	2e+11 0.51637
850	0.00850969	-1.6215e-26	-3.14003e-30	7500	2e+11 0.51637
851	0.00851969	-2.09595e-25	-4.05879e-29	7500	2e+11 0.51661
852	0.00852969	-1.3026e-24	-2.52248e-28	7500	2e+11 0.51661
853	0.00853969	-6.84793e-24	-1.3261e-27	7500	2e+11 0.51661
854	0.00854969	-3.45637e-23	-6.69324e-27	7500	2e+11 0.51661
855	0.00855969	-1.1625e-22	-2.25117e-26	7500	2e+11 0.516466
856	0.00856969	-5.77479e-22	-1.11828e-25	7500	2e+11 0.516466
857	0.00857969	-2.21276e-21	-4.285e-25	7500	2e+11 0.51637
858	0.00858969	-8.98802e-21	-1.74052e-24	7500	2e+11 0.516466
859	0.00859969	-2.37792e-20	-4.60482e-24	7500	2e+11 0.516466
860	0.00860969	-1.14284e-19	-2.21309e-23	7500	2e+11 0.51637
861	0.00861969	-2.89637e-19	-5.6088e-23	7500	2e+11 0.516466
862	0.00862969	-7.91073e-19	-1.53191e-22	7500	2e+11 0.516466
863	0.00863969	-2.42528e-18	-4.69654e-22	7500	2e+11 0.516418
864	0.00864969	-7.5139e-18	-1.45506e-21	7500	2e+11 0.51637
865	0.00865969	-2.56503e-17	-4.96715e-21	7500	2e+11 0.51637
866	0.00866969	-8.20575e-17	-1.58904e-20	7500	2e+11 0.516418
867	0.00867969	-2.26546e-16	-4.38704e-20	7500	2e+11 0.516418
868	0.00868969	-5.42797e-16	-1.05112e-19	7500	2e+11 0.516418
869	0.00869969	-1.86105e-15	-3.60391e-19	7500	2e+11 0.516466
870	0.00870969	-5.29555e-15	-1.02548e-18	7500	2e+11 0.516466
871	0.00871969	-1.38216e-14	-2.67653e-18	7500	2e+11 0.51637
872	0.00872969	-4.01045e-14	-7.7662e-18	7500	2e+11 0.516466
873	0.00873969	-1.28036e-13	-2.4794e-17	7500	2e+11 0.51661
874	0.00874969	-3.0541e-13	-5.91424e-17	7500	2e+11 0.51661
875	0.00875969	-1.03889e-12	-2.0118e-16	7500	2e+11 0.51637
876	0.00876969	-2.81059e-12	-5.44268e-16	7500	2e+11 0.51637
877	0.00877969	-8.07371e-12	-1.56347e-15	7500	2e+11 0.51661
878	0.00878969	-1.93642e-11	-3.74985e-15	7500	2e+11 0.51661
879	0.00879969	-4.98631e-11	-9.65596e-15	7500	2e+11 0.516322
880	0.00880969	-1.15079e-10	-2.2285e-14	7500	2e+11 0.516322
881	0.0088197	-2.96828e-10	-5.74805e-14	7500	2e+11 0.516274
882	0.0088297	-9.45096e-10	-1.83017e-13	7500	2e+11 0.516707
883	0.00883969	-2.19718e-09	-4.25482e-13	7500	2e+11 0.516707
884	0.00884969	-6.4271e-09	-1.2446e-12	7500	2e+11 0.516418
885	0.00885969	-2.03913e-08	-3.94876e-12	7500	2e+11 0.516418
886	0.00886969	-5.25571e-08	-1.01776e-11	7500	2e+11 0.51637
887	0.00887969	-1.34898e-07	-2.61228e-11	7500	2e+11 0.51637
888	0.0088897	-3.4131e-07	-6.60943e-11	7500	2e+11 0.516466
889	0.0088997	-9.71874e-07	-1.88203e-10	7500	2e+11 0.516466
890	0.0089097	-2.68114e-06	-5.192e-10	7500	2e+11 0.516418
891	0.0089197	-7.18758e-06	-1.39187e-09	7500	2e+11 0.51637
892	0.0089297	-1.79861e-05	-3.48299e-09	7500	2e+11 0.516418
893	0.0089397	-5.87496e-05	-1.13768e-08	7500	2e+11 0.516562
894	0.00894969	-0.000159775	-3.09403e-08	7500	2e+11 0.516562
895	0.0089597	-0.000444623	-8.61009e-08	7500	2e+11 0.51637
896	0.0089697	-0.001264	-2.44773e-07	7500	2e+11 0.51637
897	0.0089797	-0.00376525	-7.29138e-07	7500	2e+11 0.516322
898	0.0089897	-0.0107141	-2.07478e-06	7500	2e+11 0.51637
899	0.0089997	-0.023274	-4.50699e-06	7500	2e+11 0.516418
900	0.0090097	-0.075324	-1.45864e-05	7500	2e+11 0.516418
901	0.0090197	-0.182373	-3.53163e-05	7500	2e+11 0.51661
902	0.0090297	-0.625924	-0.00012121	7500	2e+11 0.51661
903	0.00903969	-1.72029	-0.000333132	7500	2e+11 0.516658
904	0.00904969	-4.22689	-0.000818534	7500	2e+11 0.517044
905	0.00905968	-7.7937	-0.00150924	7500	2e+11 0.51714
906	0.00906966	-12.1306	-0.00234908	7500	2e+11 0.517575
907	0.00907964	-16.9231	-0.00327714	7500	2e+11 0.518107
908	0.00908961	-21.8491	-0.00423106	7500	2e+11 0.518737
909	0.00909956	-26.6091	-0.00515282	7500	2e+11 0.519077
910	0.00910951	-30.9722	-0.00599774	7500	2e+11 0.519758
911	0.00911945	-34.8402	-0.00674678	7500	2e+11 0.519807
912	0.00912938	-38.1833	-0.00739416	7500	2e+11 0.520246
913	0.00913931	-40.9307	-0.0079262	7500	2e+11 0.520539
914	0.00914923	-43.1561	-0.00835713	7500	2e+11 0.520636
915	0.00915914	-44.9192	-0.00869856	7500	2e+11 0.521077
916	0.00916906	-46.2811	-0.0089623	7500	2e+11 0.521077
917	0.00917897	-47.312	-0.00916192	7500	2e+11 0.521028
918	0.00918888	-48.0883	-0.00931226	7500	2e+11 0.521371
919	0.00919878	-48.6564	-0.00942227	7500	2e+11 0.521371
920	0.00920869	-49.0673	-0.00950184	7500	2e+11 0.521371
921	0.00921859	-49.3638	-0.00955926	7500	2e+11 0.521371
922	0.0092285	-49.5699	-0.00959917	7500	2e+11 0.521567
923	0.0092384	-49.7127	-0.00962682	7500	2e+11 0.521567
924	0.00924831	-49.8097	-0.00964561	7500	2e+11 0.521371
925	0.00925821	-49.8747	-0.00965819	7500	2e+11 0.521469
926	0.00926812	-49.9183	-0.00966664	7500	2e+11 0.521469
927	0.00927802	-49.9471	-0.00967222	7500	2e+11 0.521371
928	0.00928793	-49.9658	-0.00967583	7500	2e+11 0.521567
929	0.00929783	-49.9777	-0.00967815	7500	2e+11 0.521567
930	0.00930773	-49.9853	-0.00967962	7500	2e+11 0.52142
931	0.00931764	-49.9901	-0.00968053	7500	2e+11 0.521518
932	0.00932754	-49.993	-0.0096811	7500	2e+11 0.521518
933	0.00933744	-49.9948	-0.00968145	7500	2e+11 0.521616
934	0.00934734	-49.9959	-0.00968167	7500	2e+11 0.521616
935	0.00935725	-49.9966	-0.00968179	7500	2e+11 0.521469
936	0.00936715	-49.9969	-0.00968186	7500	2e+11 0.521469
937	0.00937706	-49.9971	-0.00968191	7500	2e+11 0.521469
938	0.00938696	-49.9973	-0.00968193	7500	2e+11 0.521469
939	0.00939686	-49.9973	-0.00968194	7500	2e+11 0.52142
940	0.00940677	-49.9974	-0.00968195	7500	2e+11 0.52142
941	0.00941667	-49.9974	-0.00968195	7500	2e+11 0.521518
942	0.00942658	-49.9974	-0.00968195	7500	2e+11 0.521518
943	0.00943648	-49.9974	-0.00968195	7500	2e+11 0.521567
944	0.00944638	-49.9974	-0.00968195	7500	2e+11 0.521567
945	0.00945628	-49.9974	-0.00968195	7500	2e+11 0.52142
946	0.00946619	-49.9974	-0.00968195	7500	2e+11 0.521322
947	0.0094761	-49.9974	-0.00968195	7500	2e+11 0.521665
948	0.009486	-49.9974	-0.00968195	7500	2e+11 0.521665
949	0.0094959	-49.9974	-0.00968195	7500	2e+11 0.521322
950	0.00950581	-49.9974	-0.00968195	7500	2e+11 0.52142
951	0.00951571	-49.9974	-0.00968195	7500	2e+11 0.521567
952	0.00952561	-49.9974	-0.00968195	7500	2e+11 0.521567
953	0.00953552	-49.9974	-0.00968195	7500	2e+11 0.521518
954	0.00954542	-49.9973	-0.00968195	7500	2e+11 0.521763
955	0.00955532	-49.9973	-0.00968196	7500	2e+11 0.521763
956	0.00956523	-49.9973	-0.00968197	7500	2e+11 0.521665
957	0.00957513	-49.9973	-0.00968198	7500	2e+11 0.521665
958	0.00958503	-49.9972	-0.00968199	7500	2e+11 0.52142
959	0.00959494	-49.9971	-0.00968201	7500	2e+11 0.521665
960	0.00960484	-49.9969	-0.00968206	7500	2e+11 0.521665
961	0.00961475	-49.9966	-0.00968212	7500	2e+11 0.521469
962	0.00962465	-49.996	-0.00968223	7500	2e+11 0.521469
963	0.00963455	-49.995	-0.00968242	7500	2e+11 0.521469
964	0.00964446	-49.9934	-0.00968272	7500	2e+11 0.521665
965	0.00965436	-49.9909	-0.0096832	7500	2e+11 0.521665
966	0.00966426	-49.987	-0.00968397	7500	2e+11 0.521616
967	0.00967416	-49.9808	-0.00968517	7500	2e+11 0.521616
968	0.00968407	-49.9711	-0.00968704	7500	2e+11 0.521616
969	0.00969397	-49.9565	-0.00968987	7500	2e+11 0.521616
970	0.00970388	-49.9345	-0.00969412	7500	2e+11 0.52142
971	0.00971378	-49.9015	-0.00970052	7500	2e+11 0.521714
972	0.00972368	-49.8523	-0.00971005	7500	2e+11 0.521714
973	0.00973358	-49.7815	-0.00972376	7500	2e+11 0.521567
974	0.00974349	-49.6803	-0.00974335	7500	2e+11 0.521812
975	0.00975339	-49.5374	-0.00977102	7500	2e+11 0.521812
976	0.00976329	-49.3405	-0.00980915	7500	2e+11 0.521714
977	0.00977319	-49.074	-0.00986076	7500	2e+11 0.521714
978	0.00978309	-48.711	-0.00993105	7500	2e+11 0.521665
979	0.00979299	-48.2258	-0.010025	7500	2e+11 0.521714
980	0.00980289	-47.5903	-0.0101481	7500	2e+11 0.521714
981	0.00981279	-46.7815	-0.0103047	7500	2e+11 0.521812
982	0.00982269	-45.7604	-0.0105024	7500	2e+11 0.522058
983	0.00983258	-44.4947	-0.0107475	7500	2e+11 0.522402
984	0.00984247	-42.9546	-0.0110458	7500	2e+11 0.522402
985	0.00985235	-41.1057	-0.0114038	7500	2e+11 0.522353
986	0.00986224	-38.9523	-0.0118208	7500	2e+11 0.522846
987	0.00987212	-36.4595	-0.0123035	7500	2e+11 0.523092
988	0.00988199	-33.6334	-0.0128508	7500	2e+11 0.523586
989	0.00989185	-30.5254	-0.0134527	7500	2e+11 0.523586
990	0.00990172	-27.1554	-0.0141053	7500	2e+11 0.524081
991	0.00991158	-23.5898	-0.0147957	7500	2e+11 0.52423
992	0.00992143	-19.9149	-0.0155074	7500	2e+11 0.524925
993	0.00993127	-16.2353	-0.0162199	7500	2e+11 0.525322
994	0.0099411	-12.6693	-0.0169102	7500	2e+11 0.525372
995	0.00995093	-9.31969	-0.0175585	7500	2e+11 0.525821
996	0.00996075	-6.31281	-0.0181394	7500	2e+11 0.52597
997	0.00997056	-3.783	-0.0186263	7500	2e+11 0.52627
998	0.00998038	-1.86145	-0.0189906	7500	2e+11 0.52627
999	0.00999019	-0.64911	-0.0192039	7500	2e+11 0.52642
1000	0.01	0	-0.019266	7500	2e+11 0.52642
