0	0	0	0	7500	2e+11 0.516398
1	1e-05	0	0	7500	2e+11 0.516398
2	2e-05	0	0	7500	2e+11 0.516398
3	3e-05	0	0	7500	2e+11 0.516398
4	4e-05	0	0	7500	2e+11 0.516398
5	5e-05	0	0	7500	2e+11 0.516398
6	6e-05	0	0	7500	2e+11 0.516398
7	7e-05	0	0	7500	2e+11 0.516398
8	8e-05	0	0	7500	2e+11 0.516398
9	9e-05	0	0	7500	2e+11 0.516398
10	0.0001	0	0	7500	2e+11 0.516398
11	0.00011	0	0	7500	2e+11 0.516398
12	0.00012	0	0	7500	2e+11 0.516398
13	0.00013	0	0	7500	2e+11 0.516398
14	0.00014	0	0	7500	2e+11 0.516398
15	0.00015	0	0	7500	2e+11 0.516398
16	0.00016	0	0	7500	2e+11 0.516398
17	0.00017	0	0	7500	2e+11 0.516398
18	0.00018	0	0	7500	2e+11 0.516398
19	0.00019	0	0	7500	2e+11 0.516398
20	0.0002	0	0	7500	2e+11 0.516398
21	0.00021	0	0	7500	2e+11 0.516398
22	0.00022	0	0	7500	2e+11 0.516398
23	0.00023	0	0	7500	2e+11 0.516398
24	0.00024	0	0	7500	2e+11 0.516398
25	0.00025	0	0	7500	2e+11 0.516398
26	0.00026	0	0	7500	2e+11 0.516398
27	0.00027	0	0	7500	2e+11 0.516398
28	0.00028	0	0	7500	2e+11 0.516398
29	0.00029	0	0	7500	2e+11 0.516398
30	0.0003	0	0	7500	2e+11 0.516398
31	0.00031	0	0	7500	2e+11 0.516398
32	0.00032	0	0	7500	2e+11 0.516398
33	0.00033	0	0	7500	2e+11 0.516398
34	0.00034	0	0	7500	2e+11 0.516398
35	0.00035	0	0	7500	2e+11 0.516398
36	0.00036	0	0	7500	2e+11 0.516398
37	0.00037	0	0	7500	2e+11 0.516398
38	0.00038	0	0	7500	2e+11 0.516398
39	0.00039	0	0	7500	2e+11 0.516398
40	0.0004	0	0	7500	2e+11 0.516398
41	0.00041	0	0	7500	2e+11 0.516398
42	0.00042	0	0	7500	2e+11 0.516398
43	0.00043	0	0	7500	2e+11 0.516398
44	0.00044	0	0	7500	2e+11 0.516398
45	0.00045	0	0	7500	2e+11 0.516398
46	0.00046	0	0	7500	2e+11 0.516398
47	0.00047	0	0	7500	2e+11 0.516398
48	0.00048	0	0	7500	2e+11 0.516398
49	0.00049	0	0	7500	2e+11 0.5164
50	0.0005	0	0	7500	2e+11 0.5164
51	0.00051	0	0	7500	2e+11 0.516397
52	0.00052	0	0	7500	2e+11 0.5164
53	0.00053	0	0	7500	2e+11 0.5164
54	0.00054	0	0	7500	2e+11 0.516397
55	0.00055	0	0	7500	2e+11 0.5164
56	0.00056	0	0	7500	2e+11 0.5164
57	0.00057	0	0	7500	2e+11 0.516397
58	0.00058	0	0	7500	2e+11 0.516397
59	0.00059	0	0	7500	2e+11 0.5164
60	0.0006	0	0	7500	2e+11 0.5164
61	0.00061	0	0	7500	2e+11 0.516397
62	0.00062	0	0	7500	2e+11 0.5164
63	0.00063	0	0	7500	2e+11 0.5164
64	0.00064	0	0	7500	2e+11 0.516397
65	0.00065	0	0	7500	2e+11 0.5164
66	0.00066	0	0	7500	2e+11 0.5164
67	0.00067	0	0	7500	2e+11 0.516397
68	0.00068	0	0	7500	2e+11 0.5164
69	0.00069	0	0	7500	2e+11 0.5164
70	0.0007	0	0	7500	2e+11 0.516397
71	0.00071	0	0	7500	2e+11 0.516397
72	0.00072	0	0	7500	2e+11 0.5164
73	0.00073	0	0	7500	2e+11 0.5164
74	0.00074	0	0	7500	2e+11 0.516397
75	0.00075	0	0	7500	2e+11 0.5164
76	0.00076	0	0	7500	2e+11 0.5164
77	0.00077	0	0	7500	2e+11 0.516397
78	0.00078	0	0	7500	2e+11 0.5164
79	0.00079	0	0	7500	2e+11 0.5164
80	0.0008	0	0	7500	2e+11 0.516397
81	0.00081	0	0	7500	2e+11 0.5164
82	0.00082	0	0	7500	2e+11 0.5164
83	0.00083	0	0	7500	2e+11 0.516397
84	0.00084	0	0	7500	2e+11 0.5164
85	0.00085	0	0	7500	2e+11 0.5164
86	0.00086	0	0	7500	2e+11 0.516397
87	0.00087	0	0	7500	2e+11 0.5164
88	0.00088	0	0	7500	2e+11 0.5164
89	0.00089	0	0	7500	2e+11 0.516397
90	0.0009	0	0	7500	2e+11 0.516397
91	0.00091	0	0	7500	2e+11 0.5164
92	0.00092	0	0	7500	2e+11 0.5164
93	0.00093	0	0	7500	2e+11 0.516397
94	0.00094	0	0	7500	2e+11 0.5164
95	0.00095	0	0	7500	2e+11 0.5164
96	0.00096	0	0	7500	2e+11 0.516397
97	0.00097	0	0	7500	2e+11 0.516397
98	0.00098	0	0	7500	2e+11 0.5164
99	0.00099	0	0	7500	2e+11 0.5164
100	0.001	0	0	7500	2e+11 0.5164
101	0.00101	0	0	7500	2e+11 0.5164
102	0.00102	0	0	7500	2e+11 0.5164
103	0.00103	0	0	7500	2e+11 0.5164
104	0.00104	0	0	7500	2e+11 0.5164
105	0.00105	0	0	7500	2e+11 0.5164
106	0.00106	0	0	7500	2e+11 0.5164
107	0.00107	0	0	7500	2e+11 0.5164
108	0.00108	0	0	7500	2e+11 0.5164
109	0.00109	0	0	7500	2e+11 0.5164
110	0.0011	0	0	7500	2e+11 0.5164
111	0.00111	0	0	7500	2e+11 0.5164
112	0.00112	0	0	7500	2e+11 0.5164
113	0.00113	0	0	7500	2e+11 0.5164
114	0.00114	0	0	7500	2e+11 0.5164
115	0.00115	0	0	7500	2e+11 0.5164
116	0.00116	2.46974e-38	4.78263e-42	7500	2e+11 0.5164
117	0.00117	8.54893e-38	1.65549e-41	7500	2e+11 0.5164
118	0.00118	1.72534e-37	3.34112e-41	7500	2e+11 0.5164
119	0.00119	2.8071e-37	5.43592e-41	7500	2e+11 0.5164
120	0.0012	4.02728e-37	7.79879e-41	7500	2e+11 0.5164
121	0.00121	5.23827e-37	1.01439e-40	7500	2e+11 0.5164
122	0.00122	6.25192e-37	1.21068e-40	7500	2e+11 0.5164
123	0.00123	6.92946e-37	1.34188e-40	7500	2e+11 0.5164
124	0.00124	7.23627e-37	1.4013e-40	7500	2e+11 0.5164
125	0.00125	7.23627e-37	1.4013e-40	7500	2e+11 0.5164
126	0.00126	3.45001e-36	6.68091e-40	7500	2e+11 0.5164
127	0.00127	1.54977e-35	3.00111e-39	7500	2e+11 0.5164
128	0.00128	4.55887e-35	8.82822e-39	7500	2e+11 0.5164
129	0.00129	1.28081e-34	2.48028e-38	7500	2e+11 0.5164
130	0.0013	3.04758e-34	5.9016e-38	7500	2e+11 0.5164
131	0.00131	1.10933e-33	2.1482e-37	7500	2e+11 0.5164
132	0.00132	2.81267e-33	5.44671e-37	7500	2e+11 0.5164
133	0.00133	7.10153e-33	1.3752e-36	7500	2e+11 0.5164
134	0.00134	2.16076e-32	4.18429e-36	7500	2e+11 0.5164
135	0.00135	5.24675e-32	1.01603e-35	7500	2e+11 0.5164
136	0.00136	1.56167e-31	3.02415e-35	7500	2e+11 0.5164
137	0.00137	3.25533e-31	6.30393e-35	7500	2e+11 0.5164
138	0.00138	9.60535e-31	1.86007e-34	7500	2e+11 0.5164
139	0.00139	2.86416e-30	5.54642e-34	7500	2e+11 0.5164
140	0.0014	8.02826e-30	1.55467e-33	7500	2e+11 0.5164
141	0.00141	1.94818e-29	3.77264e-33	7500	2e+11 0.5164
142	0.00142	5.0717e-29	9.8213e-33	7500	2e+11 0.5164
143	0.00143	1.47223e-28	2.85096e-32	7500	2e+11 0.5164
144	0.00144	4.57578e-28	8.86096e-32	7500	2e+11 0.5164
145	0.00145	1.20923e-27	2.34166e-31	7500	2e+11 0.5164
146	0.00146	3.1687e-27	6.13616e-31	7500	2e+11 0.5164
147	0.00147	9.55945e-27	1.85118e-30	7500	2e+11 0.5164
148	0.00148	2.22423e-26	4.30721e-30	7500	2e+11 0.5164
149	0.00149	5.87812e-26	1.13829e-29	7500	2e+11 0.5164
150	0.0015	2.03503e-25	3.94082e-29	7500	2e+11 0.5164
151	0.00151	5.21784e-25	1.01043e-28	7500	2e+11 0.5164
152	0.00152	1.49059e-24	2.88651e-28	7500	2e+11 0.5164
153	0.00153	3.84827e-24	7.45215e-28	7500	2e+11 0.5164
154	0.00154	9.6059e-24	1.86018e-27	7500	2e+11 0.5164
155	0.00155	2.36778e-23	4.58518e-27	7500	2e+11 0.5164
156	0.00156	5.81e-23	1.1251e-26	7500	2e+11 0.5164
157	0.00157	1.99198e-22	3.85745e-26	7500	2e+11 0.5164
158	0.00158	5.86629e-22	1.136e-25	7500	2e+11 0.5164
159	0.00159	1.64401e-21	3.18361e-25	7500	2e+11 0.5164
160	0.0016	3.96092e-21	7.67029e-25	7500	2e+11 0.5164
161	0.00161	1.24442e-20	2.40981e-24	7500	2e+11 0.5164
162	0.00162	3.10691e-20	6.0165e-24	7500	2e+11 0.5164
163	0.00163	9.42814e-20	1.82575e-23	7500	2e+11 0.5164
164	0.00164	2.27644e-19	4.40831e-23	7500	2e+11 0.5164
165	0.00165	5.96705e-19	1.15551e-22	7500	2e+11 0.5164
166	0.00166	1.34604e-18	2.60659e-22	7500	2e+11 0.5164
167	0.00167	3.82448e-18	7.40607e-22	7500	2e+11 0.5164
168	0.00168	1.39375e-17	2.69898e-21	7500	2e+11 0.5164
169	0.00169	3.85176e-17	7.4589e-21	7500	2e+11 0.5164
170	0.0017	1.1109e-16	2.15125e-20	7500	2e+11 0.5164
171	0.00171	2.60024e-16	5.03534e-20	7500	2e+11 0.5164
172	0.00172	7.34565e-16	1.42248e-19	7500	2e+11 0.5164
173	0.00173	2.08395e-15	4.03555e-19	7500	2e+11 0.5164
174	0.00174	6.38129e-15	1.23573e-18	7500	2e+11 0.5164
175	0.00175	1.53833e-14	2.97896e-18	7500	2e+11 0.5164
176	0.00176	4.6506e-14	9.00585e-18	7500	2e+11 0.5164
177	0.00177	1.12062e-13	2.17007e-17	7500	2e+11 0.5164
178	0.00178	3.07377e-13	5.95233e-17	7500	2e+11 0.5164
179	0.00179	8.04086e-13	1.55711e-16	7500	2e+11 0.5164
180	0.0018	2.22813e-12	4.31475e-16	7500	2e+11 0.5164
181	0.00181	6.00677e-12	1.16321e-15	7500	2e+11 0.5164
182	0.00182	1.48767e-11	2.88085e-15	7500	2e+11 0.5164
183	0.00183	4.81635e-11	9.32682e-15	7500	2e+11 0.5164
184	0.00184	1.33019e-10	2.57591e-14	7500	2e+11 0.5164
185	0.00185	3.78836e-10	7.33613e-14	7500	2e+11 0.5164
186	0.00186	9.74243e-10	1.88661e-13	7500	2e+11 0.5164
187	0.00187	2.75185e-09	5.32893e-13	7500	2e+11 0.5164
188	0.00188	9.25369e-09	1.79197e-12	7500	2e+11 0.5164
189	0.00189	2.41015e-08	4.66723e-12	7500	2e+11 0.5164
190	0.0019	7.29066e-08	1.41183e-11	7500	2e+11 0.5164
191	0.00191	1.86288e-07	3.60746e-11	7500	2e+11 0.5164
192	0.00192	5.17453e-07	1.00204e-10	7500	2e+11 0.5164
193	0.00193	1.26389e-06	2.44752e-10	7500	2e+11 0.5164
194	0.00194	4.70235e-06	9.10606e-10	7500	2e+11 0.5164
195	0.00195	1.18666e-05	2.29797e-09	7500	2e+11 0.5164
196	0.00196	3.88968e-05	7.53234e-09	7500	2e+11 0.516406
197	0.00197	0.000110831	2.14624e-08	7500	2e+11 0.516406
198	0.00198	0.000312276	6.0472e-08	7500	2e+11 0.516394
199	0.00199	0.000873494	1.69151e-07	7500	2e+11 0.516406
200	0.002	0.00236272	4.57538e-07	7500	2e+11 0.516406
201	0.00201	0.00618988	1.19867e-06	7500	2e+11 0.516394
202	0.00202	0.0170748	3.30651e-06	7500	2e+11 0.516406
203	0.00203	0.0426268	8.25465e-06	7500	2e+11 0.516406
204	0.00204	0.127069	2.46068e-05	7500	2e+11 0.516394
205	0.00205	0.270042	5.22933e-05	7500	2e+11 0.516382
206	0.00206	0.855663	0.000165698	7500	2e+11 0.51637
207	0.00207	2.04017	0.000395077	7500	2e+11 0.516286
208	0.00208001	3.79618	0.000735126	7500	2e+11 0.516141
209	0.00209002	6.04294	0.00117021	7500	2e+11 0.515985
210	0.00210003	8.6912	0.00168304	7500	2e+11 0.515721
211	0.00211005	11.6464	0.00225532	7500	2e+11 0.51547
212	0.00212007	14.8132	0.00286857	7500	2e+11 0.515146
213	0.0021301	18.0984	0.00350474	7500	2e+11 0.514895
214	0.00214014	21.4171	0.0041474	7500	2e+11 0.514489
215	0.00215018	24.6918	0.00478154	7500	2e+11 0.514215
216	0.00216023	27.8565	0.0053944	7500	2e+11 0.513846
217	0.00217028	30.8566	0.00597535	7500	2e+11 0.513584
218	0.00218035	33.6493	0.00651617	7500	2e+11 0.513227
219	0.00219041	36.2034	0.00701075	7500	2e+11 0.513037
220	0.00220048	38.4998	0.00745546	7500	2e+11 0.512705
221	0.00221056	40.5308	0.00784876	7500	2e+11 0.512551
222	0.00222064	42.2988	0.00819113	7500	2e+11 0.512326
223	0.00223072	43.8139	0.00848452	7500	2e+11 0.512113
224	0.00224081	45.0914	0.0087319	7500	2e+11 0.512078
225	0.0022509	46.1534	0.00893757	7500	2e+11 0.511841
226	0.00226099	47.0224	0.00910585	7500	2e+11 0.511771
227	0.00227108	47.7229	0.00924149	7500	2e+11 0.511712
228	0.00228117	48.2793	0.00934925	7500	2e+11 0.511712
229	0.00229126	48.7152	0.00943365	7500	2e+11 0.511582
230	0.00230136	49.052	0.00949888	7500	2e+11 0.511535
231	0.00231145	49.3088	0.00954861	7500	2e+11 0.511523
232	0.00232155	49.5019	0.009586	7500	2e+11 0.511499
233	0.00233165	49.6453	0.00961376	7500	2e+11 0.511546
234	0.00234174	49.7503	0.00963411	7500	2e+11 0.511546
235	0.00235184	49.8264	0.00964884	7500	2e+11 0.511452
236	0.00236194	49.8808	0.00965938	7500	2e+11 0.511452
237	0.00237203	49.9193	0.00966683	7500	2e+11 0.511452
238	0.00238213	49.9462	0.00967205	7500	2e+11 0.51144
239	0.00239223	49.9648	0.00967565	7500	2e+11 0.51144
240	0.00240232	49.9776	0.00967812	7500	2e+11 0.511476
241	0.00241242	49.9862	0.00967979	7500	2e+11 0.511476
242	0.00242252	49.992	0.00968091	7500	2e+11 0.511417
243	0.00243262	49.9959	0.00968166	7500	2e+11 0.511487
244	0.00244271	49.9984	0.00968215	7500	2e+11 0.511487
245	0.00245281	50	0.00968246	7500	2e+11 0.511417
246	0.00246291	50.0011	0.00968267	7500	2e+11 0.51144
247	0.002473	50.0017	0.0096828	7500	2e+11 0.51144
248	0.0024831	50.0022	0.00968288	7500	2e+11 0.511452
249	0.0024932	50.0024	0.00968292	7500	2e+11 0.511452
250	0.0025033	50.0025	0.00968294	7500	2e+11 0.511428
251	0.00251339	50.0026	0.00968296	7500	2e+11 0.51144
252	0.00252349	50.0026	0.00968296	7500	2e+11 0.51144
253	0.00253359	50.0026	0.00968296	7500	2e+11 0.511417
254	0.00254369	50.0026	0.00968296	7500	2e+11 0.511511
255	0.00255378	50.0026	0.00968296	7500	2e+11 0.511511
256	0.00256388	50.0026	0.00968296	7500	2e+11 0.511452
257	0.00257398	50.0026	0.00968296	7500	2e+11 0.511452
258	0.00258407	50.0026	0.00968296	7500	2e+11 0.51144
259	0.00259417	50.0026	0.00968296	7500	2e+11 0.51144
260	0.00260427	50.0026	0.00968296	7500	2e+11 0.511428
261	0.00261437	50.0026	0.00968296	7500	2e+11 0.511464
262	0.00262446	50.0026	0.00968296	7500	2e+11 0.511464
263	0.00263456	50.0026	0.00968296	7500	2e+11 0.511452
264	0.00264466	50.0026	0.00968296	7500	2e+11 0.511452
265	0.00265475	50.0026	0.00968296	7500	2e+11 0.511428
266	0.00266485	50.0026	0.00968296	7500	2e+11 0.51144
267	0.00267495	50.0026	0.00968296	7500	2e+11 0.511464
268	0.00268505	50.0026	0.00968296	7500	2e+11 0.511464
269	0.00269514	50.0026	0.00968296	7500	2e+11 0.511405
270	0.00270524	50.0026	0.00968296	7500	2e+11 0.51144
271	0.00271534	50.0026	0.00968296	7500	2e+11 0.511464
272	0.00272543	50.0026	0.00968296	7500	2e+11 0.511464
273	0.00273553	50.0026	0.00968296	7500	2e+11 0.511417
274	0.00274563	50.0026	0.00968296	7500	2e+11 0.51144
275	0.00275573	50.0026	0.00968296	7500	2e+11 0.51144
276	0.00276582	50.0026	0.00968296	7500	2e+11 0.511405
277	0.00277592	50.0026	0.00968296	7500	2e+11 0.511417
278	0.00278602	50.0026	0.00968296	7500	2e+11 0.51144
279	0.00279612	50.0026	0.00968296	7500	2e+11 0.51144
280	0.00280621	50.0026	0.00968296	7500	2e+11 0.51144
281	0.00281631	50.0026	0.00968295	7500	2e+11 0.511428
282	0.00282641	50.0025	0.00968295	7500	2e+11 0.51144
283	0.0028365	50.0025	0.00968295	7500	2e+11 0.51144
284	0.0028466	50.0025	0.00968295	7500	2e+11 0.511476
285	0.0028567	50.0025	0.00968295	7500	2e+11 0.511476
286	0.0028668	50.0025	0.00968294	7500	2e+11 0.511417
287	0.00287689	50.0025	0.00968294	7500	2e+11 0.511428
288	0.00288699	50.0025	0.00968294	7500	2e+11 0.51144
289	0.00289709	50.0025	0.00968294	7500	2e+11 0.51144
290	0.00290718	50.0025	0.00968295	7500	2e+11 0.51144
291	0.00291728	50.0025	0.00968295	7500	2e+11 0.51144
292	0.00292738	50.0025	0.00968295	7500	2e+11 0.51144
293	0.00293748	50.0025	0.00968295	7500	2e+11 0.51144
294	0.00294757	50.0025	0.00968294	7500	2e+11 0.511464
295	0.00295767	50.0025	0.00968294	7500	2e+11 0.511464
296	0.00296777	50.0025	0.00968294	7500	2e+11 0.511476
297	0.00297787	50.0025	0.00968294	7500	2e+11 0.511476
298	0.00298796	50.0024	0.00968293	7500	2e+11 0.511452
299	0.00299806	50.0024	0.00968292	7500	2e+11 0.511452
300	0.00300816	50.0021	0.00968287	7500	2e+11 0.511487
301	0.00301825	50.0013	0.0096827	7500	2e+11 0.511487
302	0.00302835	49.9994	0.00968235	7500	2e+11 0.511428
303	0.00303845	49.9944	0.00968137	7500	2e+11 0.51144
304	0.00304855	49.9822	0.00967901	7500	2e+11 0.51144
305	0.00305864	49.9483	0.00967245	7500	2e+11 0.511476
306	0.00306874	49.8459	0.00965261	7500	2e+11 0.511476
307	0.00307884	49.5706	0.00959931	7500	2e+11 0.511464
308	0.00308893	48.8235	0.00945463	7500	2e+11 0.511605
309	0.00309903	46.8937	0.00908092	7500	2e+11 0.511794
310	0.00310912	43.9358	0.00850814	7500	2e+11 0.512137
311	0.0031192	40.172	0.00777928	7500	2e+11 0.512468
312	0.00312928	35.8709	0.00694637	7500	2e+11 0.512978
313	0.00313934	31.3169	0.00606449	7500	2e+11 0.513382
314	0.0031494	26.7647	0.00518296	7500	2e+11 0.513798
315	0.00315945	22.4241	0.00434241	7500	2e+11 0.514251
316	0.00316949	18.4413	0.00357115	7500	2e+11 0.514656
317	0.00317953	14.9066	0.00288666	7500	2e+11 0.514955
318	0.00318956	11.8604	0.00229676	7500	2e+11 0.515254
319	0.00319958	9.295	0.00179997	7500	2e+11 0.51553
320	0.00320959	7.18354	0.00139109	7500	2e+11 0.515745
321	0.00321961	5.47863	0.00106093	7500	2e+11 0.515865
322	0.00322962	4.12593	0.000798983	7500	2e+11 0.515997
323	0.00323963	3.07074	0.000594646	7500	2e+11 0.516117
324	0.00324963	2.25987	0.000437622	7500	2e+11 0.516189
325	0.00325964	1.64415	0.000318388	7500	2e+11 0.516226
326	0.00326964	1.18347	0.000229178	7500	2e+11 0.516346
327	0.00327964	0.843085	0.000163263	7500	2e+11 0.516346
328	0.00328964	0.594327	0.000115091	7500	2e+11 0.516298
329	0.00329964	0.414872	8.03397e-05	7500	2e+11 0.516442
330	0.00330964	0.286832	5.55447e-05	7500	2e+11 0.516442
331	0.00331964	0.196442	3.80408e-05	7500	2e+11 0.516406
332	0.00332964	0.133278	2.58091e-05	7500	2e+11 0.516334
333	0.00333965	0.0895423	1.73398e-05	7500	2e+11 0.516454
334	0.00334964	0.0596082	1.15431e-05	7500	2e+11 0.516454
335	0.00335965	0.0393152	7.61335e-06	7500	2e+11 0.516394
336	0.00336965	0.0256976	4.97631e-06	7500	2e+11 0.516394
337	0.00337965	0.0166482	3.22391e-06	7500	2e+11 0.516406
338	0.00338965	0.0106903	2.07016e-06	7500	2e+11 0.51649
339	0.00339964	0.00679884	1.31659e-06	7500	2e+11 0.51649
340	0.00340965	0.00428746	8.30264e-07	7500	2e+11 0.516382
341	0.00341965	0.00268074	5.19124e-07	7500	2e+11 0.516382
342	0.00342965	0.00166025	3.21507e-07	7500	2e+11 0.516418
343	0.00343965	0.00101944	1.97413e-07	7500	2e+11 0.516418
344	0.00344965	0.000620765	1.20211e-07	7500	2e+11 0.516454
345	0.00345964	0.00037474	7.25681e-08	7500	2e+11 0.516454
346	0.00346965	0.000224441	4.34628e-08	7500	2e+11 0.516382
347	0.00347965	0.000133231	2.58001e-08	7500	2e+11 0.516382
348	0.00348965	7.83814e-05	1.51785e-08	7500	2e+11 0.516442
349	0.00349965	4.57662e-05	8.8626e-09	7500	2e+11 0.516442
350	0.00350965	2.65124e-05	5.13411e-09	7500	2e+11 0.516406
351	0.00351965	1.52441e-05	2.95201e-09	7500	2e+11 0.516454
352	0.00352965	8.69219e-06	1.68324e-09	7500	2e+11 0.516454
353	0.00353965	4.91763e-06	9.52294e-10	7500	2e+11 0.516406
354	0.00354965	2.75915e-06	5.34306e-10	7500	2e+11 0.516406
355	0.00355965	1.53564e-06	2.97376e-10	7500	2e+11 0.516394
356	0.00356965	8.48105e-07	1.64235e-10	7500	2e+11 0.51643
357	0.00357965	4.64393e-07	8.99293e-11	7500	2e+11 0.51643
358	0.00358965	2.52262e-07	4.88504e-11	7500	2e+11 0.516466
359	0.00359965	1.36106e-07	2.63568e-11	7500	2e+11 0.516466
360	0.00360965	7.29324e-08	1.41233e-11	7500	2e+11 0.516406
361	0.00361965	3.87243e-08	7.49894e-12	7500	2e+11 0.516406
362	0.00362965	2.04096e-08	3.9523e-12	7500	2e+11 0.51643
363	0.00363965	1.06872e-08	2.06956e-12	7500	2e+11 0.51643
364	0.00364965	5.54932e-09	1.07462e-12	7500	2e+11 0.516418
365	0.00365965	2.86012e-09	5.5386e-13	7500	2e+11 0.51643
366	0.00366965	1.46224e-09	2.83162e-13	7500	2e+11 0.51643
367	0.00367965	7.41721e-10	1.43634e-13	7500	2e+11 0.516502
368	0.00368965	3.73704e-10	7.23674e-14	7500	2e+11 0.516502
369	0.00369965	1.87074e-10	3.62268e-14	7500	2e+11 0.516382
370	0.00370965	9.29146e-11	1.79928e-14	7500	2e+11 0.51643
371	0.00371965	4.58114e-11	8.87133e-15	7500	2e+11 0.51643
372	0.00372965	2.24544e-11	4.34827e-15	7500	2e+11 0.516406
373	0.00373965	1.09268e-11	2.11596e-15	7500	2e+11 0.51637
374	0.00374965	5.27778e-12	1.02204e-15	7500	2e+11 0.516442
375	0.00375965	2.52758e-12	4.89463e-16	7500	2e+11 0.516442
376	0.00376965	1.20136e-12	2.32643e-16	7500	2e+11 0.516442
377	0.00377965	5.6663e-13	1.09727e-16	7500	2e+11 0.516442
378	0.00378965	2.65279e-13	5.13711e-17	7500	2e+11 0.516394
379	0.00379965	1.23538e-13	2.3923e-17	7500	2e+11 0.516442
380	0.00380965	5.7205e-14	1.10777e-17	7500	2e+11 0.516442
381	0.00381965	2.62537e-14	5.08401e-18	7500	2e+11 0.516454
382	0.00382965	1.19672e-14	2.31743e-18	7500	2e+11 0.516454
383	0.00383965	5.40988e-15	1.04762e-18	7500	2e+11 0.516394
384	0.00384965	2.43352e-15	4.71249e-19	7500	2e+11 0.516442
385	0.00385965	1.08736e-15	2.10566e-19	7500	2e+11 0.516442
386	0.00386965	4.82029e-16	9.33446e-20	7500	2e+11 0.516394
387	0.00387965	2.12144e-16	4.10815e-20	7500	2e+11 0.516394
388	0.00388965	9.27279e-17	1.79567e-20	7500	2e+11 0.516382
389	0.00389965	4.02867e-17	7.80148e-21	7500	2e+11 0.516947
390	0.00390964	1.73597e-17	3.36169e-21	7500	2e+11 0.517551
391	0.00391962	7.43353e-18	1.4395e-21	7500	2e+11 0.517551
392	0.00392961	3.15905e-18	6.11748e-22	7500	2e+11 0.516514
393	0.00393962	1.33371e-18	2.58271e-22	7500	2e+11 0.51649
394	0.00394961	5.60683e-19	1.08576e-22	7500	2e+11 0.51649
395	0.00395962	2.34669e-19	4.54434e-23	7500	2e+11 0.51637
396	0.00396962	9.69945e-20	1.87829e-23	7500	2e+11 0.51637
397	0.00397962	3.97331e-20	7.69429e-24	7500	2e+11 0.516466
398	0.00398962	1.62518e-20	3.14714e-24	7500	2e+11 0.516466
399	0.00399962	6.57305e-21	1.27287e-24	7500	2e+11 0.516466
400	0.00400962	2.64831e-21	5.12842e-25	7500	2e+11 0.51649
401	0.00401961	1.05949e-21	2.0517e-25	7500	2e+11 0.51649
402	0.00402961	4.22575e-22	8.18312e-26	7500	2e+11 0.51637
403	0.00403962	1.66849e-22	3.23102e-26	7500	2e+11 0.51649
404	0.00404961	6.52578e-23	1.26371e-26	7500	2e+11 0.51649
405	0.00405961	2.52976e-23	4.89885e-27	7500	2e+11 0.516442
406	0.00406962	9.77142e-24	1.89223e-27	7500	2e+11 0.516466
407	0.00407961	3.76077e-24	7.2827e-28	7500	2e+11 0.516466
408	0.00408961	1.43308e-24	2.77514e-28	7500	2e+11 0.516394
409	0.00409961	5.40611e-25	1.04689e-28	7500	2e+11 0.516394
410	0.00410962	2.04184e-25	3.95401e-29	7500	2e+11 0.516394
411	0.00411962	7.68968e-26	1.4891e-29	7500	2e+11 0.516394
412	0.00412962	2.87971e-26	5.57654e-30	7500	2e+11 0.516442
413	0.00413961	1.06403e-26	2.06048e-30	7500	2e+11 0.516442
414	0.00414962	3.88554e-27	7.52431e-31	7500	2e+11 0.516394
415	0.00415962	1.41107e-27	2.73252e-31	7500	2e+11 0.516394
416	0.00416962	5.09648e-28	9.86929e-32	7500	2e+11 0.516418
417	0.00417962	1.83768e-28	3.55865e-32	7500	2e+11 0.516514
418	0.00418961	6.60587e-29	1.27922e-32	7500	2e+11 0.516514
419	0.00419961	2.33802e-29	4.52756e-33	7500	2e+11 0.51637
420	0.00420962	8.17875e-30	1.58381e-33	7500	2e+11 0.516346
421	0.00421962	2.84524e-30	5.50979e-34	7500	2e+11 0.51649
422	0.00422961	9.86345e-31	1.91005e-34	7500	2e+11 0.51649
423	0.00423962	3.38289e-31	6.55094e-35	7500	2e+11 0.516394
424	0.00424962	1.15945e-31	2.24527e-35	7500	2e+11 0.516418
425	0.00425962	3.95211e-32	7.65322e-36	7500	2e+11 0.516418
426	0.00426962	1.33425e-32	2.58377e-36	7500	2e+11 0.516442
427	0.00427962	4.47791e-33	8.67145e-37	7500	2e+11 0.516442
428	0.00428962	1.49373e-33	2.89259e-37	7500	2e+11 0.516418
429	0.00429962	4.93422e-34	9.55508e-38	7500	2e+11 0.516394
430	0.00430962	1.6336e-34	3.16346e-38	7500	2e+11 0.516562
431	0.00431961	5.35711e-35	1.0374e-38	7500	2e+11 0.516562
432	0.00432961	1.73204e-35	3.35409e-39	7500	2e+11 0.51637
433	0.00433961	5.58574e-36	1.08167e-39	7500	2e+11 0.51637
434	0.00434962	1.79028e-36	3.46687e-40	7500	2e+11 0.516394
435	0.00435962	5.70414e-37	1.1046e-40	7500	2e+11 0.516394
436	0.00436962	1.81167e-37	3.50829e-41	7500	2e+11 0.516466
437	0.00437961	5.7181e-38	1.10731e-41	7500	2e+11 0.516466
438	0.00438961	1.79242e-38	3.47102e-42	7500	2e+11 0.51637
439	0.00439962	5.56469e-39	1.0776e-42	7500	2e+11 0.516514
440	0.00440961	1.69329e-39	3.27904e-43	7500	2e+11 0.516514
441	0.00441961	5.06539e-40	9.80909e-44	7500	2e+11 0.516394
442	0.00442961	1.44726e-40	2.8026e-44	7500	2e+11 0.516418
443	0.00443961	2.89452e-41	5.60519e-45	7500	2e+11 0.516418
444	0.00444962	0	0	7500	2e+11 0.516418
445	0.00445962	0	0	7500	2e+11 0.516418
446	0.00446962	0	0	7500	2e+11 0.516394
447	0.00447962	0	0	7500	2e+11 0.51649
448	0.00448962	0	0	7500	2e+11 0.51649
449	0.00449961	0	0	7500	2e+11 0.516418
450	0.00450962	0	0	7500	2e+11 0.516514
451	0.00451961	0	0	7500	2e+11 0.516514
452	0.00452961	0	0	7500	2e+11 0.516418
453	0.00453962	0	0	7500	2e+11 0.516466
454	0.00454961	0	0	7500	2e+11 0.516514
455	0.00455961	0	0	7500	2e+11 0.516514
456	0.00456962	0	0	7500	2e+11 0.516442
457	0.00457962	0	0	7500	2e+11 0.516442
458	0.00458962	0	0	7500	2e+11 0.516394
459	0.00459962	0	0	7500	2e+11 0.51649
460	0.00460961	0	0	7500	2e+11 0.51649
461	0.00461961	0	0	7500	2e+11 0.516442
462	0.00462962	0	0	7500	2e+11 0.516394
463	0.00463962	0	0	7500	2e+11 0.51649
464	0.00464961	0	0	7500	2e+11 0.51649
465	0.00465961	0	0	7500	2e+11 0.516442
466	0.00466961	0	0	7500	2e+11 0.516394
467	0.00467961	0	0	7500	2e+11 0.516466
468	0.00468961	0	0	7500	2e+11 0.516466
469	0.00469962	0	0	7500	2e+11 0.516466
470	0.00470961	0	0	7500	2e+11 0.516466
471	0.00471962	0	0	7500	2e+11 0.516346
472	0.00472962	0	0	7500	2e+11 0.51661
473	0.00473961	0	0	7500	2e+11 0.51661
474	0.00474961	0	0	7500	2e+11 0.516394
475	0.00475961	0	0	7500	2e+11 0.516346
476	0.00476961	0	0	7500	2e+11 0.516394
477	0.00477961	0	0	7500	2e+11 0.516538
478	0.00478961	0	0	7500	2e+11 0.516538
479	0.00479961	0	0	7500	2e+11 0.516346
480	0.00480961	0	0	7500	2e+11 0.516442
481	0.00481961	0	0	7500	2e+11 0.516442
482	0.00482961	0	0	7500	2e+11 0.516418
483	0.00483961	0	0	7500	2e+11 0.516442
484	0.00484961	0	0	7500	2e+11 0.516442
485	0.00485961	0	0	7500	2e+11 0.516442
486	0.00486961	0	0	7500	2e+11 0.516442
487	0.00487961	0	0	7500	2e+11 0.516466
488	0.00488961	0	0	7500	2e+11 0.516466
489	0.00489962	0	0	7500	2e+11 0.516442
490	0.00490962	0	0	7500	2e+11 0.51649
491	0.00491961	0	0	7500	2e+11 0.51649
492	0.00492961	0	0	7500	2e+11 0.516418
493	0.00493961	0	0	7500	2e+11 0.516418
494	0.00494961	0	0	7500	2e+11 0.516418
495	0.00495961	0	0	7500	2e+11 0.516538
496	0.00496961	0	0	7500	2e+11 0.516538
497	0.00497961	0	0	7500	2e+11 0.516442
498	0.00498961	0	0	7500	2e+11 0.516394
499	0.00499961	0	0	7500	2e+11 0.516418
500	0.00500961	0	0	7500	2e+11 0.516442
501	0.00501961	0	0	7500	2e+11 0.516442
502	0.00502961	0	0	7500	2e+11 0.516418
503	0.00503961	0	0	7500	2e+11 0.516418
504	0.00504961	0	0	7500	2e+11 0.516418
505	0.00505961	0	0	7500	2e+11 0.516418
506	0.00506961	0	0	7500	2e+11 0.516586
507	0.00507961	0	0	7500	2e+11 0.516586
508	0.00508961	0	0	7500	2e+11 0.51637
509	0.00509961	0	0	7500	2e+11 0.516394
510	0.00510961	0	0	7500	2e+11 0.516394
511	0.00511961	0	0	7500	2e+11 0.516442
512	0.00512961	0	0	7500	2e+11 0.516442
513	0.00513961	0	0	7500	2e+11 0.516466
514	0.00514961	0	0	7500	2e+11 0.516466
515	0.00515961	0	0	7500	2e+11 0.516514
516	0.00516961	0	0	7500	2e+11 0.516514
517	0.00517961	0	0	7500	2e+11 0.516418
518	0.00518961	0	0	7500	2e+11 0.516394
519	0.00519961	0	0	7500	2e+11 0.516442
520	0.00520961	0	0	7500	2e+11 0.51649
521	0.00521961	0	0	7500	2e+11 0.51649
522	0.00522961	0	0	7500	2e+11 0.516418
523	0.00523961	0	0	7500	2e+11 0.516418
524	0.00524961	0	0	7500	2e+11 0.51649
525	0.00525961	0	0	7500	2e+11 0.51649
526	0.00526961	0	0	7500	2e+11 0.516418
527	0.00527961	0	0	7500	2e+11 0.516562
528	0.00528961	0	0	7500	2e+11 0.516562
529	0.00529961	0	0	7500	2e+11 0.516466
530	0.00530961	0	0	7500	2e+11 0.516466
531	0.00531961	0	0	7500	2e+11 0.516442
532	0.00532961	0	0	7500	2e+11 0.516442
533	0.00533961	0	0	7500	2e+11 0.516394
534	0.00534961	0	0	7500	2e+11 0.516466
535	0.00535961	0	0	7500	2e+11 0.516466
536	0.00536961	0	0	7500	2e+11 0.516418
537	0.00537961	0	0	7500	2e+11 0.516466
538	0.00538961	0	0	7500	2e+11 0.516466
539	0.00539961	0	0	7500	2e+11 0.516466
540	0.00540961	0	0	7500	2e+11 0.516466
541	0.00541961	0	0	7500	2e+11 0.516394
542	0.00542961	0	0	7500	2e+11 0.51649
543	0.00543961	0	0	7500	2e+11 0.51649
544	0.00544961	0	0	7500	2e+11 0.51637
545	0.00545961	0	0	7500	2e+11 0.51649
546	0.00546961	0	0	7500	2e+11 0.51649
547	0.00547961	0	0	7500	2e+11 0.516418
548	0.00548961	0	0	7500	2e+11 0.516418
549	0.00549961	0	0	7500	2e+11 0.516538
550	0.00550961	0	0	7500	2e+11 0.516538
551	0.00551961	0	0	7500	2e+11 0.516394
552	0.00552961	0	0	7500	2e+11 0.516442
553	0.00553961	0	0	7500	2e+11 0.516442
554	0.00554961	0	0	7500	2e+11 0.51637
555	0.00555961	0	0	7500	2e+11 0.516418
556	0.00556961	0	0	7500	2e+11 0.516418
557	0.00557961	0	0	7500	2e+11 0.516466
558	0.00558961	0	0	7500	2e+11 0.516466
559	0.00559961	0	0	7500	2e+11 0.516514
560	0.0056096	0	0	7500	2e+11 0.516514
561	0.0056196	0	0	7500	2e+11 0.516418
562	0.00562961	0	0	7500	2e+11 0.516346
563	0.00563961	0	0	7500	2e+11 0.51649
564	0.00564961	0	0	7500	2e+11 0.51649
565	0.00565961	0	0	7500	2e+11 0.516466
566	0.0056696	0	0	7500	2e+11 0.516466
567	0.0056796	0	0	7500	2e+11 0.516442
568	0.00568961	0	0	7500	2e+11 0.516442
569	0.0056996	0	0	7500	2e+11 0.516466
570	0.0057096	0	0	7500	2e+11 0.516514
571	0.0057196	0	0	7500	2e+11 0.516514
572	0.0057296	0	0	7500	2e+11 0.51637
573	0.0057396	0	0	7500	2e+11 0.516514
574	0.0057496	0	0	7500	2e+11 0.516514
575	0.0057596	0	0	7500	2e+11 0.516418
576	0.0057696	0	0	7500	2e+11 0.516514
577	0.0057796	0	0	7500	2e+11 0.516514
578	0.0057896	0	0	7500	2e+11 0.516394
579	0.0057996	0	0	7500	2e+11 0.51649
580	0.0058096	0	0	7500	2e+11 0.51649
581	0.0058196	0	0	7500	2e+11 0.516394
582	0.0058296	0	0	7500	2e+11 0.516418
583	0.0058396	0	0	7500	2e+11 0.516418
584	0.0058496	0	0	7500	2e+11 0.516394
585	0.0058596	0	0	7500	2e+11 0.51637
586	0.0058696	0	0	7500	2e+11 0.516442
587	0.0058796	0	0	7500	2e+11 0.516538
588	0.0058896	0	0	7500	2e+11 0.516538
589	0.0058996	0	0	7500	2e+11 0.51649
590	0.0059096	0	0	7500	2e+11 0.51649
591	0.0059196	0	0	7500	2e+11 0.516418
592	0.0059296	0	0	7500	2e+11 0.516418
593	0.0059396	0	0	7500	2e+11 0.516466
594	0.0059496	0	0	7500	2e+11 0.51649
595	0.0059596	0	0	7500	2e+11 0.51649
596	0.0059696	0	0	7500	2e+11 0.516394
597	0.0059796	0	0	7500	2e+11 0.51649
598	0.0059896	0	0	7500	2e+11 0.51649
599	0.0059996	0	0	7500	2e+11 0.516394
600	0.0060096	0	0	7500	2e+11 0.51649
601	0.00601959	0	0	7500	2e+11 0.51649
602	0.00602959	0	0	7500	2e+11 0.51649
603	0.00603959	0	0	7500	2e+11 0.51649
604	0.00604959	0	0	7500	2e+11 0.516442
605	0.00605959	0	0	7500	2e+11 0.516466
606	0.00606959	0	0	7500	2e+11 0.516466
607	0.00607959	0	0	7500	2e+11 0.51649
608	0.00608959	0	0	7500	2e+11 0.51649
609	0.00609959	0	0	7500	2e+11 0.51649
610	0.00610959	0	0	7500	2e+11 0.51649
611	0.00611959	0	0	7500	2e+11 0.516418
612	0.00612959	0	0	7500	2e+11 0.516418
613	0.00613959	0	0	7500	2e+11 0.51649
614	0.00614959	0	0	7500	2e+11 0.51649
615	0.00615959	0	0	7500	2e+11 0.516466
616	0.00616959	0	0	7500	2e+11 0.516466
617	0.00617959	0	0	7500	2e+11 0.516418
618	0.00618958	0	0	7500	2e+11 0.516538
619	0.00619958	0	0	7500	2e+11 0.516538
620	0.00620958	0	0	7500	2e+11 0.516442
621	0.00621958	0	0	7500	2e+11 0.516442
622	0.00622958	0	0	7500	2e+11 0.516514
623	0.00623958	0	0	7500	2e+11 0.516514
624	0.00624958	0	0	7500	2e+11 0.516442
625	0.00625958	0	0	7500	2e+11 0.516442
626	0.00626958	0	0	7500	2e+11 0.51649
627	0.00627958	0	0	7500	2e+11 0.51649
628	0.00628958	0	0	7500	2e+11 0.516418
629	0.00629958	0	0	7500	2e+11 0.516466
630	0.00630957	0	0	7500	2e+11 0.516514
631	0.00631957	0	0	7500	2e+11 0.516514
632	0.00632957	0	0	7500	2e+11 0.51661
633	0.00633957	0	0	7500	2e+11 0.51661
634	0.00634957	0	0	7500	2e+11 0.516514
635	0.00635957	0	0	7500	2e+11 0.516514
636	0.00636957	0	0	7500	2e+11 0.516514
637	0.00637956	0	0	7500	2e+11 0.516538
638	0.00638956	0	0	7500	2e+11 0.516538
639	0.00639956	0	0	7500	2e+11 0.516586
640	0.00640956	0	0	7500	2e+11 0.516586
641	0.00641956	0	0	7500	2e+11 0.516562
642	0.00642955	0	0	7500	2e+11 0.516731
643	0.00643955	0	0	7500	2e+11 0.516731
644	0.00644955	0	0	7500	2e+11 0.516707
645	0.00645954	0	0	7500	2e+11 0.516707
646	0.00646954	0	0	7500	2e+11 0.516731
647	0.00647953	0	0	7500	2e+11 0.516731
648	0.00648952	0	0	7500	2e+11 0.516851
649	0.00649952	0	0	7500	2e+11 0.517164
650	0.0065095	0	0	7500	2e+11 0.517164
651	0.00651956	0	0	7500	2e+11 0.51702
652	0.00652955	0	0	7500	2e+11 0.51702
653	0.00653954	0	0	7500	2e+11 0.516779
654	0.00654954	0	0	7500	2e+11 0.516658
655	0.00655953	0	0	7500	2e+11 0.516634
656	0.00656953	0	0	7500	2e+11 0.516634
657	0.00657953	0	0	7500	2e+11 0.516538
658	0.00658952	0	0	7500	2e+11 0.516658
659	0.00659952	0	0	7500	2e+11 0.516658
660	0.00660952	0	0	7500	2e+11 0.516538
661	0.00661952	0	0	7500	2e+11 0.516538
662	0.00662951	0	0	7500	2e+11 0.516514
663	0.00663951	0	0	7500	2e+11 0.516514
664	0.00664951	0	0	7500	2e+11 0.51637
665	0.00665951	0	0	7500	2e+11 0.51637
666	0.00666951	0	0	7500	2e+11 0.516394
667	0.00667951	0	0	7500	2e+11 0.516562
668	0.00668951	0	0	7500	2e+11 0.516562
669	0.00669951	0	0	7500	2e+11 0.516418
670	0.00670951	0	0	7500	2e+11 0.51649
671	0.00671951	0	0	7500	2e+11 0.51649
672	0.00672951	0	0	7500	2e+11 0.51637
673	0.00673951	0	0	7500	2e+11 0.516538
674	0.00674951	0	0	7500	2e+11 0.516538
675	0.00675951	0	0	7500	2e+11 0.51637
676	0.00676951	0	0	7500	2e+11 0.51637
677	0.00677951	0	0	7500	2e+11 0.516442
678	0.00678951	0	0	7500	2e+11 0.516442
679	0.00679951	0	0	7500	2e+11 0.516442
680	0.00680951	0	0	7500	2e+11 0.516442
681	0.00681951	0	0	7500	2e+11 0.516394
682	0.00682951	0	0	7500	2e+11 0.516394
683	0.00683951	0	0	7500	2e+11 0.51637
684	0.00684952	0	0	7500	2e+11 0.516346
685	0.00685952	0	0	7500	2e+11 0.516346
686	0.00686952	0	0	7500	2e+11 0.51637
687	0.00687952	0	0	7500	2e+11 0.516442
688	0.00688952	0	0	7500	2e+11 0.516442
689	0.00689952	0	0	7500	2e+11 0.516418
690	0.00690952	0	0	7500	2e+11 0.516418
691	0.00691952	0	0	7500	2e+11 0.516442
692	0.00692952	0	0	7500	2e+11 0.516442
693	0.00693952	0	0	7500	2e+11 0.516466
694	0.00694952	0	0	7500	2e+11 0.516466
695	0.00695952	0	0	7500	2e+11 0.516466
696	0.00696952	0	0	7500	2e+11 0.516394
697	0.00697952	0	0	7500	2e+11 0.516418
698	0.00698952	0	0	7500	2e+11 0.516418
699	0.00699952	0	0	7500	2e+11 0.51649
700	0.00700952	0	0	7500	2e+11 0.51649
701	0.00701952	0	0	7500	2e+11 0.51637
702	0.00702952	0	0	7500	2e+11 0.51637
703	0.00703952	0	0	7500	2e+11 0.516466
704	0.00704952	0	0	7500	2e+11 0.516466
705	0.00705952	0	0	7500	2e+11 0.516442
706	0.00706952	0	0	7500	2e+11 0.516442
707	0.00707952	0	0	7500	2e+11 0.516442
708	0.00708952	0	0	7500	2e+11 0.516418
709	0.00709952	0	0	7500	2e+11 0.516538
710	0.00710952	0	0	7500	2e+11 0.516538
711	0.00711952	0	0	7500	2e+11 0.516442
712	0.00712952	0	0	7500	2e+11 0.516442
713	0.00713952	0	0	7500	2e+11 0.516442
714	0.00714952	0	0	7500	2e+11 0.516442
715	0.00715952	0	0	7500	2e+11 0.516394
716	0.00716952	-2.12168e-38	-4.10861e-42	7500	2e+11 0.516562
717	0.00717951	-1.56607e-37	-3.03269e-41	7500	2e+11 0.516562
718	0.00718951	-3.76424e-37	-7.28941e-41	7500	2e+11 0.516418
719	0.00719952	-5.99149e-37	-1.16025e-40	7500	2e+11 0.51649
720	0.00720951	-7.23591e-37	-1.40123e-40	7500	2e+11 0.51649
721	0.00721952	-7.23758e-37	-1.40155e-40	7500	2e+11 0.51649
722	0.00722951	-2.54723e-36	-4.9327e-40	7500	2e+11 0.51649
723	0.00723951	-8.28644e-36	-1.60466e-39	7500	2e+11 0.516442
724	0.00724951	-2.31581e-35	-4.48454e-39	7500	2e+11 0.516442
725	0.00725951	-6.1632e-35	-1.1935e-38	7500	2e+11 0.516442
726	0.00726951	-1.9651e-34	-3.80539e-38	7500	2e+11 0.516442
727	0.00727951	-6.30124e-34	-1.22023e-37	7500	2e+11 0.516442
728	0.00728951	-1.8255e-33	-3.53507e-37	7500	2e+11 0.516442
729	0.00729951	-4.66357e-33	-9.03097e-37	7500	2e+11 0.516418
730	0.00730951	-1.23921e-32	-2.39972e-36	7500	2e+11 0.516418
731	0.00731951	-3.68142e-32	-7.12903e-36	7500	2e+11 0.516514
732	0.00732951	-8.80264e-32	-1.70462e-35	7500	2e+11 0.516514
733	0.00733951	-2.47435e-31	-4.79156e-35	7500	2e+11 0.516322
734	0.00734952	-6.75606e-31	-1.30831e-34	7500	2e+11 0.51637
735	0.00735952	-1.48808e-30	-2.88165e-34	7500	2e+11 0.516418
736	0.00736952	-3.65209e-30	-7.07224e-34	7500	2e+11 0.51649
737	0.00737951	-1.02871e-29	-1.99209e-33	7500	2e+11 0.51649
738	0.00738952	-2.71184e-29	-5.25146e-33	7500	2e+11 0.516322
739	0.00739952	-8.49077e-29	-1.64423e-32	7500	2e+11 0.51637
740	0.00740952	-2.47416e-28	-4.79119e-32	7500	2e+11 0.51637
741	0.00741952	-6.57612e-28	-1.27346e-31	7500	2e+11 0.516346
742	0.00742952	-2.05302e-27	-3.97565e-31	7500	2e+11 0.516346
743	0.00743952	-4.99142e-27	-9.66584e-31	7500	2e+11 0.516274
744	0.00744953	-1.67961e-26	-3.25254e-30	7500	2e+11 0.516274
745	0.00745953	-4.53929e-26	-8.79029e-30	7500	2e+11 0.516226
746	0.00746953	-1.33186e-25	-2.57914e-29	7500	2e+11 0.516226
747	0.00747954	-3.07284e-25	-5.95053e-29	7500	2e+11 0.516105
748	0.00748955	-9.21448e-25	-1.78438e-28	7500	2e+11 0.516129
749	0.00749955	-2.82439e-24	-5.46941e-28	7500	2e+11 0.516129
750	0.00750956	-7.56075e-24	-1.46413e-27	7500	2e+11 0.519466
751	0.0075195	-1.94548e-23	-3.7674e-27	7500	2e+11 0.519466
752	0.00752952	-4.48682e-23	-8.68869e-27	7500	2e+11 0.515841
753	0.00753953	-1.42845e-22	-2.76618e-26	7500	2e+11 0.516274
754	0.00754953	-3.27197e-22	-6.33614e-26	7500	2e+11 0.516274
755	0.00755954	-9.31666e-22	-1.80416e-25	7500	2e+11 0.516033
756	0.00756954	-2.67426e-21	-5.17868e-25	7500	2e+11 0.516346
757	0.00757955	-7.72633e-21	-1.4962e-24	7500	2e+11 0.516346
758	0.00758955	-2.49663e-20	-4.83471e-24	7500	2e+11 0.516177
759	0.00759955	-6.993e-20	-1.35419e-23	7500	2e+11 0.516177
760	0.00760956	-2.13495e-19	-4.13432e-23	7500	2e+11 0.516298
761	0.00761956	-6.10135e-19	-1.18152e-22	7500	2e+11 0.516298
762	0.00762957	-1.92998e-18	-3.7374e-22	7500	2e+11 0.516442
763	0.00763956	-4.87171e-18	-9.43402e-22	7500	2e+11 0.516442
764	0.00764957	-1.40684e-17	-2.72434e-21	7500	2e+11 0.516538
765	0.00765957	-4.01518e-17	-7.77537e-21	7500	2e+11 0.516538
766	0.00766957	-1.14074e-16	-2.20903e-20	7500	2e+11 0.516346
767	0.00767957	-2.78344e-16	-5.39011e-20	7500	2e+11 0.516346
768	0.00768957	-7.08968e-16	-1.37291e-19	7500	2e+11 0.516346
769	0.00769957	-1.90711e-15	-3.69309e-19	7500	2e+11 0.516346
770	0.00770958	-6.3436e-15	-1.22843e-18	7500	2e+11 0.516442
771	0.00771958	-1.69169e-14	-3.27594e-18	7500	2e+11 0.516442
772	0.00772958	-4.67136e-14	-9.04604e-18	7500	2e+11 0.516346
773	0.00773958	-1.22063e-13	-2.36375e-17	7500	2e+11 0.516346
774	0.00774958	-3.16519e-13	-6.12936e-17	7500	2e+11 0.516394
775	0.00775958	-6.26751e-13	-1.2137e-16	7500	2e+11 0.516394
776	0.00776958	-2.22181e-12	-4.30252e-16	7500	2e+11 0.51637
777	0.00777958	-5.96541e-12	-1.1552e-15	7500	2e+11 0.51637
778	0.00778959	-1.47794e-11	-2.86202e-15	7500	2e+11 0.51649
779	0.00779958	-3.568e-11	-6.90941e-15	7500	2e+11 0.51649
780	0.00780959	-1.0302e-10	-1.99497e-14	7500	2e+11 0.516201
781	0.00781965	-2.62266e-10	-5.07875e-14	7500	2e+11 0.51541
782	0.00782966	-6.58347e-10	-1.27488e-13	7500	2e+11 0.51637
783	0.00783966	-1.63192e-09	-3.16019e-13	7500	2e+11 0.51637
784	0.00784967	-6.39215e-09	-1.23783e-12	7500	2e+11 0.516466
785	0.00785966	-1.73691e-08	-3.36352e-12	7500	2e+11 0.516466
786	0.00786967	-4.92605e-08	-9.53925e-12	7500	2e+11 0.516514
787	0.00787966	-1.20027e-07	-2.32432e-11	7500	2e+11 0.516514
788	0.00788967	-3.70981e-07	-7.18401e-11	7500	2e+11 0.516466
789	0.00789967	-1.05163e-06	-2.03648e-10	7500	2e+11 0.516466
790	0.00790967	-2.94376e-06	-5.70057e-10	7500	2e+11 0.51661
791	0.00791967	-9.63306e-06	-1.86543e-09	7500	2e+11 0.51661
792	0.00792967	-2.44995e-05	-4.74431e-09	7500	2e+11 0.516466
793	0.00793967	-6.59398e-05	-1.27692e-08	7500	2e+11 0.516466
794	0.00794967	-0.000182555	-3.53517e-08	7500	2e+11 0.51661
795	0.00795967	-0.000505308	-9.78525e-08	7500	2e+11 0.51661
796	0.00796967	-0.00131827	-2.55282e-07	7500	2e+11 0.516322
797	0.00797968	-0.00310707	-6.01681e-07	7500	2e+11 0.516514
798	0.00798967	-0.0102485	-1.98462e-06	7500	2e+11 0.516514
799	0.00799967	-0.0256681	-4.97061e-06	7500	2e+11 0.516514
800	0.00800967	-0.0682617	-1.32188e-05	7500	2e+11 0.516466
801	0.00801967	-0.175625	-3.40096e-05	7500	2e+11 0.516514
802	0.00802967	-0.535401	-0.00010368	7500	2e+11 0.516514
803	0.00803967	-1.39042	-0.000269254	7500	2e+11 0.516466
804	0.00804967	-3.47933	-0.000673769	7500	2e+11 0.516803
805	0.00805966	-6.64037	-0.0012859	7500	2e+11 0.517237
806	0.00806965	-10.5772	-0.00204827	7500	2e+11 0.517816
807	0.00807962	-14.9929	-0.00290336	7500	2e+11 0.517865
808	0.00808959	-19.6079	-0.00379705	7500	2e+11 0.518446
809	0.00809955	-24.1627	-0.00467909	7500	2e+11 0.518737
810	0.00810951	-28.4608	-0.00551141	7500	2e+11 0.519369
811	0.00811945	-32.3691	-0.00626824	7500	2e+11 0.519758
812	0.00812939	-35.8183	-0.00693618	7500	2e+11 0.519904
813	0.00813932	-38.7845	-0.00751059	7500	2e+11 0.520294
814	0.00814924	-41.255	-0.00798899	7500	2e+11 0.52049
815	0.00815917	-43.2792	-0.00838098	7500	2e+11 0.520539
816	0.00816909	-44.9119	-0.00869715	7500	2e+11 0.521273
817	0.00817899	-46.1918	-0.008945	7500	2e+11 0.521273
818	0.0081889	-47.1818	-0.00913671	7500	2e+11 0.521028
819	0.00819882	-47.9358	-0.00928273	7500	2e+11 0.521175
820	0.00820872	-48.5015	-0.00939227	7500	2e+11 0.521322
821	0.00821863	-48.9265	-0.00947458	7500	2e+11 0.521567
822	0.00822853	-49.2398	-0.00953524	7500	2e+11 0.521567
823	0.00823844	-49.4658	-0.00957901	7500	2e+11 0.521518
824	0.00824834	-49.6275	-0.00961032	7500	2e+11 0.521518
825	0.00825825	-49.7435	-0.00963278	7500	2e+11 0.521322
826	0.00826816	-49.8249	-0.00964855	7500	2e+11 0.521518
827	0.00827806	-49.8814	-0.0096595	7500	2e+11 0.521518
828	0.00828796	-49.92	-0.00966697	7500	2e+11 0.52142
829	0.00829787	-49.9463	-0.00967206	7500	2e+11 0.521567
830	0.00830777	-49.9638	-0.00967545	7500	2e+11 0.521567
831	0.00831768	-49.9755	-0.00967772	7500	2e+11 0.521469
832	0.00832758	-49.9833	-0.00967923	7500	2e+11 0.521469
833	0.00833749	-49.9884	-0.00968021	7500	2e+11 0.521371
834	0.00834739	-49.9917	-0.00968086	7500	2e+11 0.521714
835	0.00835729	-49.9939	-0.00968127	7500	2e+11 0.521763
836	0.00836719	-49.9952	-0.00968154	7500	2e+11 0.521763
837	0.00837709	-49.9961	-0.0096817	7500	2e+11 0.521665
838	0.00838699	-49.9966	-0.0096818	7500	2e+11 0.521665
839	0.0083969	-49.9969	-0.00968186	7500	2e+11 0.521322
840	0.00840681	-49.9971	-0.00968189	7500	2e+11 0.521567
841	0.00841671	-49.9972	-0.00968192	7500	2e+11 0.521567
842	0.00842662	-49.9973	-0.00968193	7500	2e+11 0.521567
843	0.00843652	-49.9973	-0.00968194	7500	2e+11 0.521567
844	0.00844642	-49.9974	-0.00968195	7500	2e+11 0.52142
845	0.00845633	-49.9974	-0.00968195	7500	2e+11 0.521469
846	0.00846623	-49.9974	-0.00968195	7500	2e+11 0.521469
847	0.00847613	-49.9974	-0.00968195	7500	2e+11 0.52142
848	0.00848604	-49.9974	-0.00968195	7500	2e+11 0.52142
849	0.00849594	-49.9974	-0.00968195	7500	2e+11 0.521469
850	0.00850584	-49.9974	-0.00968195	7500	2e+11 0.521469
851	0.00851575	-49.9974	-0.00968195	7500	2e+11 0.521518
852	0.00852565	-49.9974	-0.00968195	7500	2e+11 0.521518
853	0.00853556	-49.9974	-0.00968195	7500	2e+11 0.521567
854	0.00854546	-49.9974	-0.00968195	7500	2e+11 0.521567
855	0.00855536	-49.9974	-0.00968195	7500	2e+11 0.521518
856	0.00856526	-49.9974	-0.00968195	7500	2e+11 0.521518
857	0.00857517	-49.9974	-0.00968195	7500	2e+11 0.521371
858	0.00858507	-49.9974	-0.00968195	7500	2e+11 0.52142
859	0.00859498	-49.9974	-0.00968195	7500	2e+11 0.521469
860	0.00860488	-49.9974	-0.00968195	7500	2e+11 0.521518
861	0.00861478	-49.9974	-0.00968195	7500	2e+11 0.521518
862	0.00862468	-49.9974	-0.00968195	7500	2e+11 0.521469
863	0.00863459	-49.9974	-0.00968195	7500	2e+11 0.52142
864	0.00864449	-49.9974	-0.00968195	7500	2e+11 0.52142
865	0.0086544	-49.9974	-0.00968195	7500	2e+11 0.52142
866	0.0086643	-49.9974	-0.00968195	7500	2e+11 0.521518
867	0.0086742	-49.9974	-0.00968195	7500	2e+11 0.521518
868	0.00868411	-49.9974	-0.00968195	7500	2e+11 0.521518
869	0.00869401	-49.9974	-0.00968195	7500	2e+11 0.521469
870	0.00870391	-49.9974	-0.00968195	7500	2e+11 0.521469
871	0.00871382	-49.9974	-0.00968195	7500	2e+11 0.521469
872	0.00872372	-49.9974	-0.00968195	7500	2e+11 0.521567
873	0.00873363	-49.9974	-0.00968195	7500	2e+11 0.521616
874	0.00874353	-49.9974	-0.00968195	7500	2e+11 0.521616
875	0.00875343	-49.9974	-0.00968195	7500	2e+11 0.521469
876	0.00876333	-49.9974	-0.00968195	7500	2e+11 0.521469
877	0.00877324	-49.9974	-0.00968195	7500	2e+11 0.521616
878	0.00878314	-49.9974	-0.00968195	7500	2e+11 0.521616
879	0.00879304	-49.9974	-0.00968195	7500	2e+11 0.521371
880	0.00880295	-49.9974	-0.00968195	7500	2e+11 0.521371
881	0.00881285	-49.9974	-0.00968195	7500	2e+11 0.521371
882	0.00882276	-49.9974	-0.00968195	7500	2e+11 0.521861
883	0.00883266	-49.9974	-0.00968195	7500	2e+11 0.521861
884	0.00884256	-49.9974	-0.00968195	7500	2e+11 0.521469
885	0.00885247	-49.9974	-0.00968195	7500	2e+11 0.521469
886	0.00886237	-49.9974	-0.00968195	7500	2e+11 0.521469
887	0.00887228	-49.9974	-0.00968195	7500	2e+11 0.521322
888	0.00888218	-49.9974	-0.00968195	7500	2e+11 0.521616
889	0.00889208	-49.9973	-0.00968195	7500	2e+11 0.521616
890	0.00890198	-49.9973	-0.00968194	7500	2e+11 0.521469
891	0.00891189	-49.9973	-0.00968194	7500	2e+11 0.521371
892	0.00892179	-49.9972	-0.00968192	7500	2e+11 0.521469
893	0.0089317	-49.997	-0.00968188	7500	2e+11 0.521665
894	0.0089416	-49.9966	-0.0096818	7500	2e+11 0.521665
895	0.0089515	-49.9952	-0.00968154	7500	2e+11 0.521469
896	0.0089614	-49.9925	-0.009681	7500	2e+11 0.521469
897	0.00897131	-49.9848	-0.00967952	7500	2e+11 0.521273
898	0.00898122	-49.9595	-0.00967462	7500	2e+11 0.521469
899	0.00899112	-49.8931	-0.00966177	7500	2e+11 0.521469
900	0.00900103	-49.6994	-0.00962424	7500	2e+11 0.521518
901	0.00901093	-49.0096	-0.00949066	7500	2e+11 0.521518
902	0.00902083	-47.7156	-0.00924009	7500	2e+11 0.521518
903	0.00903074	-45.8715	-0.00888298	7500	2e+11 0.521224
904	0.00904066	-43.5595	-0.00843526	7500	2e+11 0.520881
905	0.00905057	-40.8519	-0.00791093	7500	2e+11 0.520881
906	0.00906049	-37.8603	-0.00733161	7500	2e+11 0.520441
907	0.00907042	-34.6698	-0.00671377	7500	2e+11 0.520002
908	0.00908036	-31.3671	-0.00607421	7500	2e+11 0.519612
909	0.0090903	-28.0436	-0.00543062	7500	2e+11 0.519563
910	0.00910025	-24.7803	-0.00479869	7500	2e+11 0.519028
911	0.0091102	-21.627	-0.00418806	7500	2e+11 0.518883
912	0.00912016	-18.6387	-0.00360936	7500	2e+11 0.518349
913	0.00913013	-15.8711	-0.00307343	7500	2e+11 0.518107
914	0.0091401	-13.3499	-0.0025852	7500	2e+11 0.51801
915	0.00915008	-11.1024	-0.00214997	7500	2e+11 0.517623
916	0.00916005	-9.12329	-0.00176672	7500	2e+11 0.517623
917	0.00917004	-7.40367	-0.00143371	7500	2e+11 0.517189
918	0.00918003	-5.9311	-0.00114855	7500	2e+11 0.517044
919	0.00919002	-4.69741	-0.00090965	7500	2e+11 0.517044
920	0.00920001	-3.66977	-0.000710649	7500	2e+11 0.516899
921	0.00921	-2.83374	-0.000548751	7500	2e+11 0.516803
922	0.00921999	-2.16303	-0.000418869	7500	2e+11 0.516755
923	0.00922999	-1.62793	-0.000315247	7500	2e+11 0.516707
924	0.00923999	-1.21143	-0.000234592	7500	2e+11 0.516562
925	0.00924998	-0.894791	-0.000173275	7500	2e+11 0.516562
926	0.00925998	-0.652352	-0.000126327	7500	2e+11 0.51661
927	0.00926998	-0.46812	-9.06511e-05	7500	2e+11 0.51661
928	0.00927998	-0.332125	-6.43156e-05	7500	2e+11 0.516466
929	0.00928998	-0.233697	-4.52553e-05	7500	2e+11 0.516466
930	0.00929999	-0.16254	-3.14757e-05	7500	2e+11 0.516466
931	0.00930998	-0.111835	-2.16567e-05	7500	2e+11 0.516466
932	0.00931998	-0.0762414	-1.47641e-05	7500	2e+11 0.516418
933	0.00932998	-0.0515788	-9.9882e-06	7500	2e+11 0.516514
934	0.00933998	-0.0345863	-6.69761e-06	7500	2e+11 0.516514
935	0.00934999	-0.0229593	-4.44605e-06	7500	2e+11 0.516466
936	0.00935999	-0.0150591	-2.91617e-06	7500	2e+11 0.516466
937	0.00936999	-0.00975063	-1.8882e-06	7500	2e+11 0.516514
938	0.00937998	-0.00625111	-1.21052e-06	7500	2e+11 0.516514
939	0.00938999	-0.00397013	-7.68812e-07	7500	2e+11 0.516322
940	0.00939999	-0.00250024	-4.84169e-07	7500	2e+11 0.516418
941	0.00940999	-0.00157465	-3.0493e-07	7500	2e+11 0.516514
942	0.00941999	-0.000979532	-1.89686e-07	7500	2e+11 0.516514
943	0.00942999	-0.000604814	-1.17122e-07	7500	2e+11 0.516562
944	0.00943998	-0.000369594	-7.15716e-08	7500	2e+11 0.516562
945	0.00944998	-0.000224235	-4.3423e-08	7500	2e+11 0.51637
946	0.00945999	-0.000135439	-2.62276e-08	7500	2e+11 0.516274
947	0.00946999	-8.05627e-05	-1.56009e-08	7500	2e+11 0.516466
948	0.00947999	-4.69505e-05	-9.09192e-09	7500	2e+11 0.516466
949	0.00948999	-2.69087e-05	-5.21086e-09	7500	2e+11 0.516466
950	0.00949999	-1.51614e-05	-2.93599e-09	7500	2e+11 0.516322
951	0.00950999	-8.35929e-06	-1.61877e-09	7500	2e+11 0.51661
952	0.00951999	-4.50863e-06	-8.73092e-10	7500	2e+11 0.51661
953	0.00952999	-2.34816e-06	-4.54719e-10	7500	2e+11 0.51637
954	0.00954	-1.18725e-06	-2.2991e-10	7500	2e+11 0.516755
955	0.00954999	-5.84567e-07	-1.13201e-10	7500	2e+11 0.516755
956	0.00955999	-2.79966e-07	-5.42153e-11	7500	2e+11 0.51661
957	0.00956999	-1.29539e-07	-2.50852e-11	7500	2e+11 0.51661
958	0.00957999	-5.79663e-08	-1.12251e-11	7500	2e+11 0.51637
959	0.00959	-2.50546e-08	-4.85181e-12	7500	2e+11 0.516562
960	0.00959999	-1.0433e-08	-2.02035e-12	7500	2e+11 0.516562
961	0.00960999	-4.20826e-09	-8.14926e-13	7500	2e+11 0.516322
962	0.00962	-1.62423e-09	-3.1453e-13	7500	2e+11 0.51661
963	0.00962999	-5.9792e-10	-1.15787e-13	7500	2e+11 0.51661
964	0.00963999	-2.17466e-10	-4.21122e-14	7500	2e+11 0.516514
965	0.00964999	-7.77817e-11	-1.50624e-14	7500	2e+11 0.516514
966	0.00966	-2.59748e-11	-5.03001e-15	7500	2e+11 0.516514
967	0.00967	-8.20361e-12	-1.58862e-15	7500	2e+11 0.516514
968	0.00968	-2.6138e-12	-5.0616e-16	7500	2e+11 0.516755
969	0.00968999	-7.96846e-13	-1.54309e-16	7500	2e+11 0.516755
970	0.0097	-2.34776e-13	-4.54642e-17	7500	2e+11 0.51637
971	0.00971	-6.55594e-14	-1.26955e-17	7500	2e+11 0.51661
972	0.00971999	-1.83379e-14	-3.55111e-18	7500	2e+11 0.51661
973	0.00972999	-4.93792e-15	-9.56224e-19	7500	2e+11 0.516466
974	0.00974	-1.302e-15	-2.52131e-19	7500	2e+11 0.516755
975	0.00974999	-3.27064e-16	-6.33357e-20	7500	2e+11 0.516755
976	0.00976	-8.01571e-17	-1.55224e-20	7500	2e+11 0.516562
977	0.00976999	-1.87099e-17	-3.62316e-21	7500	2e+11 0.516562
978	0.00978	-4.25277e-18	-8.23545e-22	7500	2e+11 0.516226
979	0.00979	-9.77716e-19	-1.89334e-22	7500	2e+11 0.516466
980	0.0098	-2.03438e-19	-3.93955e-23	7500	2e+11 0.516466
981	0.00981	-4.0616e-20	-7.86525e-24	7500	2e+11 0.516418
982	0.00982	-7.62894e-21	-1.47734e-24	7500	2e+11 0.51637
983	0.00983	-1.52577e-21	-2.95465e-25	7500	2e+11 0.516562
984	0.00984	-2.85888e-22	-5.5362e-26	7500	2e+11 0.516562
985	0.00985	-5.11385e-23	-9.90293e-27	7500	2e+11 0.516274
986	0.00986001	-9.37697e-24	-1.81584e-27	7500	2e+11 0.516947
987	0.00987	-1.75603e-24	-3.40055e-28	7500	2e+11 0.516947
988	0.00987999	-3.25663e-25	-6.30643e-29	7500	2e+11 0.516803
989	0.00988999	-5.64084e-26	-1.09234e-29	7500	2e+11 0.516803
990	0.0099	-9.96195e-27	-1.92912e-30	7500	2e+11 0.516418
991	0.00991	-1.62774e-27	-3.15211e-31	7500	2e+11 0.516418
992	0.00992	-2.70814e-28	-5.2443e-32	7500	2e+11 0.51661
993	0.00993	-4.27873e-29	-8.28573e-33	7500	2e+11 0.516658
994	0.00993999	-7.33439e-30	-1.4203e-33	7500	2e+11 0.516658
995	0.00995	-1.26539e-30	-2.45042e-34	7500	2e+11 0.516322
996	0.00996	-2.1194e-31	-4.10421e-35	7500	2e+11 0.51661
997	0.00996999	-3.34302e-32	-6.47372e-36	7500	2e+11 0.51661
998	0.00998	-5.16343e-33	-9.99902e-37	7500	2e+11 0.516514
999	0.00999	-8.69564e-34	-1.68432e-37	7500	2e+11 0.516514
1000	0.01	0	-2.2224e-40	7500	2e+11 0.516322
