0	0	0	0	7500	2e+11 0.516398
1	1e-05	0	0	7500	2e+11 0.516398
2	2e-05	0	0	7500	2e+11 0.516398
3	3e-05	0	0	7500	2e+11 0.516398
4	4e-05	0	0	7500	2e+11 0.516398
5	5e-05	0	0	7500	2e+11 0.516398
6	6e-05	0	0	7500	2e+11 0.516398
7	7e-05	0	0	7500	2e+11 0.516398
8	8e-05	0	0	7500	2e+11 0.516398
9	9e-05	0	0	7500	2e+11 0.516398
10	0.0001	0	0	7500	2e+11 0.516398
11	0.00011	0	0	7500	2e+11 0.516398
12	0.00012	0	0	7500	2e+11 0.516398
13	0.00013	0	0	7500	2e+11 0.516398
14	0.00014	0	0	7500	2e+11 0.516398
15	0.00015	0	0	7500	2e+11 0.516398
16	0.00016	0	0	7500	2e+11 0.516398
17	0.00017	0	0	7500	2e+11 0.516398
18	0.00018	0	0	7500	2e+11 0.516398
19	0.00019	0	0	7500	2e+11 0.516398
20	0.0002	0	0	7500	2e+11 0.516398
21	0.00021	0	0	7500	2e+11 0.516398
22	0.00022	0	0	7500	2e+11 0.516398
23	0.00023	0	0	7500	2e+11 0.516398
24	0.00024	0	0	7500	2e+11 0.516398
25	0.00025	0	0	7500	2e+11 0.516398
26	0.00026	0	0	7500	2e+11 0.516398
27	0.00027	0	0	7500	2e+11 0.516398
28	0.00028	0	0	7500	2e+11 0.516398
29	0.00029	0	0	7500	2e+11 0.516398
30	0.0003	0	0	7500	2e+11 0.516398
31	0.00031	0	0	7500	2e+11 0.516398
32	0.00032	0	0	7500	2e+11 0.516398
33	0.00033	0	0	7500	2e+11 0.516398
34	0.00034	0	0	7500	2e+11 0.516398
35	0.00035	0	0	7500	2e+11 0.516398
36	0.00036	0	0	7500	2e+11 0.516398
37	0.00037	0	0	7500	2e+11 0.516398
38	0.00038	0	0	7500	2e+11 0.516398
39	0.00039	0	0	7500	2e+11 0.516398
40	0.0004	0	0	7500	2e+11 0.516398
41	0.00041	0	0	7500	2e+11 0.516398
42	0.00042	0	0	7500	2e+11 0.516398
43	0.00043	0	0	7500	2e+11 0.516398
44	0.00044	0	0	7500	2e+11 0.516398
45	0.00045	0	0	7500	2e+11 0.516398
46	0.00046	0	0	7500	2e+11 0.516398
47	0.00047	0	0	7500	2e+11 0.516398
48	0.00048	0	0	7500	2e+11 0.516398
49	0.00049	0	0	7500	2e+11 0.5164
50	0.0005	0	0	7500	2e+11 0.5164
51	0.00051	0	0	7500	2e+11 0.516397
52	0.00052	0	0	7500	2e+11 0.5164
53	0.00053	0	0	7500	2e+11 0.5164
54	0.00054	0	0	7500	2e+11 0.516397
55	0.00055	0	0	7500	2e+11 0.5164
56	0.00056	0	0	7500	2e+11 0.5164
57	0.00057	0	0	7500	2e+11 0.516397
58	0.00058	0	0	7500	2e+11 0.516397
59	0.00059	0	0	7500	2e+11 0.5164
60	0.0006	0	0	7500	2e+11 0.5164
61	0.00061	0	0	7500	2e+11 0.516397
62	0.00062	0	0	7500	2e+11 0.5164
63	0.00063	0	0	7500	2e+11 0.5164
64	0.00064	0	0	7500	2e+11 0.516397
65	0.00065	0	0	7500	2e+11 0.5164
66	0.00066	0	0	7500	2e+11 0.5164
67	0.00067	0	0	7500	2e+11 0.516397
68	0.00068	0	0	7500	2e+11 0.5164
69	0.00069	0	0	7500	2e+11 0.5164
70	0.0007	0	0	7500	2e+11 0.516397
71	0.00071	0	0	7500	2e+11 0.516397
72	0.00072	0	0	7500	2e+11 0.5164
73	0.00073	0	0	7500	2e+11 0.5164
74	0.00074	0	0	7500	2e+11 0.516397
75	0.00075	0	0	7500	2e+11 0.5164
76	0.00076	0	0	7500	2e+11 0.5164
77	0.00077	0	0	7500	2e+11 0.516397
78	0.00078	0	0	7500	2e+11 0.5164
79	0.00079	0	0	7500	2e+11 0.5164
80	0.0008	0	0	7500	2e+11 0.516397
81	0.00081	0	0	7500	2e+11 0.5164
82	0.00082	0	0	7500	2e+11 0.5164
83	0.00083	0	0	7500	2e+11 0.516397
84	0.00084	0	0	7500	2e+11 0.5164
85	0.00085	0	0	7500	2e+11 0.5164
86	0.00086	0	0	7500	2e+11 0.516397
87	0.00087	0	0	7500	2e+11 0.5164
88	0.00088	0	0	7500	2e+11 0.5164
89	0.00089	0	0	7500	2e+11 0.516397
90	0.0009	0	0	7500	2e+11 0.516397
91	0.00091	0	0	7500	2e+11 0.5164
92	0.00092	0	0	7500	2e+11 0.5164
93	0.00093	0	0	7500	2e+11 0.516397
94	0.00094	0	0	7500	2e+11 0.5164
95	0.00095	0	0	7500	2e+11 0.5164
96	0.00096	0	0	7500	2e+11 0.516397
97	0.00097	0	0	7500	2e+11 0.516397
98	0.00098	0	0	7500	2e+11 0.5164
99	0.00099	0	0	7500	2e+11 0.5164
100	0.001	0	0	7500	2e+11 0.5164
101	0.00101	0	0	7500	2e+11 0.5164
102	0.00102	0	0	7500	2e+11 0.5164
103	0.00103	0	0	7500	2e+11 0.5164
104	0.00104	0	0	7500	2e+11 0.5164
105	0.00105	0	0	7500	2e+11 0.5164
106	0.00106	0	0	7500	2e+11 0.5164
107	0.00107	0	0	7500	2e+11 0.5164
108	0.00108	0	0	7500	2e+11 0.5164
109	0.00109	0	0	7500	2e+11 0.5164
110	0.0011	0	0	7500	2e+11 0.5164
111	0.00111	0	0	7500	2e+11 0.5164
112	0.00112	0	0	7500	2e+11 0.5164
113	0.00113	0	0	7500	2e+11 0.5164
114	0.00114	0	0	7500	2e+11 0.5164
115	0.00115	0	0	7500	2e+11 0.5164
116	0.00116	0	0	7500	2e+11 0.5164
117	0.00117	0	0	7500	2e+11 0.5164
118	0.00118	0	0	7500	2e+11 0.5164
119	0.00119	0	0	7500	2e+11 0.5164
120	0.0012	0	0	7500	2e+11 0.5164
121	0.00121	0	0	7500	2e+11 0.5164
122	0.00122	0	0	7500	2e+11 0.5164
123	0.00123	0	0	7500	2e+11 0.5164
124	0.00124	0	0	7500	2e+11 0.5164
125	0.00125	0	0	7500	2e+11 0.5164
126	0.00126	0	0	7500	2e+11 0.5164
127	0.00127	0	0	7500	2e+11 0.5164
128	0.00128	0	0	7500	2e+11 0.5164
129	0.00129	0	0	7500	2e+11 0.5164
130	0.0013	0	0	7500	2e+11 0.5164
131	0.00131	0	0	7500	2e+11 0.5164
132	0.00132	0	0	7500	2e+11 0.5164
133	0.00133	0	0	7500	2e+11 0.5164
134	0.00134	0	0	7500	2e+11 0.5164
135	0.00135	0	0	7500	2e+11 0.5164
136	0.00136	0	0	7500	2e+11 0.5164
137	0.00137	0	0	7500	2e+11 0.5164
138	0.00138	0	0	7500	2e+11 0.5164
139	0.00139	0	0	7500	2e+11 0.5164
140	0.0014	0	0	7500	2e+11 0.5164
141	0.00141	0	0	7500	2e+11 0.5164
142	0.00142	0	0	7500	2e+11 0.5164
143	0.00143	0	0	7500	2e+11 0.5164
144	0.00144	0	0	7500	2e+11 0.5164
145	0.00145	0	0	7500	2e+11 0.5164
146	0.00146	0	0	7500	2e+11 0.5164
147	0.00147	0	0	7500	2e+11 0.5164
148	0.00148	0	0	7500	2e+11 0.5164
149	0.00149	0	0	7500	2e+11 0.5164
150	0.0015	0	0	7500	2e+11 0.5164
151	0.00151	0	0	7500	2e+11 0.5164
152	0.00152	0	0	7500	2e+11 0.5164
153	0.00153	0	0	7500	2e+11 0.5164
154	0.00154	0	0	7500	2e+11 0.5164
155	0.00155	0	0	7500	2e+11 0.5164
156	0.00156	0	0	7500	2e+11 0.5164
157	0.00157	0	0	7500	2e+11 0.5164
158	0.00158	0	0	7500	2e+11 0.5164
159	0.00159	0	0	7500	2e+11 0.5164
160	0.0016	0	0	7500	2e+11 0.5164
161	0.00161	0	0	7500	2e+11 0.5164
162	0.00162	0	0	7500	2e+11 0.5164
163	0.00163	0	0	7500	2e+11 0.5164
164	0.00164	0	0	7500	2e+11 0.5164
165	0.00165	0	0	7500	2e+11 0.5164
166	0.00166	0	0	7500	2e+11 0.5164
167	0.00167	0	0	7500	2e+11 0.5164
168	0.00168	0	0	7500	2e+11 0.5164
169	0.00169	0	0	7500	2e+11 0.5164
170	0.0017	0	0	7500	2e+11 0.5164
171	0.00171	0	0	7500	2e+11 0.5164
172	0.00172	0	0	7500	2e+11 0.5164
173	0.00173	0	0	7500	2e+11 0.5164
174	0.00174	0	0	7500	2e+11 0.5164
175	0.00175	0	0	7500	2e+11 0.5164
176	0.00176	0	0	7500	2e+11 0.5164
177	0.00177	0	0	7500	2e+11 0.5164
178	0.00178	0	0	7500	2e+11 0.5164
179	0.00179	0	0	7500	2e+11 0.5164
180	0.0018	0	0	7500	2e+11 0.5164
181	0.00181	0	0	7500	2e+11 0.5164
182	0.00182	0	0	7500	2e+11 0.5164
183	0.00183	0	0	7500	2e+11 0.5164
184	0.00184	0	0	7500	2e+11 0.5164
185	0.00185	0	0	7500	2e+11 0.5164
186	0.00186	0	0	7500	2e+11 0.5164
187	0.00187	0	0	7500	2e+11 0.5164
188	0.00188	0	0	7500	2e+11 0.5164
189	0.00189	0	0	7500	2e+11 0.5164
190	0.0019	0	0	7500	2e+11 0.5164
191	0.00191	0	0	7500	2e+11 0.5164
192	0.00192	0	0	7500	2e+11 0.5164
193	0.00193	0	0	7500	2e+11 0.5164
194	0.00194	0	0	7500	2e+11 0.5164
195	0.00195	0	0	7500	2e+11 0.5164
196	0.00196	0	0	7500	2e+11 0.516406
197	0.00197	0	0	7500	2e+11 0.516406
198	0.00198	0	0	7500	2e+11 0.516394
199	0.00199	0	0	7500	2e+11 0.516406
200	0.002	0	0	7500	2e+11 0.516406
201	0.00201	0	0	7500	2e+11 0.516394
202	0.00202	0	0	7500	2e+11 0.516406
203	0.00203	0	0	7500	2e+11 0.516406
204	0.00204	0	0	7500	2e+11 0.516394
205	0.00205	0	0	7500	2e+11 0.516406
206	0.00206	0	0	7500	2e+11 0.516406
207	0.00207	0	0	7500	2e+11 0.516394
208	0.00208	0	0	7500	2e+11 0.516406
209	0.00209	0	0	7500	2e+11 0.516406
210	0.0021	0	0	7500	2e+11 0.516394
211	0.00211	0	0	7500	2e+11 0.516406
212	0.00212	0	0	7500	2e+11 0.516406
213	0.00213	0	0	7500	2e+11 0.516394
214	0.00214	0	0	7500	2e+11 0.516406
215	0.00215	0	0	7500	2e+11 0.516406
216	0.00216	0	0	7500	2e+11 0.516394
217	0.00217	0	0	7500	2e+11 0.516406
218	0.00218	0	0	7500	2e+11 0.516406
219	0.00219	0	0	7500	2e+11 0.516394
220	0.0022	0	0	7500	2e+11 0.516406
221	0.00221	0	0	7500	2e+11 0.516406
222	0.00222	0	0	7500	2e+11 0.516394
223	0.00223	0	0	7500	2e+11 0.516406
224	0.00224	0	0	7500	2e+11 0.516406
225	0.00225	0	0	7500	2e+11 0.516394
226	0.00226	0	0	7500	2e+11 0.516394
227	0.00227	0	0	7500	2e+11 0.516406
228	0.00228	0	0	7500	2e+11 0.516406
229	0.00229	0	0	7500	2e+11 0.516394
230	0.0023	0	0	7500	2e+11 0.516406
231	0.00231	0	0	7500	2e+11 0.516406
232	0.00232	0	0	7500	2e+11 0.516394
233	0.00233	0	0	7500	2e+11 0.516406
234	0.00234	0	0	7500	2e+11 0.516406
235	0.00235	0	0	7500	2e+11 0.516394
236	0.00236	0	0	7500	2e+11 0.516406
237	0.00237	0	0	7500	2e+11 0.516406
238	0.00238	0	0	7500	2e+11 0.516394
239	0.00239	0	0	7500	2e+11 0.516406
240	0.0024	0	0	7500	2e+11 0.516406
241	0.00241	0	0	7500	2e+11 0.516394
242	0.00242	0	0	7500	2e+11 0.516406
243	0.00243	0	0	7500	2e+11 0.516406
244	0.00244	0	0	7500	2e+11 0.516394
245	0.00245	0	0	7500	2e+11 0.516406
246	0.00246	0	0	7500	2e+11 0.516406
247	0.00247	0	0	7500	2e+11 0.516394
248	0.00248	0	0	7500	2e+11 0.516406
249	0.00249	0	0	7500	2e+11 0.516406
250	0.0025	0	0	7500	2e+11 0.516394
251	0.00251	0	0	7500	2e+11 0.516406
252	0.00252	0	0	7500	2e+11 0.516406
253	0.00253	0	0	7500	2e+11 0.516394
254	0.00254	0	0	7500	2e+11 0.516406
255	0.00255	0	0	7500	2e+11 0.516406
256	0.00256	0	0	7500	2e+11 0.516394
257	0.00257	0	0	7500	2e+11 0.516406
258	0.00258	0	0	7500	2e+11 0.516406
259	0.00259	0	0	7500	2e+11 0.516394
260	0.0026	0	0	7500	2e+11 0.516406
261	0.00261	0	0	7500	2e+11 0.516406
262	0.00262	0	0	7500	2e+11 0.516394
263	0.00263	0	0	7500	2e+11 0.516406
264	0.00264	0	0	7500	2e+11 0.516406
265	0.00265	0	0	7500	2e+11 0.516394
266	0.00266	0	0	7500	2e+11 0.516406
267	0.00267	0	0	7500	2e+11 0.516406
268	0.00268	0	0	7500	2e+11 0.516394
269	0.00269	0	0	7500	2e+11 0.516406
270	0.0027	0	0	7500	2e+11 0.516406
271	0.00271	0	0	7500	2e+11 0.516394
272	0.00272	0	0	7500	2e+11 0.516406
273	0.00273	0	0	7500	2e+11 0.516406
274	0.00274	0	0	7500	2e+11 0.516394
275	0.00275	0	0	7500	2e+11 0.516406
276	0.00276	0	0	7500	2e+11 0.516406
277	0.00277	0	0	7500	2e+11 0.516394
278	0.00278	0	0	7500	2e+11 0.516406
279	0.00279	0	0	7500	2e+11 0.516406
280	0.0028	0	0	7500	2e+11 0.516394
281	0.00281	0	0	7500	2e+11 0.516406
282	0.00282	0	0	7500	2e+11 0.516406
283	0.00283	0	0	7500	2e+11 0.516394
284	0.00284	0	0	7500	2e+11 0.516406
285	0.00285	0	0	7500	2e+11 0.516406
286	0.00286	0	0	7500	2e+11 0.516394
287	0.00287	0	0	7500	2e+11 0.516394
288	0.00288	0	0	7500	2e+11 0.516406
289	0.00289	0	0	7500	2e+11 0.516406
290	0.0029	0	0	7500	2e+11 0.516394
291	0.00291	0	0	7500	2e+11 0.516406
292	0.00292	0	0	7500	2e+11 0.516406
293	0.00293	0	0	7500	2e+11 0.516394
294	0.00294	0	0	7500	2e+11 0.516406
295	0.00295	0	0	7500	2e+11 0.516406
296	0.00296	0	0	7500	2e+11 0.516394
297	0.00297	0	0	7500	2e+11 0.516406
298	0.00298	0	0	7500	2e+11 0.516406
299	0.00299	0	0	7500	2e+11 0.516394
300	0.003	0	0	7500	2e+11 0.516406
301	0.00301	0	0	7500	2e+11 0.516406
302	0.00302	0	0	7500	2e+11 0.516394
303	0.00303	0	0	7500	2e+11 0.516406
304	0.00304	0	0	7500	2e+11 0.516406
305	0.00305	0	0	7500	2e+11 0.516394
306	0.00306	0	0	7500	2e+11 0.516406
307	0.00307	0	0	7500	2e+11 0.516406
308	0.00308	0	0	7500	2e+11 0.516394
309	0.00309	0	0	7500	2e+11 0.516406
310	0.0031	0	0	7500	2e+11 0.516406
311	0.00311	0	0	7500	2e+11 0.516394
312	0.00312	0	0	7500	2e+11 0.516406
313	0.00313	0	0	7500	2e+11 0.516406
314	0.00314	0	0	7500	2e+11 0.516394
315	0.00315	0	0	7500	2e+11 0.516406
316	0.00316	0	0	7500	2e+11 0.516406
317	0.00317	0	0	7500	2e+11 0.516394
318	0.00318	0	0	7500	2e+11 0.516406
319	0.00319	0	0	7500	2e+11 0.516406
320	0.0032	0	0	7500	2e+11 0.516394
321	0.00321	0	0	7500	2e+11 0.516406
322	0.00322	0	0	7500	2e+11 0.516406
323	0.00323	0	0	7500	2e+11 0.516394
324	0.00324	0	0	7500	2e+11 0.516406
325	0.00325	0	0	7500	2e+11 0.516406
326	0.00326	0	0	7500	2e+11 0.516394
327	0.00327	0	0	7500	2e+11 0.516406
328	0.00328	0	0	7500	2e+11 0.516406
329	0.00329	0	0	7500	2e+11 0.516394
330	0.0033	0	0	7500	2e+11 0.516406
331	0.00331	0	0	7500	2e+11 0.516406
332	0.00332	0	0	7500	2e+11 0.516394
333	0.00333	0	0	7500	2e+11 0.516406
334	0.00334	0	0	7500	2e+11 0.516406
335	0.00335	0	0	7500	2e+11 0.516394
336	0.00336	0	0	7500	2e+11 0.516406
337	0.00337	0	0	7500	2e+11 0.516406
338	0.00338	0	0	7500	2e+11 0.516394
339	0.00339	0	0	7500	2e+11 0.516406
340	0.0034	0	0	7500	2e+11 0.516406
341	0.00341	0	0	7500	2e+11 0.516394
342	0.00342	0	0	7500	2e+11 0.516406
343	0.00343	0	0	7500	2e+11 0.516406
344	0.00344	0	0	7500	2e+11 0.516394
345	0.00345	0	0	7500	2e+11 0.516406
346	0.00346	0	0	7500	2e+11 0.516406
347	0.00347	0	0	7500	2e+11 0.516394
348	0.00348	0	0	7500	2e+11 0.516406
349	0.00349	0	0	7500	2e+11 0.516406
350	0.0035	0	0	7500	2e+11 0.516394
351	0.00351	0	0	7500	2e+11 0.516406
352	0.00352	0	0	7500	2e+11 0.516406
353	0.00353	0	0	7500	2e+11 0.516394
354	0.00354	0	0	7500	2e+11 0.516394
355	0.00355	0	0	7500	2e+11 0.516406
356	0.00356	0	0	7500	2e+11 0.516406
357	0.00357	0	0	7500	2e+11 0.516394
358	0.00358	0	0	7500	2e+11 0.516406
359	0.00359	0	0	7500	2e+11 0.516406
360	0.0036	0	0	7500	2e+11 0.516394
361	0.00361	0	0	7500	2e+11 0.516406
362	0.00362	0	0	7500	2e+11 0.516406
363	0.00363	0	0	7500	2e+11 0.516394
364	0.00364	0	0	7500	2e+11 0.516406
365	0.00365	0	0	7500	2e+11 0.516406
366	0.00366	0	0	7500	2e+11 0.516394
367	0.00367	0	0	7500	2e+11 0.516406
368	0.00368	0	0	7500	2e+11 0.516406
369	0.00369	0	0	7500	2e+11 0.516394
370	0.0037	0	0	7500	2e+11 0.516406
371	0.00371	0	0	7500	2e+11 0.516406
372	0.00372	0	0	7500	2e+11 0.516394
373	0.00373	0	0	7500	2e+11 0.516406
374	0.00374	0	0	7500	2e+11 0.516406
375	0.00375	0	0	7500	2e+11 0.516394
376	0.00376	0	0	7500	2e+11 0.516406
377	0.00377	0	0	7500	2e+11 0.516406
378	0.00378	0	0	7500	2e+11 0.516394
379	0.00379	0	0	7500	2e+11 0.516406
380	0.0038	0	0	7500	2e+11 0.516406
381	0.00381	0	0	7500	2e+11 0.516394
382	0.00382	0	0	7500	2e+11 0.516406
383	0.00383	0	0	7500	2e+11 0.516406
384	0.00384	0	0	7500	2e+11 0.516394
385	0.00385	0	0	7500	2e+11 0.516406
386	0.00386	0	0	7500	2e+11 0.516406
387	0.00387	0	0	7500	2e+11 0.516394
388	0.00388	0	0	7500	2e+11 0.516406
389	0.00389	0	0	7500	2e+11 0.516406
390	0.0039	0	0	7500	2e+11 0.516394
391	0.00391	0	0	7500	2e+11 0.516394
392	0.00392	0	0	7500	2e+11 0.516394
393	0.00393	0	0	7500	2e+11 0.516418
394	0.00394	0	0	7500	2e+11 0.516418
395	0.00395	0	0	7500	2e+11 0.516394
396	0.00396	0	0	7500	2e+11 0.516394
397	0.00397	0	0	7500	2e+11 0.516394
398	0.00398	0	0	7500	2e+11 0.516394
399	0.00399	0	0	7500	2e+11 0.516418
400	0.004	0	0	7500	2e+11 0.516418
401	0.00401	0	0	7500	2e+11 0.516394
402	0.00402	0	0	7500	2e+11 0.516394
403	0.00403	0	0	7500	2e+11 0.516394
404	0.00404	0	0	7500	2e+11 0.516394
405	0.00405	0	0	7500	2e+11 0.516418
406	0.00406	0	0	7500	2e+11 0.516418
407	0.00407	0	0	7500	2e+11 0.516394
408	0.00408	0	0	7500	2e+11 0.516394
409	0.00409	0	0	7500	2e+11 0.516394
410	0.0041	0	0	7500	2e+11 0.516394
411	0.00411	0	0	7500	2e+11 0.516418
412	0.00412	0	0	7500	2e+11 0.516418
413	0.00413	0	0	7500	2e+11 0.516394
414	0.00414	0	0	7500	2e+11 0.516394
415	0.00415	0	0	7500	2e+11 0.516394
416	0.00416	0	0	7500	2e+11 0.516394
417	0.00417	0	0	7500	2e+11 0.516418
418	0.00418	0	0	7500	2e+11 0.516418
419	0.00419	0	0	7500	2e+11 0.516394
420	0.0042	0	0	7500	2e+11 0.516394
421	0.00421	0	0	7500	2e+11 0.516394
422	0.00422	0	0	7500	2e+11 0.516394
423	0.00423	0	0	7500	2e+11 0.516418
424	0.00424	0	0	7500	2e+11 0.516418
425	0.00425	0	0	7500	2e+11 0.516394
426	0.00426	0	0	7500	2e+11 0.516394
427	0.00427	0	0	7500	2e+11 0.516394
428	0.00428	0	0	7500	2e+11 0.516394
429	0.00429	0	0	7500	2e+11 0.516418
430	0.0043	0	0	7500	2e+11 0.516418
431	0.00431	0	0	7500	2e+11 0.516394
432	0.00432	0	0	7500	2e+11 0.516394
433	0.00433	0	0	7500	2e+11 0.516394
434	0.00434	0	0	7500	2e+11 0.516394
435	0.00435	0	0	7500	2e+11 0.516418
436	0.00436	0	0	7500	2e+11 0.516418
437	0.00437	0	0	7500	2e+11 0.516394
438	0.00438	0	0	7500	2e+11 0.516394
439	0.00439	0	0	7500	2e+11 0.516394
440	0.0044	0	0	7500	2e+11 0.516394
441	0.00441	0	0	7500	2e+11 0.516418
442	0.00442	0	0	7500	2e+11 0.516418
443	0.00443	0	0	7500	2e+11 0.516394
444	0.00444	0	0	7500	2e+11 0.516394
445	0.00445	0	0	7500	2e+11 0.516394
446	0.00446	0	0	7500	2e+11 0.516394
447	0.00447	0	0	7500	2e+11 0.516418
448	0.00448	0	0	7500	2e+11 0.516418
449	0.00449	0	0	7500	2e+11 0.516394
450	0.0045	0	0	7500	2e+11 0.516394
451	0.00451	0	0	7500	2e+11 0.516394
452	0.00452	0	0	7500	2e+11 0.516394
453	0.00453	0	0	7500	2e+11 0.516394
454	0.00454	0	0	7500	2e+11 0.516418
455	0.00455	3.1349e-37	6.07071e-41	7500	2e+11 0.516418
456	0.00456	7.2362e-37	1.40128e-40	7500	2e+11 0.516394
457	0.00457	5.06536e-36	9.80902e-40	7500	2e+11 0.516394
458	0.00458	2.0985e-35	4.06373e-39	7500	2e+11 0.516394
459	0.00459	8.0322e-35	1.55543e-38	7500	2e+11 0.516394
460	0.0046	2.33622e-34	4.52407e-38	7500	2e+11 0.516418
461	0.00461	8.50256e-34	1.64651e-37	7500	2e+11 0.516418
462	0.00462	2.69394e-33	5.21679e-37	7500	2e+11 0.516394
463	0.00463	7.1541e-33	1.38539e-36	7500	2e+11 0.516394
464	0.00464	2.40756e-32	4.66222e-36	7500	2e+11 0.516394
465	0.00465	6.29952e-32	1.2199e-35	7500	2e+11 0.516394
466	0.00466	1.93696e-31	3.75091e-35	7500	2e+11 0.516418
467	0.00467	5.81091e-31	1.12528e-34	7500	2e+11 0.516418
468	0.00468	1.70303e-30	3.29791e-34	7500	2e+11 0.516394
469	0.00469	6.44382e-30	1.24784e-33	7500	2e+11 0.516394
470	0.0047	1.92396e-29	3.72573e-33	7500	2e+11 0.516394
471	0.00471	6.3724e-29	1.23401e-32	7500	2e+11 0.516394
472	0.00472	2.07901e-28	4.02599e-32	7500	2e+11 0.516418
473	0.00473	5.69855e-28	1.10352e-31	7500	2e+11 0.516418
474	0.00474	1.94328e-27	3.76314e-31	7500	2e+11 0.516394
475	0.00475	4.59713e-27	8.90231e-31	7500	2e+11 0.516394
476	0.00476	1.4524e-26	2.81257e-30	7500	2e+11 0.516394
477	0.00477	3.81293e-26	7.38371e-30	7500	2e+11 0.516394
478	0.00478	1.18986e-25	2.30414e-29	7500	2e+11 0.516418
479	0.00479	2.84743e-25	5.51402e-29	7500	2e+11 0.516418
480	0.0048	1.00793e-24	1.95185e-28	7500	2e+11 0.516394
481	0.00481	3.2777e-24	6.34725e-28	7500	2e+11 0.516394
482	0.00482	9.73245e-24	1.88468e-27	7500	2e+11 0.516394
483	0.00483	2.77693e-23	5.3775e-27	7500	2e+11 0.516394
484	0.00484	7.56112e-23	1.4642e-26	7500	2e+11 0.516418
485	0.00485	2.28458e-22	4.42406e-26	7500	2e+11 0.516418
486	0.00486	6.47152e-22	1.2532e-25	7500	2e+11 0.516394
487	0.00487	2.07511e-21	4.01844e-25	7500	2e+11 0.516394
488	0.00488	5.1456e-21	9.96441e-25	7500	2e+11 0.516394
489	0.00489	1.38322e-20	2.6786e-24	7500	2e+11 0.516394
490	0.0049	4.70649e-20	9.11408e-24	7500	2e+11 0.516418
491	0.00491	1.14106e-19	2.20965e-23	7500	2e+11 0.516418
492	0.00492	3.40653e-19	6.59671e-23	7500	2e+11 0.516394
493	0.00493	9.70448e-19	1.87926e-22	7500	2e+11 0.516394
494	0.00494	2.87791e-18	5.57305e-22	7500	2e+11 0.516394
495	0.00495	7.31431e-18	1.41641e-21	7500	2e+11 0.516394
496	0.00496	2.04021e-17	3.95085e-21	7500	2e+11 0.516418
497	0.00497	5.80844e-17	1.1248e-20	7500	2e+11 0.516418
498	0.00498	1.42308e-16	2.75578e-20	7500	2e+11 0.516394
499	0.00499	3.6813e-16	7.12881e-20	7500	2e+11 0.516394
500	0.005	1.46593e-15	2.83877e-19	7500	2e+11 0.516394
501	0.00501	4.25808e-15	8.24574e-19	7500	2e+11 0.516394
502	0.00502	1.39853e-14	2.70825e-18	7500	2e+11 0.516418
503	0.00503	3.31784e-14	6.42496e-18	7500	2e+11 0.516418
504	0.00504	8.49147e-14	1.64437e-17	7500	2e+11 0.516394
505	0.00505	2.21085e-13	4.28129e-17	7500	2e+11 0.516394
506	0.00506	6.64806e-13	1.28739e-16	7500	2e+11 0.516394
507	0.00507	1.82351e-12	3.53122e-16	7500	2e+11 0.516394
508	0.00508	4.78062e-12	9.25763e-16	7500	2e+11 0.516418
509	0.00509	1.33434e-11	2.58394e-15	7500	2e+11 0.516418
510	0.0051	3.3563e-11	6.49944e-15	7500	2e+11 0.516394
511	0.00511	1.12356e-10	2.17577e-14	7500	2e+11 0.516394
512	0.00512	2.87787e-10	5.57298e-14	7500	2e+11 0.516394
513	0.00513	9.00223e-10	1.74327e-13	7500	2e+11 0.516394
514	0.00514	2.15095e-09	4.1653e-13	7500	2e+11 0.516394
515	0.00515	6.08774e-09	1.17889e-12	7500	2e+11 0.516418
516	0.00516	1.53285e-08	2.96835e-12	7500	2e+11 0.516418
517	0.00517	5.68459e-08	1.10082e-11	7500	2e+11 0.516394
518	0.00518	1.42127e-07	2.75228e-11	7500	2e+11 0.516394
519	0.00519	4.49233e-07	8.69936e-11	7500	2e+11 0.516394
520	0.0052	1.78495e-06	3.45654e-10	7500	2e+11 0.516394
521	0.00521	4.77791e-06	9.25238e-10	7500	2e+11 0.516418
522	0.00522	1.36258e-05	2.63863e-09	7500	2e+11 0.516418
523	0.00523	2.8546e-05	5.5279e-09	7500	2e+11 0.516394
524	0.00524	7.92758e-05	1.53517e-08	7500	2e+11 0.516394
525	0.00525	0.000284546	5.5102e-08	7500	2e+11 0.516394
526	0.00526	0.000746345	1.44529e-07	7500	2e+11 0.516394
527	0.00527	0.00217401	4.20995e-07	7500	2e+11 0.516418
528	0.00528	0.00549049	1.06323e-06	7500	2e+11 0.516418
529	0.00529	0.0132302	2.56202e-06	7500	2e+11 0.516394
530	0.0053	0.0347227	6.72402e-06	7500	2e+11 0.516394
531	0.00531	0.123343	2.38853e-05	7500	2e+11 0.516394
532	0.00532	0.297955	5.76988e-05	7500	2e+11 0.516394
533	0.00533	0.80993	0.000156842	7500	2e+11 0.516346
534	0.00534	2.66407	0.000515894	7500	2e+11 0.516298
535	0.00535001	6.11129	0.00118345	7500	2e+11 0.516057
536	0.00536002	10.8028	0.00209195	7500	2e+11 0.515649
537	0.00537005	16.2648	0.00314967	7500	2e+11 0.515266
538	0.00538008	21.9999	0.00426027	7500	2e+11 0.514597
539	0.00539012	27.5754	0.00533995	7500	2e+11 0.514167
540	0.00540018	32.6713	0.00632677	7500	2e+11 0.513572
541	0.00541024	37.0699	0.00717856	7500	2e+11 0.513049
542	0.00542032	40.6762	0.00787691	7500	2e+11 0.512646
543	0.0054304	43.4974	0.00842324	7500	2e+11 0.512314
544	0.00544048	45.6087	0.00883209	7500	2e+11 0.512054
545	0.00545057	47.1298	0.00912665	7500	2e+11 0.511794
546	0.00546066	48.1828	0.00933055	7500	2e+11 0.511794
547	0.00547076	48.8865	0.00946682	7500	2e+11 0.511605
548	0.00548085	49.3395	0.00955456	7500	2e+11 0.511558
549	0.00549095	49.6207	0.009609	7500	2e+11 0.511558
550	0.00550104	49.789	0.0096416	7500	2e+11 0.511535
551	0.00551114	49.8872	0.00966061	7500	2e+11 0.511511
552	0.00552124	49.9418	0.00967118	7500	2e+11 0.511511
553	0.00553133	49.9713	0.00967689	7500	2e+11 0.511511
554	0.00554143	49.9869	0.00967993	7500	2e+11 0.511511
555	0.00555153	49.995	0.00968149	7500	2e+11 0.511487
556	0.00556162	49.999	0.00968227	7500	2e+11 0.511487
557	0.00557172	50.001	0.00968264	7500	2e+11 0.511535
558	0.00558181	50.0019	0.00968282	7500	2e+11 0.511535
559	0.00559191	50.0023	0.0096829	7500	2e+11 0.511535
560	0.00560201	50.0025	0.00968294	7500	2e+11 0.511535
561	0.0056121	50.0026	0.00968296	7500	2e+11 0.51144
562	0.0056222	50.0026	0.00968296	7500	2e+11 0.51144
563	0.0056323	50.0026	0.00968296	7500	2e+11 0.511535
564	0.00564239	50.0026	0.00968296	7500	2e+11 0.511535
565	0.00565249	50.0026	0.00968296	7500	2e+11 0.511511
566	0.00566259	50.0026	0.00968296	7500	2e+11 0.511511
567	0.00567268	50.0026	0.00968296	7500	2e+11 0.511464
568	0.00568278	50.0026	0.00968296	7500	2e+11 0.511464
569	0.00569288	50.0026	0.00968296	7500	2e+11 0.511558
570	0.00570297	50.0026	0.00968296	7500	2e+11 0.511558
571	0.00571307	50.0026	0.00968296	7500	2e+11 0.511464
572	0.00572316	50.0026	0.00968296	7500	2e+11 0.511464
573	0.00573326	50.0026	0.00968296	7500	2e+11 0.511464
574	0.00574336	50.0026	0.00968296	7500	2e+11 0.511464
575	0.00575345	50.0026	0.00968296	7500	2e+11 0.511487
576	0.00576355	50.0026	0.00968296	7500	2e+11 0.511558
577	0.00577364	50.0026	0.00968296	7500	2e+11 0.511558
578	0.00578374	50.0026	0.00968296	7500	2e+11 0.511464
579	0.00579384	50.0026	0.00968296	7500	2e+11 0.511487
580	0.00580393	50.0026	0.00968296	7500	2e+11 0.511487
581	0.00581403	50.0026	0.00968296	7500	2e+11 0.511511
582	0.00582413	50.0026	0.00968296	7500	2e+11 0.511511
583	0.00583422	50.0026	0.00968296	7500	2e+11 0.511464
584	0.00584432	50.0026	0.00968296	7500	2e+11 0.511487
585	0.00585442	50.0026	0.00968296	7500	2e+11 0.511487
586	0.00586451	50.0026	0.00968296	7500	2e+11 0.51144
587	0.00587461	50.0026	0.00968296	7500	2e+11 0.511605
588	0.0058847	50.0026	0.00968296	7500	2e+11 0.511605
589	0.0058948	50.0026	0.00968296	7500	2e+11 0.511487
590	0.0059049	50.0026	0.00968296	7500	2e+11 0.511464
591	0.00591499	50.0026	0.00968296	7500	2e+11 0.511487
592	0.00592509	50.0026	0.00968296	7500	2e+11 0.511487
593	0.00593519	50.0026	0.00968296	7500	2e+11 0.511511
594	0.00594528	50.0026	0.00968296	7500	2e+11 0.511582
595	0.00595538	50.0026	0.00968296	7500	2e+11 0.511582
596	0.00596547	50.0026	0.00968296	7500	2e+11 0.51144
597	0.00597557	50.0026	0.00968296	7500	2e+11 0.511487
598	0.00598567	50.0026	0.00968296	7500	2e+11 0.511487
599	0.00599576	50.0026	0.00968296	7500	2e+11 0.511487
600	0.00600586	50.0026	0.00968296	7500	2e+11 0.511511
601	0.00601595	50.0026	0.00968296	7500	2e+11 0.511535
602	0.00602605	50.0026	0.00968296	7500	2e+11 0.511535
603	0.00603615	50.0026	0.00968296	7500	2e+11 0.511558
604	0.00604624	50.0026	0.00968296	7500	2e+11 0.511558
605	0.00605634	50.0026	0.00968296	7500	2e+11 0.511487
606	0.00606643	50.0026	0.00968296	7500	2e+11 0.511511
607	0.00607653	50.0026	0.00968296	7500	2e+11 0.511535
608	0.00608662	50.0026	0.00968296	7500	2e+11 0.511535
609	0.00609672	50.0026	0.00968296	7500	2e+11 0.511558
610	0.00610682	50.0026	0.00968296	7500	2e+11 0.511558
611	0.00611691	50.0026	0.00968296	7500	2e+11 0.511487
612	0.00612701	50.0026	0.00968296	7500	2e+11 0.511487
613	0.00613711	50.0026	0.00968296	7500	2e+11 0.511535
614	0.0061472	50.0026	0.00968296	7500	2e+11 0.511535
615	0.0061573	50.0026	0.00968296	7500	2e+11 0.511511
616	0.00616739	50.0026	0.00968295	7500	2e+11 0.511511
617	0.00617749	50.0025	0.00968295	7500	2e+11 0.511511
618	0.00618758	50.0025	0.00968295	7500	2e+11 0.511535
619	0.00619768	50.0025	0.00968295	7500	2e+11 0.511535
620	0.00620777	50.0025	0.00968295	7500	2e+11 0.511511
621	0.00621787	50.0025	0.00968295	7500	2e+11 0.511487
622	0.00622797	50.0025	0.00968295	7500	2e+11 0.511558
623	0.00623806	50.0025	0.00968294	7500	2e+11 0.511558
624	0.00624816	50.0025	0.00968294	7500	2e+11 0.511511
625	0.00625825	50.0023	0.00968291	7500	2e+11 0.511558
626	0.00626835	50.002	0.00968284	7500	2e+11 0.511558
627	0.00627844	50.001	0.00968265	7500	2e+11 0.511535
628	0.00628854	49.9978	0.00968203	7500	2e+11 0.511511
629	0.00629864	49.9894	0.0096804	7500	2e+11 0.511511
630	0.00630873	49.9718	0.009677	7500	2e+11 0.511558
631	0.00631883	49.9088	0.0096648	7500	2e+11 0.511558
632	0.00632892	49.7413	0.00963236	7500	2e+11 0.511629
633	0.00633901	49.1196	0.00951197	7500	2e+11 0.511629
634	0.00634911	47.5428	0.00920663	7500	2e+11 0.511865
635	0.0063592	43.7501	0.00847217	7500	2e+11 0.512243
636	0.00636928	38.3027	0.00741728	7500	2e+11 0.512788
637	0.00637935	31.9282	0.00618286	7500	2e+11 0.513548
638	0.0063894	25.4087	0.00492038	7500	2e+11 0.513977
639	0.00639945	19.3443	0.00374601	7500	2e+11 0.51474
640	0.00640948	14.1282	0.00273591	7500	2e+11 0.515146
641	0.00641951	9.9231	0.0019216	7500	2e+11 0.515625
642	0.00642952	6.73776	0.00130476	7500	2e+11 0.516129
643	0.00643953	4.41582	0.00085512	7500	2e+11 0.516129
644	0.00644953	2.79584	0.000541411	7500	2e+11 0.516442
645	0.00645953	1.71517	0.00033214	7500	2e+11 0.51649
646	0.00646953	1.01562	0.000196674	7500	2e+11 0.516634
647	0.00647953	0.584544	0.000113197	7500	2e+11 0.516634
648	0.00648952	0.326889	6.33017e-05	7500	2e+11 0.516803
649	0.00649952	0.177267	3.43275e-05	7500	2e+11 0.517164
650	0.0065095	0.0936015	1.81258e-05	7500	2e+11 0.517164
651	0.00651956	0.0476547	9.2283e-06	7500	2e+11 0.51702
652	0.00652955	0.0236624	4.5822e-06	7500	2e+11 0.51702
653	0.00653954	0.0114787	2.22284e-06	7500	2e+11 0.516779
654	0.00654954	0.00544803	1.05501e-06	7500	2e+11 0.516658
655	0.00655953	0.0024962	4.83387e-07	7500	2e+11 0.516634
656	0.00656953	0.00111874	2.16644e-07	7500	2e+11 0.516634
657	0.00657953	0.000485298	9.39776e-08	7500	2e+11 0.516538
658	0.00658952	0.000203775	3.94608e-08	7500	2e+11 0.516658
659	0.00659952	8.39494e-05	1.62567e-08	7500	2e+11 0.516658
660	0.00660952	3.38045e-05	6.54621e-09	7500	2e+11 0.516538
661	0.00661952	1.33094e-05	2.57736e-09	7500	2e+11 0.516538
662	0.00662951	5.04475e-06	9.76911e-10	7500	2e+11 0.516514
663	0.00663951	1.87202e-06	3.62516e-10	7500	2e+11 0.516514
664	0.00664951	6.68817e-07	1.29516e-10	7500	2e+11 0.51637
665	0.00665951	2.32821e-07	4.50856e-11	7500	2e+11 0.51637
666	0.00666951	7.77764e-08	1.50613e-11	7500	2e+11 0.516394
667	0.00667951	2.50581e-08	4.85249e-12	7500	2e+11 0.516562
668	0.00668951	7.86321e-09	1.5227e-12	7500	2e+11 0.516562
669	0.00669951	2.38652e-09	4.62148e-13	7500	2e+11 0.516418
670	0.00670951	6.94429e-10	1.34476e-13	7500	2e+11 0.51649
671	0.00671951	1.95743e-10	3.79054e-14	7500	2e+11 0.51649
672	0.00672951	5.26045e-11	1.01868e-14	7500	2e+11 0.51637
673	0.00673951	1.39003e-11	2.69177e-15	7500	2e+11 0.516538
674	0.00674951	3.54897e-12	6.87255e-16	7500	2e+11 0.516538
675	0.00675951	8.68929e-13	1.68267e-16	7500	2e+11 0.51637
676	0.00676951	2.01898e-13	3.90973e-17	7500	2e+11 0.51637
677	0.00677951	4.56366e-14	8.83749e-18	7500	2e+11 0.516442
678	0.00678951	1.00304e-14	1.94238e-18	7500	2e+11 0.516442
679	0.00679951	2.13126e-15	4.12716e-19	7500	2e+11 0.516442
680	0.00680951	4.39197e-16	8.50501e-20	7500	2e+11 0.516442
681	0.00681951	9.02103e-17	1.74692e-20	7500	2e+11 0.516394
682	0.00682951	1.78671e-17	3.45996e-21	7500	2e+11 0.516394
683	0.00683951	3.3939e-18	6.57226e-22	7500	2e+11 0.51637
684	0.00684952	6.35132e-19	1.22993e-22	7500	2e+11 0.516346
685	0.00685952	1.18426e-19	2.29332e-23	7500	2e+11 0.516346
686	0.00686952	2.20722e-20	4.27426e-24	7500	2e+11 0.51637
687	0.00687952	4.03097e-21	7.80594e-25	7500	2e+11 0.516442
688	0.00688952	7.28961e-22	1.41163e-25	7500	2e+11 0.516442
689	0.00689952	1.30837e-22	2.53364e-26	7500	2e+11 0.516418
690	0.00690952	2.19488e-23	4.25037e-27	7500	2e+11 0.516418
691	0.00691952	3.50957e-24	6.79625e-28	7500	2e+11 0.516442
692	0.00692952	5.54913e-25	1.07458e-28	7500	2e+11 0.516442
693	0.00693952	8.37962e-26	1.62271e-29	7500	2e+11 0.516466
694	0.00694952	1.21415e-26	2.3512e-30	7500	2e+11 0.516466
695	0.00695952	1.71816e-27	3.32721e-31	7500	2e+11 0.516466
696	0.00696952	2.31003e-28	4.47336e-32	7500	2e+11 0.516394
697	0.00697952	2.91723e-29	5.64918e-33	7500	2e+11 0.516418
698	0.00698952	3.33516e-30	6.45841e-34	7500	2e+11 0.516418
699	0.00699952	3.5896e-31	6.9441e-35	7500	2e+11 0.51649
700	0.00700952	3.87378e-32	7.02023e-36	7500	2e+11 0.51649
701	0.00701952	1.21744e-32	-7.82643e-37	7500	2e+11 0.51637
702	0.00702952	5.43673e-32	-1.03584e-35	7500	2e+11 0.51637
703	0.00703952	3.77328e-31	-7.30456e-35	7500	2e+11 0.516466
704	0.00704952	2.4252e-30	-4.69634e-34	7500	2e+11 0.516466
705	0.00705952	1.48101e-29	-2.86797e-33	7500	2e+11 0.516442
706	0.00706952	9.27495e-29	-1.79609e-32	7500	2e+11 0.516442
707	0.00707952	6.08089e-28	-1.17756e-31	7500	2e+11 0.516442
708	0.00708952	4.72247e-27	-9.14502e-31	7500	2e+11 0.516418
709	0.00709952	4.34943e-26	-8.42263e-30	7500	2e+11 0.516538
710	0.00710952	4.49352e-25	-8.70166e-29	7500	2e+11 0.516538
711	0.00711952	4.43221e-24	-8.58293e-28	7500	2e+11 0.516442
712	0.00712952	4.02068e-23	-7.78602e-27	7500	2e+11 0.516442
713	0.00713952	3.61075e-22	-6.99219e-26	7500	2e+11 0.516442
714	0.00714952	3.17666e-21	-6.15158e-25	7500	2e+11 0.516442
715	0.00715952	2.53405e-20	-4.90718e-24	7500	2e+11 0.516394
716	0.00716952	1.77885e-19	-3.44473e-23	7500	2e+11 0.516562
717	0.00717951	1.18698e-18	-2.29857e-22	7500	2e+11 0.516562
718	0.00718951	7.93937e-18	-1.53745e-21	7500	2e+11 0.516418
719	0.00719952	4.85306e-17	-9.3979e-21	7500	2e+11 0.51649
720	0.00720951	2.81202e-16	-5.44546e-20	7500	2e+11 0.51649
721	0.00721952	1.53274e-15	-2.96814e-19	7500	2e+11 0.51649
722	0.00722951	7.6517e-15	-1.48175e-18	7500	2e+11 0.51649
723	0.00723951	3.75548e-14	-7.27246e-18	7500	2e+11 0.516442
724	0.00724951	1.82159e-13	-3.52749e-17	7500	2e+11 0.516442
725	0.00725951	8.23042e-13	-1.59381e-16	7500	2e+11 0.516442
726	0.00726951	3.47768e-12	-6.73449e-16	7500	2e+11 0.516442
727	0.00727951	1.39936e-11	-2.70985e-15	7500	2e+11 0.516442
728	0.00728951	5.44608e-11	-1.05463e-14	7500	2e+11 0.516442
729	0.00729951	2.00333e-10	-3.87943e-14	7500	2e+11 0.516418
730	0.00730951	7.15195e-10	-1.38497e-13	7500	2e+11 0.516418
731	0.00731951	2.48861e-09	-4.81917e-13	7500	2e+11 0.516514
732	0.00732951	8.29299e-09	-1.60593e-12	7500	2e+11 0.516514
733	0.00733951	2.63855e-08	-5.10953e-12	7500	2e+11 0.516322
734	0.00734952	8.09704e-08	-1.56799e-11	7500	2e+11 0.51637
735	0.00735952	2.45382e-07	-4.7518e-11	7500	2e+11 0.516418
736	0.00736952	7.11121e-07	-1.37708e-10	7500	2e+11 0.51649
737	0.00737951	1.97159e-06	-3.81796e-10	7500	2e+11 0.51649
738	0.00738952	5.34546e-06	-1.03514e-09	7500	2e+11 0.516322
739	0.00739952	1.38872e-05	-2.68925e-09	7500	2e+11 0.51637
740	0.00740952	3.49077e-05	-6.75984e-09	7500	2e+11 0.51637
741	0.00741952	8.57056e-05	-1.65968e-08	7500	2e+11 0.516346
742	0.00742952	0.000206382	-3.99657e-08	7500	2e+11 0.516346
743	0.00743952	0.000480114	-9.29738e-08	7500	2e+11 0.516274
744	0.00744953	0.00108365	-2.09848e-07	7500	2e+11 0.516274
745	0.00745953	0.00240102	-4.64956e-07	7500	2e+11 0.516226
746	0.00746953	0.00516483	-1.00016e-06	7500	2e+11 0.516226
747	0.00747954	0.0107359	-2.07899e-06	7500	2e+11 0.516105
748	0.00748955	0.0217227	-4.20659e-06	7500	2e+11 0.516129
749	0.00749955	0.0427747	-8.28328e-06	7500	2e+11 0.516129
750	0.00750956	0.0820623	-1.58913e-05	7500	2e+11 0.519466
751	0.0075195	0.152626	-2.9556e-05	7500	2e+11 0.519466
752	0.00752952	0.278691	-5.39682e-05	7500	2e+11 0.515889
753	0.00753953	0.492729	-9.54166e-05	7500	2e+11 0.516346
754	0.00754953	0.841184	-0.000162895	7500	2e+11 0.516346
755	0.00755953	1.39646	-0.000270423	7500	2e+11 0.51625
756	0.00756953	2.24504	-0.00043475	7500	2e+11 0.516658
757	0.00757953	3.48926	-0.000675692	7500	2e+11 0.516658
758	0.00758953	5.25598	-0.00101782	7500	2e+11 0.516899
759	0.00759952	7.6766	-0.00148657	7500	2e+11 0.517189
760	0.0076095	10.8241	-0.00209608	7500	2e+11 0.517696
761	0.00761948	14.755	-0.0028573	7500	2e+11 0.51801
762	0.00762944	19.448	-0.00376608	7500	2e+11 0.51881
763	0.0076394	24.7491	-0.00479263	7500	2e+11 0.519028
764	0.00764935	30.4235	-0.00589148	7500	2e+11 0.519953
765	0.00765928	36.095	-0.00698977	7500	2e+11 0.520319
766	0.0076692	41.3	-0.00799772	7500	2e+11 0.520759
767	0.00767912	45.5338	-0.00881758	7500	2e+11 0.521077
768	0.00768903	48.3503	-0.00936299	7500	2e+11 0.521273
769	0.00769894	49.4152	-0.00956921	7500	2e+11 0.521273
770	0.00770884	49.786	-0.00964101	7500	2e+11 0.521371
771	0.00771875	49.9266	-0.00966824	7500	2e+11 0.521371
772	0.00772865	49.9705	-0.00967675	7500	2e+11 0.521297
773	0.00773856	49.9881	-0.00968016	7500	2e+11 0.521395
774	0.00774846	49.9946	-0.00968141	7500	2e+11 0.521395
775	0.00775837	49.9961	-0.00968171	7500	2e+11 0.521346
776	0.00776827	49.9969	-0.00968186	7500	2e+11 0.521346
777	0.00777818	49.9973	-0.00968193	7500	2e+11 0.521322
778	0.00778809	49.9973	-0.00968195	7500	2e+11 0.521371
779	0.00779799	49.9974	-0.00968195	7500	2e+11 0.521371
780	0.0078079	49.9974	-0.00968195	7500	2e+11 0.521346
781	0.00781785	49.9974	-0.00968195	7500	2e+11 0.52049
782	0.00782777	49.9974	-0.00968195	7500	2e+11 0.521469
783	0.00783768	49.9974	-0.00968195	7500	2e+11 0.521469
784	0.00784758	49.9974	-0.00968195	7500	2e+11 0.521518
785	0.00785748	49.9974	-0.00968195	7500	2e+11 0.521518
786	0.00786739	49.9974	-0.00968195	7500	2e+11 0.52142
787	0.00787729	49.9974	-0.00968195	7500	2e+11 0.52142
788	0.0078872	49.9974	-0.00968195	7500	2e+11 0.521518
789	0.0078971	49.9974	-0.00968195	7500	2e+11 0.521518
790	0.00790701	49.9974	-0.00968195	7500	2e+11 0.521518
791	0.00791691	49.9974	-0.00968195	7500	2e+11 0.521518
792	0.00792681	49.9974	-0.00968196	7500	2e+11 0.521469
793	0.00793672	49.9974	-0.00968196	7500	2e+11 0.521469
794	0.00794662	49.9974	-0.00968196	7500	2e+11 0.521567
795	0.00795652	49.9974	-0.00968196	7500	2e+11 0.521567
796	0.00796643	49.9974	-0.00968196	7500	2e+11 0.521371
797	0.00797633	49.9974	-0.00968196	7500	2e+11 0.521469
798	0.00798624	49.9974	-0.00968196	7500	2e+11 0.521469
799	0.00799614	49.9974	-0.00968196	7500	2e+11 0.52142
800	0.00800604	49.9974	-0.00968196	7500	2e+11 0.52142
801	0.00801595	49.9974	-0.00968196	7500	2e+11 0.521567
802	0.00802585	49.9974	-0.00968196	7500	2e+11 0.521567
803	0.00803576	49.9974	-0.00968196	7500	2e+11 0.521469
804	0.00804566	49.9974	-0.00968196	7500	2e+11 0.521469
805	0.00805556	49.9974	-0.00968196	7500	2e+11 0.521469
806	0.00806547	49.9974	-0.00968196	7500	2e+11 0.521469
807	0.00807537	49.9974	-0.00968196	7500	2e+11 0.52142
808	0.00808527	49.9974	-0.00968196	7500	2e+11 0.52142
809	0.00809518	49.9974	-0.00968196	7500	2e+11 0.52142
810	0.00810508	49.9974	-0.00968196	7500	2e+11 0.521469
811	0.00811499	49.9974	-0.00968196	7500	2e+11 0.521469
812	0.00812489	49.9974	-0.00968196	7500	2e+11 0.52142
813	0.00813479	49.9974	-0.00968196	7500	2e+11 0.52142
814	0.0081447	49.9974	-0.00968196	7500	2e+11 0.521469
815	0.0081546	49.9974	-0.00968196	7500	2e+11 0.521469
816	0.00816451	49.9974	-0.00968196	7500	2e+11 0.521469
817	0.00817441	49.9974	-0.00968196	7500	2e+11 0.521469
818	0.00818431	49.9974	-0.00968196	7500	2e+11 0.521469
819	0.00819422	49.9974	-0.00968196	7500	2e+11 0.521469
820	0.00820412	49.9974	-0.00968196	7500	2e+11 0.52142
821	0.00821403	49.9974	-0.00968196	7500	2e+11 0.521567
822	0.00822393	49.9974	-0.00968196	7500	2e+11 0.521567
823	0.00823383	49.9974	-0.00968196	7500	2e+11 0.521567
824	0.00824373	49.9974	-0.00968196	7500	2e+11 0.521567
825	0.00825364	49.9974	-0.00968196	7500	2e+11 0.521469
826	0.00826354	49.9974	-0.00968196	7500	2e+11 0.521469
827	0.00827345	49.9974	-0.00968196	7500	2e+11 0.521567
828	0.00828335	49.9974	-0.00968196	7500	2e+11 0.521567
829	0.00829326	49.9974	-0.00968196	7500	2e+11 0.521518
830	0.00830316	49.9974	-0.00968196	7500	2e+11 0.521518
831	0.00831306	49.9974	-0.00968196	7500	2e+11 0.52142
832	0.00832297	49.9974	-0.00968196	7500	2e+11 0.521518
833	0.00833287	49.9974	-0.00968196	7500	2e+11 0.521518
834	0.00834278	49.9974	-0.00968196	7500	2e+11 0.521469
835	0.00835268	49.9974	-0.00968196	7500	2e+11 0.521567
836	0.00836258	49.9974	-0.00968196	7500	2e+11 0.521567
837	0.00837249	49.9974	-0.00968196	7500	2e+11 0.521567
838	0.00838239	49.9974	-0.00968196	7500	2e+11 0.521567
839	0.00839229	49.9974	-0.00968196	7500	2e+11 0.521567
840	0.00840219	49.9974	-0.00968196	7500	2e+11 0.521567
841	0.0084121	49.9974	-0.00968196	7500	2e+11 0.52142
842	0.008422	49.9974	-0.00968196	7500	2e+11 0.521469
843	0.00843191	49.9973	-0.00968194	7500	2e+11 0.521469
844	0.00844181	49.9971	-0.0096819	7500	2e+11 0.521469
845	0.00845171	49.9967	-0.00968182	7500	2e+11 0.521518
846	0.00846161	49.9958	-0.00968164	7500	2e+11 0.521518
847	0.00847152	49.9938	-0.00968125	7500	2e+11 0.521371
848	0.00848142	49.9896	-0.00968045	7500	2e+11 0.521371
849	0.00849133	49.9812	-0.00967882	7500	2e+11 0.52142
850	0.00850123	49.9648	-0.00967565	7500	2e+11 0.52142
851	0.00851114	49.933	-0.00966949	7500	2e+11 0.521469
852	0.00852104	49.8747	-0.00965819	7500	2e+11 0.521469
853	0.00853094	49.7674	-0.00963742	7500	2e+11 0.521469
854	0.00854085	49.5783	-0.00960079	7500	2e+11 0.521469
855	0.00855075	49.2611	-0.00953938	7500	2e+11 0.521224
856	0.00856066	48.7394	-0.00943835	7500	2e+11 0.521224
857	0.00857057	47.9072	-0.0092772	7500	2e+11 0.521175
858	0.00858048	46.6386	-0.00903153	7500	2e+11 0.521028
859	0.00859039	44.7811	-0.00867181	7500	2e+11 0.520979
860	0.00860031	42.1391	-0.0081602	7500	2e+11 0.520783
861	0.00861024	38.5072	-0.00745689	7500	2e+11 0.520197
862	0.00862017	33.866	-0.00655812	7500	2e+11 0.519904
863	0.00863011	28.2681	-0.00547409	7500	2e+11 0.519369
864	0.00864007	21.921	-0.00424499	7500	2e+11 0.518737
865	0.00865004	15.3583	-0.00297411	7500	2e+11 0.51801
866	0.00866002	9.24256	-0.00178981	7500	2e+11 0.517382
867	0.00867001	4.39421	-0.000850934	7500	2e+11 0.516996
868	0.00868	1.42852	-0.000276631	7500	2e+11 0.51661
869	0.00869	0.51721	-0.000100157	7500	2e+11 0.516466
870	0.0087	0.198411	-3.84221e-05	7500	2e+11 0.516418
871	0.00871	0.0759575	-1.47091e-05	7500	2e+11 0.516418
872	0.00872	0.0216275	-4.18814e-06	7500	2e+11 0.516418
873	0.00873	0.00743271	-1.43934e-06	7500	2e+11 0.516418
874	0.00874	0.00239219	-4.63245e-07	7500	2e+11 0.516418
875	0.00875	0.00112255	-2.1738e-07	7500	2e+11 0.516418
876	0.00876	0.000414006	-8.0172e-08	7500	2e+11 0.516418
877	0.00877	0.000151835	-2.94026e-08	7500	2e+11 0.516418
878	0.00878	4.55081e-05	-8.81261e-09	7500	2e+11 0.516418
879	0.00879	1.86578e-05	-3.61306e-09	7500	2e+11 0.516418
880	0.0088	5.67407e-06	-1.09878e-09	7500	2e+11 0.516418
881	0.00881	2.134e-06	-4.13247e-10	7500	2e+11 0.516418
882	0.00882	7.73895e-07	-1.49864e-10	7500	2e+11 0.516418
883	0.00883	3.2009e-07	-6.19851e-11	7500	2e+11 0.516418
884	0.00884	8.63598e-08	-1.67235e-11	7500	2e+11 0.516418
885	0.00885	3.471e-08	-6.72155e-12	7500	2e+11 0.516418
886	0.00886	1.40397e-08	-2.71878e-12	7500	2e+11 0.516418
887	0.00887	5.26941e-09	-1.02042e-12	7500	2e+11 0.516418
888	0.00888	1.46779e-09	-2.84236e-13	7500	2e+11 0.516418
889	0.00889	5.90663e-10	-1.14381e-13	7500	2e+11 0.516418
890	0.0089	1.54244e-10	-2.98692e-14	7500	2e+11 0.516418
891	0.00891	6.03401e-11	-1.16848e-14	7500	2e+11 0.516418
892	0.00892	1.57264e-11	-3.04541e-15	7500	2e+11 0.516418
893	0.00893	6.34296e-12	-1.22831e-15	7500	2e+11 0.516418
894	0.00894	2.30373e-12	-4.46116e-16	7500	2e+11 0.516418
895	0.00895	9.0096e-13	-1.7447e-16	7500	2e+11 0.516418
896	0.00896	2.77926e-13	-5.38202e-17	7500	2e+11 0.516418
897	0.00897	1.17934e-13	-2.28379e-17	7500	2e+11 0.516418
898	0.00898	3.48686e-14	-6.75228e-18	7500	2e+11 0.516418
899	0.00899	1.18922e-14	-2.30291e-18	7500	2e+11 0.516418
900	0.009	5.17462e-15	-1.00206e-18	7500	2e+11 0.516418
901	0.00901	2.0177e-15	-3.90726e-19	7500	2e+11 0.516418
902	0.00902	7.50548e-16	-1.45343e-19	7500	2e+11 0.516418
903	0.00903	2.47483e-16	-4.79249e-20	7500	2e+11 0.516418
904	0.00904	8.74406e-17	-1.69328e-20	7500	2e+11 0.516418
905	0.00905	3.20941e-17	-6.215e-21	7500	2e+11 0.516418
906	0.00906	1.17395e-17	-2.27335e-21	7500	2e+11 0.516418
907	0.00907	4.19529e-18	-8.12415e-22	7500	2e+11 0.516418
908	0.00908	1.39166e-18	-2.69495e-22	7500	2e+11 0.516418
909	0.00909	4.65321e-19	-9.01091e-23	7500	2e+11 0.516418
910	0.0091	1.74392e-19	-3.3771e-23	7500	2e+11 0.516418
911	0.00911	4.44033e-20	-8.59867e-24	7500	2e+11 0.516418
912	0.00912	1.64895e-20	-3.19318e-24	7500	2e+11 0.516418
913	0.00913	5.09003e-21	-9.8568e-25	7500	2e+11 0.516418
914	0.00914	1.73166e-21	-3.35334e-25	7500	2e+11 0.516418
915	0.00915	7.48794e-22	-1.45003e-25	7500	2e+11 0.516418
916	0.00916	2.81922e-22	-5.45939e-26	7500	2e+11 0.516418
917	0.00917	1.06616e-22	-2.06462e-26	7500	2e+11 0.516418
918	0.00918	3.91433e-23	-7.58008e-27	7500	2e+11 0.516418
919	0.00919	1.28688e-23	-2.49204e-27	7500	2e+11 0.516418
920	0.0092	4.73843e-24	-9.17594e-28	7500	2e+11 0.516418
921	0.00921	1.82582e-24	-3.53569e-28	7500	2e+11 0.516418
922	0.00922	5.63207e-25	-1.09065e-28	7500	2e+11 0.516418
923	0.00923	1.81213e-25	-3.50917e-29	7500	2e+11 0.516418
924	0.00924	6.81341e-26	-1.31941e-29	7500	2e+11 0.516418
925	0.00925	2.67079e-26	-5.17197e-30	7500	2e+11 0.516418
926	0.00926	1.05875e-26	-2.05026e-30	7500	2e+11 0.516418
927	0.00927	3.05794e-27	-5.92167e-31	7500	2e+11 0.516418
928	0.00928	1.2045e-27	-2.33251e-31	7500	2e+11 0.516418
929	0.00929	3.7693e-28	-7.29921e-32	7500	2e+11 0.516418
930	0.0093	1.11609e-28	-2.1613e-32	7500	2e+11 0.516418
931	0.00931	4.43482e-29	-8.588e-33	7500	2e+11 0.516418
932	0.00932	1.48907e-29	-2.88357e-33	7500	2e+11 0.516418
933	0.00933	4.95555e-30	-9.59638e-34	7500	2e+11 0.516418
934	0.00934	1.78394e-30	-3.45459e-34	7500	2e+11 0.516418
935	0.00935	4.96625e-31	-9.6171e-35	7500	2e+11 0.516418
936	0.00936	1.4706e-31	-2.8478e-35	7500	2e+11 0.516418
937	0.00937	3.62442e-32	-7.01866e-36	7500	2e+11 0.516418
938	0.00938	1.34043e-32	-2.59573e-36	7500	2e+11 0.516418
939	0.00939	3.32359e-33	-6.4361e-37	7500	2e+11 0.516418
940	0.0094	1.11216e-33	-2.15368e-37	7500	2e+11 0.516418
941	0.00941	2.65802e-34	-5.14723e-38	7500	2e+11 0.516418
942	0.00942	9.33429e-35	-1.80758e-38	7500	2e+11 0.516418
943	0.00943	2.67753e-35	-5.18501e-39	7500	2e+11 0.516418
944	0.00944	7.23588e-36	-1.40122e-39	7500	2e+11 0.516418
945	0.00945	1.64131e-36	-3.17838e-40	7500	2e+11 0.516418
946	0.00946	0	0	7500	2e+11 0.516418
947	0.00947	0	0	7500	2e+11 0.516418
948	0.00948	0	0	7500	2e+11 0.516418
949	0.00949	0	0	7500	2e+11 0.516418
950	0.0095	0	0	7500	2e+11 0.516418
951	0.00951	0	0	7500	2e+11 0.516418
952	0.00952	0	0	7500	2e+11 0.516418
953	0.00953	0	0	7500	2e+11 0.516418
954	0.00954	0	0	7500	2e+11 0.516418
955	0.00955	0	0	7500	2e+11 0.516418
956	0.00956	0	0	7500	2e+11 0.516418
957	0.00957	0	0	7500	2e+11 0.516418
958	0.00958	0	0	7500	2e+11 0.516418
959	0.00959	0	0	7500	2e+11 0.516418
960	0.0096	0	0	7500	2e+11 0.516418
961	0.00961	0	0	7500	2e+11 0.516418
962	0.00962	0	0	7500	2e+11 0.516418
963	0.00963	0	0	7500	2e+11 0.516418
964	0.00964	0	0	7500	2e+11 0.516418
965	0.00965	0	0	7500	2e+11 0.516418
966	0.00966	0	0	7500	2e+11 0.516418
967	0.00967	0	0	7500	2e+11 0.516418
968	0.00968	0	0	7500	2e+11 0.516418
969	0.00969	0	0	7500	2e+11 0.516418
970	0.0097	0	0	7500	2e+11 0.516418
971	0.00971	0	0	7500	2e+11 0.516418
972	0.00972	0	0	7500	2e+11 0.516418
973	0.00973	0	0	7500	2e+11 0.516418
974	0.00974	0	0	7500	2e+11 0.516418
975	0.00975	0	0	7500	2e+11 0.516418
976	0.00976	0	0	7500	2e+11 0.516418
977	0.00977	0	0	7500	2e+11 0.516418
978	0.00978	0	0	7500	2e+11 0.516418
979	0.00979	0	0	7500	2e+11 0.516418
980	0.0098	0	0	7500	2e+11 0.516418
981	0.00981	0	0	7500	2e+11 0.516418
982	0.00982	0	0	7500	2e+11 0.516418
983	0.00983	0	0	7500	2e+11 0.516418
984	0.00984	0	0	7500	2e+11 0.516418
985	0.00985	0	0	7500	2e+11 0.516418
986	0.00986	0	0	7500	2e+11 0.516418
987	0.00987	0	0	7500	2e+11 0.516418
988	0.00988	0	0	7500	2e+11 0.516418
989	0.00989	0	0	7500	2e+11 0.516418
990	0.0099	0	0	7500	2e+11 0.516418
991	0.00991	0	0	7500	2e+11 0.516418
992	0.00992	0	0	7500	2e+11 0.516418
993	0.00993	0	0	7500	2e+11 0.516418
994	0.00994	0	0	7500	2e+11 0.516418
995	0.00995	0	0	7500	2e+11 0.516418
996	0.00996	0	0	7500	2e+11 0.516418
997	0.00997	0	0	7500	2e+11 0.516418
998	0.00998	0	0	7500	2e+11 0.516418
999	0.00999	0	0	7500	2e+11 0.516418
1000	0.01	0	-0	7500	2e+11 0.516418
