0	0	-2.04636e-12	-3.52663e-06	1	1 1.76332e-06 -1.76332e-06
1	0.01	-5.06911e-08	3.52567e-06	1	1 -1.78818e-06 1.73749e-06
2	0.02	1.01414e-07	-3.52277e-06	1	1 1.81209e-06 -1.71068e-06
3	0.03	-1.52198e-07	3.51794e-06	1	1 -1.83507e-06 1.68287e-06
4	0.04	2.03072e-07	-3.51118e-06	1	1 1.85713e-06 -1.65405e-06
5	0.05	-2.54068e-07	3.50249e-06	1	1 -1.87828e-06 1.62421e-06
6	0.06	3.05216e-07	-3.49186e-06	1	1 1.89854e-06 -1.59332e-06
7	0.07	-3.56546e-07	3.47929e-06	1	1 -1.91792e-06 1.56137e-06
8	0.08	4.0809e-07	-3.46478e-06	1	1 1.93644e-06 -1.52835e-06
9	0.09	-4.59876e-07	3.44833e-06	1	1 -1.9541e-06 1.49423e-06
10	0.1	5.11935e-07	-3.42994e-06	1	1 1.97094e-06 -1.459e-06
11	0.11	0.00978183	-0.00977899	1	1 0.00978041 1.42306e-06
12	0.12	0.0102134	-0.0102162	1	1 0.0102148 -1.38301e-06
13	0.13	0.0097912	-0.00978851	1	1 0.00978986 1.34762e-06
14	0.14	0.0102042	-0.0102068	1	1 0.0102055 -1.30851e-06
15	0.15	0.00980029	-0.00979776	1	1 0.00979903 1.26567e-06
16	0.16	0.0101953	-0.0101977	1	1 0.0101965 -1.22283e-06
17	0.17	0.00980911	-0.00980675	1	1 0.00980793 1.17999e-06
18	0.18	0.0101866	-0.0101888	1	1 0.0101877 -1.13528e-06
19	0.19	0.00981766	-0.00981548	1	1 0.00981657 1.08965e-06
20	0.2	0.0101782	-0.0101803	1	1 0.0101792 -1.04308e-06
21	0.21	4.35339e-05	-4.15471e-05	1	1 4.25405e-05 9.93427e-07
22	0.22	-4.28091e-05	4.09221e-05	1	1 -4.18656e-05 -9.43528e-07
23	0.23	4.20912e-05	-4.03066e-05	1	1 4.11989e-05 8.92291e-07
24	0.24	-4.13799e-05	3.97005e-05	1	1 -4.05402e-05 -8.39686e-07
25	0.25	4.06753e-05	-3.91039e-05	1	1 3.98896e-05 7.85705e-07
26	0.26	-3.99772e-05	3.85165e-05	1	1 -3.92469e-05 -7.30324e-07
27	0.27	3.92855e-05	-3.79385e-05	1	1 3.8612e-05 6.73521e-07
28	0.28	-3.86001e-05	3.73696e-05	1	1 -3.79849e-05 -6.15277e-07
29	0.29	3.7921e-05	-3.68099e-05	1	1 3.73654e-05 5.55574e-07
30	0.3	-3.7248e-05	3.62593e-05	1	1 -3.67536e-05 -4.94387e-07
31	0.31	3.65811e-05	-3.57177e-05	1	1 3.61494e-05 4.31701e-07
32	0.32	-3.59201e-05	3.51851e-05	1	1 -3.55526e-05 -3.6749e-07
33	0.33	3.52649e-05	-3.46615e-05	1	1 3.49632e-05 3.01734e-07
34	0.34	-3.46155e-05	3.41467e-05	1	1 -3.43811e-05 -2.34413e-07
35	0.35	3.39718e-05	-3.36407e-05	1	1 3.38063e-05 1.65506e-07
36	0.36	-3.33336e-05	3.31436e-05	1	1 -3.32386e-05 -9.49913e-08
37	0.37	3.27009e-05	-3.26552e-05	1	1 3.2678e-05 2.28465e-08
38	0.38	-3.20735e-05	3.21755e-05	1	1 -3.21245e-05 5.09535e-08
39	0.39	3.14515e-05	-3.17044e-05	1	1 3.15779e-05 -1.26431e-07
40	0.4	-3.08346e-05	3.12418e-05	1	1 -3.10382e-05 2.03599e-07
41	0.41	3.02229e-05	-3.07879e-05	1	1 3.05054e-05 -2.82498e-07
42	0.42	-2.96162e-05	3.03424e-05	1	1 -2.99793e-05 3.63136e-07
43	0.43	2.90143e-05	-2.99054e-05	1	1 2.94599e-05 -4.45541e-07
44	0.44	-2.84173e-05	2.94768e-05	1	1 -2.89471e-05 5.29737e-07
45	0.45	2.78251e-05	-2.90566e-05	1	1 2.84408e-05 -6.1575e-07
46	0.46	-2.72375e-05	2.86447e-05	1	1 -2.79411e-05 7.03598e-07
47	0.47	2.66544e-05	-2.8241e-05	1	1 2.74477e-05 -7.93314e-07
48	0.48	-2.60758e-05	2.78457e-05	1	1 -2.69607e-05 8.84918e-07
49	0.49	2.55016e-05	-2.74585e-05	1	1 2.648e-05 -9.78434e-07
50	0.5	-2.49317e-05	2.70794e-05	1	1 -2.60056e-05 1.07389e-06
51	0.51	2.43659e-05	-2.67086e-05	1	1 2.55373e-05 -1.1713e-06
52	0.52	-2.38043e-05	2.63457e-05	1	1 -2.5075e-05 1.27071e-06
53	0.53	2.32467e-05	-2.5991e-05	1	1 2.46189e-05 -1.37213e-06
54	0.54	-2.26931e-05	2.56443e-05	1	1 -2.41687e-05 1.47559e-06
55	0.55	2.21433e-05	-2.53055e-05	1	1 2.37244e-05 -1.58112e-06
56	0.56	-2.15972e-05	2.49747e-05	1	1 -2.32859e-05 1.68874e-06
57	0.57	2.10548e-05	-2.46518e-05	1	1 2.28533e-05 -1.79848e-06
58	0.58	-2.0516e-05	2.43367e-05	1	1 -2.24264e-05 1.91037e-06
59	0.59	1.99807e-05	-2.40296e-05	1	1 2.20051e-05 -2.02444e-06
60	0.6	-1.94488e-05	2.37302e-05	1	1 -2.15895e-05 2.1407e-06
61	0.61	1.89202e-05	-2.34386e-05	1	1 2.11794e-05 -2.2592e-06
62	0.62	-1.83949e-05	2.31548e-05	1	1 -2.07748e-05 2.37996e-06
63	0.63	1.78727e-05	-2.28787e-05	1	1 2.03757e-05 -2.503e-06
64	0.64	-1.73536e-05	2.26103e-05	1	1 -1.9982e-05 2.62836e-06
65	0.65	1.68375e-05	-2.23496e-05	1	1 1.95935e-05 -2.75607e-06
66	0.66	-1.63242e-05	2.20965e-05	1	1 -1.92104e-05 2.88614e-06
67	0.67	1.58138e-05	-2.1851e-05	1	1 1.88324e-05 -3.01863e-06
68	0.68	-1.53061e-05	2.16132e-05	1	1 -1.84596e-05 3.15354e-06
69	0.69	1.4801e-05	-2.13829e-05	1	1 1.8092e-05 -3.29092e-06
70	0.7	-1.42985e-05	2.11601e-05	1	1 -1.77293e-05 3.4308e-06
71	0.71	1.37985e-05	-2.09449e-05	1	1 1.73717e-05 -3.5732e-06
72	0.72	-1.33009e-05	2.07372e-05	1	1 -1.7019e-05 3.71815e-06
73	0.73	1.28055e-05	-2.05369e-05	1	1 1.66712e-05 -3.86569e-06
74	0.74	-1.23124e-05	2.03441e-05	1	1 -1.63283e-05 4.01585e-06
75	0.75	1.18215e-05	-2.01588e-05	1	1 1.59901e-05 -4.16866e-06
76	0.76	-1.13325e-05	1.99809e-05	1	1 -1.56567e-05 4.32416e-06
77	0.77	1.08456e-05	-1.98103e-05	1	1 1.5328e-05 -4.48237e-06
78	0.78	-1.03605e-05	1.96472e-05	1	1 -1.50039e-05 4.64333e-06
79	0.79	9.87729e-06	-1.94914e-05	1	1 1.46844e-05 -4.80706e-06
80	0.8	-9.39576e-06	1.9343e-05	1	1 -1.43694e-05 4.97362e-06
81	0.81	8.91587e-06	-1.92019e-05	1	1 1.40589e-05 -5.14302e-06
82	0.82	-8.43753e-06	1.90681e-05	1	1 -1.37528e-05 5.3153e-06
83	0.83	7.96068e-06	-1.89417e-05	1	1 1.34512e-05 -5.49051e-06
84	0.84	-7.48521e-06	1.88225e-05	1	1 -1.31539e-05 5.66866e-06
85	0.85	7.01105e-06	-1.87107e-05	1	1 1.28609e-05 -5.8498e-06
86	0.86	-6.53812e-06	1.86061e-05	1	1 -1.25721e-05 6.03397e-06
87	0.87	6.06633e-06	-1.85087e-05	1	1 1.22875e-05 -6.22119e-06
88	0.88	-5.5956e-06	1.84186e-05	1	1 -1.20071e-05 6.4115e-06
89	0.89	5.12586e-06	-1.83358e-05	1	1 1.17308e-05 -6.60495e-06
90	0.9	-4.65701e-06	1.82601e-05	1	1 -1.14586e-05 6.80156e-06
91	0.91	4.18899e-06	-1.81918e-05	1	1 1.11904e-05 -7.00138e-06
92	0.92	-3.72169e-06	1.81306e-05	1	1 -1.09261e-05 7.20444e-06
93	0.93	3.25505e-06	-1.80766e-05	1	1 1.06658e-05 -7.41078e-06
94	0.94	-2.78898e-06	1.80299e-05	1	1 -1.04094e-05 7.62044e-06
95	0.95	2.32341e-06	-1.79903e-05	1	1 1.01569e-05 -7.83345e-06
96	0.96	-1.85823e-06	1.79579e-05	1	1 -9.90809e-06 8.04985e-06
97	0.97	1.39339e-06	-1.79328e-05	1	1 9.66309e-06 -8.26969e-06
98	0.98	-9.28792e-07	1.79148e-05	1	1 -9.4218e-06 8.49301e-06
99	0.99	4.64356e-07	-1.7904e-05	1	1 9.18419e-06 -8.71984e-06
100	1	0	1.79004e-05	1	1 -8.95022e-06 8.95022e-06
