0	0	0	0	1	1
1	0.01	0	0	1	1
2	0.02	0	0	1	1
3	0.03	0	0	1	1
4	0.04	0	0	1	1
5	0.05	0	0	1	1
6	0.06	0	0	1	1
7	0.07	0	0	1	1
8	0.08	0	0	1	1
9	0.09	0	0	1	1
10	0.1	0	0	1	1
11	0.11	0	0	1	1
12	0.12	0	0	1	1
13	0.13	0	0	1	1
14	0.14	0	0	1	1
15	0.15	0	0	1	1
16	0.16	0	0	1	1
17	0.17	0	0	1	1
18	0.18	0	0	1	1
19	0.19	0	0	1	1
20	0.2	0	0	1	1
21	0.21	0	0	1	1
22	0.22	0	0	1	1
23	0.23	0	0	1	1
24	0.24	0	0	1	1
25	0.25	0	0	1	1
26	0.26	0	0	1	1
27	0.27	0	0	1	1
28	0.28	0	0	1	1
29	0.29	0	0	1	1
30	0.3	0	0	1	1
31	0.31	0	0	1	1
32	0.32	0	0	1	1
33	0.33	0	0	1	1
34	0.34	0	0	1	1
35	0.35	0	0	1	1
36	0.36	0	0	1	1
37	0.37	0	0	1	1
38	0.38	0	0	1	1
39	0.39	0	0	1	1
40	0.4	0	0	1	1
41	0.409051	-0.000300051	0.000300051	1	1
42	0.418118	-0.00211248	0.00211248	1	1
43	0.427235	-0.00756804	0.00756804	1	1
44	0.436452	-0.0184013	0.0184013	1	1
45	0.445815	-0.0342201	0.0342201	1	1
46	0.455348	-0.052222	0.052222	1	1
47	0.46504	-0.0688371	0.0688371	1	1
48	0.474859	-0.0816828	0.0816828	1	1
49	0.484761	-0.0902324	0.0902324	1	1
50	0.436186	-39.3104	12.431	0.1	1
51	0.491031	-5.7073	1.80481	0.1	1
52	0.5059	-1.26697	0.400652	0.1	1
53	0.517348	-0.427892	0.135311	0.1	1
54	0.528409	-0.319058	0.100895	0.1	1
55	0.539443	-0.311355	0.098459	0.1	1
56	0.550479	-0.311615	0.0985412	0.1	1
57	0.561511	-0.310676	0.0982443	0.1	1
58	0.572532	-0.307281	0.0971709	0.1	1
59	0.583529	-0.300538	0.0950386	0.1	1
60	0.594487	-0.289623	0.0915867	0.1	1
61	0.605392	-0.274011	0.08665	0.1	1
62	0.616228	-0.253687	0.0802229	0.1	1
63	0.626979	-0.229217	0.0724849	0.1	1
64	0.637638	-0.201678	0.0637761	0.1	1
65	0.648198	-0.172486	0.054545	0.1	1
66	0.658661	-0.143182	0.045278	0.1	1
67	0.669032	-0.115207	0.0364316	0.1	1
68	0.67932	-0.0897439	0.0283795	0.1	1
69	0.689537	-0.0676116	0.0213807	0.1	1
70	0.699693	-0.0492191	0.0155645	0.1	1
71	0.709803	-0.0345967	0.0109404	0.1	1
72	0.719878	-0.0234705	0.00742203	0.1	1
73	0.729927	-0.0153638	0.00485848	0.1	1
74	0.739957	-0.00970463	0.00306887	0.1	1
75	0.749976	-0.00591651	0.00187097	0.1	1
76	0.759987	-0.00348288	0.00110138	0.1	1
77	0.769993	-0.00198079	0.00062638	0.1	1
78	0.779997	-0.00108904	0.000344384	0.1	1
79	0.789999	-0.000579246	0.000183174	0.1	1
80	0.8	-0.000298271	9.43217e-05	0.1	1
81	0.81	-0.000148806	4.70565e-05	0.1	1
82	0.82	-7.19751e-05	2.27605e-05	0.1	1
83	0.83	-3.37762e-05	1.0681e-05	0.1	1
84	0.84	-1.53889e-05	4.86641e-06	0.1	1
85	0.85	-6.81184e-06	2.15409e-06	0.1	1
86	0.86	-2.93128e-06	9.26953e-07	0.1	1
87	0.87	-1.22703e-06	3.88021e-07	0.1	1
88	0.88	-4.99939e-07	1.58095e-07	0.1	1
89	0.89	-1.98376e-07	6.27319e-08	0.1	1
90	0.9	-7.67018e-08	2.42552e-08	0.1	1
91	0.91	-2.89132e-08	9.14316e-09	0.1	1
92	0.92	-1.06311e-08	3.36185e-09	0.1	1
93	0.93	-3.81471e-09	1.20632e-09	0.1	1
94	0.94	-1.33644e-09	4.22619e-10	0.1	1
95	0.95	-4.5733e-10	1.44622e-10	0.1	1
96	0.96	-1.52922e-10	4.8365e-11	0.1	1
97	0.97	-4.99567e-11	1.58222e-11	0.1	1
98	0.98	-1.58497e-11	5.09731e-12	0.1	1
99	0.99	-4.54112e-12	1.72621e-12	0.1	1
100	1	0	9.68104e-13	0.1	1
