0	0	0	1.03894e-19	2	1 -5.19471e-20 5.19471e-20
1	0.01	1.6821e-19	2.59259e-19	2	1 -1.06868e-20 2.48572e-19
2	0.02	8.265e-19	1.17318e-18	2	1 -2.16389e-21 1.17101e-18
3	0.03	3.84023e-18	5.43177e-18	2	1 -4.31367e-22 5.43134e-18
4	0.04	1.75372e-17	2.48016e-17	2	1 -8.42263e-23 2.48015e-17
5	0.05	7.88331e-17	1.11487e-16	2	1 -1.40377e-23 1.11487e-16
6	0.06	3.48764e-16	4.93227e-16	2	1 0 4.93227e-16
7	0.07	1.51802e-15	2.14681e-15	2	1 0 2.14681e-15
8	0.08	6.49734e-15	9.18863e-15	2	1 0 9.18863e-15
9	0.09	2.73291e-14	3.86492e-14	2	1 0 3.86492e-14
10	0.1	1.12876e-13	1.59631e-13	2	1 0 1.59631e-13
11	0.11	4.57366e-13	6.46814e-13	2	1 0 6.46814e-13
12	0.12	1.81612e-12	2.56838e-12	2	1 0 2.56838e-12
13	0.13	7.05873e-12	9.98255e-12	2	1 0 9.98255e-12
14	0.14	2.68197e-11	3.79288e-11	2	1 0 3.79288e-11
15	0.15	9.94788e-11	1.40684e-10	2	1 0 1.40684e-10
16	0.16	3.59697e-10	5.08688e-10	2	1 0 5.08688e-10
17	0.17	1.26598e-09	1.79037e-09	2	1 0 1.79037e-09
18	0.18	4.3306e-09	6.1244e-09	2	1 0 6.1244e-09
19	0.19	1.43758e-08	2.03304e-08	2	1 0 2.03304e-08
20	0.2	4.62377e-08	6.539e-08	2	1 0 6.539e-08
21	0.21	1.43867e-07	2.03459e-07	2	1 0 2.03459e-07
22	0.22	4.32346e-07	6.1143e-07	2	1 0 6.1143e-07
23	0.23	1.25286e-06	1.77181e-06	2	1 0 1.77181e-06
24	0.24	3.49503e-06	4.94272e-06	2	1 0 4.94272e-06
25	0.25	9.37004e-06	1.32512e-05	2	1 0 1.32512e-05
26	0.26	2.40998e-05	3.40823e-05	2	1 0 3.40823e-05
27	0.27	5.93592e-05	8.39465e-05	2	1 0 8.39465e-05
28	0.280001	0.000139749	0.000197634	2	1 0 0.000197634
29	0.290003	0.000313869	0.000443878	2	1 0 0.000443878
30	0.300008	0.000671171	0.00094918	2	1 0 0.00094918
31	0.310017	0.00136378	0.00192867	2	1 0 0.00192867
32	0.320037	0.00262811	0.00371671	2	1 0 0.00371671
33	0.330074	0.00479491	0.00678103	2	1 0 0.00678103
34	0.340142	0.00827041	0.0116961	2	1 0 0.0116961
35	0.350259	0.0134719	0.0190521	2	1 0 0.0190521
36	0.360452	0.0207113	0.0292901	2	1 0 0.0292901
37	0.370749	0.0300396	0.0424825	2	1 0 0.0424825
38	0.381183	0.0410866	0.0581052	2	1 0 0.0581052
39	0.391781	0.0529438	0.0748739	2	1 0 0.0748739
40	0.402558	0.064154	0.0907275	2	1 0 0.0907275
41	0.413507	0.0729019	0.103099	2	1 0 0.103099
42	0.424592	0.0775117	0.109618	2	1 0 0.109618
43	0.43575	0.0772732	0.109281	2	1 0 0.109281
44	0.446904	0.0732461	0.103586	2	1 0 0.103586
45	0.457994	0.0682654	0.0965419	2	1 0 0.0965419
46	0.469006	0.0656184	0.0927985	2	1 0 0.0927985
47	0.479977	0.0671763	0.0950017	2	1 0 0.0950017
48	0.490971	0.0725738	0.102635	2	1 0 0.102635
49	0.502047	0.0799411	0.113054	2	1 0 0.113054
50	0.513235	0.0873052	0.123468	2	1 0 0.123468
51	0.531981	0.137728	-0.00149173	5	1 0.154731 0.153239
52	0.534815	0.115298	-0.0263498	5	1 0.142082 0.115732
53	0.544654	0.115779	-0.00211367	5	1 0.130502 0.128388
54	0.554731	0.11489	0.0167916	5	1 0.120056 0.136847
55	0.564898	0.116244	0.0197004	5	1 0.120115 0.139815
56	0.575002	0.118894	0.00722158	5	1 0.129317 0.136539
57	0.584995	0.118061	-0.0103783	5	1 0.137185 0.126807
58	0.594934	0.108981	-0.021818	5	1 0.132754 0.110936
59	0.604914	0.090649	-0.0226296	5	1 0.112663 0.0900338
60	0.614981	0.0668447	-0.0166246	5	1 0.0830469 0.0664223
61	0.625765	0.0421507	-0.0102032	5	1 0.0522275 0.0420243
62	0.634908	0.0253637	-0.00625092	5	1 0.0314829 0.025232
63	0.644026	0.0137809	-0.0040919	5	1 0.0174534 0.0133615
64	0.653111	0.00687079	-0.00306971	5	1 0.00921663 0.00614693
65	0.662167	0.0034122	-0.00281338	5	1 0.00522165 0.00240827
66	0.671199	0.00222558	-0.00341673	5	1 0.00419664 0.00077991
67	0.680206	0.00249186	-0.0051732	5	1 0.00537258 0.000199386
68	0.68918	0.00374716	-0.00830445	5	1 0.00834167 3.72239e-05
69	0.698112	0.0057387	-0.0128235	5	1 0.0128278 4.3139e-06
70	0.706993	0.00827936	-0.0185129	5	1 0.018513 1.73889e-07
71	0.715288	0.0109875	-0.0245688	5	1 0.0245688 0
72	0.724972	0.014314	-0.0320071	5	1 0.0320071 0
73	0.734589	0.0174822	-0.0390914	5	1 0.0390914 0
74	0.744146	0.0202368	-0.045251	5	1 0.045251 0
75	0.753658	0.0223745	-0.0500309	5	1 0.0500309 0
76	0.763141	0.0237277	-0.0530567	5	1 0.0530567 0
77	0.772615	0.0241503	-0.0540017	5	1 0.0540017 0
78	0.782103	0.0235345	-0.0526248	5	1 0.0526248 0
79	0.791626	0.0218631	-0.0488874	5	1 0.0488874 0
80	0.801203	0.0192671	-0.0430826	5	1 0.0430826 0
81	0.810851	0.0160396	-0.0358656	5	1 0.0358656 0
82	0.820574	0.0125793	-0.0281283	5	1 0.0281283 0
83	0.830368	0.00928478	-0.0207614	5	1 0.0207614 0
84	0.840225	0.0064522	-0.0144276	5	1 0.0144276 0
85	0.850131	0.00422765	-0.0094533	5	1 0.0094533 0
86	0.860072	0.00261676	-0.00585126	5	1 0.00585126 0
87	0.870038	0.00153323	-0.00342841	5	1 0.00342841 0
88	0.880019	0.000852145	-0.00190545	5	1 0.00190545 0
89	0.890009	0.000450077	-0.0010064	5	1 0.0010064 0
90	0.900004	0.000226299	-0.00050602	5	1 0.00050602 0
91	0.910002	0.000108487	-0.000242585	5	1 0.000242585 0
92	0.92	4.96607e-05	-0.000111045	5	1 0.000111045 0
93	0.93	2.17358e-05	-4.86028e-05	5	1 4.86028e-05 0
94	0.94	9.10837e-06	-2.0367e-05	5	1 2.0367e-05 -2.94885e-11
95	0.95	3.65886e-06	-8.18168e-06	5	1 8.18157e-06 -1.11853e-10
96	0.96	1.41046e-06	-3.15468e-06	5	1 3.15429e-06 -3.9657e-10
97	0.97	5.21923e-07	-1.16981e-06	5	1 1.16843e-06 -1.37929e-09
98	0.98	1.84103e-07	-4.2094e-07	5	1 4.16304e-07 -4.63591e-09
99	0.99	5.7133e-08	-1.57867e-07	5	1 1.4281e-07 -1.50568e-08
100	1	0	-9.4427e-08	5	1 4.72135e-08 -4.72135e-08
