0	0	0	0	7500	2e+11 0.516398
1	1e-05	0	0	7500	2e+11 0.516398
2	2e-05	0	0	7500	2e+11 0.516398
3	3e-05	0	0	7500	2e+11 0.516398
4	4e-05	0	0	7500	2e+11 0.516398
5	5e-05	0	0	7500	2e+11 0.516398
6	6e-05	0	0	7500	2e+11 0.516398
7	7e-05	0	0	7500	2e+11 0.516398
8	8e-05	0	0	7500	2e+11 0.516398
9	9e-05	0	0	7500	2e+11 0.516398
10	0.0001	0	0	7500	2e+11 0.516398
11	0.00011	0	0	7500	2e+11 0.516398
12	0.00012	0	0	7500	2e+11 0.516398
13	0.00013	0	0	7500	2e+11 0.516398
14	0.00014	0	0	7500	2e+11 0.516398
15	0.00015	0	0	7500	2e+11 0.516398
16	0.00016	0	0	7500	2e+11 0.516398
17	0.00017	0	0	7500	2e+11 0.516398
18	0.00018	0	0	7500	2e+11 0.516398
19	0.00019	0	0	7500	2e+11 0.516398
20	0.0002	0	0	7500	2e+11 0.516398
21	0.00021	0	0	7500	2e+11 0.516398
22	0.00022	0	0	7500	2e+11 0.516398
23	0.00023	0	0	7500	2e+11 0.516398
24	0.00024	0	0	7500	2e+11 0.516398
25	0.00025	0	0	7500	2e+11 0.516398
26	0.00026	0	0	7500	2e+11 0.516398
27	0.00027	0	0	7500	2e+11 0.516398
28	0.00028	0	0	7500	2e+11 0.516398
29	0.00029	0	0	7500	2e+11 0.516398
30	0.0003	0	0	7500	2e+11 0.516398
31	0.00031	0	0	7500	2e+11 0.516398
32	0.00032	0	0	7500	2e+11 0.516398
33	0.00033	0	0	7500	2e+11 0.516398
34	0.00034	0	0	7500	2e+11 0.516398
35	0.00035	0	0	7500	2e+11 0.516398
36	0.00036	0	0	7500	2e+11 0.516398
37	0.00037	0	0	7500	2e+11 0.516398
38	0.00038	0	0	7500	2e+11 0.516398
39	0.00039	0	0	7500	2e+11 0.516398
40	0.0004	0	0	7500	2e+11 0.516398
41	0.00041	0	0	7500	2e+11 0.516398
42	0.00042	0	0	7500	2e+11 0.516398
43	0.00043	0	0	7500	2e+11 0.516398
44	0.00044	0	0	7500	2e+11 0.516398
45	0.00045	0	0	7500	2e+11 0.516398
46	0.00046	0	0	7500	2e+11 0.516398
47	0.00047	0	0	7500	2e+11 0.516398
48	0.00048	0	0	7500	2e+11 0.516398
49	0.00049	0	0	7500	2e+11 0.5164
50	0.0005	0	0	7500	2e+11 0.5164
51	0.00051	0	0	7500	2e+11 0.516397
52	0.00052	0	0	7500	2e+11 0.5164
53	0.00053	0	0	7500	2e+11 0.5164
54	0.00054	0	0	7500	2e+11 0.516397
55	0.00055	0	0	7500	2e+11 0.5164
56	0.00056	0	0	7500	2e+11 0.5164
57	0.00057	0	0	7500	2e+11 0.516397
58	0.00058	0	0	7500	2e+11 0.516397
59	0.00059	0	0	7500	2e+11 0.5164
60	0.0006	0	0	7500	2e+11 0.5164
61	0.00061	0	0	7500	2e+11 0.516397
62	0.00062	0	0	7500	2e+11 0.5164
63	0.00063	0	0	7500	2e+11 0.5164
64	0.00064	0	0	7500	2e+11 0.516397
65	0.00065	0	0	7500	2e+11 0.5164
66	0.00066	0	0	7500	2e+11 0.5164
67	0.00067	0	0	7500	2e+11 0.516397
68	0.00068	0	0	7500	2e+11 0.5164
69	0.00069	0	0	7500	2e+11 0.5164
70	0.0007	0	0	7500	2e+11 0.516397
71	0.00071	0	0	7500	2e+11 0.516397
72	0.00072	0	0	7500	2e+11 0.5164
73	0.00073	0	0	7500	2e+11 0.5164
74	0.00074	0	0	7500	2e+11 0.516397
75	0.00075	0	0	7500	2e+11 0.5164
76	0.00076	0	0	7500	2e+11 0.5164
77	0.00077	0	0	7500	2e+11 0.516397
78	0.00078	0	0	7500	2e+11 0.5164
79	0.00079	0	0	7500	2e+11 0.5164
80	0.0008	0	0	7500	2e+11 0.516397
81	0.00081	0	0	7500	2e+11 0.5164
82	0.00082	0	0	7500	2e+11 0.5164
83	0.00083	0	0	7500	2e+11 0.516397
84	0.00084	0	0	7500	2e+11 0.5164
85	0.00085	0	0	7500	2e+11 0.5164
86	0.00086	0	0	7500	2e+11 0.516397
87	0.00087	0	0	7500	2e+11 0.5164
88	0.00088	0	0	7500	2e+11 0.5164
89	0.00089	0	0	7500	2e+11 0.516397
90	0.0009	0	0	7500	2e+11 0.516397
91	0.00091	0	0	7500	2e+11 0.5164
92	0.00092	0	0	7500	2e+11 0.5164
93	0.00093	0	0	7500	2e+11 0.516397
94	0.00094	0	0	7500	2e+11 0.5164
95	0.00095	0	0	7500	2e+11 0.5164
96	0.00096	0	0	7500	2e+11 0.516397
97	0.00097	0	0	7500	2e+11 0.516397
98	0.00098	0	0	7500	2e+11 0.5164
99	0.00099	0	0	7500	2e+11 0.5164
100	0.001	0	0	7500	2e+11 0.5164
101	0.00101	0	0	7500	2e+11 0.5164
102	0.00102	0	0	7500	2e+11 0.5164
103	0.00103	0	0	7500	2e+11 0.5164
104	0.00104	0	0	7500	2e+11 0.5164
105	0.00105	0	0	7500	2e+11 0.5164
106	0.00106	0	0	7500	2e+11 0.5164
107	0.00107	0	0	7500	2e+11 0.5164
108	0.00108	0	0	7500	2e+11 0.5164
109	0.00109	0	0	7500	2e+11 0.5164
110	0.0011	0	0	7500	2e+11 0.5164
111	0.00111	0	0	7500	2e+11 0.5164
112	0.00112	0	0	7500	2e+11 0.5164
113	0.00113	0	0	7500	2e+11 0.5164
114	0.00114	0	0	7500	2e+11 0.5164
115	0.00115	0	0	7500	2e+11 0.5164
116	0.00116	0	0	7500	2e+11 0.5164
117	0.00117	0	0	7500	2e+11 0.5164
118	0.00118	0	0	7500	2e+11 0.5164
119	0.00119	0	0	7500	2e+11 0.5164
120	0.0012	0	0	7500	2e+11 0.5164
121	0.00121	0	0	7500	2e+11 0.5164
122	0.00122	0	0	7500	2e+11 0.5164
123	0.00123	0	0	7500	2e+11 0.5164
124	0.00124	0	0	7500	2e+11 0.5164
125	0.00125	0	0	7500	2e+11 0.5164
126	0.00126	0	0	7500	2e+11 0.5164
127	0.00127	0	0	7500	2e+11 0.5164
128	0.00128	0	0	7500	2e+11 0.5164
129	0.00129	0	0	7500	2e+11 0.5164
130	0.0013	0	0	7500	2e+11 0.5164
131	0.00131	0	0	7500	2e+11 0.5164
132	0.00132	0	0	7500	2e+11 0.5164
133	0.00133	0	0	7500	2e+11 0.5164
134	0.00134	0	0	7500	2e+11 0.5164
135	0.00135	0	0	7500	2e+11 0.5164
136	0.00136	0	0	7500	2e+11 0.5164
137	0.00137	0	0	7500	2e+11 0.5164
138	0.00138	0	0	7500	2e+11 0.5164
139	0.00139	0	0	7500	2e+11 0.5164
140	0.0014	0	0	7500	2e+11 0.5164
141	0.00141	0	0	7500	2e+11 0.5164
142	0.00142	0	0	7500	2e+11 0.5164
143	0.00143	0	0	7500	2e+11 0.5164
144	0.00144	0	0	7500	2e+11 0.5164
145	0.00145	0	0	7500	2e+11 0.5164
146	0.00146	0	0	7500	2e+11 0.5164
147	0.00147	0	0	7500	2e+11 0.5164
148	0.00148	0	0	7500	2e+11 0.5164
149	0.00149	0	0	7500	2e+11 0.5164
150	0.0015	0	0	7500	2e+11 0.5164
151	0.00151	0	0	7500	2e+11 0.5164
152	0.00152	0	0	7500	2e+11 0.5164
153	0.00153	0	0	7500	2e+11 0.5164
154	0.00154	0	0	7500	2e+11 0.5164
155	0.00155	0	0	7500	2e+11 0.5164
156	0.00156	0	0	7500	2e+11 0.5164
157	0.00157	0	0	7500	2e+11 0.5164
158	0.00158	0	0	7500	2e+11 0.5164
159	0.00159	0	0	7500	2e+11 0.5164
160	0.0016	0	0	7500	2e+11 0.5164
161	0.00161	0	0	7500	2e+11 0.5164
162	0.00162	0	0	7500	2e+11 0.5164
163	0.00163	0	0	7500	2e+11 0.5164
164	0.00164	0	0	7500	2e+11 0.5164
165	0.00165	0	0	7500	2e+11 0.5164
166	0.00166	0	0	7500	2e+11 0.5164
167	0.00167	0	0	7500	2e+11 0.5164
168	0.00168	0	0	7500	2e+11 0.5164
169	0.00169	0	0	7500	2e+11 0.5164
170	0.0017	0	0	7500	2e+11 0.5164
171	0.00171	0	0	7500	2e+11 0.5164
172	0.00172	0	0	7500	2e+11 0.5164
173	0.00173	0	0	7500	2e+11 0.5164
174	0.00174	0	0	7500	2e+11 0.5164
175	0.00175	0	0	7500	2e+11 0.5164
176	0.00176	0	0	7500	2e+11 0.5164
177	0.00177	0	0	7500	2e+11 0.5164
178	0.00178	0	0	7500	2e+11 0.5164
179	0.00179	0	0	7500	2e+11 0.5164
180	0.0018	0	0	7500	2e+11 0.5164
181	0.00181	0	0	7500	2e+11 0.5164
182	0.00182	0	0	7500	2e+11 0.5164
183	0.00183	0	0	7500	2e+11 0.5164
184	0.00184	0	0	7500	2e+11 0.5164
185	0.00185	0	0	7500	2e+11 0.5164
186	0.00186	0	0	7500	2e+11 0.5164
187	0.00187	0	0	7500	2e+11 0.5164
188	0.00188	0	0	7500	2e+11 0.5164
189	0.00189	0	0	7500	2e+11 0.5164
190	0.0019	0	0	7500	2e+11 0.5164
191	0.00191	0	0	7500	2e+11 0.5164
192	0.00192	0	0	7500	2e+11 0.5164
193	0.00193	0	0	7500	2e+11 0.5164
194	0.00194	0	0	7500	2e+11 0.5164
195	0.00195	0	0	7500	2e+11 0.5164
196	0.00196	0	0	7500	2e+11 0.516406
197	0.00197	0	0	7500	2e+11 0.516406
198	0.00198	0	0	7500	2e+11 0.516394
199	0.00199	0	0	7500	2e+11 0.516406
200	0.002	0	0	7500	2e+11 0.516406
201	0.00201	0	0	7500	2e+11 0.516394
202	0.00202	0	0	7500	2e+11 0.516406
203	0.00203	0	0	7500	2e+11 0.516406
204	0.00204	0	0	7500	2e+11 0.516394
205	0.00205	0	0	7500	2e+11 0.516406
206	0.00206	0	0	7500	2e+11 0.516406
207	0.00207	0	0	7500	2e+11 0.516394
208	0.00208	0	0	7500	2e+11 0.516406
209	0.00209	0	0	7500	2e+11 0.516406
210	0.0021	0	0	7500	2e+11 0.516394
211	0.00211	0	0	7500	2e+11 0.516406
212	0.00212	0	0	7500	2e+11 0.516406
213	0.00213	0	0	7500	2e+11 0.516394
214	0.00214	0	0	7500	2e+11 0.516406
215	0.00215	0	0	7500	2e+11 0.516406
216	0.00216	0	0	7500	2e+11 0.516394
217	0.00217	0	0	7500	2e+11 0.516406
218	0.00218	0	0	7500	2e+11 0.516406
219	0.00219	0	0	7500	2e+11 0.516394
220	0.0022	0	0	7500	2e+11 0.516406
221	0.00221	0	0	7500	2e+11 0.516406
222	0.00222	0	0	7500	2e+11 0.516394
223	0.00223	0	0	7500	2e+11 0.516406
224	0.00224	0	0	7500	2e+11 0.516406
225	0.00225	0	0	7500	2e+11 0.516394
226	0.00226	0	0	7500	2e+11 0.516394
227	0.00227	0	0	7500	2e+11 0.516406
228	0.00228	0	0	7500	2e+11 0.516406
229	0.00229	0	0	7500	2e+11 0.516394
230	0.0023	0	0	7500	2e+11 0.516406
231	0.00231	0	0	7500	2e+11 0.516406
232	0.00232	0	0	7500	2e+11 0.516394
233	0.00233	0	0	7500	2e+11 0.516406
234	0.00234	0	0	7500	2e+11 0.516406
235	0.00235	0	0	7500	2e+11 0.516394
236	0.00236	0	0	7500	2e+11 0.516406
237	0.00237	0	0	7500	2e+11 0.516406
238	0.00238	0	0	7500	2e+11 0.516394
239	0.00239	0	0	7500	2e+11 0.516406
240	0.0024	0	0	7500	2e+11 0.516406
241	0.00241	0	0	7500	2e+11 0.516394
242	0.00242	0	0	7500	2e+11 0.516406
243	0.00243	0	0	7500	2e+11 0.516406
244	0.00244	0	0	7500	2e+11 0.516394
245	0.00245	0	0	7500	2e+11 0.516406
246	0.00246	0	0	7500	2e+11 0.516406
247	0.00247	0	0	7500	2e+11 0.516394
248	0.00248	0	0	7500	2e+11 0.516406
249	0.00249	0	0	7500	2e+11 0.516406
250	0.0025	0	0	7500	2e+11 0.516394
251	0.00251	0	0	7500	2e+11 0.516406
252	0.00252	0	0	7500	2e+11 0.516406
253	0.00253	0	0	7500	2e+11 0.516394
254	0.00254	0	0	7500	2e+11 0.516406
255	0.00255	0	0	7500	2e+11 0.516406
256	0.00256	0	0	7500	2e+11 0.516394
257	0.00257	0	0	7500	2e+11 0.516406
258	0.00258	0	0	7500	2e+11 0.516406
259	0.00259	0	0	7500	2e+11 0.516394
260	0.0026	0	0	7500	2e+11 0.516406
261	0.00261	0	0	7500	2e+11 0.516406
262	0.00262	0	0	7500	2e+11 0.516394
263	0.00263	0	0	7500	2e+11 0.516406
264	0.00264	0	0	7500	2e+11 0.516406
265	0.00265	0	0	7500	2e+11 0.516394
266	0.00266	0	0	7500	2e+11 0.516406
267	0.00267	0	0	7500	2e+11 0.516406
268	0.00268	0	0	7500	2e+11 0.516394
269	0.00269	0	0	7500	2e+11 0.516406
270	0.0027	0	0	7500	2e+11 0.516406
271	0.00271	0	0	7500	2e+11 0.516394
272	0.00272	0	0	7500	2e+11 0.516406
273	0.00273	0	0	7500	2e+11 0.516406
274	0.00274	0	0	7500	2e+11 0.516394
275	0.00275	0	0	7500	2e+11 0.516406
276	0.00276	0	0	7500	2e+11 0.516406
277	0.00277	0	0	7500	2e+11 0.516394
278	0.00278	0	0	7500	2e+11 0.516406
279	0.00279	0	0	7500	2e+11 0.516406
280	0.0028	0	0	7500	2e+11 0.516394
281	0.00281	0	0	7500	2e+11 0.516406
282	0.00282	0	0	7500	2e+11 0.516406
283	0.00283	0	0	7500	2e+11 0.516394
284	0.00284	0	0	7500	2e+11 0.516406
285	0.00285	0	0	7500	2e+11 0.516406
286	0.00286	0	0	7500	2e+11 0.516394
287	0.00287	0	0	7500	2e+11 0.516394
288	0.00288	0	0	7500	2e+11 0.516406
289	0.00289	0	0	7500	2e+11 0.516406
290	0.0029	0	0	7500	2e+11 0.516394
291	0.00291	0	0	7500	2e+11 0.516406
292	0.00292	0	0	7500	2e+11 0.516406
293	0.00293	0	0	7500	2e+11 0.516394
294	0.00294	0	0	7500	2e+11 0.516406
295	0.00295	0	0	7500	2e+11 0.516406
296	0.00296	0	0	7500	2e+11 0.516394
297	0.00297	0	0	7500	2e+11 0.516406
298	0.00298	0	0	7500	2e+11 0.516406
299	0.00299	0	0	7500	2e+11 0.516394
300	0.003	0	0	7500	2e+11 0.516406
301	0.00301	0	0	7500	2e+11 0.516406
302	0.00302	0	0	7500	2e+11 0.516394
303	0.00303	0	0	7500	2e+11 0.516406
304	0.00304	0	0	7500	2e+11 0.516406
305	0.00305	0	0	7500	2e+11 0.516394
306	0.00306	0	0	7500	2e+11 0.516406
307	0.00307	0	0	7500	2e+11 0.516406
308	0.00308	0	0	7500	2e+11 0.516394
309	0.00309	0	0	7500	2e+11 0.516406
310	0.0031	0	0	7500	2e+11 0.516406
311	0.00311	0	0	7500	2e+11 0.516394
312	0.00312	0	0	7500	2e+11 0.516406
313	0.00313	0	0	7500	2e+11 0.516406
314	0.00314	0	0	7500	2e+11 0.516394
315	0.00315	0	0	7500	2e+11 0.516406
316	0.00316	0	0	7500	2e+11 0.516406
317	0.00317	0	0	7500	2e+11 0.516394
318	0.00318	0	0	7500	2e+11 0.516406
319	0.00319	0	0	7500	2e+11 0.516406
320	0.0032	0	0	7500	2e+11 0.516394
321	0.00321	0	0	7500	2e+11 0.516406
322	0.00322	0	0	7500	2e+11 0.516406
323	0.00323	0	0	7500	2e+11 0.516394
324	0.00324	0	0	7500	2e+11 0.516406
325	0.00325	0	0	7500	2e+11 0.516406
326	0.00326	0	0	7500	2e+11 0.516394
327	0.00327	0	0	7500	2e+11 0.516406
328	0.00328	0	0	7500	2e+11 0.516406
329	0.00329	0	0	7500	2e+11 0.516394
330	0.0033	0	0	7500	2e+11 0.516406
331	0.00331	0	0	7500	2e+11 0.516406
332	0.00332	0	0	7500	2e+11 0.516394
333	0.00333	0	0	7500	2e+11 0.516406
334	0.00334	0	0	7500	2e+11 0.516406
335	0.00335	0	0	7500	2e+11 0.516394
336	0.00336	0	0	7500	2e+11 0.516406
337	0.00337	0	0	7500	2e+11 0.516406
338	0.00338	0	0	7500	2e+11 0.516394
339	0.00339	0	0	7500	2e+11 0.516406
340	0.0034	0	0	7500	2e+11 0.516406
341	0.00341	0	0	7500	2e+11 0.516394
342	0.00342	0	0	7500	2e+11 0.516406
343	0.00343	0	0	7500	2e+11 0.516406
344	0.00344	0	0	7500	2e+11 0.516394
345	0.00345	0	0	7500	2e+11 0.516406
346	0.00346	0	0	7500	2e+11 0.516406
347	0.00347	0	0	7500	2e+11 0.516394
348	0.00348	0	0	7500	2e+11 0.516406
349	0.00349	0	0	7500	2e+11 0.516406
350	0.0035	0	0	7500	2e+11 0.516394
351	0.00351	0	0	7500	2e+11 0.516406
352	0.00352	0	0	7500	2e+11 0.516406
353	0.00353	0	0	7500	2e+11 0.516394
354	0.00354	0	0	7500	2e+11 0.516394
355	0.00355	0	0	7500	2e+11 0.516406
356	0.00356	0	0	7500	2e+11 0.516406
357	0.00357	0	0	7500	2e+11 0.516394
358	0.00358	0	0	7500	2e+11 0.516406
359	0.00359	0	0	7500	2e+11 0.516406
360	0.0036	0	0	7500	2e+11 0.516394
361	0.00361	0	0	7500	2e+11 0.516406
362	0.00362	0	0	7500	2e+11 0.516406
363	0.00363	0	0	7500	2e+11 0.516394
364	0.00364	0	0	7500	2e+11 0.516406
365	0.00365	0	0	7500	2e+11 0.516406
366	0.00366	0	0	7500	2e+11 0.516394
367	0.00367	0	0	7500	2e+11 0.516406
368	0.00368	0	0	7500	2e+11 0.516406
369	0.00369	0	0	7500	2e+11 0.516394
370	0.0037	0	0	7500	2e+11 0.516406
371	0.00371	0	0	7500	2e+11 0.516406
372	0.00372	0	0	7500	2e+11 0.516394
373	0.00373	0	0	7500	2e+11 0.516406
374	0.00374	0	0	7500	2e+11 0.516406
375	0.00375	0	0	7500	2e+11 0.516394
376	0.00376	4.04291e-38	7.82905e-42	7500	2e+11 0.516406
377	0.00377	2.73394e-37	5.29425e-41	7500	2e+11 0.516406
378	0.00378	5.8226e-37	1.12754e-40	7500	2e+11 0.516394
379	0.00379	7.23642e-37	1.40133e-40	7500	2e+11 0.516406
380	0.0038	1.44724e-36	2.80257e-40	7500	2e+11 0.516406
381	0.00381	2.89449e-36	5.60515e-40	7500	2e+11 0.516394
382	0.00382	7.69324e-36	1.48979e-39	7500	2e+11 0.516406
383	0.00383	2.53268e-35	4.90451e-39	7500	2e+11 0.516406
384	0.00384	6.58764e-35	1.27569e-38	7500	2e+11 0.516394
385	0.00385	2.16677e-34	4.19593e-38	7500	2e+11 0.516406
386	0.00386	6.8527e-34	1.32702e-37	7500	2e+11 0.516406
387	0.00387	2.20126e-33	4.26272e-37	7500	2e+11 0.516394
388	0.00388	6.11523e-33	1.18421e-36	7500	2e+11 0.516406
389	0.00389	1.82519e-32	3.53447e-36	7500	2e+11 0.516406
390	0.0039	4.88003e-32	9.45014e-36	7500	2e+11 0.516394
391	0.00391	1.11423e-31	2.1577e-35	7500	2e+11 0.516394
392	0.00392	4.03384e-31	7.81151e-35	7500	2e+11 0.516394
393	0.00393	1.17672e-30	2.27872e-34	7500	2e+11 0.516418
394	0.00394	3.1839e-30	6.16559e-34	7500	2e+11 0.516418
395	0.00395	9.81515e-30	1.9007e-33	7500	2e+11 0.516394
396	0.00396	2.78664e-29	5.3963e-33	7500	2e+11 0.516394
397	0.00397	8.01407e-29	1.55192e-32	7500	2e+11 0.516394
398	0.00398	2.29494e-28	4.44413e-32	7500	2e+11 0.516394
399	0.00399	6.82003e-28	1.32069e-31	7500	2e+11 0.516418
400	0.004	1.67487e-27	3.24338e-31	7500	2e+11 0.516418
401	0.00401	5.1914e-27	1.00531e-30	7500	2e+11 0.516394
402	0.00402	1.18884e-26	2.30219e-30	7500	2e+11 0.516394
403	0.00403	3.8089e-26	7.3759e-30	7500	2e+11 0.516394
404	0.00404	1.09701e-25	2.12435e-29	7500	2e+11 0.516394
405	0.00405	3.11677e-25	6.03559e-29	7500	2e+11 0.516418
406	0.00406	1.04263e-24	2.01904e-28	7500	2e+11 0.516418
407	0.00407	2.33771e-24	4.52695e-28	7500	2e+11 0.516394
408	0.00408	6.54469e-24	1.26737e-27	7500	2e+11 0.516394
409	0.00409	2.1058e-23	4.07787e-27	7500	2e+11 0.516394
410	0.0041	6.50484e-23	1.25966e-26	7500	2e+11 0.516394
411	0.00411	1.57303e-22	3.04616e-26	7500	2e+11 0.516418
412	0.00412	4.70912e-22	9.11918e-26	7500	2e+11 0.516418
413	0.00413	1.54516e-21	2.9922e-25	7500	2e+11 0.516394
414	0.00414	3.92978e-21	7.60999e-25	7500	2e+11 0.516394
415	0.00415	8.91053e-21	1.72552e-24	7500	2e+11 0.516394
416	0.00416	2.13417e-20	4.1328e-24	7500	2e+11 0.516394
417	0.00417	5.95259e-20	1.15271e-23	7500	2e+11 0.516418
418	0.00418	1.58488e-19	3.06911e-23	7500	2e+11 0.516418
419	0.00419	4.45049e-19	8.61834e-23	7500	2e+11 0.516394
420	0.0042	1.39714e-18	2.70554e-22	7500	2e+11 0.516394
421	0.00421	3.31148e-18	6.41266e-22	7500	2e+11 0.516394
422	0.00422	9.03985e-18	1.75056e-21	7500	2e+11 0.516394
423	0.00423	2.61491e-17	5.06376e-21	7500	2e+11 0.516418
424	0.00424	6.7821e-17	1.31335e-20	7500	2e+11 0.516418
425	0.00425	2.36157e-16	4.57316e-20	7500	2e+11 0.516394
426	0.00426	5.8244e-16	1.12789e-19	7500	2e+11 0.516394
427	0.00427	1.47518e-15	2.85668e-19	7500	2e+11 0.516394
428	0.00428	3.85976e-15	7.47439e-19	7500	2e+11 0.516394
429	0.00429	1.08641e-14	2.10383e-18	7500	2e+11 0.516418
430	0.0043	3.69185e-14	7.14923e-18	7500	2e+11 0.516418
431	0.00431	1.10176e-13	2.13354e-17	7500	2e+11 0.516394
432	0.00432	2.85534e-13	5.52934e-17	7500	2e+11 0.516394
433	0.00433	8.52039e-13	1.64997e-16	7500	2e+11 0.516394
434	0.00434	2.28912e-12	4.43286e-16	7500	2e+11 0.516394
435	0.00435	6.24832e-12	1.20998e-15	7500	2e+11 0.516418
436	0.00436	1.64895e-11	3.19317e-15	7500	2e+11 0.516418
437	0.00437	4.47309e-11	8.6621e-15	7500	2e+11 0.516394
438	0.00438	1.06215e-10	2.05684e-14	7500	2e+11 0.516394
439	0.00439	3.23279e-10	6.26027e-14	7500	2e+11 0.516394
440	0.0044	9.00657e-10	1.74411e-13	7500	2e+11 0.516394
441	0.00441	2.61706e-09	5.06792e-13	7500	2e+11 0.516418
442	0.00442	7.00062e-09	1.35566e-12	7500	2e+11 0.516418
443	0.00443	1.83156e-08	3.5468e-12	7500	2e+11 0.516394
444	0.00444	5.89901e-08	1.14234e-11	7500	2e+11 0.516394
445	0.00445	1.41955e-07	2.74894e-11	7500	2e+11 0.516394
446	0.00446	4.09487e-07	7.92967e-11	7500	2e+11 0.516394
447	0.00447	1.1735e-06	2.27248e-10	7500	2e+11 0.516418
448	0.00448	3.1494e-06	6.0988e-10	7500	2e+11 0.516418
449	0.00449	8.44491e-06	1.63535e-09	7500	2e+11 0.516394
450	0.0045	2.30603e-05	4.46561e-09	7500	2e+11 0.516394
451	0.00451	5.34397e-05	1.03486e-08	7500	2e+11 0.516394
452	0.00452	0.000195734	3.79037e-08	7500	2e+11 0.516394
453	0.00453	0.000530723	1.02774e-07	7500	2e+11 0.516394
454	0.00454	0.00142904	2.76732e-07	7500	2e+11 0.516418
455	0.00455	0.0041777	8.09008e-07	7500	2e+11 0.516418
456	0.00456	0.0123906	2.39944e-06	7500	2e+11 0.516394
457	0.00457	0.033006	6.39159e-06	7500	2e+11 0.516394
458	0.00458	0.0961734	1.86239e-05	7500	2e+11 0.516394
459	0.00459	0.243084	4.7073e-05	7500	2e+11 0.516394
460	0.0046	0.679594	0.000131603	7500	2e+11 0.516346
461	0.00461	2.07782	0.000402368	7500	2e+11 0.516322
462	0.00462001	4.63292	0.000897161	7500	2e+11 0.516153
463	0.00463002	8.15522	0.00157925	7500	2e+11 0.515865
464	0.00464003	12.3696	0.00239536	7500	2e+11 0.515506
465	0.00465006	16.9864	0.0032894	7500	2e+11 0.515051
466	0.0046601	21.7338	0.00420874	7500	2e+11 0.514597
467	0.00467014	26.3729	0.0051071	7500	2e+11 0.514119
468	0.00468019	30.715	0.00594794	7500	2e+11 0.513738
469	0.00469025	34.6356	0.00670715	7500	2e+11 0.513215
470	0.00470032	38.0431	0.00736701	7500	2e+11 0.512883
471	0.0047104	40.9085	0.0079219	7500	2e+11 0.512551
472	0.00472048	43.2518	0.00837567	7500	2e+11 0.512267
473	0.00473056	45.1081	0.00873514	7500	2e+11 0.512172
474	0.00474065	46.5322	0.00901092	7500	2e+11 0.511912
475	0.00475074	47.5975	0.00921723	7500	2e+11 0.5117
476	0.00476083	48.3702	0.00936685	7500	2e+11 0.511676
477	0.00477093	48.9187	0.00947306	7500	2e+11 0.511605
478	0.00478102	49.2982	0.00954655	7500	2e+11 0.511605
479	0.00479112	49.5541	0.00959611	7500	2e+11 0.511487
480	0.00480121	49.7235	0.00962891	7500	2e+11 0.511464
481	0.00481131	49.8324	0.00964999	7500	2e+11 0.511464
482	0.00482141	49.9008	0.00966324	7500	2e+11 0.511487
483	0.0048315	49.9429	0.0096714	7500	2e+11 0.511487
484	0.0048416	49.9682	0.0096763	7500	2e+11 0.511464
485	0.0048517	49.9831	0.00967919	7500	2e+11 0.511535
486	0.00486179	49.9918	0.00968087	7500	2e+11 0.511535
487	0.00487189	49.9967	0.00968183	7500	2e+11 0.511464
488	0.00488199	49.9995	0.00968236	7500	2e+11 0.511464
489	0.00489208	50.001	0.00968265	7500	2e+11 0.51144
490	0.00490218	50.0018	0.00968281	7500	2e+11 0.511558
491	0.00491228	50.0022	0.00968289	7500	2e+11 0.511558
492	0.00492237	50.0024	0.00968293	7500	2e+11 0.511464
493	0.00493247	50.0025	0.00968295	7500	2e+11 0.511464
494	0.00494257	50.0026	0.00968296	7500	2e+11 0.511464
495	0.00495266	50.0026	0.00968296	7500	2e+11 0.511511
496	0.00496276	50.0026	0.00968296	7500	2e+11 0.511511
497	0.00497285	50.0026	0.00968296	7500	2e+11 0.511511
498	0.00498295	50.0026	0.00968296	7500	2e+11 0.51144
499	0.00499305	50.0026	0.00968296	7500	2e+11 0.51144
500	0.00500315	50.0026	0.00968296	7500	2e+11 0.511535
501	0.00501324	50.0026	0.00968296	7500	2e+11 0.511535
502	0.00502334	50.0026	0.00968296	7500	2e+11 0.511511
503	0.00503343	50.0026	0.00968296	7500	2e+11 0.511511
504	0.00504353	50.0026	0.00968296	7500	2e+11 0.511464
505	0.00505363	50.0026	0.00968296	7500	2e+11 0.511464
506	0.00506372	50.0026	0.00968296	7500	2e+11 0.511535
507	0.00507382	50.0026	0.00968296	7500	2e+11 0.511535
508	0.00508392	50.0026	0.00968296	7500	2e+11 0.51144
509	0.00509401	50.0026	0.00968296	7500	2e+11 0.51144
510	0.00510411	50.0026	0.00968296	7500	2e+11 0.511464
511	0.00511421	50.0026	0.00968296	7500	2e+11 0.511511
512	0.0051243	50.0026	0.00968296	7500	2e+11 0.511511
513	0.0051344	50.0026	0.00968296	7500	2e+11 0.511535
514	0.0051445	50.0026	0.00968296	7500	2e+11 0.511535
515	0.00515459	50.0026	0.00968296	7500	2e+11 0.511535
516	0.00516469	50.0026	0.00968296	7500	2e+11 0.511535
517	0.00517479	50.0026	0.00968296	7500	2e+11 0.511464
518	0.00518488	50.0026	0.00968296	7500	2e+11 0.511487
519	0.00519498	50.0026	0.00968296	7500	2e+11 0.511487
520	0.00520508	50.0026	0.00968296	7500	2e+11 0.511558
521	0.00521517	50.0026	0.00968296	7500	2e+11 0.511558
522	0.00522527	50.0026	0.00968296	7500	2e+11 0.511487
523	0.00523537	50.0026	0.00968296	7500	2e+11 0.511487
524	0.00524546	50.0026	0.00968296	7500	2e+11 0.511487
525	0.00525556	50.0026	0.00968295	7500	2e+11 0.511487
526	0.00526565	50.0025	0.00968295	7500	2e+11 0.511487
527	0.00527575	50.0025	0.00968295	7500	2e+11 0.511558
528	0.00528585	50.0025	0.00968295	7500	2e+11 0.511558
529	0.00529594	50.0025	0.00968295	7500	2e+11 0.51144
530	0.00530604	50.0025	0.00968295	7500	2e+11 0.51144
531	0.00531614	50.0025	0.00968295	7500	2e+11 0.511535
532	0.00532623	50.0025	0.00968295	7500	2e+11 0.511535
533	0.00533633	50.0025	0.00968295	7500	2e+11 0.51144
534	0.00534643	50.0025	0.00968295	7500	2e+11 0.511535
535	0.00535652	50.0025	0.00968295	7500	2e+11 0.511535
536	0.00536662	50.0025	0.00968295	7500	2e+11 0.511487
537	0.00537672	50.0025	0.00968295	7500	2e+11 0.511464
538	0.00538681	50.0025	0.00968295	7500	2e+11 0.511558
539	0.00539691	50.0025	0.00968295	7500	2e+11 0.511558
540	0.00540701	50.0025	0.00968295	7500	2e+11 0.51144
541	0.0054171	50.0025	0.00968295	7500	2e+11 0.511487
542	0.0054272	50.0025	0.00968295	7500	2e+11 0.511487
543	0.00543729	50.0025	0.00968295	7500	2e+11 0.511487
544	0.00544739	50.0025	0.00968295	7500	2e+11 0.511487
545	0.00545749	50.0025	0.00968295	7500	2e+11 0.511535
546	0.00546758	50.0025	0.00968295	7500	2e+11 0.511535
547	0.00547768	50.0025	0.00968295	7500	2e+11 0.51144
548	0.00548778	50.0025	0.00968295	7500	2e+11 0.511511
549	0.00549787	50.0025	0.00968295	7500	2e+11 0.511535
550	0.00550797	50.0025	0.00968295	7500	2e+11 0.511535
551	0.00551807	50.0025	0.00968294	7500	2e+11 0.511511
552	0.00552816	50.0024	0.00968293	7500	2e+11 0.511511
553	0.00553826	50.0021	0.00968287	7500	2e+11 0.511511
554	0.00554835	50.0015	0.00968275	7500	2e+11 0.511511
555	0.00555845	49.9992	0.00968231	7500	2e+11 0.511487
556	0.00556855	49.9949	0.00968148	7500	2e+11 0.511487
557	0.00557865	49.9778	0.00967817	7500	2e+11 0.511535
558	0.00558874	49.9436	0.00967153	7500	2e+11 0.511535
559	0.00559884	49.8192	0.00964745	7500	2e+11 0.511535
560	0.00560893	49.5588	0.00959702	7500	2e+11 0.511535
561	0.00561903	48.6944	0.00942963	7500	2e+11 0.511558
562	0.00562912	46.321	0.00897002	7500	2e+11 0.511841
563	0.00563921	42.3911	0.00820901	7500	2e+11 0.512385
564	0.00564929	37.3594	0.00723461	7500	2e+11 0.512788
565	0.00565936	31.7622	0.00615073	7500	2e+11 0.513405
566	0.00566942	26.0919	0.00505267	7500	2e+11 0.513953
567	0.00567947	20.7403	0.00401634	7500	2e+11 0.514406
568	0.00568951	15.9834	0.00309518	7500	2e+11 0.514931
569	0.00569953	11.9745	0.00231885	7500	2e+11 0.515338
570	0.00570955	8.74007	0.00169251	7500	2e+11 0.515673
571	0.00571957	6.22668	0.00120579	7500	2e+11 0.515745
572	0.00572958	4.32924	0.000838354	7500	2e+11 0.515961
573	0.00573959	2.93578	0.000568511	7500	2e+11 0.51625
574	0.00574959	1.95018	0.000377651	7500	2e+11 0.51625
575	0.0057596	1.26919	0.000245778	7500	2e+11 0.516298
576	0.0057696	0.809298	0.00015672	7500	2e+11 0.516442
577	0.0057796	0.506315	9.80475e-05	7500	2e+11 0.516442
578	0.0057896	0.310905	6.02066e-05	7500	2e+11 0.516346
579	0.0057996	0.187571	3.63229e-05	7500	2e+11 0.51649
580	0.0058096	0.111068	2.15082e-05	7500	2e+11 0.51649
581	0.0058196	0.0643607	1.24634e-05	7500	2e+11 0.516394
582	0.0058296	0.0367313	7.11299e-06	7500	2e+11 0.516418
583	0.0058396	0.0205049	3.97076e-06	7500	2e+11 0.516418
584	0.0058496	0.0112652	2.1815e-06	7500	2e+11 0.516394
585	0.0058596	0.00607923	1.17724e-06	7500	2e+11 0.51637
586	0.0058696	0.00322653	6.24814e-07	7500	2e+11 0.516442
587	0.0058796	0.00168142	3.25606e-07	7500	2e+11 0.516538
588	0.0058896	0.000859103	1.66365e-07	7500	2e+11 0.516538
589	0.0058996	0.00043246	8.37455e-08	7500	2e+11 0.51649
590	0.0059096	0.000214308	4.15006e-08	7500	2e+11 0.51649
591	0.0059196	0.000103652	2.00722e-08	7500	2e+11 0.516418
592	0.0059296	4.93737e-05	9.56118e-09	7500	2e+11 0.516418
593	0.0059396	2.31437e-05	4.48175e-09	7500	2e+11 0.516466
594	0.0059496	1.07474e-05	2.08123e-09	7500	2e+11 0.51649
595	0.0059596	4.86919e-06	9.42915e-10	7500	2e+11 0.51649
596	0.0059696	2.15777e-06	4.1785e-10	7500	2e+11 0.516394
597	0.0059796	9.39868e-07	1.82005e-10	7500	2e+11 0.51649
598	0.0059896	4.03596e-07	7.8156e-11	7500	2e+11 0.51649
599	0.0059996	1.72372e-07	3.33798e-11	7500	2e+11 0.516394
600	0.0060096	7.17116e-08	1.38869e-11	7500	2e+11 0.51649
601	0.00601959	2.92932e-08	5.67261e-12	7500	2e+11 0.51649
602	0.00602959	1.18266e-08	2.29022e-12	7500	2e+11 0.51649
603	0.00603959	4.74317e-09	9.18511e-13	7500	2e+11 0.51649
604	0.00604959	1.85342e-09	3.58912e-13	7500	2e+11 0.516442
605	0.00605959	7.16638e-10	1.38776e-13	7500	2e+11 0.516466
606	0.00606959	2.74071e-10	5.30736e-14	7500	2e+11 0.516466
607	0.00607959	1.02664e-10	1.98809e-14	7500	2e+11 0.51649
608	0.00608959	3.73959e-11	7.24168e-15	7500	2e+11 0.51649
609	0.00609959	1.34115e-11	2.59712e-15	7500	2e+11 0.51649
610	0.00610959	4.70346e-12	9.10821e-16	7500	2e+11 0.51649
611	0.00611959	1.61346e-12	3.12445e-16	7500	2e+11 0.516418
612	0.00612959	5.43882e-13	1.05322e-16	7500	2e+11 0.516418
613	0.00613959	1.7928e-13	3.47174e-17	7500	2e+11 0.51649
614	0.00614959	5.93511e-14	1.14933e-17	7500	2e+11 0.51649
615	0.00615959	1.90985e-14	3.69841e-18	7500	2e+11 0.516466
616	0.00616959	6.03669e-15	1.169e-18	7500	2e+11 0.516466
617	0.00617959	1.85762e-15	3.59727e-19	7500	2e+11 0.516418
618	0.00618958	5.6105e-16	1.08647e-19	7500	2e+11 0.516538
619	0.00619958	1.6794e-16	3.25215e-20	7500	2e+11 0.516538
620	0.00620958	4.88058e-17	9.4512e-21	7500	2e+11 0.516442
621	0.00621958	1.43025e-17	2.76967e-21	7500	2e+11 0.516442
622	0.00622958	4.11438e-18	7.96746e-22	7500	2e+11 0.516514
623	0.00623958	1.14296e-18	2.21332e-22	7500	2e+11 0.516514
624	0.00624958	3.14751e-19	6.09513e-23	7500	2e+11 0.516442
625	0.00625958	8.57944e-20	1.6614e-23	7500	2e+11 0.516442
626	0.00626958	2.31161e-20	4.47642e-24	7500	2e+11 0.51649
627	0.00627958	5.96361e-21	1.15485e-24	7500	2e+11 0.51649
628	0.00628958	1.4793e-21	2.86465e-25	7500	2e+11 0.516418
629	0.00629958	3.68378e-22	7.1336e-26	7500	2e+11 0.516466
630	0.00630957	9.03095e-23	1.74884e-26	7500	2e+11 0.516514
631	0.00631957	2.17638e-23	4.21455e-27	7500	2e+11 0.516514
632	0.00632957	5.08913e-24	9.85506e-28	7500	2e+11 0.51661
633	0.00633957	1.2055e-24	2.33444e-28	7500	2e+11 0.51661
634	0.00634957	2.76986e-25	5.3638e-29	7500	2e+11 0.516514
635	0.00635957	6.25505e-26	1.21129e-29	7500	2e+11 0.516514
636	0.00636957	1.42481e-26	2.75913e-30	7500	2e+11 0.516514
637	0.00637956	3.12775e-27	6.05686e-31	7500	2e+11 0.516538
638	0.00638956	6.67068e-28	1.29177e-31	7500	2e+11 0.516538
639	0.00639956	1.42676e-28	2.76291e-32	7500	2e+11 0.516586
640	0.00640956	2.9283e-29	5.67062e-33	7500	2e+11 0.516586
641	0.00641956	5.76433e-30	1.11626e-33	7500	2e+11 0.516562
642	0.00642955	1.18254e-30	2.28997e-34	7500	2e+11 0.516731
643	0.00643955	2.37457e-31	4.59834e-35	7500	2e+11 0.516731
644	0.00644955	4.6443e-32	8.99365e-36	7500	2e+11 0.516707
645	0.00645954	8.98956e-33	1.74082e-36	7500	2e+11 0.516707
646	0.00646954	1.69033e-33	3.27331e-37	7500	2e+11 0.516731
647	0.00647953	3.06293e-34	5.93134e-38	7500	2e+11 0.516731
648	0.00648952	5.51563e-35	1.0681e-38	7500	2e+11 0.516851
649	0.00649952	1.00959e-35	1.95507e-39	7500	2e+11 0.517164
650	0.0065095	1.85955e-36	3.601e-40	7500	2e+11 0.517164
651	0.00651956	3.21616e-37	6.22807e-41	7500	2e+11 0.51702
652	0.00652955	5.49812e-38	1.06471e-41	7500	2e+11 0.51702
653	0.00653954	9.53017e-39	1.84551e-42	7500	2e+11 0.516779
654	0.00654954	1.67882e-39	3.25101e-43	7500	2e+11 0.516658
655	0.00655953	2.67742e-40	5.1848e-44	7500	2e+11 0.516634
656	0.00656953	3.61815e-41	7.00649e-45	7500	2e+11 0.516634
657	0.00657953	0	0	7500	2e+11 0.516538
658	0.00658952	0	0	7500	2e+11 0.516658
659	0.00659952	0	0	7500	2e+11 0.516658
660	0.00660952	0	0	7500	2e+11 0.516538
661	0.00661952	0	0	7500	2e+11 0.516538
662	0.00662951	0	0	7500	2e+11 0.516514
663	0.00663951	0	0	7500	2e+11 0.516514
664	0.00664951	0	0	7500	2e+11 0.51637
665	0.00665951	0	0	7500	2e+11 0.51637
666	0.00666951	0	0	7500	2e+11 0.516394
667	0.00667951	0	0	7500	2e+11 0.516562
668	0.00668951	0	0	7500	2e+11 0.516562
669	0.00669951	0	0	7500	2e+11 0.516418
670	0.00670951	0	0	7500	2e+11 0.51649
671	0.00671951	0	0	7500	2e+11 0.51649
672	0.00672951	0	0	7500	2e+11 0.51637
673	0.00673951	0	0	7500	2e+11 0.516538
674	0.00674951	0	0	7500	2e+11 0.516538
675	0.00675951	0	0	7500	2e+11 0.51637
676	0.00676951	0	0	7500	2e+11 0.51637
677	0.00677951	0	0	7500	2e+11 0.516442
678	0.00678951	0	0	7500	2e+11 0.516442
679	0.00679951	0	0	7500	2e+11 0.516442
680	0.00680951	0	0	7500	2e+11 0.516442
681	0.00681951	0	0	7500	2e+11 0.516394
682	0.00682951	0	0	7500	2e+11 0.516394
683	0.00683951	0	0	7500	2e+11 0.51637
684	0.00684952	0	0	7500	2e+11 0.516346
685	0.00685952	0	0	7500	2e+11 0.516346
686	0.00686952	0	0	7500	2e+11 0.51637
687	0.00687952	0	0	7500	2e+11 0.516442
688	0.00688952	0	0	7500	2e+11 0.516442
689	0.00689952	0	0	7500	2e+11 0.516418
690	0.00690952	0	0	7500	2e+11 0.516418
691	0.00691952	0	0	7500	2e+11 0.516442
692	0.00692952	0	0	7500	2e+11 0.516442
693	0.00693952	0	0	7500	2e+11 0.516466
694	0.00694952	0	0	7500	2e+11 0.516466
695	0.00695952	0	0	7500	2e+11 0.516466
696	0.00696952	0	0	7500	2e+11 0.516394
697	0.00697952	0	0	7500	2e+11 0.516418
698	0.00698952	0	0	7500	2e+11 0.516418
699	0.00699952	0	0	7500	2e+11 0.51649
700	0.00700952	0	0	7500	2e+11 0.51649
701	0.00701952	0	0	7500	2e+11 0.51637
702	0.00702952	0	0	7500	2e+11 0.51637
703	0.00703952	0	0	7500	2e+11 0.516466
704	0.00704952	0	0	7500	2e+11 0.516466
705	0.00705952	0	0	7500	2e+11 0.516442
706	0.00706952	0	0	7500	2e+11 0.516442
707	0.00707952	0	0	7500	2e+11 0.516442
708	0.00708952	0	0	7500	2e+11 0.516418
709	0.00709952	0	0	7500	2e+11 0.516538
710	0.00710952	0	0	7500	2e+11 0.516538
711	0.00711952	0	0	7500	2e+11 0.516442
712	0.00712952	0	0	7500	2e+11 0.516442
713	0.00713952	0	0	7500	2e+11 0.516442
714	0.00714952	0	0	7500	2e+11 0.516442
715	0.00715952	0	0	7500	2e+11 0.516394
716	0.00716952	0	0	7500	2e+11 0.516562
717	0.00717951	0	0	7500	2e+11 0.516562
718	0.00718951	0	0	7500	2e+11 0.516418
719	0.00719952	0	0	7500	2e+11 0.51649
720	0.00720951	0	0	7500	2e+11 0.51649
721	0.00721952	0	0	7500	2e+11 0.51649
722	0.00722951	0	0	7500	2e+11 0.51649
723	0.00723951	0	0	7500	2e+11 0.516442
724	0.00724951	0	0	7500	2e+11 0.516442
725	0.00725951	0	0	7500	2e+11 0.516442
726	0.00726951	0	0	7500	2e+11 0.516442
727	0.00727951	0	0	7500	2e+11 0.516442
728	0.00728951	0	0	7500	2e+11 0.516442
729	0.00729951	0	0	7500	2e+11 0.516418
730	0.00730951	0	0	7500	2e+11 0.516418
731	0.00731951	0	0	7500	2e+11 0.516514
732	0.00732951	0	0	7500	2e+11 0.516514
733	0.00733951	0	0	7500	2e+11 0.516322
734	0.00734952	0	0	7500	2e+11 0.51637
735	0.00735952	0	0	7500	2e+11 0.516418
736	0.00736952	0	0	7500	2e+11 0.51649
737	0.00737951	0	0	7500	2e+11 0.51649
738	0.00738952	0	0	7500	2e+11 0.516322
739	0.00739952	0	0	7500	2e+11 0.51637
740	0.00740952	0	0	7500	2e+11 0.51637
741	0.00741952	0	0	7500	2e+11 0.516346
742	0.00742952	0	0	7500	2e+11 0.516346
743	0.00743952	0	0	7500	2e+11 0.516274
744	0.00744953	0	0	7500	2e+11 0.516274
745	0.00745953	1.44726e-41	-2.8026e-45	7500	2e+11 0.516226
746	0.00746953	1.7367e-40	-3.36312e-44	7500	2e+11 0.516226
747	0.00747954	1.25188e-39	-2.42425e-43	7500	2e+11 0.516105
748	0.00748955	8.46644e-39	-1.63952e-42	7500	2e+11 0.516129
749	0.00749955	5.58134e-38	-1.08082e-41	7500	2e+11 0.516129
750	0.00750956	3.62595e-37	-7.02163e-41	7500	2e+11 0.519466
751	0.0075195	2.26638e-36	-4.38882e-40	7500	2e+11 0.519466
752	0.00752952	1.4835e-35	-2.87279e-39	7500	2e+11 0.515841
753	0.00753953	9.40069e-35	-1.82044e-38	7500	2e+11 0.516274
754	0.00754953	5.74953e-34	-1.11339e-37	7500	2e+11 0.516274
755	0.00755954	3.26982e-33	-6.33199e-37	7500	2e+11 0.516033
756	0.00756954	1.84738e-32	-3.57743e-36	7500	2e+11 0.516346
757	0.00757955	1.07534e-31	-2.08239e-35	7500	2e+11 0.516346
758	0.00758955	5.97025e-31	-1.15613e-34	7500	2e+11 0.516177
759	0.00759955	3.21277e-30	-6.22151e-34	7500	2e+11 0.516177
760	0.00760956	1.63228e-29	-3.16089e-33	7500	2e+11 0.516298
761	0.00761956	8.47421e-29	-1.64102e-32	7500	2e+11 0.516298
762	0.00762957	4.36626e-28	-8.45524e-32	7500	2e+11 0.516442
763	0.00763956	2.09431e-27	-4.05561e-31	7500	2e+11 0.516442
764	0.00764957	9.89008e-27	-1.91521e-30	7500	2e+11 0.516538
765	0.00765957	4.62496e-26	-8.95619e-30	7500	2e+11 0.516538
766	0.00766957	2.14749e-25	-4.15859e-29	7500	2e+11 0.516346
767	0.00767957	9.96857e-25	-1.93041e-28	7500	2e+11 0.516346
768	0.00768957	4.38384e-24	-8.48927e-28	7500	2e+11 0.516346
769	0.00769957	1.87606e-23	-3.63298e-27	7500	2e+11 0.516346
770	0.00770958	8.04067e-23	-1.55707e-26	7500	2e+11 0.516442
771	0.00771958	3.26968e-22	-6.3317e-26	7500	2e+11 0.516442
772	0.00772958	1.30453e-21	-2.5262e-25	7500	2e+11 0.516346
773	0.00773958	5.17977e-21	-1.00306e-24	7500	2e+11 0.516346
774	0.00774958	1.99864e-20	-3.87034e-24	7500	2e+11 0.516394
775	0.00775958	7.68646e-20	-1.48848e-23	7500	2e+11 0.516394
776	0.00776958	2.87323e-19	-5.56399e-23	7500	2e+11 0.51637
777	0.00777958	1.06792e-18	-2.06801e-22	7500	2e+11 0.51637
778	0.00778959	3.85105e-18	-7.45753e-22	7500	2e+11 0.51649
779	0.00779958	1.37695e-17	-2.66644e-21	7500	2e+11 0.51649
780	0.00780959	4.78091e-17	-9.25818e-21	7500	2e+11 0.516201
781	0.00781965	1.66365e-16	-3.22165e-20	7500	2e+11 0.51541
782	0.00782966	5.65952e-16	-1.09596e-19	7500	2e+11 0.51637
783	0.00783966	1.93506e-15	-3.74723e-19	7500	2e+11 0.51637
784	0.00784967	6.32071e-15	-1.224e-18	7500	2e+11 0.516466
785	0.00785966	1.95494e-14	-3.78573e-18	7500	2e+11 0.516466
786	0.00786967	5.9863e-14	-1.15924e-17	7500	2e+11 0.516514
787	0.00787966	1.83339e-13	-3.55034e-17	7500	2e+11 0.516514
788	0.00788967	5.51815e-13	-1.06859e-16	7500	2e+11 0.516466
789	0.00789967	1.66038e-12	-3.21532e-16	7500	2e+11 0.516466
790	0.00790967	4.79123e-12	-9.27819e-16	7500	2e+11 0.51661
791	0.00791967	1.34272e-11	-2.60016e-15	7500	2e+11 0.51661
792	0.00792967	3.78011e-11	-7.32015e-15	7500	2e+11 0.516466
793	0.00793967	1.01058e-10	-1.95698e-14	7500	2e+11 0.516466
794	0.00794967	2.66935e-10	-5.16918e-14	7500	2e+11 0.51661
795	0.00795967	7.05132e-10	-1.36548e-13	7500	2e+11 0.51661
796	0.00796967	1.81389e-09	-3.51258e-13	7500	2e+11 0.516322
797	0.00797968	4.65455e-09	-9.01349e-13	7500	2e+11 0.516514
798	0.00798967	1.17509e-08	-2.27556e-12	7500	2e+11 0.516514
799	0.00799967	2.91393e-08	-5.64281e-12	7500	2e+11 0.516514
800	0.00800967	7.05081e-08	-1.36538e-11	7500	2e+11 0.516466
801	0.00801967	1.68677e-07	-3.26642e-11	7500	2e+11 0.516514
802	0.00802967	3.92694e-07	-7.60448e-11	7500	2e+11 0.516514
803	0.00803967	9.02841e-07	-1.74834e-10	7500	2e+11 0.516274
804	0.00804968	2.05072e-06	-3.9712e-10	7500	2e+11 0.516418
805	0.00805968	4.60102e-06	-8.90984e-10	7500	2e+11 0.516466
806	0.00806968	1.00611e-05	-1.94832e-09	7500	2e+11 0.516658
807	0.00807967	2.17523e-05	-4.21232e-09	7500	2e+11 0.516658
808	0.00808967	4.62125e-05	-8.94902e-09	7500	2e+11 0.51637
809	0.00809967	9.56396e-05	-1.85205e-08	7500	2e+11 0.51637
810	0.00810968	0.000196481	-3.80484e-08	7500	2e+11 0.516466
811	0.00811968	0.000393206	-7.6144e-08	7500	2e+11 0.516466
812	0.00812968	0.000782742	-1.51577e-07	7500	2e+11 0.51637
813	0.00813968	0.00152963	-2.96212e-07	7500	2e+11 0.516322
814	0.00814968	0.00292763	-5.66933e-07	7500	2e+11 0.51637
815	0.00815968	0.00551288	-1.06756e-06	7500	2e+11 0.51637
816	0.00816968	0.0101511	-1.96576e-06	7500	2e+11 0.516658
817	0.00817968	0.0184235	-3.56769e-06	7500	2e+11 0.516658
818	0.00818968	0.0326521	-6.32304e-06	7500	2e+11 0.516322
819	0.00819968	0.0563979	-1.09214e-05	7500	2e+11 0.51637
820	0.00820968	0.0963362	-1.86554e-05	7500	2e+11 0.51637
821	0.00821968	0.160813	-3.11413e-05	7500	2e+11 0.51661
822	0.00822968	0.26201	-5.0738e-05	7500	2e+11 0.51661
823	0.00823968	0.419054	-8.11494e-05	7500	2e+11 0.51661
824	0.00824968	0.652852	-0.000126424	7500	2e+11 0.51661
825	0.00825968	0.994662	-0.000192615	7500	2e+11 0.516466
826	0.00826968	1.49374	-0.000289262	7500	2e+11 0.516755
827	0.00827967	2.20641	-0.000427269	7500	2e+11 0.516803
828	0.00828966	3.20169	-0.000620004	7500	2e+11 0.516803
829	0.00829966	4.53689	-0.000878565	7500	2e+11 0.517092
830	0.00830965	6.28583	-0.00121725	7500	2e+11 0.517092
831	0.00831963	8.52057	-0.00165	7500	2e+11 0.517478
832	0.00832961	11.2596	-0.00218041	7500	2e+11 0.517768
833	0.00833959	14.5116	-0.00281016	7500	2e+11 0.51801
834	0.00834956	18.2731	-0.00353856	7500	2e+11 0.51864
835	0.00835951	22.5076	-0.00435858	7500	2e+11 0.519223
836	0.00836946	27.082	-0.00524441	7500	2e+11 0.51932
837	0.0083794	31.8147	-0.00616089	7500	2e+11 0.520002
838	0.00838933	36.4694	-0.00706226	7500	2e+11 0.520148
839	0.00839926	40.789	-0.00789875	7500	2e+11 0.52093
840	0.00840917	44.4745	-0.00861246	7500	2e+11 0.521028
841	0.00841908	47.3049	-0.00916056	7500	2e+11 0.521273
842	0.00842899	49.0417	-0.00949689	7500	2e+11 0.521371
843	0.0084389	49.6516	-0.00961499	7500	2e+11 0.521371
844	0.0084488	49.8571	-0.00965478	7500	2e+11 0.521469
845	0.0084587	49.951	-0.00967298	7500	2e+11 0.521518
846	0.0084686	49.9821	-0.009679	7500	2e+11 0.521518
847	0.00847851	49.993	-0.00968111	7500	2e+11 0.521371
848	0.00848841	49.9957	-0.00968163	7500	2e+11 0.521371
849	0.00849832	49.9968	-0.00968183	7500	2e+11 0.52142
850	0.00850822	49.9971	-0.0096819	7500	2e+11 0.52142
851	0.00851813	49.9973	-0.00968193	7500	2e+11 0.521469
852	0.00852803	49.9973	-0.00968194	7500	2e+11 0.521469
853	0.00853793	49.9973	-0.00968195	7500	2e+11 0.521567
854	0.00854784	49.9974	-0.00968195	7500	2e+11 0.521567
855	0.00855774	49.9974	-0.00968195	7500	2e+11 0.521371
856	0.00856765	49.9974	-0.00968195	7500	2e+11 0.52142
857	0.00857755	49.9974	-0.00968195	7500	2e+11 0.52142
858	0.00858745	49.9974	-0.00968195	7500	2e+11 0.521469
859	0.00859736	49.9974	-0.00968195	7500	2e+11 0.521567
860	0.00860726	49.9974	-0.00968195	7500	2e+11 0.521567
861	0.00861716	49.9974	-0.00968195	7500	2e+11 0.521469
862	0.00862707	49.9974	-0.00968195	7500	2e+11 0.521469
863	0.00863697	49.9974	-0.00968195	7500	2e+11 0.52142
864	0.00864687	49.9974	-0.00968195	7500	2e+11 0.52142
865	0.00865678	49.9974	-0.00968195	7500	2e+11 0.52142
866	0.00866668	49.9974	-0.00968195	7500	2e+11 0.521469
867	0.00867658	49.9974	-0.00968196	7500	2e+11 0.521469
868	0.00868649	49.9974	-0.00968196	7500	2e+11 0.521371
869	0.00869639	49.9974	-0.00968196	7500	2e+11 0.521469
870	0.0087063	49.9974	-0.00968196	7500	2e+11 0.521469
871	0.0087162	49.9974	-0.00968196	7500	2e+11 0.521518
872	0.0087261	49.9974	-0.00968196	7500	2e+11 0.521518
873	0.00873601	49.9974	-0.00968196	7500	2e+11 0.521616
874	0.00874591	49.9974	-0.00968196	7500	2e+11 0.521616
875	0.00875581	49.9974	-0.00968196	7500	2e+11 0.521322
876	0.00876572	49.9974	-0.00968196	7500	2e+11 0.521469
877	0.00877562	49.9974	-0.00968196	7500	2e+11 0.521518
878	0.00878552	49.9974	-0.00968196	7500	2e+11 0.521518
879	0.00879543	49.9974	-0.00968196	7500	2e+11 0.521469
880	0.00880533	49.9974	-0.00968196	7500	2e+11 0.521469
881	0.00881523	49.9974	-0.00968196	7500	2e+11 0.521371
882	0.00882514	49.9974	-0.00968196	7500	2e+11 0.521567
883	0.00883504	49.9974	-0.00968196	7500	2e+11 0.521567
884	0.00884494	49.9974	-0.00968196	7500	2e+11 0.521469
885	0.00885485	49.9974	-0.00968196	7500	2e+11 0.521469
886	0.00886475	49.9974	-0.00968196	7500	2e+11 0.52142
887	0.00887466	49.9974	-0.00968196	7500	2e+11 0.52142
888	0.00888456	49.9974	-0.00968196	7500	2e+11 0.52142
889	0.00889446	49.9974	-0.00968196	7500	2e+11 0.521469
890	0.00890437	49.9974	-0.00968196	7500	2e+11 0.521518
891	0.00891427	49.9974	-0.00968196	7500	2e+11 0.521518
892	0.00892417	49.9974	-0.00968196	7500	2e+11 0.521469
893	0.00893408	49.9974	-0.00968196	7500	2e+11 0.521469
894	0.00894398	49.9974	-0.00968196	7500	2e+11 0.521469
895	0.00895388	49.9974	-0.00968196	7500	2e+11 0.52142
896	0.00896379	49.9974	-0.00968196	7500	2e+11 0.52142
897	0.00897369	49.9974	-0.00968196	7500	2e+11 0.521469
898	0.0089836	49.9974	-0.00968196	7500	2e+11 0.521469
899	0.0089935	49.9974	-0.00968196	7500	2e+11 0.521469
900	0.0090034	49.9974	-0.00968196	7500	2e+11 0.521469
901	0.00901331	49.9974	-0.00968196	7500	2e+11 0.521518
902	0.00902321	49.9974	-0.00968196	7500	2e+11 0.521518
903	0.00903311	49.9974	-0.00968196	7500	2e+11 0.521469
904	0.00904301	49.9974	-0.00968196	7500	2e+11 0.521469
905	0.00905292	49.9974	-0.00968196	7500	2e+11 0.521469
906	0.00906282	49.9974	-0.00968196	7500	2e+11 0.521371
907	0.00907273	49.9974	-0.00968196	7500	2e+11 0.521469
908	0.00908263	49.9974	-0.00968196	7500	2e+11 0.521469
909	0.00909253	49.9974	-0.00968196	7500	2e+11 0.521469
910	0.00910244	49.9974	-0.00968196	7500	2e+11 0.521518
911	0.00911234	49.9974	-0.00968196	7500	2e+11 0.521518
912	0.00912224	49.9973	-0.00968194	7500	2e+11 0.52142
913	0.00913215	49.9972	-0.00968191	7500	2e+11 0.52142
914	0.00914205	49.9968	-0.00968184	7500	2e+11 0.52142
915	0.00915195	49.9961	-0.00968171	7500	2e+11 0.521469
916	0.00916186	49.9949	-0.00968147	7500	2e+11 0.521469
917	0.00917176	49.9925	-0.009681	7500	2e+11 0.521322
918	0.00918167	49.9882	-0.00968016	7500	2e+11 0.521567
919	0.00919157	49.9805	-0.00967869	7500	2e+11 0.521567
920	0.00920147	49.9673	-0.00967613	7500	2e+11 0.521469
921	0.00921138	49.9443	-0.00967167	7500	2e+11 0.52142
922	0.00922128	49.9049	-0.00966404	7500	2e+11 0.521567
923	0.00923118	49.8391	-0.00965129	7500	2e+11 0.521567
924	0.00924109	49.7327	-0.0096307	7500	2e+11 0.521371
925	0.00925099	49.5597	-0.0095972	7500	2e+11 0.521371
926	0.0092609	49.2882	-0.00954463	7500	2e+11 0.521371
927	0.0092708	48.8785	-0.00946529	7500	2e+11 0.521322
928	0.00928071	48.2629	-0.00934607	7500	2e+11 0.521175
929	0.00929062	47.3782	-0.00917474	7500	2e+11 0.521175
930	0.00930053	46.1335	-0.00893372	7500	2e+11 0.521028
931	0.00931044	44.4115	-0.00860025	7500	2e+11 0.52093
932	0.00932036	42.0803	-0.00814881	7500	2e+11 0.520588
933	0.00933029	39.0275	-0.00755765	7500	2e+11 0.520343
934	0.00934022	35.2223	-0.00682077	7500	2e+11 0.520099
935	0.00935016	30.6503	-0.00593541	7500	2e+11 0.519515
936	0.00936011	25.4242	-0.00492337	7500	2e+11 0.519028
937	0.00937007	19.7884	-0.003832	7500	2e+11 0.518446
938	0.00938004	14.1338	-0.002737	7500	2e+11 0.517913
939	0.00939002	8.9046	-0.00172437	7500	2e+11 0.51743
940	0.00940001	4.61566	-0.000893819	7500	2e+11 0.516947
941	0.00941	1.77416	-0.000343564	7500	2e+11 0.516658
942	0.00942	0.664128	-0.000128608	7500	2e+11 0.516466
943	0.00943	0.208699	-4.04144e-05	7500	2e+11 0.516418
944	0.00944	0.0718979	-1.3923e-05	7500	2e+11 0.516418
945	0.00945	0.0239587	-4.63958e-06	7500	2e+11 0.516418
946	0.00946	0.00856636	-1.65887e-06	7500	2e+11 0.516418
947	0.00947	0.00281439	-5.45005e-07	7500	2e+11 0.516418
948	0.00948	0.00131655	-2.54948e-07	7500	2e+11 0.516418
949	0.00949	0.000417069	-8.0765e-08	7500	2e+11 0.516418
950	0.0095	0.000136227	-2.63802e-08	7500	2e+11 0.516418
951	0.00951	4.70508e-05	-9.11134e-09	7500	2e+11 0.516418
952	0.00952	1.53134e-05	-2.96542e-09	7500	2e+11 0.516418
953	0.00953	4.78164e-06	-9.25961e-10	7500	2e+11 0.516418
954	0.00954	1.99327e-06	-3.85996e-10	7500	2e+11 0.516418
955	0.00955	6.34694e-07	-1.22908e-10	7500	2e+11 0.516418
956	0.00956	2.33834e-07	-4.52818e-11	7500	2e+11 0.516418
957	0.00957	9.8401e-08	-1.90553e-11	7500	2e+11 0.516418
958	0.00958	4.51712e-08	-8.74738e-12	7500	2e+11 0.516418
959	0.00959	1.84913e-08	-3.58083e-12	7500	2e+11 0.516418
960	0.0096	6.01081e-09	-1.16399e-12	7500	2e+11 0.516418
961	0.00961	2.35643e-09	-4.56321e-13	7500	2e+11 0.516418
962	0.00962	8.55353e-10	-1.65638e-13	7500	2e+11 0.516418
963	0.00963	3.20956e-10	-6.21529e-14	7500	2e+11 0.516418
964	0.00964	1.0312e-10	-1.99691e-14	7500	2e+11 0.516418
965	0.00965	4.57363e-11	-8.8568e-15	7500	2e+11 0.516418
966	0.00966	1.69319e-11	-3.27884e-15	7500	2e+11 0.516418
967	0.00967	5.88742e-12	-1.14009e-15	7500	2e+11 0.516418
968	0.00968	2.40899e-12	-4.66498e-16	7500	2e+11 0.516418
969	0.00969	7.16076e-13	-1.38668e-16	7500	2e+11 0.516418
970	0.0097	2.87722e-13	-5.57172e-17	7500	2e+11 0.516418
971	0.00971	1.20522e-13	-2.33389e-17	7500	2e+11 0.516418
972	0.00972	4.04371e-14	-7.83061e-18	7500	2e+11 0.516418
973	0.00973	1.34683e-14	-2.60813e-18	7500	2e+11 0.516418
974	0.00974	3.50231e-15	-6.7822e-19	7500	2e+11 0.516418
975	0.00975	1.40076e-15	-2.71257e-19	7500	2e+11 0.516418
976	0.00976	4.77223e-16	-9.24139e-20	7500	2e+11 0.516418
977	0.00977	1.27008e-16	-2.45949e-20	7500	2e+11 0.516418
978	0.00978	5.08623e-17	-9.84945e-21	7500	2e+11 0.516418
979	0.00979	1.72966e-17	-3.34948e-21	7500	2e+11 0.516418
980	0.0098	5.27838e-18	-1.02215e-21	7500	2e+11 0.516418
981	0.00981	2.15039e-18	-4.16422e-22	7500	2e+11 0.516418
982	0.00982	6.55829e-19	-1.27001e-22	7500	2e+11 0.516418
983	0.00983	1.92112e-19	-3.72023e-23	7500	2e+11 0.516418
984	0.00984	8.81022e-20	-1.70609e-23	7500	2e+11 0.516418
985	0.00985	2.76419e-20	-5.35283e-24	7500	2e+11 0.516418
986	0.00986	9.17681e-21	-1.77708e-24	7500	2e+11 0.516418
987	0.00987	3.24791e-21	-6.28955e-25	7500	2e+11 0.516418
988	0.00988	1.18106e-21	-2.28712e-25	7500	2e+11 0.516418
989	0.00989	4.48101e-22	-8.67744e-26	7500	2e+11 0.516418
990	0.0099	1.64603e-22	-3.18753e-26	7500	2e+11 0.516418
991	0.00991	7.01573e-23	-1.35859e-26	7500	2e+11 0.516418
992	0.00992	2.10141e-23	-4.06936e-27	7500	2e+11 0.516418
993	0.00993	8.00544e-24	-1.55025e-27	7500	2e+11 0.516418
994	0.00994	2.63648e-24	-5.10556e-28	7500	2e+11 0.516418
995	0.00995	7.50377e-25	-1.45318e-28	7500	2e+11 0.516418
996	0.00996	3.38639e-25	-6.56004e-29	7500	2e+11 0.516418
997	0.00997	9.95809e-26	-1.93674e-29	7500	2e+11 0.516418
998	0.00998	3.73039e-26	-7.44348e-30	7500	2e+11 0.516418
999	0.00999	1.20945e-26	-3.01383e-30	7500	2e+11 0.516418
1000	0.01	0	-2.00277e-30	7500	2e+11 0.516418
