0	0	0	0	7500	2e+11 0.516398
1	1e-05	0	0	7500	2e+11 0.516398
2	2e-05	0	0	7500	2e+11 0.516398
3	3e-05	0	0	7500	2e+11 0.516398
4	4e-05	0	0	7500	2e+11 0.516398
5	5e-05	0	0	7500	2e+11 0.516398
6	6e-05	0	0	7500	2e+11 0.516398
7	7e-05	0	0	7500	2e+11 0.516398
8	8e-05	0	0	7500	2e+11 0.516398
9	9e-05	0	0	7500	2e+11 0.516398
10	0.0001	0	0	7500	2e+11 0.516398
11	0.00011	0	0	7500	2e+11 0.516398
12	0.00012	0	0	7500	2e+11 0.516398
13	0.00013	0	0	7500	2e+11 0.516398
14	0.00014	0	0	7500	2e+11 0.516398
15	0.00015	0	0	7500	2e+11 0.516398
16	0.00016	0	0	7500	2e+11 0.516398
17	0.00017	0	0	7500	2e+11 0.516398
18	0.00018	0	0	7500	2e+11 0.516398
19	0.00019	0	0	7500	2e+11 0.516398
20	0.0002	0	0	7500	2e+11 0.516398
21	0.00021	0	0	7500	2e+11 0.516398
22	0.00022	0	0	7500	2e+11 0.516398
23	0.00023	0	0	7500	2e+11 0.516398
24	0.00024	0	0	7500	2e+11 0.516398
25	0.00025	0	0	7500	2e+11 0.516398
26	0.00026	0	0	7500	2e+11 0.516398
27	0.00027	0	0	7500	2e+11 0.516398
28	0.00028	0	0	7500	2e+11 0.516398
29	0.00029	0	0	7500	2e+11 0.516398
30	0.0003	0	0	7500	2e+11 0.516398
31	0.00031	0	0	7500	2e+11 0.516398
32	0.00032	0	0	7500	2e+11 0.516398
33	0.00033	0	0	7500	2e+11 0.516398
34	0.00034	0	0	7500	2e+11 0.516398
35	0.00035	0	0	7500	2e+11 0.516398
36	0.00036	0	0	7500	2e+11 0.516398
37	0.00037	0	0	7500	2e+11 0.516398
38	0.00038	0	0	7500	2e+11 0.516398
39	0.00039	0	0	7500	2e+11 0.516398
40	0.0004	0	0	7500	2e+11 0.516398
41	0.00041	0	0	7500	2e+11 0.516398
42	0.00042	0	0	7500	2e+11 0.516398
43	0.00043	0	0	7500	2e+11 0.516398
44	0.00044	0	0	7500	2e+11 0.516398
45	0.00045	0	0	7500	2e+11 0.516398
46	0.00046	0	0	7500	2e+11 0.516398
47	0.00047	0	0	7500	2e+11 0.516398
48	0.00048	0	0	7500	2e+11 0.516398
49	0.00049	0	0	7500	2e+11 0.5164
50	0.0005	0	0	7500	2e+11 0.5164
51	0.00051	0	0	7500	2e+11 0.516397
52	0.00052	0	0	7500	2e+11 0.5164
53	0.00053	0	0	7500	2e+11 0.5164
54	0.00054	0	0	7500	2e+11 0.516397
55	0.00055	0	0	7500	2e+11 0.5164
56	0.00056	0	0	7500	2e+11 0.5164
57	0.00057	0	0	7500	2e+11 0.516397
58	0.00058	0	0	7500	2e+11 0.516397
59	0.00059	0	0	7500	2e+11 0.5164
60	0.0006	0	0	7500	2e+11 0.5164
61	0.00061	0	0	7500	2e+11 0.516397
62	0.00062	0	0	7500	2e+11 0.5164
63	0.00063	0	0	7500	2e+11 0.5164
64	0.00064	0	0	7500	2e+11 0.516397
65	0.00065	0	0	7500	2e+11 0.5164
66	0.00066	0	0	7500	2e+11 0.5164
67	0.00067	0	0	7500	2e+11 0.516397
68	0.00068	0	0	7500	2e+11 0.5164
69	0.00069	0	0	7500	2e+11 0.5164
70	0.0007	0	0	7500	2e+11 0.516397
71	0.00071	0	0	7500	2e+11 0.516397
72	0.00072	0	0	7500	2e+11 0.5164
73	0.00073	0	0	7500	2e+11 0.5164
74	0.00074	0	0	7500	2e+11 0.516397
75	0.00075	0	0	7500	2e+11 0.5164
76	0.00076	0	0	7500	2e+11 0.5164
77	0.00077	0	0	7500	2e+11 0.516397
78	0.00078	0	0	7500	2e+11 0.5164
79	0.00079	0	0	7500	2e+11 0.5164
80	0.0008	0	0	7500	2e+11 0.516397
81	0.00081	0	0	7500	2e+11 0.5164
82	0.00082	0	0	7500	2e+11 0.5164
83	0.00083	0	0	7500	2e+11 0.516397
84	0.00084	0	0	7500	2e+11 0.5164
85	0.00085	0	0	7500	2e+11 0.5164
86	0.00086	0	0	7500	2e+11 0.516397
87	0.00087	0	0	7500	2e+11 0.5164
88	0.00088	0	0	7500	2e+11 0.5164
89	0.00089	0	0	7500	2e+11 0.516397
90	0.0009	0	0	7500	2e+11 0.516397
91	0.00091	0	0	7500	2e+11 0.5164
92	0.00092	0	0	7500	2e+11 0.5164
93	0.00093	0	0	7500	2e+11 0.516397
94	0.00094	0	0	7500	2e+11 0.5164
95	0.00095	0	0	7500	2e+11 0.5164
96	0.00096	0	0	7500	2e+11 0.516397
97	0.00097	0	0	7500	2e+11 0.516397
98	0.00098	0	0	7500	2e+11 0.5164
99	0.00099	0	0	7500	2e+11 0.5164
100	0.001	0	0	7500	2e+11 0.5164
101	0.00101	0	0	7500	2e+11 0.5164
102	0.00102	0	0	7500	2e+11 0.5164
103	0.00103	0	0	7500	2e+11 0.5164
104	0.00104	0	0	7500	2e+11 0.5164
105	0.00105	0	0	7500	2e+11 0.5164
106	0.00106	0	0	7500	2e+11 0.5164
107	0.00107	0	0	7500	2e+11 0.5164
108	0.00108	0	0	7500	2e+11 0.5164
109	0.00109	0	0	7500	2e+11 0.5164
110	0.0011	0	0	7500	2e+11 0.5164
111	0.00111	0	0	7500	2e+11 0.5164
112	0.00112	0	0	7500	2e+11 0.5164
113	0.00113	0	0	7500	2e+11 0.5164
114	0.00114	0	0	7500	2e+11 0.5164
115	0.00115	0	0	7500	2e+11 0.5164
116	0.00116	0	0	7500	2e+11 0.5164
117	0.00117	0	0	7500	2e+11 0.5164
118	0.00118	0	0	7500	2e+11 0.5164
119	0.00119	0	0	7500	2e+11 0.5164
120	0.0012	0	0	7500	2e+11 0.5164
121	0.00121	0	0	7500	2e+11 0.5164
122	0.00122	0	0	7500	2e+11 0.5164
123	0.00123	0	0	7500	2e+11 0.5164
124	0.00124	0	0	7500	2e+11 0.5164
125	0.00125	0	0	7500	2e+11 0.5164
126	0.00126	0	0	7500	2e+11 0.5164
127	0.00127	0	0	7500	2e+11 0.5164
128	0.00128	0	0	7500	2e+11 0.5164
129	0.00129	0	0	7500	2e+11 0.5164
130	0.0013	0	0	7500	2e+11 0.5164
131	0.00131	0	0	7500	2e+11 0.5164
132	0.00132	0	0	7500	2e+11 0.5164
133	0.00133	0	0	7500	2e+11 0.5164
134	0.00134	0	0	7500	2e+11 0.5164
135	0.00135	0	0	7500	2e+11 0.5164
136	0.00136	0	0	7500	2e+11 0.5164
137	0.00137	0	0	7500	2e+11 0.5164
138	0.00138	0	0	7500	2e+11 0.5164
139	0.00139	0	0	7500	2e+11 0.5164
140	0.0014	0	0	7500	2e+11 0.5164
141	0.00141	0	0	7500	2e+11 0.5164
142	0.00142	0	0	7500	2e+11 0.5164
143	0.00143	0	0	7500	2e+11 0.5164
144	0.00144	0	0	7500	2e+11 0.5164
145	0.00145	0	0	7500	2e+11 0.5164
146	0.00146	0	0	7500	2e+11 0.5164
147	0.00147	0	0	7500	2e+11 0.5164
148	0.00148	0	0	7500	2e+11 0.5164
149	0.00149	0	0	7500	2e+11 0.5164
150	0.0015	0	0	7500	2e+11 0.5164
151	0.00151	0	0	7500	2e+11 0.5164
152	0.00152	0	0	7500	2e+11 0.5164
153	0.00153	0	0	7500	2e+11 0.5164
154	0.00154	0	0	7500	2e+11 0.5164
155	0.00155	0	0	7500	2e+11 0.5164
156	0.00156	0	0	7500	2e+11 0.5164
157	0.00157	0	0	7500	2e+11 0.5164
158	0.00158	0	0	7500	2e+11 0.5164
159	0.00159	0	0	7500	2e+11 0.5164
160	0.0016	0	0	7500	2e+11 0.5164
161	0.00161	0	0	7500	2e+11 0.5164
162	0.00162	0	0	7500	2e+11 0.5164
163	0.00163	0	0	7500	2e+11 0.5164
164	0.00164	0	0	7500	2e+11 0.5164
165	0.00165	0	0	7500	2e+11 0.5164
166	0.00166	0	0	7500	2e+11 0.5164
167	0.00167	0	0	7500	2e+11 0.5164
168	0.00168	0	0	7500	2e+11 0.5164
169	0.00169	0	0	7500	2e+11 0.5164
170	0.0017	0	0	7500	2e+11 0.5164
171	0.00171	0	0	7500	2e+11 0.5164
172	0.00172	0	0	7500	2e+11 0.5164
173	0.00173	0	0	7500	2e+11 0.5164
174	0.00174	0	0	7500	2e+11 0.5164
175	0.00175	0	0	7500	2e+11 0.5164
176	0.00176	0	0	7500	2e+11 0.5164
177	0.00177	0	0	7500	2e+11 0.5164
178	0.00178	0	0	7500	2e+11 0.5164
179	0.00179	0	0	7500	2e+11 0.5164
180	0.0018	0	0	7500	2e+11 0.5164
181	0.00181	0	0	7500	2e+11 0.5164
182	0.00182	0	0	7500	2e+11 0.5164
183	0.00183	0	0	7500	2e+11 0.5164
184	0.00184	0	0	7500	2e+11 0.5164
185	0.00185	0	0	7500	2e+11 0.5164
186	0.00186	0	0	7500	2e+11 0.5164
187	0.00187	0	0	7500	2e+11 0.5164
188	0.00188	0	0	7500	2e+11 0.5164
189	0.00189	0	0	7500	2e+11 0.5164
190	0.0019	0	0	7500	2e+11 0.5164
191	0.00191	0	0	7500	2e+11 0.5164
192	0.00192	0	0	7500	2e+11 0.5164
193	0.00193	0	0	7500	2e+11 0.5164
194	0.00194	0	0	7500	2e+11 0.5164
195	0.00195	0	0	7500	2e+11 0.5164
196	0.00196	6.26951e-38	1.21408e-41	7500	2e+11 0.516406
197	0.00197	1.62273e-37	3.14241e-41	7500	2e+11 0.516406
198	0.00198	2.85102e-37	5.52098e-41	7500	2e+11 0.516394
199	0.00199	4.13018e-37	7.99805e-41	7500	2e+11 0.516406
200	0.002	5.3162e-37	1.02948e-40	7500	2e+11 0.516406
201	0.00201	6.28695e-37	1.21746e-40	7500	2e+11 0.516394
202	0.00202	6.93908e-37	1.34375e-40	7500	2e+11 0.516406
203	0.00203	7.2362e-37	1.40128e-40	7500	2e+11 0.516406
204	0.00204	7.2362e-37	1.40128e-40	7500	2e+11 0.516394
205	0.00205	3.17211e-36	6.14277e-40	7500	2e+11 0.516406
206	0.00206	1.1578e-35	2.24206e-39	7500	2e+11 0.516406
207	0.00207	3.09754e-35	5.99836e-39	7500	2e+11 0.516394
208	0.00208	8.77683e-35	1.69963e-38	7500	2e+11 0.516406
209	0.00209	2.04061e-34	3.95163e-38	7500	2e+11 0.516406
210	0.0021	5.55169e-34	1.07508e-37	7500	2e+11 0.516394
211	0.00211	1.38619e-33	2.68435e-37	7500	2e+11 0.516406
212	0.00212	4.55954e-33	8.82951e-37	7500	2e+11 0.516406
213	0.00213	1.13298e-32	2.19401e-36	7500	2e+11 0.516394
214	0.00214	3.49859e-32	6.77499e-36	7500	2e+11 0.516406
215	0.00215	1.00466e-31	1.94552e-35	7500	2e+11 0.516406
216	0.00216	2.67568e-31	5.18142e-35	7500	2e+11 0.516394
217	0.00217	7.97747e-31	1.54483e-34	7500	2e+11 0.516406
218	0.00218	2.22499e-30	4.30867e-34	7500	2e+11 0.516406
219	0.00219	5.03922e-30	9.75841e-34	7500	2e+11 0.516394
220	0.0022	1.71884e-29	3.32851e-33	7500	2e+11 0.516406
221	0.00221	5.10439e-29	9.88461e-33	7500	2e+11 0.516406
222	0.00222	1.15316e-28	2.23308e-32	7500	2e+11 0.516394
223	0.00223	3.78341e-28	7.32655e-32	7500	2e+11 0.516406
224	0.00224	8.45841e-28	1.63796e-31	7500	2e+11 0.516406
225	0.00225	2.66849e-27	5.16751e-31	7500	2e+11 0.516394
226	0.00226	6.64763e-27	1.28731e-30	7500	2e+11 0.516394
227	0.00227	2.48791e-26	4.81781e-30	7500	2e+11 0.516406
228	0.00228	6.5147e-26	1.26157e-29	7500	2e+11 0.516406
229	0.00229	1.78177e-25	3.45038e-29	7500	2e+11 0.516394
230	0.0023	5.44437e-25	1.0543e-28	7500	2e+11 0.516406
231	0.00231	1.5531e-24	3.00756e-28	7500	2e+11 0.516406
232	0.00232	4.49242e-24	8.69953e-28	7500	2e+11 0.516394
233	0.00233	1.11182e-23	2.15303e-27	7500	2e+11 0.516406
234	0.00234	3.14967e-23	6.09931e-27	7500	2e+11 0.516406
235	0.00235	8.67107e-23	1.67914e-26	7500	2e+11 0.516394
236	0.00236	2.50253e-22	4.84614e-26	7500	2e+11 0.516406
237	0.00237	6.56171e-22	1.27067e-25	7500	2e+11 0.516406
238	0.00238	2.23076e-21	4.31985e-25	7500	2e+11 0.516394
239	0.00239	6.36643e-21	1.23285e-24	7500	2e+11 0.516406
240	0.0024	1.6629e-20	3.22019e-24	7500	2e+11 0.516406
241	0.00241	3.62828e-20	7.02613e-24	7500	2e+11 0.516394
242	0.00242	1.29141e-19	2.50081e-23	7500	2e+11 0.516406
243	0.00243	3.01317e-19	5.83498e-23	7500	2e+11 0.516406
244	0.00244	9.40822e-19	1.82189e-22	7500	2e+11 0.516394
245	0.00245	2.21022e-18	4.28008e-22	7500	2e+11 0.516406
246	0.00246	6.9596e-18	1.34772e-21	7500	2e+11 0.516406
247	0.00247	1.92877e-17	3.73504e-21	7500	2e+11 0.516394
248	0.00248	5.78056e-17	1.1194e-20	7500	2e+11 0.516406
249	0.00249	1.56755e-16	3.03555e-20	7500	2e+11 0.516406
250	0.0025	4.12022e-16	7.97878e-20	7500	2e+11 0.516394
251	0.00251	1.35191e-15	2.61796e-19	7500	2e+11 0.516406
252	0.00252	4.09189e-15	7.92392e-19	7500	2e+11 0.516406
253	0.00253	1.09828e-14	2.12682e-18	7500	2e+11 0.516394
254	0.00254	3.38732e-14	6.55951e-18	7500	2e+11 0.516406
255	0.00255	8.535e-14	1.6528e-17	7500	2e+11 0.516406
256	0.00256	2.79056e-13	5.40389e-17	7500	2e+11 0.516394
257	0.00257	6.24021e-13	1.20841e-16	7500	2e+11 0.516406
258	0.00258	1.81482e-12	3.51438e-16	7500	2e+11 0.516406
259	0.00259	5.68065e-12	1.10005e-15	7500	2e+11 0.516394
260	0.0026	1.38872e-11	2.68924e-15	7500	2e+11 0.516406
261	0.00261	3.52615e-11	6.82837e-15	7500	2e+11 0.516406
262	0.00262	1.15887e-10	2.24414e-14	7500	2e+11 0.516394
263	0.00263	2.79038e-10	5.40354e-14	7500	2e+11 0.516406
264	0.00264	7.6273e-10	1.47702e-13	7500	2e+11 0.516406
265	0.00265	2.2585e-09	4.37356e-13	7500	2e+11 0.516394
266	0.00266	5.8443e-09	1.13174e-12	7500	2e+11 0.516406
267	0.00267	1.59179e-08	3.08248e-12	7500	2e+11 0.516406
268	0.00268	4.34353e-08	8.4112e-12	7500	2e+11 0.516394
269	0.00269	1.26683e-07	2.4532e-11	7500	2e+11 0.516406
270	0.0027	2.7113e-07	5.25041e-11	7500	2e+11 0.516406
271	0.00271	9.01583e-07	1.74591e-10	7500	2e+11 0.516394
272	0.00272	2.07041e-06	4.00934e-10	7500	2e+11 0.516406
273	0.00273	7.17366e-06	1.38917e-09	7500	2e+11 0.516406
274	0.00274	1.80257e-05	3.49066e-09	7500	2e+11 0.516394
275	0.00275	5.09091e-05	9.85851e-09	7500	2e+11 0.516406
276	0.00276	0.000123013	2.38214e-08	7500	2e+11 0.516406
277	0.00277	0.00031194	6.0407e-08	7500	2e+11 0.516394
278	0.00278	0.000961961	1.86283e-07	7500	2e+11 0.516406
279	0.00279	0.00215071	4.16483e-07	7500	2e+11 0.516406
280	0.0028	0.00752745	1.45768e-06	7500	2e+11 0.516394
281	0.00281	0.0219515	4.2509e-06	7500	2e+11 0.516406
282	0.00282	0.0643497	1.24613e-05	7500	2e+11 0.516406
283	0.00283	0.176067	3.40952e-05	7500	2e+11 0.516394
284	0.00284	0.457678	8.8629e-05	7500	2e+11 0.51637
285	0.00285	1.39191	0.000269543	7500	2e+11 0.516334
286	0.00286001	3.01203	0.000583277	7500	2e+11 0.516226
287	0.00287001	5.26014	0.00101862	7500	2e+11 0.516033
288	0.00288002	8.02555	0.00155414	7500	2e+11 0.515829
289	0.00289004	11.1869	0.00216634	7500	2e+11 0.515506
290	0.00290006	14.6189	0.00283094	7500	2e+11 0.515206
291	0.00291009	18.1997	0.00352435	7500	2e+11 0.514847
292	0.00292013	21.8157	0.00422459	7500	2e+11 0.514525
293	0.00293017	25.367	0.0049123	7500	2e+11 0.514155
294	0.00294022	28.7701	0.00557131	7500	2e+11 0.513786
295	0.00295028	31.9589	0.00618881	7500	2e+11 0.513512
296	0.00296035	34.8837	0.0067552	7500	2e+11 0.513073
297	0.00297041	37.5148	0.00726471	7500	2e+11 0.512907
298	0.00298049	39.8338	0.00771378	7500	2e+11 0.512622
299	0.00299057	41.8411	0.0081025	7500	2e+11 0.512409
300	0.00300065	43.545	0.00843245	7500	2e+11 0.512172
301	0.00301073	44.9636	0.00870717	7500	2e+11 0.512101
302	0.00302082	46.1254	0.00893214	7500	2e+11 0.511818
303	0.00303091	47.0608	0.00911329	7500	2e+11 0.511806
304	0.003041	47.8011	0.00925665	7500	2e+11 0.511723
305	0.0030511	48.3778	0.00936833	7500	2e+11 0.511629
306	0.00306119	48.8199	0.00945394	7500	2e+11 0.511617
307	0.00307128	49.1531	0.00951845	7500	2e+11 0.511535
308	0.00308138	49.4005	0.00956636	7500	2e+11 0.511499
309	0.00309148	49.5812	0.00960137	7500	2e+11 0.511499
310	0.00310157	49.7115	0.0096266	7500	2e+11 0.511476
311	0.00311167	49.8039	0.00964449	7500	2e+11 0.511452
312	0.00312177	49.8686	0.00965701	7500	2e+11 0.511499
313	0.00313186	49.9133	0.00966567	7500	2e+11 0.511499
314	0.00314196	49.9438	0.00967157	7500	2e+11 0.51144
315	0.00315206	49.9643	0.00967555	7500	2e+11 0.511428
316	0.00316215	49.978	0.00967819	7500	2e+11 0.511476
317	0.00317225	49.987	0.00967993	7500	2e+11 0.511476
318	0.00318235	49.9928	0.00968106	7500	2e+11 0.511417
319	0.00319244	49.9966	0.00968179	7500	2e+11 0.511464
320	0.00320254	49.999	0.00968226	7500	2e+11 0.511464
321	0.00321264	50.0005	0.00968255	7500	2e+11 0.511428
322	0.00322274	50.0014	0.00968273	7500	2e+11 0.51144
323	0.00323283	50.002	0.00968284	7500	2e+11 0.51144
324	0.00324293	50.0023	0.00968291	7500	2e+11 0.511464
325	0.00325303	50.0025	0.00968294	7500	2e+11 0.511464
326	0.00326312	50.0026	0.00968296	7500	2e+11 0.51144
327	0.00327322	50.0026	0.00968296	7500	2e+11 0.511452
328	0.00328332	50.0026	0.00968296	7500	2e+11 0.511452
329	0.00329342	50.0026	0.00968296	7500	2e+11 0.511452
330	0.00330351	50.0026	0.00968296	7500	2e+11 0.511464
331	0.00331361	50.0026	0.00968296	7500	2e+11 0.511464
332	0.00332371	50.0026	0.00968296	7500	2e+11 0.511428
333	0.00333381	50.0026	0.00968296	7500	2e+11 0.511464
334	0.0033439	50.0026	0.00968296	7500	2e+11 0.511464
335	0.003354	50.0026	0.00968296	7500	2e+11 0.511428
336	0.0033641	50.0026	0.00968296	7500	2e+11 0.51144
337	0.00337419	50.0026	0.00968296	7500	2e+11 0.51144
338	0.00338429	50.0026	0.00968296	7500	2e+11 0.511476
339	0.00339439	50.0026	0.00968296	7500	2e+11 0.511476
340	0.00340448	50.0026	0.00968296	7500	2e+11 0.511428
341	0.00341458	50.0026	0.00968296	7500	2e+11 0.511405
342	0.00342468	50.0026	0.00968296	7500	2e+11 0.511499
343	0.00343478	50.0026	0.00968296	7500	2e+11 0.511499
344	0.00344487	50.0026	0.00968296	7500	2e+11 0.511476
345	0.00345497	50.0026	0.00968296	7500	2e+11 0.511476
346	0.00346507	50.0026	0.00968296	7500	2e+11 0.511452
347	0.00347516	50.0026	0.00968296	7500	2e+11 0.511452
348	0.00348526	50.0026	0.00968296	7500	2e+11 0.511476
349	0.00349536	50.0026	0.00968296	7500	2e+11 0.511476
350	0.00350546	50.0026	0.00968296	7500	2e+11 0.51144
351	0.00351555	50.0026	0.00968296	7500	2e+11 0.51144
352	0.00352565	50.0026	0.00968296	7500	2e+11 0.511452
353	0.00353575	50.0026	0.00968296	7500	2e+11 0.511452
354	0.00354585	50.0026	0.00968296	7500	2e+11 0.511428
355	0.00355594	50.0026	0.00968296	7500	2e+11 0.511511
356	0.00356604	50.0026	0.00968296	7500	2e+11 0.511511
357	0.00357614	50.0026	0.00968295	7500	2e+11 0.511417
358	0.00358623	50.0025	0.00968295	7500	2e+11 0.511452
359	0.00359633	50.0025	0.00968295	7500	2e+11 0.511452
360	0.00360643	50.0025	0.00968295	7500	2e+11 0.51144
361	0.00361653	50.0025	0.00968295	7500	2e+11 0.511452
362	0.00362662	50.0025	0.00968295	7500	2e+11 0.511452
363	0.00363672	50.0025	0.00968295	7500	2e+11 0.511452
364	0.00364682	50.0025	0.00968295	7500	2e+11 0.511452
365	0.00365691	50.0025	0.00968295	7500	2e+11 0.511464
366	0.00366701	50.0025	0.00968294	7500	2e+11 0.511464
367	0.00367711	50.0025	0.00968294	7500	2e+11 0.511511
368	0.00368721	50.0025	0.00968294	7500	2e+11 0.511511
369	0.0036973	50.0025	0.00968294	7500	2e+11 0.511417
370	0.0037074	50.0025	0.00968294	7500	2e+11 0.511452
371	0.0037175	50.0025	0.00968294	7500	2e+11 0.511452
372	0.00372759	50.0025	0.00968294	7500	2e+11 0.51144
373	0.00373769	50.0025	0.00968294	7500	2e+11 0.51144
374	0.00374779	50.0025	0.00968294	7500	2e+11 0.511464
375	0.00375789	50.0025	0.00968294	7500	2e+11 0.511464
376	0.00376798	50.0024	0.00968293	7500	2e+11 0.51144
377	0.00377808	50.0024	0.00968292	7500	2e+11 0.51144
378	0.00378818	50.0022	0.00968288	7500	2e+11 0.51144
379	0.00379828	50.0016	0.00968277	7500	2e+11 0.511464
380	0.00380837	50.0002	0.00968249	7500	2e+11 0.511464
381	0.00381847	49.9965	0.00968178	7500	2e+11 0.511476
382	0.00382857	49.9862	0.00967978	7500	2e+11 0.511476
383	0.00383866	49.968	0.00967626	7500	2e+11 0.511428
384	0.00384876	49.8657	0.00965644	7500	2e+11 0.511476
385	0.00385886	49.6381	0.00961239	7500	2e+11 0.511476
386	0.00386895	48.9512	0.00947936	7500	2e+11 0.511594
387	0.00387905	47.1545	0.00913143	7500	2e+11 0.511735
388	0.00388914	44.1618	0.00855189	7500	2e+11 0.512125
389	0.00389922	40.2571	0.00779576	7500	2e+11 0.513073
390	0.00390929	35.7593	0.00692475	7500	2e+11 0.514024
391	0.00391933	30.9927	0.0060017	7500	2e+11 0.514024
392	0.00392939	26.2332	0.00508004	7500	2e+11 0.51381
393	0.00393944	21.7192	0.0042059	7500	2e+11 0.514382
394	0.00394948	17.614	0.00341094	7500	2e+11 0.514644
395	0.00395951	14.0146	0.00271391	7500	2e+11 0.515099
396	0.00396954	10.9519	0.00212082	7500	2e+11 0.515266
397	0.00397956	8.42004	0.00163053	7500	2e+11 0.515649
398	0.00398958	6.37274	0.00123408	7500	2e+11 0.515769
399	0.00399959	4.7532	0.000920454	7500	2e+11 0.516033
400	0.00400959	3.49554	0.000676909	7500	2e+11 0.516153
401	0.0040196	2.53572	0.000491039	7500	2e+11 0.516153
402	0.0040296	1.81544	0.000351559	7500	2e+11 0.516153
403	0.00403961	1.28338	0.000248525	7500	2e+11 0.51637
404	0.00404961	0.895293	0.000173373	7500	2e+11 0.51637
405	0.00405961	0.617414	0.000119562	7500	2e+11 0.516346
406	0.00406961	0.421628	8.16479e-05	7500	2e+11 0.516418
407	0.00407961	0.28486	5.51628e-05	7500	2e+11 0.516418
408	0.00408961	0.190027	3.67986e-05	7500	2e+11 0.516394
409	0.00409961	0.125241	2.42529e-05	7500	2e+11 0.516394
410	0.00410962	0.0817744	1.58356e-05	7500	2e+11 0.516394
411	0.00411962	0.0528631	1.02369e-05	7500	2e+11 0.516394
412	0.00412962	0.0338111	6.5475e-06	7500	2e+11 0.516442
413	0.00413961	0.0213655	4.13742e-06	7500	2e+11 0.516442
414	0.00414962	0.0133436	2.58398e-06	7500	2e+11 0.516394
415	0.00415962	0.00824847	1.59731e-06	7500	2e+11 0.516394
416	0.00416962	0.00504756	9.77456e-07	7500	2e+11 0.516418
417	0.00417962	0.00306082	5.92726e-07	7500	2e+11 0.516514
418	0.00418961	0.00183881	3.56085e-07	7500	2e+11 0.516514
419	0.00419961	0.0010912	2.11309e-07	7500	2e+11 0.51637
420	0.00420962	0.000640278	1.23989e-07	7500	2e+11 0.516346
421	0.00421962	0.000372072	7.20514e-08	7500	2e+11 0.51649
422	0.00422961	0.000214265	4.14922e-08	7500	2e+11 0.51649
423	0.00423962	0.000122049	2.36346e-08	7500	2e+11 0.516394
424	0.00424962	6.8961e-05	1.33542e-08	7500	2e+11 0.516418
425	0.00425962	3.86025e-05	7.47534e-09	7500	2e+11 0.516418
426	0.00426962	2.13853e-05	4.14124e-09	7500	2e+11 0.516442
427	0.00427962	1.17374e-05	2.27294e-09	7500	2e+11 0.516442
428	0.00428962	6.38226e-06	1.23592e-09	7500	2e+11 0.516418
429	0.00429962	3.435e-06	6.65184e-10	7500	2e+11 0.516394
430	0.00430962	1.83639e-06	3.55616e-10	7500	2e+11 0.516562
431	0.00431961	9.71883e-07	1.88204e-10	7500	2e+11 0.516562
432	0.00432961	5.08412e-07	9.84535e-11	7500	2e+11 0.51637
433	0.00433961	2.63862e-07	5.10966e-11	7500	2e+11 0.51637
434	0.00434962	1.35724e-07	2.62829e-11	7500	2e+11 0.516394
435	0.00435962	6.92044e-08	1.34014e-11	7500	2e+11 0.516394
436	0.00436962	3.50116e-08	6.77997e-12	7500	2e+11 0.516466
437	0.00437961	1.75605e-08	3.40058e-12	7500	2e+11 0.516466
438	0.00438961	8.73038e-09	1.69063e-12	7500	2e+11 0.51637
439	0.00439962	4.29914e-09	8.32525e-13	7500	2e+11 0.516514
440	0.00440961	2.09387e-09	4.05477e-13	7500	2e+11 0.516514
441	0.00441961	1.01227e-09	1.96025e-13	7500	2e+11 0.516394
442	0.00442961	4.8554e-10	9.40244e-14	7500	2e+11 0.516418
443	0.00443961	2.30629e-10	4.46612e-14	7500	2e+11 0.516418
444	0.00444962	1.08358e-10	2.09834e-14	7500	2e+11 0.516418
445	0.00445962	5.03896e-11	9.75791e-15	7500	2e+11 0.516418
446	0.00446962	2.33192e-11	4.51575e-15	7500	2e+11 0.516394
447	0.00447962	1.07072e-11	2.07344e-15	7500	2e+11 0.51649
448	0.00448962	4.87108e-12	9.43281e-16	7500	2e+11 0.51649
449	0.00449961	2.19783e-12	4.25608e-16	7500	2e+11 0.516418
450	0.00450962	9.85807e-13	1.90901e-16	7500	2e+11 0.516514
451	0.00451961	4.37364e-13	8.46951e-17	7500	2e+11 0.516514
452	0.00452961	1.92408e-13	3.72596e-17	7500	2e+11 0.516418
453	0.00453962	8.40185e-14	1.62701e-17	7500	2e+11 0.516466
454	0.00454961	3.6409e-14	7.05056e-18	7500	2e+11 0.516514
455	0.00455961	1.56183e-14	3.02447e-18	7500	2e+11 0.516514
456	0.00456962	6.65896e-15	1.2895e-18	7500	2e+11 0.516442
457	0.00457962	2.8184e-15	5.4578e-19	7500	2e+11 0.516442
458	0.00458962	1.18533e-15	2.29539e-19	7500	2e+11 0.516394
459	0.00459962	4.9209e-16	9.52928e-20	7500	2e+11 0.51649
460	0.00460961	2.01678e-16	3.90547e-20	7500	2e+11 0.51649
461	0.00461961	8.19521e-17	1.587e-20	7500	2e+11 0.516442
462	0.00462962	3.30826e-17	6.40642e-21	7500	2e+11 0.516394
463	0.00463962	1.33168e-17	2.57879e-21	7500	2e+11 0.51649
464	0.00464961	5.33281e-18	1.03269e-21	7500	2e+11 0.51649
465	0.00465961	2.10537e-18	4.07703e-22	7500	2e+11 0.516442
466	0.00466961	8.25796e-19	1.59915e-22	7500	2e+11 0.516394
467	0.00467961	3.20998e-19	6.2161e-23	7500	2e+11 0.516466
468	0.00468961	1.23492e-19	2.39141e-23	7500	2e+11 0.516466
469	0.00469962	4.71596e-20	9.13242e-24	7500	2e+11 0.516466
470	0.00470961	1.78964e-20	3.46563e-24	7500	2e+11 0.516466
471	0.00471962	6.7092e-21	1.29923e-24	7500	2e+11 0.516346
472	0.00472962	2.49233e-21	4.82637e-25	7500	2e+11 0.51661
473	0.00473961	9.1681e-22	1.77539e-25	7500	2e+11 0.51661
474	0.00474961	3.33781e-22	6.46365e-26	7500	2e+11 0.516394
475	0.00475961	1.2164e-22	2.35555e-26	7500	2e+11 0.516346
476	0.00476961	4.37605e-23	8.47418e-27	7500	2e+11 0.516394
477	0.00477961	1.55805e-23	3.01715e-27	7500	2e+11 0.516538
478	0.00478961	5.4996e-24	1.06499e-27	7500	2e+11 0.516538
479	0.00479961	1.93076e-24	3.7389e-28	7500	2e+11 0.516346
480	0.00480961	6.77337e-25	1.31166e-28	7500	2e+11 0.516442
481	0.00481961	2.34265e-25	4.53652e-29	7500	2e+11 0.516442
482	0.00482961	7.98623e-26	1.54653e-29	7500	2e+11 0.516418
483	0.00483961	2.71647e-26	5.26042e-30	7500	2e+11 0.516442
484	0.00484961	9.12409e-27	1.76687e-30	7500	2e+11 0.516442
485	0.00485961	3.05309e-27	5.91228e-31	7500	2e+11 0.516442
486	0.00486961	1.01058e-27	1.95698e-31	7500	2e+11 0.516442
487	0.00487961	3.34065e-28	6.46915e-32	7500	2e+11 0.516466
488	0.00488961	1.08716e-28	2.10528e-32	7500	2e+11 0.516466
489	0.00489962	3.52369e-29	6.8236e-33	7500	2e+11 0.516442
490	0.00490962	1.13528e-29	2.19846e-33	7500	2e+11 0.51649
491	0.00491961	3.61636e-30	7.00304e-34	7500	2e+11 0.51649
492	0.00492961	1.14944e-30	2.22588e-34	7500	2e+11 0.516418
493	0.00493961	3.59627e-31	6.96414e-35	7500	2e+11 0.516418
494	0.00494961	1.12065e-31	2.17014e-35	7500	2e+11 0.516418
495	0.00495961	3.44669e-32	6.67449e-36	7500	2e+11 0.516538
496	0.00496961	1.05307e-32	2.03926e-36	7500	2e+11 0.516538
497	0.00497961	3.21288e-33	6.22172e-37	7500	2e+11 0.516442
498	0.00498961	9.64508e-34	1.86776e-37	7500	2e+11 0.516394
499	0.00499961	2.87168e-34	5.56098e-38	7500	2e+11 0.516418
500	0.00500961	8.46506e-35	1.63925e-38	7500	2e+11 0.516442
501	0.00501961	2.49172e-35	4.82519e-39	7500	2e+11 0.516442
502	0.00502961	7.2755e-36	1.40889e-39	7500	2e+11 0.516418
503	0.00503961	2.10487e-36	4.07605e-40	7500	2e+11 0.516418
504	0.00504961	6.02673e-37	1.16707e-40	7500	2e+11 0.516418
505	0.00505961	1.71398e-37	3.31912e-41	7500	2e+11 0.516418
506	0.00506961	4.81429e-38	9.32284e-42	7500	2e+11 0.516586
507	0.00507961	1.34884e-38	2.61202e-42	7500	2e+11 0.516586
508	0.00508961	3.74839e-39	7.25873e-43	7500	2e+11 0.51637
509	0.00509961	1.02031e-39	1.97583e-43	7500	2e+11 0.516394
510	0.00510961	2.67742e-40	5.1848e-44	7500	2e+11 0.516394
511	0.00511961	5.78904e-41	1.12104e-44	7500	2e+11 0.516442
512	0.00512961	7.23631e-42	1.4013e-45	7500	2e+11 0.516442
513	0.00513961	0	0	7500	2e+11 0.516466
514	0.00514961	0	0	7500	2e+11 0.516466
515	0.00515961	0	0	7500	2e+11 0.516514
516	0.00516961	0	0	7500	2e+11 0.516514
517	0.00517961	0	0	7500	2e+11 0.516418
518	0.00518961	0	0	7500	2e+11 0.516394
519	0.00519961	0	0	7500	2e+11 0.516442
520	0.00520961	0	0	7500	2e+11 0.51649
521	0.00521961	0	0	7500	2e+11 0.51649
522	0.00522961	0	0	7500	2e+11 0.516418
523	0.00523961	0	0	7500	2e+11 0.516418
524	0.00524961	0	0	7500	2e+11 0.51649
525	0.00525961	0	0	7500	2e+11 0.51649
526	0.00526961	0	0	7500	2e+11 0.516418
527	0.00527961	0	0	7500	2e+11 0.516562
528	0.00528961	0	0	7500	2e+11 0.516562
529	0.00529961	0	0	7500	2e+11 0.516466
530	0.00530961	0	0	7500	2e+11 0.516466
531	0.00531961	0	0	7500	2e+11 0.516442
532	0.00532961	0	0	7500	2e+11 0.516442
533	0.00533961	0	0	7500	2e+11 0.516394
534	0.00534961	0	0	7500	2e+11 0.516466
535	0.00535961	0	0	7500	2e+11 0.516466
536	0.00536961	0	0	7500	2e+11 0.516418
537	0.00537961	0	0	7500	2e+11 0.516466
538	0.00538961	0	0	7500	2e+11 0.516466
539	0.00539961	0	0	7500	2e+11 0.516466
540	0.00540961	0	0	7500	2e+11 0.516466
541	0.00541961	0	0	7500	2e+11 0.516394
542	0.00542961	0	0	7500	2e+11 0.51649
543	0.00543961	0	0	7500	2e+11 0.51649
544	0.00544961	0	0	7500	2e+11 0.51637
545	0.00545961	0	0	7500	2e+11 0.51649
546	0.00546961	0	0	7500	2e+11 0.51649
547	0.00547961	0	0	7500	2e+11 0.516418
548	0.00548961	0	0	7500	2e+11 0.516418
549	0.00549961	0	0	7500	2e+11 0.516538
550	0.00550961	0	0	7500	2e+11 0.516538
551	0.00551961	0	0	7500	2e+11 0.516394
552	0.00552961	0	0	7500	2e+11 0.516442
553	0.00553961	0	0	7500	2e+11 0.516442
554	0.00554961	0	0	7500	2e+11 0.51637
555	0.00555961	0	0	7500	2e+11 0.516418
556	0.00556961	0	0	7500	2e+11 0.516418
557	0.00557961	0	0	7500	2e+11 0.516466
558	0.00558961	0	0	7500	2e+11 0.516466
559	0.00559961	0	0	7500	2e+11 0.516514
560	0.0056096	0	0	7500	2e+11 0.516514
561	0.0056196	0	0	7500	2e+11 0.516418
562	0.00562961	0	0	7500	2e+11 0.516346
563	0.00563961	0	0	7500	2e+11 0.51649
564	0.00564961	0	0	7500	2e+11 0.51649
565	0.00565961	0	0	7500	2e+11 0.516466
566	0.0056696	0	0	7500	2e+11 0.516466
567	0.0056796	0	0	7500	2e+11 0.516442
568	0.00568961	0	0	7500	2e+11 0.516442
569	0.0056996	0	0	7500	2e+11 0.516466
570	0.0057096	0	0	7500	2e+11 0.516514
571	0.0057196	0	0	7500	2e+11 0.516514
572	0.0057296	0	0	7500	2e+11 0.51637
573	0.0057396	0	0	7500	2e+11 0.516514
574	0.0057496	0	0	7500	2e+11 0.516514
575	0.0057596	0	0	7500	2e+11 0.516418
576	0.0057696	0	0	7500	2e+11 0.516514
577	0.0057796	0	0	7500	2e+11 0.516514
578	0.0057896	0	0	7500	2e+11 0.516394
579	0.0057996	0	0	7500	2e+11 0.51649
580	0.0058096	0	0	7500	2e+11 0.51649
581	0.0058196	0	0	7500	2e+11 0.516394
582	0.0058296	0	0	7500	2e+11 0.516418
583	0.0058396	0	0	7500	2e+11 0.516418
584	0.0058496	0	0	7500	2e+11 0.516394
585	0.0058596	0	0	7500	2e+11 0.51637
586	0.0058696	0	0	7500	2e+11 0.516442
587	0.0058796	0	0	7500	2e+11 0.516538
588	0.0058896	0	0	7500	2e+11 0.516538
589	0.0058996	0	0	7500	2e+11 0.51649
590	0.0059096	0	0	7500	2e+11 0.51649
591	0.0059196	0	0	7500	2e+11 0.516418
592	0.0059296	0	0	7500	2e+11 0.516418
593	0.0059396	0	0	7500	2e+11 0.516466
594	0.0059496	0	0	7500	2e+11 0.51649
595	0.0059596	0	0	7500	2e+11 0.51649
596	0.0059696	0	0	7500	2e+11 0.516394
597	0.0059796	0	0	7500	2e+11 0.51649
598	0.0059896	0	0	7500	2e+11 0.51649
599	0.0059996	0	0	7500	2e+11 0.516394
600	0.0060096	0	0	7500	2e+11 0.51649
601	0.00601959	0	0	7500	2e+11 0.51649
602	0.00602959	0	0	7500	2e+11 0.51649
603	0.00603959	0	0	7500	2e+11 0.51649
604	0.00604959	0	0	7500	2e+11 0.516442
605	0.00605959	0	0	7500	2e+11 0.516466
606	0.00606959	0	0	7500	2e+11 0.516466
607	0.00607959	0	0	7500	2e+11 0.51649
608	0.00608959	0	0	7500	2e+11 0.51649
609	0.00609959	0	0	7500	2e+11 0.51649
610	0.00610959	0	0	7500	2e+11 0.51649
611	0.00611959	0	0	7500	2e+11 0.516418
612	0.00612959	0	0	7500	2e+11 0.516418
613	0.00613959	0	0	7500	2e+11 0.51649
614	0.00614959	0	0	7500	2e+11 0.51649
615	0.00615959	0	0	7500	2e+11 0.516466
616	0.00616959	0	0	7500	2e+11 0.516466
617	0.00617959	0	0	7500	2e+11 0.516418
618	0.00618958	0	0	7500	2e+11 0.516538
619	0.00619958	0	0	7500	2e+11 0.516538
620	0.00620958	0	0	7500	2e+11 0.516442
621	0.00621958	0	0	7500	2e+11 0.516442
622	0.00622958	0	0	7500	2e+11 0.516514
623	0.00623958	0	0	7500	2e+11 0.516514
624	0.00624958	0	0	7500	2e+11 0.516442
625	0.00625958	0	0	7500	2e+11 0.516442
626	0.00626958	0	0	7500	2e+11 0.51649
627	0.00627958	0	0	7500	2e+11 0.51649
628	0.00628958	0	0	7500	2e+11 0.516418
629	0.00629958	0	0	7500	2e+11 0.516466
630	0.00630957	0	0	7500	2e+11 0.516514
631	0.00631957	0	0	7500	2e+11 0.516514
632	0.00632957	0	0	7500	2e+11 0.51661
633	0.00633957	0	0	7500	2e+11 0.51661
634	0.00634957	0	0	7500	2e+11 0.516514
635	0.00635957	0	0	7500	2e+11 0.516514
636	0.00636957	0	0	7500	2e+11 0.516514
637	0.00637956	0	0	7500	2e+11 0.516538
638	0.00638956	0	0	7500	2e+11 0.516538
639	0.00639956	0	0	7500	2e+11 0.516586
640	0.00640956	0	0	7500	2e+11 0.516586
641	0.00641956	0	0	7500	2e+11 0.516562
642	0.00642955	0	0	7500	2e+11 0.516731
643	0.00643955	0	0	7500	2e+11 0.516731
644	0.00644955	0	0	7500	2e+11 0.516707
645	0.00645954	0	0	7500	2e+11 0.516707
646	0.00646954	0	0	7500	2e+11 0.516731
647	0.00647953	0	0	7500	2e+11 0.516731
648	0.00648952	0	0	7500	2e+11 0.516851
649	0.00649952	0	0	7500	2e+11 0.517164
650	0.0065095	0	0	7500	2e+11 0.517164
651	0.00651956	0	0	7500	2e+11 0.51702
652	0.00652955	0	0	7500	2e+11 0.51702
653	0.00653954	0	0	7500	2e+11 0.516779
654	0.00654954	0	0	7500	2e+11 0.516658
655	0.00655953	0	0	7500	2e+11 0.516634
656	0.00656953	0	0	7500	2e+11 0.516634
657	0.00657953	0	0	7500	2e+11 0.516538
658	0.00658952	0	0	7500	2e+11 0.516658
659	0.00659952	0	0	7500	2e+11 0.516658
660	0.00660952	0	0	7500	2e+11 0.516538
661	0.00661952	0	0	7500	2e+11 0.516538
662	0.00662951	0	0	7500	2e+11 0.516514
663	0.00663951	0	0	7500	2e+11 0.516514
664	0.00664951	0	0	7500	2e+11 0.51637
665	0.00665951	0	0	7500	2e+11 0.51637
666	0.00666951	0	0	7500	2e+11 0.516394
667	0.00667951	0	0	7500	2e+11 0.516562
668	0.00668951	0	0	7500	2e+11 0.516562
669	0.00669951	0	0	7500	2e+11 0.516418
670	0.00670951	0	0	7500	2e+11 0.51649
671	0.00671951	0	0	7500	2e+11 0.51649
672	0.00672951	0	0	7500	2e+11 0.51637
673	0.00673951	0	0	7500	2e+11 0.516538
674	0.00674951	0	0	7500	2e+11 0.516538
675	0.00675951	0	0	7500	2e+11 0.51637
676	0.00676951	0	0	7500	2e+11 0.51637
677	0.00677951	0	0	7500	2e+11 0.516442
678	0.00678951	0	0	7500	2e+11 0.516442
679	0.00679951	0	0	7500	2e+11 0.516442
680	0.00680951	0	0	7500	2e+11 0.516442
681	0.00681951	0	0	7500	2e+11 0.516394
682	0.00682951	0	0	7500	2e+11 0.516394
683	0.00683951	0	0	7500	2e+11 0.51637
684	0.00684952	0	0	7500	2e+11 0.516346
685	0.00685952	0	0	7500	2e+11 0.516346
686	0.00686952	0	0	7500	2e+11 0.51637
687	0.00687952	0	0	7500	2e+11 0.516442
688	0.00688952	0	0	7500	2e+11 0.516442
689	0.00689952	0	0	7500	2e+11 0.516418
690	0.00690952	0	0	7500	2e+11 0.516418
691	0.00691952	0	0	7500	2e+11 0.516442
692	0.00692952	0	0	7500	2e+11 0.516442
693	0.00693952	0	0	7500	2e+11 0.516466
694	0.00694952	0	0	7500	2e+11 0.516466
695	0.00695952	0	0	7500	2e+11 0.516466
696	0.00696952	0	0	7500	2e+11 0.516394
697	0.00697952	0	0	7500	2e+11 0.516418
698	0.00698952	0	0	7500	2e+11 0.516418
699	0.00699952	0	0	7500	2e+11 0.51649
700	0.00700952	0	0	7500	2e+11 0.51649
701	0.00701952	0	0	7500	2e+11 0.51637
702	0.00702952	0	0	7500	2e+11 0.51637
703	0.00703952	0	0	7500	2e+11 0.516466
704	0.00704952	0	0	7500	2e+11 0.516466
705	0.00705952	0	0	7500	2e+11 0.516442
706	0.00706952	0	0	7500	2e+11 0.516442
707	0.00707952	0	0	7500	2e+11 0.516442
708	0.00708952	0	0	7500	2e+11 0.516418
709	0.00709952	0	0	7500	2e+11 0.516538
710	0.00710952	0	0	7500	2e+11 0.516538
711	0.00711952	0	0	7500	2e+11 0.516442
712	0.00712952	0	0	7500	2e+11 0.516442
713	0.00713952	0	0	7500	2e+11 0.516442
714	0.00714952	0	0	7500	2e+11 0.516442
715	0.00715952	0	0	7500	2e+11 0.516394
716	0.00716952	0	0	7500	2e+11 0.516562
717	0.00717951	0	0	7500	2e+11 0.516562
718	0.00718951	0	0	7500	2e+11 0.516418
719	0.00719952	0	0	7500	2e+11 0.51649
720	0.00720951	0	0	7500	2e+11 0.51649
721	0.00721952	0	0	7500	2e+11 0.51649
722	0.00722951	0	0	7500	2e+11 0.51649
723	0.00723951	0	0	7500	2e+11 0.516442
724	0.00724951	0	0	7500	2e+11 0.516442
725	0.00725951	0	0	7500	2e+11 0.516442
726	0.00726951	0	0	7500	2e+11 0.516442
727	0.00727951	0	0	7500	2e+11 0.516442
728	0.00728951	0	0	7500	2e+11 0.516442
729	0.00729951	0	0	7500	2e+11 0.516418
730	0.00730951	0	0	7500	2e+11 0.516418
731	0.00731951	0	0	7500	2e+11 0.516514
732	0.00732951	0	0	7500	2e+11 0.516514
733	0.00733951	0	0	7500	2e+11 0.516322
734	0.00734952	0	0	7500	2e+11 0.51637
735	0.00735952	0	0	7500	2e+11 0.516418
736	0.00736952	0	0	7500	2e+11 0.51649
737	0.00737951	0	0	7500	2e+11 0.51649
738	0.00738952	0	0	7500	2e+11 0.516322
739	0.00739952	0	0	7500	2e+11 0.51637
740	0.00740952	0	0	7500	2e+11 0.51637
741	0.00741952	0	0	7500	2e+11 0.516346
742	0.00742952	0	0	7500	2e+11 0.516346
743	0.00743952	0	0	7500	2e+11 0.516274
744	0.00744953	0	0	7500	2e+11 0.516274
745	0.00745953	0	0	7500	2e+11 0.516226
746	0.00746953	0	0	7500	2e+11 0.516226
747	0.00747954	0	0	7500	2e+11 0.516105
748	0.00748955	0	0	7500	2e+11 0.516129
749	0.00749955	0	0	7500	2e+11 0.516129
750	0.00750956	0	0	7500	2e+11 0.519466
751	0.0075195	0	0	7500	2e+11 0.519466
752	0.00752952	0	0	7500	2e+11 0.515841
753	0.00753953	0	0	7500	2e+11 0.516274
754	0.00754953	0	0	7500	2e+11 0.516274
755	0.00755954	0	0	7500	2e+11 0.516033
756	0.00756954	0	0	7500	2e+11 0.516346
757	0.00757955	0	0	7500	2e+11 0.516346
758	0.00758955	0	0	7500	2e+11 0.516177
759	0.00759955	0	0	7500	2e+11 0.516177
760	0.00760956	0	0	7500	2e+11 0.516298
761	0.00761956	0	0	7500	2e+11 0.516298
762	0.00762957	0	0	7500	2e+11 0.516442
763	0.00763956	0	0	7500	2e+11 0.516442
764	0.00764957	0	0	7500	2e+11 0.516538
765	0.00765957	0	0	7500	2e+11 0.516538
766	0.00766957	0	0	7500	2e+11 0.516346
767	0.00767957	0	0	7500	2e+11 0.516346
768	0.00768957	0	0	7500	2e+11 0.516346
769	0.00769957	0	0	7500	2e+11 0.516346
770	0.00770958	0	0	7500	2e+11 0.516442
771	0.00771958	0	0	7500	2e+11 0.516442
772	0.00772958	0	0	7500	2e+11 0.516346
773	0.00773958	0	0	7500	2e+11 0.516346
774	0.00774958	0	0	7500	2e+11 0.516394
775	0.00775958	0	0	7500	2e+11 0.516394
776	0.00776958	0	0	7500	2e+11 0.51637
777	0.00777958	0	0	7500	2e+11 0.51637
778	0.00778959	0	0	7500	2e+11 0.51649
779	0.00779958	0	0	7500	2e+11 0.51649
780	0.00780959	0	0	7500	2e+11 0.516201
781	0.00781965	0	0	7500	2e+11 0.51541
782	0.00782966	0	0	7500	2e+11 0.51637
783	0.00783966	0	0	7500	2e+11 0.51637
784	0.00784967	0	0	7500	2e+11 0.516466
785	0.00785966	0	0	7500	2e+11 0.516466
786	0.00786967	0	0	7500	2e+11 0.516514
787	0.00787966	0	0	7500	2e+11 0.516514
788	0.00788967	0	0	7500	2e+11 0.516466
789	0.00789967	0	0	7500	2e+11 0.516466
790	0.00790967	0	0	7500	2e+11 0.51661
791	0.00791967	0	0	7500	2e+11 0.51661
792	0.00792967	0	0	7500	2e+11 0.516466
793	0.00793967	0	0	7500	2e+11 0.516466
794	0.00794967	0	0	7500	2e+11 0.51661
795	0.00795967	0	0	7500	2e+11 0.51661
796	0.00796967	0	0	7500	2e+11 0.516322
797	0.00797968	0	0	7500	2e+11 0.516514
798	0.00798967	0	0	7500	2e+11 0.516514
799	0.00799967	0	0	7500	2e+11 0.516514
800	0.00800967	0	0	7500	2e+11 0.516466
801	0.00801967	0	0	7500	2e+11 0.516514
802	0.00802967	0	0	7500	2e+11 0.516514
803	0.00803967	0	0	7500	2e+11 0.516274
804	0.00804968	0	0	7500	2e+11 0.516418
805	0.00805968	0	0	7500	2e+11 0.516466
806	0.00806968	0	0	7500	2e+11 0.516658
807	0.00807967	0	0	7500	2e+11 0.516658
808	0.00808967	0	0	7500	2e+11 0.51637
809	0.00809967	-5.88092e-38	-1.13884e-41	7500	2e+11 0.51637
810	0.00810968	-7.23721e-37	-1.40148e-40	7500	2e+11 0.516466
811	0.00811968	-5.06512e-36	-9.80856e-40	7500	2e+11 0.516466
812	0.00812968	-1.02016e-34	-1.97554e-38	7500	2e+11 0.51637
813	0.00813968	-1.38107e-33	-2.67444e-37	7500	2e+11 0.516322
814	0.00814968	-1.41013e-32	-2.7307e-36	7500	2e+11 0.51637
815	0.00815968	-1.12399e-31	-2.17659e-35	7500	2e+11 0.51637
816	0.00816968	-7.20519e-31	-1.39528e-34	7500	2e+11 0.516658
817	0.00817968	-3.1089e-30	-6.02036e-34	7500	2e+11 0.516658
818	0.00818968	-1.3757e-29	-2.66404e-33	7500	2e+11 0.516322
819	0.00819968	-5.34655e-29	-1.03536e-32	7500	2e+11 0.51637
820	0.00820968	-1.82345e-28	-3.5311e-32	7500	2e+11 0.51637
821	0.00821968	-4.97106e-28	-9.62642e-32	7500	2e+11 0.51661
822	0.00822968	-1.66583e-27	-3.22586e-31	7500	2e+11 0.51661
823	0.00823968	-4.71685e-27	-9.13415e-31	7500	2e+11 0.516514
824	0.00824968	-1.87622e-26	-3.63329e-30	7500	2e+11 0.516514
825	0.00825968	-7.25667e-26	-1.40525e-29	7500	2e+11 0.51637
826	0.00826968	-1.91394e-25	-3.70632e-29	7500	2e+11 0.516562
827	0.00827968	-5.52634e-25	-1.07017e-28	7500	2e+11 0.516562
828	0.00828968	-1.91443e-24	-3.70727e-28	7500	2e+11 0.516514
829	0.00829968	-5.35785e-24	-1.03754e-27	7500	2e+11 0.516466
830	0.00830968	-1.91662e-23	-3.71152e-27	7500	2e+11 0.516466
831	0.00831969	-4.92068e-23	-9.52886e-27	7500	2e+11 0.51637
832	0.00832969	-1.6895e-22	-3.2717e-26	7500	2e+11 0.51637
833	0.00833969	-3.92818e-22	-7.6069e-26	7500	2e+11 0.51637
834	0.00834969	-1.14538e-21	-2.21802e-25	7500	2e+11 0.51661
835	0.00835968	-3.16723e-21	-6.13332e-25	7500	2e+11 0.51661
836	0.00836968	-9.64967e-21	-1.86865e-24	7500	2e+11 0.51661
837	0.00837968	-2.5948e-20	-5.0248e-24	7500	2e+11 0.516466
838	0.00838968	-7.99182e-20	-1.54761e-23	7500	2e+11 0.516466
839	0.00839969	-2.00479e-19	-3.88227e-23	7500	2e+11 0.516418
840	0.00840969	-4.88083e-19	-9.45169e-23	7500	2e+11 0.516418
841	0.00841969	-1.47609e-18	-2.85844e-22	7500	2e+11 0.516418
842	0.00842969	-3.9356e-18	-7.62125e-22	7500	2e+11 0.516418
843	0.00843969	-9.66609e-18	-1.87183e-21	7500	2e+11 0.516418
844	0.00844969	-3.15635e-17	-6.11225e-21	7500	2e+11 0.516418
845	0.00845969	-9.0834e-17	-1.75899e-20	7500	2e+11 0.516466
846	0.00846968	-2.67137e-16	-5.17309e-20	7500	2e+11 0.516466
847	0.00847969	-7.18777e-16	-1.39191e-19	7500	2e+11 0.516322
848	0.00848969	-1.98316e-15	-3.84037e-19	7500	2e+11 0.516322
849	0.00849969	-4.54115e-15	-8.79389e-19	7500	2e+11 0.51637
850	0.00850969	-1.52232e-14	-2.94795e-18	7500	2e+11 0.51637
851	0.00851969	-4.21281e-14	-8.15808e-18	7500	2e+11 0.51661
852	0.00852969	-1.23302e-13	-2.38774e-17	7500	2e+11 0.51661
853	0.00853969	-2.70241e-13	-5.2332e-17	7500	2e+11 0.51661
854	0.00854969	-8.71632e-13	-1.68791e-16	7500	2e+11 0.51661
855	0.00855969	-2.26818e-12	-4.39232e-16	7500	2e+11 0.516466
856	0.00856969	-5.35389e-12	-1.03678e-15	7500	2e+11 0.516466
857	0.00857969	-1.49009e-11	-2.88554e-15	7500	2e+11 0.51637
858	0.00858969	-3.88336e-11	-7.52009e-15	7500	2e+11 0.516466
859	0.00859969	-1.10904e-10	-2.14765e-14	7500	2e+11 0.516466
860	0.00860969	-3.0086e-10	-5.82614e-14	7500	2e+11 0.51637
861	0.00861969	-7.01233e-10	-1.35793e-13	7500	2e+11 0.516466
862	0.00862969	-1.85085e-09	-3.58415e-13	7500	2e+11 0.516466
863	0.00863969	-4.86394e-09	-9.41898e-13	7500	2e+11 0.516418
864	0.00864969	-1.26056e-08	-2.44107e-12	7500	2e+11 0.51637
865	0.00865969	-2.58441e-08	-5.00469e-12	7500	2e+11 0.51637
866	0.00866969	-8.80315e-08	-1.70472e-11	7500	2e+11 0.516418
867	0.00867969	-3.04015e-07	-5.88723e-11	7500	2e+11 0.516418
868	0.00868969	-6.98576e-07	-1.35279e-10	7500	2e+11 0.516418
869	0.00869969	-2.00988e-06	-3.89211e-10	7500	2e+11 0.516466
870	0.00870969	-6.32711e-06	-1.22524e-09	7500	2e+11 0.516466
871	0.00871969	-2.13787e-05	-4.13996e-09	7500	2e+11 0.51637
872	0.00872969	-5.601e-05	-1.08463e-08	7500	2e+11 0.516466
873	0.00873969	-0.000156175	-3.02432e-08	7500	2e+11 0.51661
874	0.00874969	-0.000362542	-7.0206e-08	7500	2e+11 0.51661
875	0.00875969	-0.00115641	-2.23938e-07	7500	2e+11 0.51637
876	0.00876969	-0.0030001	-5.80966e-07	7500	2e+11 0.51637
877	0.00877969	-0.00794106	-1.53778e-06	7500	2e+11 0.51661
878	0.00878969	-0.0170314	-3.29813e-06	7500	2e+11 0.51661
879	0.00879969	-0.0605368	-1.17229e-05	7500	2e+11 0.516322
880	0.00880969	-0.162753	-3.1517e-05	7500	2e+11 0.516322
881	0.0088197	-0.587541	-0.000113777	7500	2e+11 0.516274
882	0.0088297	-1.57846	-0.000305668	7500	2e+11 0.516996
883	0.00883969	-3.89808	-0.00075486	7500	2e+11 0.516996
884	0.00884968	-7.34048	-0.00142148	7500	2e+11 0.517189
885	0.00885966	-11.5692	-0.00224036	7500	2e+11 0.517575
886	0.00886964	-16.2608	-0.0031489	7500	2e+11 0.518058
887	0.00887961	-21.1059	-0.00408714	7500	2e+11 0.518397
888	0.00888957	-25.829	-0.00500177	7500	2e+11 0.519223
889	0.00889951	-30.2131	-0.00585074	7500	2e+11 0.519515
890	0.00890945	-34.151	-0.00661332	7500	2e+11 0.519855
891	0.00891939	-37.5349	-0.0072686	7500	2e+11 0.520148
892	0.00892932	-40.3551	-0.00781472	7500	2e+11 0.520539
893	0.00893924	-42.6648	-0.008262	7500	2e+11 0.52093
894	0.00894915	-44.4986	-0.00861713	7500	2e+11 0.52093
895	0.00895906	-45.937	-0.00889566	7500	2e+11 0.521028
896	0.00896898	-47.0379	-0.00910884	7500	2e+11 0.521028
897	0.00897889	-47.8653	-0.00926907	7500	2e+11 0.521077
898	0.0089888	-48.4834	-0.00938878	7500	2e+11 0.521273
899	0.00899871	-48.9367	-0.00947656	7500	2e+11 0.521322
900	0.00900861	-49.2623	-0.00953961	7500	2e+11 0.521518
901	0.00901852	-49.4955	-0.00958476	7500	2e+11 0.521567
902	0.00902842	-49.6576	-0.00961615	7500	2e+11 0.521567
903	0.00903832	-49.7702	-0.00963796	7500	2e+11 0.52142
904	0.00904823	-49.8477	-0.00965298	7500	2e+11 0.521616
905	0.00905813	-49.9	-0.0096631	7500	2e+11 0.521616
906	0.00906803	-49.9344	-0.00966975	7500	2e+11 0.521371
907	0.00907794	-49.9572	-0.00967416	7500	2e+11 0.521322
908	0.00908784	-49.9719	-0.00967702	7500	2e+11 0.521567
909	0.00909775	-49.9814	-0.00967887	7500	2e+11 0.521567
910	0.00910765	-49.9875	-0.00968004	7500	2e+11 0.521518
911	0.00911755	-49.9914	-0.00968079	7500	2e+11 0.521518
912	0.00912746	-49.9938	-0.00968126	7500	2e+11 0.521371
913	0.00913736	-49.9953	-0.00968154	7500	2e+11 0.521469
914	0.00914727	-49.9962	-0.00968172	7500	2e+11 0.521469
915	0.00915717	-49.9967	-0.00968182	7500	2e+11 0.521616
916	0.00916707	-49.997	-0.00968188	7500	2e+11 0.521616
917	0.00917698	-49.9972	-0.00968191	7500	2e+11 0.521322
918	0.00918688	-49.9973	-0.00968193	7500	2e+11 0.521518
919	0.00919679	-49.9973	-0.00968194	7500	2e+11 0.521518
920	0.00920669	-49.9974	-0.00968195	7500	2e+11 0.521518
921	0.00921659	-49.9974	-0.00968195	7500	2e+11 0.521469
922	0.00922649	-49.9974	-0.00968195	7500	2e+11 0.521665
923	0.00923639	-49.9974	-0.00968195	7500	2e+11 0.521665
924	0.0092463	-49.9974	-0.00968195	7500	2e+11 0.52142
925	0.0092562	-49.9974	-0.00968195	7500	2e+11 0.521469
926	0.0092661	-49.9974	-0.00968195	7500	2e+11 0.521469
927	0.00927601	-49.9974	-0.00968195	7500	2e+11 0.521371
928	0.00928592	-49.9974	-0.00968195	7500	2e+11 0.521567
929	0.00929582	-49.9974	-0.00968195	7500	2e+11 0.521567
930	0.00930572	-49.9974	-0.00968195	7500	2e+11 0.52142
931	0.00931563	-49.9974	-0.00968195	7500	2e+11 0.521518
932	0.00932553	-49.9974	-0.00968195	7500	2e+11 0.521518
933	0.00933543	-49.9974	-0.00968195	7500	2e+11 0.521616
934	0.00934533	-49.9974	-0.00968195	7500	2e+11 0.521616
935	0.00935524	-49.9974	-0.00968195	7500	2e+11 0.521469
936	0.00936514	-49.9974	-0.00968195	7500	2e+11 0.521469
937	0.00937505	-49.9974	-0.00968196	7500	2e+11 0.521469
938	0.00938495	-49.9974	-0.00968196	7500	2e+11 0.521469
939	0.00939485	-49.9974	-0.00968196	7500	2e+11 0.52142
940	0.00940476	-49.9974	-0.00968195	7500	2e+11 0.52142
941	0.00941466	-49.9974	-0.00968195	7500	2e+11 0.521518
942	0.00942456	-49.9974	-0.00968195	7500	2e+11 0.521518
943	0.00943447	-49.9974	-0.00968195	7500	2e+11 0.521567
944	0.00944437	-49.9974	-0.00968195	7500	2e+11 0.521567
945	0.00945427	-49.9974	-0.00968195	7500	2e+11 0.52142
946	0.00946418	-49.9974	-0.00968195	7500	2e+11 0.521322
947	0.00947409	-49.9974	-0.00968195	7500	2e+11 0.521665
948	0.00948398	-49.9974	-0.00968195	7500	2e+11 0.521665
949	0.00949389	-49.9974	-0.00968195	7500	2e+11 0.521322
950	0.0095038	-49.9974	-0.00968195	7500	2e+11 0.52142
951	0.0095137	-49.9974	-0.00968195	7500	2e+11 0.521567
952	0.0095236	-49.9974	-0.00968195	7500	2e+11 0.521567
953	0.0095335	-49.9974	-0.00968195	7500	2e+11 0.521518
954	0.00954341	-49.9974	-0.00968195	7500	2e+11 0.521763
955	0.00955331	-49.9974	-0.00968195	7500	2e+11 0.521763
956	0.00956322	-49.9974	-0.00968195	7500	2e+11 0.521665
957	0.00957312	-49.9974	-0.00968195	7500	2e+11 0.521665
958	0.00958302	-49.9974	-0.00968195	7500	2e+11 0.52142
959	0.00959293	-49.9974	-0.00968195	7500	2e+11 0.521665
960	0.00960283	-49.9974	-0.00968195	7500	2e+11 0.521665
961	0.00961273	-49.9974	-0.00968195	7500	2e+11 0.521469
962	0.00962264	-49.9974	-0.00968195	7500	2e+11 0.521469
963	0.00963254	-49.9974	-0.00968195	7500	2e+11 0.521469
964	0.00964245	-49.9974	-0.00968195	7500	2e+11 0.521665
965	0.00965234	-49.9974	-0.00968195	7500	2e+11 0.521665
966	0.00966225	-49.9974	-0.00968195	7500	2e+11 0.521616
967	0.00967215	-49.9974	-0.00968195	7500	2e+11 0.521616
968	0.00968206	-49.9974	-0.00968195	7500	2e+11 0.521616
969	0.00969196	-49.9974	-0.00968195	7500	2e+11 0.521616
970	0.00970187	-49.9973	-0.00968194	7500	2e+11 0.52142
971	0.00971177	-49.9973	-0.00968194	7500	2e+11 0.521714
972	0.00972167	-49.9972	-0.00968191	7500	2e+11 0.521714
973	0.00973157	-49.9968	-0.00968185	7500	2e+11 0.521469
974	0.00974149	-49.996	-0.0096817	7500	2e+11 0.521714
975	0.00975138	-49.9934	-0.0096812	7500	2e+11 0.521714
976	0.00976129	-49.9856	-0.0096797	7500	2e+11 0.521616
977	0.00977119	-49.9608	-0.0096749	7500	2e+11 0.521616
978	0.00978109	-49.9043	-0.00966399	7500	2e+11 0.521469
979	0.009791	-49.7321	-0.00963068	7500	2e+11 0.521469
980	0.0098009	-49.2587	-0.00953907	7500	2e+11 0.521322
981	0.00981081	-48.0442	-0.009304	7500	2e+11 0.521175
982	0.00982072	-46.1531	-0.00893797	7500	2e+11 0.521175
983	0.00983063	-43.6728	-0.00845796	7500	2e+11 0.521028
984	0.00984055	-40.7339	-0.00788934	7500	2e+11 0.52093
985	0.00985047	-37.4454	-0.00725329	7500	2e+11 0.520246
986	0.0098604	-33.9344	-0.0065746	7500	2e+11 0.519953
987	0.00987033	-30.32	-0.00587661	7500	2e+11 0.519953
988	0.00988028	-26.7044	-0.0051794	7500	2e+11 0.519466
989	0.00989022	-23.1811	-0.00450159	7500	2e+11 0.519466
990	0.00990019	-19.8261	-0.00385876	7500	2e+11 0.518349
991	0.00991015	-16.7119	-0.00326594	7500	2e+11 0.518349
992	0.00992012	-13.8667	-0.00273004	7500	2e+11 0.517962
993	0.00993009	-11.3077	-0.00225636	7500	2e+11 0.517962
994	0.00994006	-9.02809	-0.001846	7500	2e+11 0.517768
995	0.00995005	-7.03565	-0.00150429	7500	2e+11 0.51714
996	0.00996004	-5.29403	-0.00122897	7500	2e+11 0.517189
997	0.00997002	-3.77294	-0.00101854	7500	2e+11 0.517189
998	0.00998002	-2.42298	-0.000869225	7500	2e+11 0.516947
999	0.00999	-1.18045	-0.000780385	7500	2e+11 0.516947
1000	0.01	0	-0.00075257	7500	2e+11 0.516658
