0	0	0	0	7500	2e+11 0.516398
1	1e-05	0	0	7500	2e+11 0.516398
2	2e-05	0	0	7500	2e+11 0.516398
3	3e-05	0	0	7500	2e+11 0.516398
4	4e-05	0	0	7500	2e+11 0.516398
5	5e-05	0	0	7500	2e+11 0.516398
6	6e-05	0	0	7500	2e+11 0.516398
7	7e-05	0	0	7500	2e+11 0.516398
8	8e-05	0	0	7500	2e+11 0.516398
9	9e-05	0	0	7500	2e+11 0.516398
10	0.0001	0	0	7500	2e+11 0.516398
11	0.00011	0	0	7500	2e+11 0.516398
12	0.00012	0	0	7500	2e+11 0.516398
13	0.00013	0	0	7500	2e+11 0.516398
14	0.00014	0	0	7500	2e+11 0.516398
15	0.00015	0	0	7500	2e+11 0.516398
16	0.00016	0	0	7500	2e+11 0.516398
17	0.00017	0	0	7500	2e+11 0.516398
18	0.00018	0	0	7500	2e+11 0.516398
19	0.00019	0	0	7500	2e+11 0.516398
20	0.0002	0	0	7500	2e+11 0.516398
21	0.00021	0	0	7500	2e+11 0.516398
22	0.00022	0	0	7500	2e+11 0.516398
23	0.00023	0	0	7500	2e+11 0.516398
24	0.00024	0	0	7500	2e+11 0.516398
25	0.00025	0	0	7500	2e+11 0.516398
26	0.00026	0	0	7500	2e+11 0.516398
27	0.00027	0	0	7500	2e+11 0.516398
28	0.00028	0	0	7500	2e+11 0.516398
29	0.00029	0	0	7500	2e+11 0.516398
30	0.0003	0	0	7500	2e+11 0.516398
31	0.00031	0	0	7500	2e+11 0.516398
32	0.00032	0	0	7500	2e+11 0.516398
33	0.00033	0	0	7500	2e+11 0.516398
34	0.00034	0	0	7500	2e+11 0.516398
35	0.00035	0	0	7500	2e+11 0.516398
36	0.00036	0	0	7500	2e+11 0.516398
37	0.00037	0	0	7500	2e+11 0.516398
38	0.00038	0	0	7500	2e+11 0.516398
39	0.00039	0	0	7500	2e+11 0.516398
40	0.0004	0	0	7500	2e+11 0.516398
41	0.00041	0	0	7500	2e+11 0.516398
42	0.00042	0	0	7500	2e+11 0.516398
43	0.00043	0	0	7500	2e+11 0.516398
44	0.00044	0	0	7500	2e+11 0.516398
45	0.00045	0	0	7500	2e+11 0.516398
46	0.00046	0	0	7500	2e+11 0.516398
47	0.00047	0	0	7500	2e+11 0.516398
48	0.00048	0	0	7500	2e+11 0.516398
49	0.00049	0	0	7500	2e+11 0.5164
50	0.0005	0	0	7500	2e+11 0.5164
51	0.00051	0	0	7500	2e+11 0.516397
52	0.00052	0	0	7500	2e+11 0.5164
53	0.00053	0	0	7500	2e+11 0.5164
54	0.00054	0	0	7500	2e+11 0.516397
55	0.00055	0	0	7500	2e+11 0.5164
56	0.00056	0	0	7500	2e+11 0.5164
57	0.00057	0	0	7500	2e+11 0.516397
58	0.00058	0	0	7500	2e+11 0.516397
59	0.00059	0	0	7500	2e+11 0.5164
60	0.0006	0	0	7500	2e+11 0.5164
61	0.00061	0	0	7500	2e+11 0.516397
62	0.00062	0	0	7500	2e+11 0.5164
63	0.00063	0	0	7500	2e+11 0.5164
64	0.00064	0	0	7500	2e+11 0.516397
65	0.00065	0	0	7500	2e+11 0.5164
66	0.00066	0	0	7500	2e+11 0.5164
67	0.00067	0	0	7500	2e+11 0.516397
68	0.00068	0	0	7500	2e+11 0.5164
69	0.00069	0	0	7500	2e+11 0.5164
70	0.0007	0	0	7500	2e+11 0.516397
71	0.00071	0	0	7500	2e+11 0.516397
72	0.00072	0	0	7500	2e+11 0.5164
73	0.00073	0	0	7500	2e+11 0.5164
74	0.00074	0	0	7500	2e+11 0.516397
75	0.00075	0	0	7500	2e+11 0.5164
76	0.00076	0	0	7500	2e+11 0.5164
77	0.00077	0	0	7500	2e+11 0.516397
78	0.00078	0	0	7500	2e+11 0.5164
79	0.00079	0	0	7500	2e+11 0.5164
80	0.0008	0	0	7500	2e+11 0.516397
81	0.00081	0	0	7500	2e+11 0.5164
82	0.00082	0	0	7500	2e+11 0.5164
83	0.00083	0	0	7500	2e+11 0.516397
84	0.00084	0	0	7500	2e+11 0.5164
85	0.00085	0	0	7500	2e+11 0.5164
86	0.00086	0	0	7500	2e+11 0.516397
87	0.00087	0	0	7500	2e+11 0.5164
88	0.00088	0	0	7500	2e+11 0.5164
89	0.00089	0	0	7500	2e+11 0.516397
90	0.0009	0	0	7500	2e+11 0.516397
91	0.00091	0	0	7500	2e+11 0.5164
92	0.00092	0	0	7500	2e+11 0.5164
93	0.00093	0	0	7500	2e+11 0.516397
94	0.00094	0	0	7500	2e+11 0.5164
95	0.00095	0	0	7500	2e+11 0.5164
96	0.00096	0	0	7500	2e+11 0.516397
97	0.00097	0	0	7500	2e+11 0.516397
98	0.00098	0	0	7500	2e+11 0.5164
99	0.00099	0	0	7500	2e+11 0.5164
100	0.001	0	0	7500	2e+11 0.5164
101	0.00101	0	0	7500	2e+11 0.5164
102	0.00102	0	0	7500	2e+11 0.5164
103	0.00103	0	0	7500	2e+11 0.5164
104	0.00104	0	0	7500	2e+11 0.5164
105	0.00105	0	0	7500	2e+11 0.5164
106	0.00106	0	0	7500	2e+11 0.5164
107	0.00107	0	0	7500	2e+11 0.5164
108	0.00108	0	0	7500	2e+11 0.5164
109	0.00109	0	0	7500	2e+11 0.5164
110	0.0011	0	0	7500	2e+11 0.5164
111	0.00111	0	0	7500	2e+11 0.5164
112	0.00112	0	0	7500	2e+11 0.5164
113	0.00113	0	0	7500	2e+11 0.5164
114	0.00114	0	0	7500	2e+11 0.5164
115	0.00115	0	0	7500	2e+11 0.5164
116	0.00116	0	0	7500	2e+11 0.5164
117	0.00117	0	0	7500	2e+11 0.5164
118	0.00118	0	0	7500	2e+11 0.5164
119	0.00119	0	0	7500	2e+11 0.5164
120	0.0012	0	0	7500	2e+11 0.5164
121	0.00121	0	0	7500	2e+11 0.5164
122	0.00122	0	0	7500	2e+11 0.5164
123	0.00123	0	0	7500	2e+11 0.5164
124	0.00124	0	0	7500	2e+11 0.5164
125	0.00125	0	0	7500	2e+11 0.5164
126	0.00126	0	0	7500	2e+11 0.5164
127	0.00127	0	0	7500	2e+11 0.5164
128	0.00128	0	0	7500	2e+11 0.5164
129	0.00129	0	0	7500	2e+11 0.5164
130	0.0013	0	0	7500	2e+11 0.5164
131	0.00131	0	0	7500	2e+11 0.5164
132	0.00132	0	0	7500	2e+11 0.5164
133	0.00133	0	0	7500	2e+11 0.5164
134	0.00134	0	0	7500	2e+11 0.5164
135	0.00135	0	0	7500	2e+11 0.5164
136	0.00136	0	0	7500	2e+11 0.5164
137	0.00137	0	0	7500	2e+11 0.5164
138	0.00138	0	0	7500	2e+11 0.5164
139	0.00139	0	0	7500	2e+11 0.5164
140	0.0014	0	0	7500	2e+11 0.5164
141	0.00141	0	0	7500	2e+11 0.5164
142	0.00142	0	0	7500	2e+11 0.5164
143	0.00143	0	0	7500	2e+11 0.5164
144	0.00144	0	0	7500	2e+11 0.5164
145	0.00145	0	0	7500	2e+11 0.5164
146	0.00146	0	0	7500	2e+11 0.5164
147	0.00147	0	0	7500	2e+11 0.5164
148	0.00148	0	0	7500	2e+11 0.5164
149	0.00149	0	0	7500	2e+11 0.5164
150	0.0015	0	0	7500	2e+11 0.5164
151	0.00151	0	0	7500	2e+11 0.5164
152	0.00152	0	0	7500	2e+11 0.5164
153	0.00153	0	0	7500	2e+11 0.5164
154	0.00154	0	0	7500	2e+11 0.5164
155	0.00155	0	0	7500	2e+11 0.5164
156	0.00156	0	0	7500	2e+11 0.5164
157	0.00157	0	0	7500	2e+11 0.5164
158	0.00158	0	0	7500	2e+11 0.5164
159	0.00159	0	0	7500	2e+11 0.5164
160	0.0016	0	0	7500	2e+11 0.5164
161	0.00161	0	0	7500	2e+11 0.5164
162	0.00162	0	0	7500	2e+11 0.5164
163	0.00163	0	0	7500	2e+11 0.5164
164	0.00164	0	0	7500	2e+11 0.5164
165	0.00165	0	0	7500	2e+11 0.5164
166	0.00166	0	0	7500	2e+11 0.5164
167	0.00167	0	0	7500	2e+11 0.5164
168	0.00168	0	0	7500	2e+11 0.5164
169	0.00169	0	0	7500	2e+11 0.5164
170	0.0017	0	0	7500	2e+11 0.5164
171	0.00171	0	0	7500	2e+11 0.5164
172	0.00172	0	0	7500	2e+11 0.5164
173	0.00173	0	0	7500	2e+11 0.5164
174	0.00174	0	0	7500	2e+11 0.5164
175	0.00175	0	0	7500	2e+11 0.5164
176	0.00176	0	0	7500	2e+11 0.5164
177	0.00177	0	0	7500	2e+11 0.5164
178	0.00178	0	0	7500	2e+11 0.5164
179	0.00179	0	0	7500	2e+11 0.5164
180	0.0018	0	0	7500	2e+11 0.5164
181	0.00181	0	0	7500	2e+11 0.5164
182	0.00182	0	0	7500	2e+11 0.5164
183	0.00183	0	0	7500	2e+11 0.5164
184	0.00184	0	0	7500	2e+11 0.5164
185	0.00185	0	0	7500	2e+11 0.5164
186	0.00186	0	0	7500	2e+11 0.5164
187	0.00187	0	0	7500	2e+11 0.5164
188	0.00188	0	0	7500	2e+11 0.5164
189	0.00189	0	0	7500	2e+11 0.5164
190	0.0019	0	0	7500	2e+11 0.5164
191	0.00191	0	0	7500	2e+11 0.5164
192	0.00192	0	0	7500	2e+11 0.5164
193	0.00193	0	0	7500	2e+11 0.5164
194	0.00194	0	0	7500	2e+11 0.5164
195	0.00195	0	0	7500	2e+11 0.5164
196	0.00196	0	0	7500	2e+11 0.516406
197	0.00197	0	0	7500	2e+11 0.516406
198	0.00198	0	0	7500	2e+11 0.516394
199	0.00199	0	0	7500	2e+11 0.516406
200	0.002	0	0	7500	2e+11 0.516406
201	0.00201	0	0	7500	2e+11 0.516394
202	0.00202	0	0	7500	2e+11 0.516406
203	0.00203	0	0	7500	2e+11 0.516406
204	0.00204	0	0	7500	2e+11 0.516394
205	0.00205	0	0	7500	2e+11 0.516406
206	0.00206	0	0	7500	2e+11 0.516406
207	0.00207	0	0	7500	2e+11 0.516394
208	0.00208	0	0	7500	2e+11 0.516406
209	0.00209	0	0	7500	2e+11 0.516406
210	0.0021	0	0	7500	2e+11 0.516394
211	0.00211	0	0	7500	2e+11 0.516406
212	0.00212	0	0	7500	2e+11 0.516406
213	0.00213	0	0	7500	2e+11 0.516394
214	0.00214	0	0	7500	2e+11 0.516406
215	0.00215	0	0	7500	2e+11 0.516406
216	0.00216	0	0	7500	2e+11 0.516394
217	0.00217	0	0	7500	2e+11 0.516406
218	0.00218	0	0	7500	2e+11 0.516406
219	0.00219	0	0	7500	2e+11 0.516394
220	0.0022	0	0	7500	2e+11 0.516406
221	0.00221	0	0	7500	2e+11 0.516406
222	0.00222	0	0	7500	2e+11 0.516394
223	0.00223	0	0	7500	2e+11 0.516406
224	0.00224	0	0	7500	2e+11 0.516406
225	0.00225	0	0	7500	2e+11 0.516394
226	0.00226	0	0	7500	2e+11 0.516394
227	0.00227	0	0	7500	2e+11 0.516406
228	0.00228	0	0	7500	2e+11 0.516406
229	0.00229	0	0	7500	2e+11 0.516394
230	0.0023	0	0	7500	2e+11 0.516406
231	0.00231	0	0	7500	2e+11 0.516406
232	0.00232	0	0	7500	2e+11 0.516394
233	0.00233	0	0	7500	2e+11 0.516406
234	0.00234	0	0	7500	2e+11 0.516406
235	0.00235	0	0	7500	2e+11 0.516394
236	0.00236	0	0	7500	2e+11 0.516406
237	0.00237	0	0	7500	2e+11 0.516406
238	0.00238	0	0	7500	2e+11 0.516394
239	0.00239	0	0	7500	2e+11 0.516406
240	0.0024	0	0	7500	2e+11 0.516406
241	0.00241	0	0	7500	2e+11 0.516394
242	0.00242	0	0	7500	2e+11 0.516406
243	0.00243	0	0	7500	2e+11 0.516406
244	0.00244	0	0	7500	2e+11 0.516394
245	0.00245	0	0	7500	2e+11 0.516406
246	0.00246	0	0	7500	2e+11 0.516406
247	0.00247	0	0	7500	2e+11 0.516394
248	0.00248	0	0	7500	2e+11 0.516406
249	0.00249	0	0	7500	2e+11 0.516406
250	0.0025	0	0	7500	2e+11 0.516394
251	0.00251	0	0	7500	2e+11 0.516406
252	0.00252	0	0	7500	2e+11 0.516406
253	0.00253	0	0	7500	2e+11 0.516394
254	0.00254	0	0	7500	2e+11 0.516406
255	0.00255	0	0	7500	2e+11 0.516406
256	0.00256	0	0	7500	2e+11 0.516394
257	0.00257	0	0	7500	2e+11 0.516406
258	0.00258	0	0	7500	2e+11 0.516406
259	0.00259	0	0	7500	2e+11 0.516394
260	0.0026	0	0	7500	2e+11 0.516406
261	0.00261	0	0	7500	2e+11 0.516406
262	0.00262	0	0	7500	2e+11 0.516394
263	0.00263	0	0	7500	2e+11 0.516406
264	0.00264	0	0	7500	2e+11 0.516406
265	0.00265	0	0	7500	2e+11 0.516394
266	0.00266	0	0	7500	2e+11 0.516406
267	0.00267	0	0	7500	2e+11 0.516406
268	0.00268	0	0	7500	2e+11 0.516394
269	0.00269	0	0	7500	2e+11 0.516406
270	0.0027	0	0	7500	2e+11 0.516406
271	0.00271	0	0	7500	2e+11 0.516394
272	0.00272	0	0	7500	2e+11 0.516406
273	0.00273	0	0	7500	2e+11 0.516406
274	0.00274	0	0	7500	2e+11 0.516394
275	0.00275	0	0	7500	2e+11 0.516406
276	0.00276	0	0	7500	2e+11 0.516406
277	0.00277	0	0	7500	2e+11 0.516394
278	0.00278	0	0	7500	2e+11 0.516406
279	0.00279	0	0	7500	2e+11 0.516406
280	0.0028	0	0	7500	2e+11 0.516394
281	0.00281	0	0	7500	2e+11 0.516406
282	0.00282	0	0	7500	2e+11 0.516406
283	0.00283	0	0	7500	2e+11 0.516394
284	0.00284	0	0	7500	2e+11 0.516406
285	0.00285	0	0	7500	2e+11 0.516406
286	0.00286	0	0	7500	2e+11 0.516394
287	0.00287	0	0	7500	2e+11 0.516394
288	0.00288	0	0	7500	2e+11 0.516406
289	0.00289	0	0	7500	2e+11 0.516406
290	0.0029	0	0	7500	2e+11 0.516394
291	0.00291	0	0	7500	2e+11 0.516406
292	0.00292	0	0	7500	2e+11 0.516406
293	0.00293	0	0	7500	2e+11 0.516394
294	0.00294	0	0	7500	2e+11 0.516406
295	0.00295	0	0	7500	2e+11 0.516406
296	0.00296	0	0	7500	2e+11 0.516394
297	0.00297	0	0	7500	2e+11 0.516406
298	0.00298	0	0	7500	2e+11 0.516406
299	0.00299	0	0	7500	2e+11 0.516394
300	0.003	0	0	7500	2e+11 0.516406
301	0.00301	0	0	7500	2e+11 0.516406
302	0.00302	0	0	7500	2e+11 0.516394
303	0.00303	0	0	7500	2e+11 0.516406
304	0.00304	0	0	7500	2e+11 0.516406
305	0.00305	0	0	7500	2e+11 0.516394
306	0.00306	0	0	7500	2e+11 0.516406
307	0.00307	0	0	7500	2e+11 0.516406
308	0.00308	0	0	7500	2e+11 0.516394
309	0.00309	0	0	7500	2e+11 0.516406
310	0.0031	0	0	7500	2e+11 0.516406
311	0.00311	0	0	7500	2e+11 0.516394
312	0.00312	0	0	7500	2e+11 0.516406
313	0.00313	0	0	7500	2e+11 0.516406
314	0.00314	0	0	7500	2e+11 0.516394
315	0.00315	0	0	7500	2e+11 0.516406
316	0.00316	0	0	7500	2e+11 0.516406
317	0.00317	0	0	7500	2e+11 0.516394
318	0.00318	0	0	7500	2e+11 0.516406
319	0.00319	0	0	7500	2e+11 0.516406
320	0.0032	0	0	7500	2e+11 0.516394
321	0.00321	0	0	7500	2e+11 0.516406
322	0.00322	0	0	7500	2e+11 0.516406
323	0.00323	0	0	7500	2e+11 0.516394
324	0.00324	0	0	7500	2e+11 0.516406
325	0.00325	0	0	7500	2e+11 0.516406
326	0.00326	0	0	7500	2e+11 0.516394
327	0.00327	0	0	7500	2e+11 0.516406
328	0.00328	0	0	7500	2e+11 0.516406
329	0.00329	0	0	7500	2e+11 0.516394
330	0.0033	0	0	7500	2e+11 0.516406
331	0.00331	0	0	7500	2e+11 0.516406
332	0.00332	0	0	7500	2e+11 0.516394
333	0.00333	0	0	7500	2e+11 0.516406
334	0.00334	0	0	7500	2e+11 0.516406
335	0.00335	0	0	7500	2e+11 0.516394
336	0.00336	0	0	7500	2e+11 0.516406
337	0.00337	0	0	7500	2e+11 0.516406
338	0.00338	0	0	7500	2e+11 0.516394
339	0.00339	0	0	7500	2e+11 0.516406
340	0.0034	0	0	7500	2e+11 0.516406
341	0.00341	0	0	7500	2e+11 0.516394
342	0.00342	0	0	7500	2e+11 0.516406
343	0.00343	0	0	7500	2e+11 0.516406
344	0.00344	0	0	7500	2e+11 0.516394
345	0.00345	0	0	7500	2e+11 0.516406
346	0.00346	0	0	7500	2e+11 0.516406
347	0.00347	0	0	7500	2e+11 0.516394
348	0.00348	0	0	7500	2e+11 0.516406
349	0.00349	0	0	7500	2e+11 0.516406
350	0.0035	0	0	7500	2e+11 0.516394
351	0.00351	0	0	7500	2e+11 0.516406
352	0.00352	0	0	7500	2e+11 0.516406
353	0.00353	0	0	7500	2e+11 0.516394
354	0.00354	0	0	7500	2e+11 0.516394
355	0.00355	0	0	7500	2e+11 0.516406
356	0.00356	0	0	7500	2e+11 0.516406
357	0.00357	0	0	7500	2e+11 0.516394
358	0.00358	0	0	7500	2e+11 0.516406
359	0.00359	0	0	7500	2e+11 0.516406
360	0.0036	0	0	7500	2e+11 0.516394
361	0.00361	0	0	7500	2e+11 0.516406
362	0.00362	0	0	7500	2e+11 0.516406
363	0.00363	0	0	7500	2e+11 0.516394
364	0.00364	0	0	7500	2e+11 0.516406
365	0.00365	0	0	7500	2e+11 0.516406
366	0.00366	0	0	7500	2e+11 0.516394
367	0.00367	0	0	7500	2e+11 0.516406
368	0.00368	0	0	7500	2e+11 0.516406
369	0.00369	0	0	7500	2e+11 0.516394
370	0.0037	0	0	7500	2e+11 0.516406
371	0.00371	0	0	7500	2e+11 0.516406
372	0.00372	0	0	7500	2e+11 0.516394
373	0.00373	0	0	7500	2e+11 0.516406
374	0.00374	0	0	7500	2e+11 0.516406
375	0.00375	0	0	7500	2e+11 0.516394
376	0.00376	0	0	7500	2e+11 0.516406
377	0.00377	0	0	7500	2e+11 0.516406
378	0.00378	0	0	7500	2e+11 0.516394
379	0.00379	0	0	7500	2e+11 0.516406
380	0.0038	0	0	7500	2e+11 0.516406
381	0.00381	0	0	7500	2e+11 0.516394
382	0.00382	0	0	7500	2e+11 0.516406
383	0.00383	0	0	7500	2e+11 0.516406
384	0.00384	0	0	7500	2e+11 0.516394
385	0.00385	0	0	7500	2e+11 0.516406
386	0.00386	0	0	7500	2e+11 0.516406
387	0.00387	0	0	7500	2e+11 0.516394
388	0.00388	0	0	7500	2e+11 0.516406
389	0.00389	0	0	7500	2e+11 0.516406
390	0.0039	0	0	7500	2e+11 0.516394
391	0.00391	0	0	7500	2e+11 0.516394
392	0.00392	0	0	7500	2e+11 0.516394
393	0.00393	0	0	7500	2e+11 0.516418
394	0.00394	0	0	7500	2e+11 0.516418
395	0.00395	0	0	7500	2e+11 0.516394
396	0.00396	0	0	7500	2e+11 0.516394
397	0.00397	0	0	7500	2e+11 0.516394
398	0.00398	0	0	7500	2e+11 0.516394
399	0.00399	0	0	7500	2e+11 0.516418
400	0.004	0	0	7500	2e+11 0.516418
401	0.00401	0	0	7500	2e+11 0.516394
402	0.00402	0	0	7500	2e+11 0.516394
403	0.00403	0	0	7500	2e+11 0.516394
404	0.00404	0	0	7500	2e+11 0.516394
405	0.00405	0	0	7500	2e+11 0.516418
406	0.00406	0	0	7500	2e+11 0.516418
407	0.00407	0	0	7500	2e+11 0.516394
408	0.00408	0	0	7500	2e+11 0.516394
409	0.00409	0	0	7500	2e+11 0.516394
410	0.0041	0	0	7500	2e+11 0.516394
411	0.00411	0	0	7500	2e+11 0.516418
412	0.00412	0	0	7500	2e+11 0.516418
413	0.00413	0	0	7500	2e+11 0.516394
414	0.00414	0	0	7500	2e+11 0.516394
415	0.00415	0	0	7500	2e+11 0.516394
416	0.00416	0	0	7500	2e+11 0.516394
417	0.00417	0	0	7500	2e+11 0.516418
418	0.00418	0	0	7500	2e+11 0.516418
419	0.00419	0	0	7500	2e+11 0.516394
420	0.0042	0	0	7500	2e+11 0.516394
421	0.00421	0	0	7500	2e+11 0.516394
422	0.00422	0	0	7500	2e+11 0.516394
423	0.00423	0	0	7500	2e+11 0.516418
424	0.00424	0	0	7500	2e+11 0.516418
425	0.00425	0	0	7500	2e+11 0.516394
426	0.00426	0	0	7500	2e+11 0.516394
427	0.00427	0	0	7500	2e+11 0.516394
428	0.00428	0	0	7500	2e+11 0.516394
429	0.00429	0	0	7500	2e+11 0.516418
430	0.0043	0	0	7500	2e+11 0.516418
431	0.00431	0	0	7500	2e+11 0.516394
432	0.00432	0	0	7500	2e+11 0.516394
433	0.00433	0	0	7500	2e+11 0.516394
434	0.00434	0	0	7500	2e+11 0.516394
435	0.00435	0	0	7500	2e+11 0.516418
436	0.00436	0	0	7500	2e+11 0.516418
437	0.00437	0	0	7500	2e+11 0.516394
438	0.00438	0	0	7500	2e+11 0.516394
439	0.00439	0	0	7500	2e+11 0.516394
440	0.0044	0	0	7500	2e+11 0.516394
441	0.00441	0	0	7500	2e+11 0.516418
442	0.00442	0	0	7500	2e+11 0.516418
443	0.00443	0	0	7500	2e+11 0.516394
444	0.00444	0	0	7500	2e+11 0.516394
445	0.00445	0	0	7500	2e+11 0.516394
446	0.00446	0	0	7500	2e+11 0.516394
447	0.00447	0	0	7500	2e+11 0.516418
448	0.00448	0	0	7500	2e+11 0.516418
449	0.00449	0	0	7500	2e+11 0.516394
450	0.0045	0	0	7500	2e+11 0.516394
451	0.00451	0	0	7500	2e+11 0.516394
452	0.00452	0	0	7500	2e+11 0.516394
453	0.00453	0	0	7500	2e+11 0.516394
454	0.00454	0	0	7500	2e+11 0.516418
455	0.00455	0	0	7500	2e+11 0.516418
456	0.00456	0	0	7500	2e+11 0.516394
457	0.00457	0	0	7500	2e+11 0.516394
458	0.00458	0	0	7500	2e+11 0.516394
459	0.00459	0	0	7500	2e+11 0.516394
460	0.0046	0	0	7500	2e+11 0.516418
461	0.00461	0	0	7500	2e+11 0.516418
462	0.00462	0	0	7500	2e+11 0.516394
463	0.00463	0	0	7500	2e+11 0.516394
464	0.00464	0	0	7500	2e+11 0.516394
465	0.00465	0	0	7500	2e+11 0.516394
466	0.00466	0	0	7500	2e+11 0.516418
467	0.00467	0	0	7500	2e+11 0.516418
468	0.00468	0	0	7500	2e+11 0.516394
469	0.00469	0	0	7500	2e+11 0.516394
470	0.0047	0	0	7500	2e+11 0.516394
471	0.00471	0	0	7500	2e+11 0.516394
472	0.00472	0	0	7500	2e+11 0.516418
473	0.00473	0	0	7500	2e+11 0.516418
474	0.00474	0	0	7500	2e+11 0.516394
475	0.00475	0	0	7500	2e+11 0.516394
476	0.00476	0	0	7500	2e+11 0.516394
477	0.00477	0	0	7500	2e+11 0.516394
478	0.00478	0	0	7500	2e+11 0.516418
479	0.00479	0	0	7500	2e+11 0.516418
480	0.0048	0	0	7500	2e+11 0.516394
481	0.00481	0	0	7500	2e+11 0.516394
482	0.00482	0	0	7500	2e+11 0.516394
483	0.00483	0	0	7500	2e+11 0.516394
484	0.00484	0	0	7500	2e+11 0.516418
485	0.00485	0	0	7500	2e+11 0.516418
486	0.00486	0	0	7500	2e+11 0.516394
487	0.00487	0	0	7500	2e+11 0.516394
488	0.00488	0	0	7500	2e+11 0.516394
489	0.00489	0	0	7500	2e+11 0.516394
490	0.0049	0	0	7500	2e+11 0.516418
491	0.00491	0	0	7500	2e+11 0.516418
492	0.00492	0	0	7500	2e+11 0.516394
493	0.00493	7.2362e-37	1.40128e-40	7500	2e+11 0.516394
494	0.00494	8.68346e-36	1.68155e-39	7500	2e+11 0.516394
495	0.00495	1.88142e-34	3.64335e-38	7500	2e+11 0.516394
496	0.00496	3.23836e-33	6.27106e-37	7500	2e+11 0.516418
497	0.00497	4.7267e-32	9.15321e-36	7500	2e+11 0.516418
498	0.00498	5.4272e-31	1.05097e-34	7500	2e+11 0.516394
499	0.00499	4.98015e-30	9.64401e-34	7500	2e+11 0.516394
500	0.005	2.63954e-29	5.11145e-33	7500	2e+11 0.516394
501	0.00501	1.34208e-28	2.59892e-32	7500	2e+11 0.516394
502	0.00502	6.38902e-28	1.23723e-31	7500	2e+11 0.516418
503	0.00503	2.3988e-27	4.64525e-31	7500	2e+11 0.516418
504	0.00504	7.91987e-27	1.53368e-30	7500	2e+11 0.516394
505	0.00505	2.36649e-26	4.58268e-30	7500	2e+11 0.516394
506	0.00506	8.73482e-26	1.69149e-29	7500	2e+11 0.516394
507	0.00507	3.1173e-25	6.03662e-29	7500	2e+11 0.516394
508	0.00508	8.75844e-25	1.69606e-28	7500	2e+11 0.516418
509	0.00509	2.80773e-24	5.43715e-28	7500	2e+11 0.516418
510	0.0051	9.23464e-24	1.78828e-27	7500	2e+11 0.516394
511	0.00511	2.98556e-23	5.78151e-27	7500	2e+11 0.516394
512	0.00512	8.96177e-23	1.73544e-26	7500	2e+11 0.516394
513	0.00513	3.10202e-22	6.00704e-26	7500	2e+11 0.516394
514	0.00514	7.0625e-22	1.36765e-25	7500	2e+11 0.516394
515	0.00515	2.13733e-21	4.13892e-25	7500	2e+11 0.516418
516	0.00516	7.0377e-21	1.36285e-24	7500	2e+11 0.516418
517	0.00517	2.20677e-20	4.27339e-24	7500	2e+11 0.516394
518	0.00518	7.02979e-20	1.36131e-23	7500	2e+11 0.516394
519	0.00519	1.85573e-19	3.59361e-23	7500	2e+11 0.516394
520	0.0052	6.2646e-19	1.21314e-22	7500	2e+11 0.516394
521	0.00521	1.55921e-18	3.0194e-22	7500	2e+11 0.516418
522	0.00522	5.5244e-18	1.0698e-21	7500	2e+11 0.516418
523	0.00523	1.65217e-17	3.19941e-21	7500	2e+11 0.516394
524	0.00524	5.34312e-17	1.03469e-20	7500	2e+11 0.516394
525	0.00525	1.4616e-16	2.83037e-20	7500	2e+11 0.516394
526	0.00526	5.11285e-16	9.901e-20	7500	2e+11 0.516394
527	0.00527	1.42462e-15	2.75876e-19	7500	2e+11 0.516418
528	0.00528	4.17819e-15	8.09104e-19	7500	2e+11 0.516418
529	0.00529	1.06427e-14	2.06095e-18	7500	2e+11 0.516394
530	0.0053	3.30794e-14	6.40579e-18	7500	2e+11 0.516394
531	0.00531	9.91722e-14	1.92046e-17	7500	2e+11 0.516394
532	0.00532	2.61646e-13	5.06675e-17	7500	2e+11 0.516394
533	0.00533	7.93746e-13	1.53708e-16	7500	2e+11 0.516418
534	0.00534	2.43278e-12	4.71106e-16	7500	2e+11 0.516418
535	0.00535	6.62483e-12	1.28289e-15	7500	2e+11 0.516394
536	0.00536	1.6275e-11	3.15165e-15	7500	2e+11 0.516394
537	0.00537	5.17094e-11	1.00135e-14	7500	2e+11 0.516394
538	0.00538	1.18125e-10	2.28748e-14	7500	2e+11 0.516394
539	0.00539	3.85417e-10	7.46356e-14	7500	2e+11 0.516418
540	0.0054	1.24864e-09	2.41798e-13	7500	2e+11 0.516418
541	0.00541	2.97294e-09	5.75707e-13	7500	2e+11 0.516394
542	0.00542	9.1136e-09	1.76484e-12	7500	2e+11 0.516394
543	0.00543	2.33329e-08	4.51839e-12	7500	2e+11 0.516394
544	0.00544	6.41393e-08	1.24205e-11	7500	2e+11 0.516394
545	0.00545	1.92492e-07	3.7276e-11	7500	2e+11 0.516418
546	0.00546	5.23695e-07	1.01413e-10	7500	2e+11 0.516418
547	0.00547	1.48933e-06	2.88407e-10	7500	2e+11 0.516394
548	0.00548	3.41747e-06	6.61791e-10	7500	2e+11 0.516394
549	0.00549	1.29328e-05	2.50442e-09	7500	2e+11 0.516394
550	0.0055	3.68433e-05	7.13467e-09	7500	2e+11 0.516394
551	0.00551	8.42221e-05	1.63095e-08	7500	2e+11 0.516418
552	0.00552	0.000285387	5.5265e-08	7500	2e+11 0.516418
553	0.00553	0.000895426	1.73399e-07	7500	2e+11 0.516394
554	0.00554	0.00246424	4.77198e-07	7500	2e+11 0.516394
555	0.00555	0.00724661	1.4033e-06	7500	2e+11 0.516394
556	0.00556	0.0167518	3.24397e-06	7500	2e+11 0.516394
557	0.00557	0.0482864	9.35062e-06	7500	2e+11 0.516418
558	0.00558	0.142902	2.76729e-05	7500	2e+11 0.516418
559	0.00559	0.366056	7.08865e-05	7500	2e+11 0.51637
560	0.0056	1.01775	0.000197087	7500	2e+11 0.51637
561	0.00561	3.2746	0.000634124	7500	2e+11 0.51625
562	0.00562001	7.40448	0.00143387	7500	2e+11 0.515961
563	0.00563003	12.9216	0.00250225	7500	2e+11 0.515577
564	0.00564006	19.1457	0.00370756	7500	2e+11 0.514979
565	0.0056501	25.4329	0.00492506	7500	2e+11 0.514358
566	0.00566015	31.2795	0.00605724	7500	2e+11 0.513738
567	0.00567021	36.3106	0.00703152	7500	2e+11 0.513215
568	0.00568028	40.4025	0.0078239	7500	2e+11 0.512693
569	0.00569036	43.5657	0.00843646	7500	2e+11 0.512338
570	0.00570044	45.8563	0.00888003	7500	2e+11 0.512101
571	0.00571053	47.4281	0.00918441	7500	2e+11 0.511841
572	0.00572063	48.4673	0.00938566	7500	2e+11 0.511653
573	0.00573072	49.123	0.00951263	7500	2e+11 0.511582
574	0.00574082	49.5174	0.009589	7500	2e+11 0.511535
575	0.00575091	49.7444	0.00963296	7500	2e+11 0.511487
576	0.00576101	49.8704	0.00965736	7500	2e+11 0.511558
577	0.0057711	49.9373	0.00967033	7500	2e+11 0.511558
578	0.0057812	49.9714	0.00967691	7500	2e+11 0.511464
579	0.0057913	49.9881	0.00968015	7500	2e+11 0.511487
580	0.00580139	49.9961	0.00968171	7500	2e+11 0.511487
581	0.00581149	49.9998	0.00968242	7500	2e+11 0.511511
582	0.00582159	50.0014	0.00968274	7500	2e+11 0.511511
583	0.00583168	50.0021	0.00968287	7500	2e+11 0.511464
584	0.00584178	50.0024	0.00968293	7500	2e+11 0.511487
585	0.00585187	50.0025	0.00968295	7500	2e+11 0.511487
586	0.00586197	50.0026	0.00968296	7500	2e+11 0.51144
587	0.00587207	50.0026	0.00968296	7500	2e+11 0.511605
588	0.00588216	50.0026	0.00968296	7500	2e+11 0.511605
589	0.00589226	50.0026	0.00968296	7500	2e+11 0.511487
590	0.00590235	50.0026	0.00968296	7500	2e+11 0.511464
591	0.00591245	50.0026	0.00968296	7500	2e+11 0.511487
592	0.00592255	50.0026	0.00968296	7500	2e+11 0.511487
593	0.00593264	50.0026	0.00968296	7500	2e+11 0.511511
594	0.00594274	50.0026	0.00968296	7500	2e+11 0.511582
595	0.00595283	50.0026	0.00968296	7500	2e+11 0.511582
596	0.00596293	50.0026	0.00968296	7500	2e+11 0.51144
597	0.00597303	50.0026	0.00968296	7500	2e+11 0.511487
598	0.00598312	50.0026	0.00968296	7500	2e+11 0.511487
599	0.00599322	50.0026	0.00968296	7500	2e+11 0.511487
600	0.00600332	50.0026	0.00968296	7500	2e+11 0.511511
601	0.00601341	50.0026	0.00968296	7500	2e+11 0.511535
602	0.00602351	50.0026	0.00968296	7500	2e+11 0.511535
603	0.0060336	50.0026	0.00968296	7500	2e+11 0.511558
604	0.0060437	50.0026	0.00968296	7500	2e+11 0.511558
605	0.0060538	50.0026	0.00968296	7500	2e+11 0.511487
606	0.00606389	50.0026	0.00968296	7500	2e+11 0.511511
607	0.00607399	50.0026	0.00968296	7500	2e+11 0.511535
608	0.00608408	50.0026	0.00968296	7500	2e+11 0.511535
609	0.00609418	50.0026	0.00968296	7500	2e+11 0.511558
610	0.00610428	50.0026	0.00968296	7500	2e+11 0.511558
611	0.00611437	50.0026	0.00968296	7500	2e+11 0.511487
612	0.00612447	50.0026	0.00968296	7500	2e+11 0.511487
613	0.00613456	50.0026	0.00968296	7500	2e+11 0.511535
614	0.00614466	50.0026	0.00968296	7500	2e+11 0.511535
615	0.00615475	50.0026	0.00968296	7500	2e+11 0.511511
616	0.00616485	50.0026	0.00968296	7500	2e+11 0.511511
617	0.00617495	50.0026	0.00968296	7500	2e+11 0.511511
618	0.00618504	50.0026	0.00968296	7500	2e+11 0.511535
619	0.00619514	50.0026	0.00968296	7500	2e+11 0.511535
620	0.00620523	50.0026	0.00968296	7500	2e+11 0.511511
621	0.00621533	50.0026	0.00968296	7500	2e+11 0.511487
622	0.00622543	50.0026	0.00968296	7500	2e+11 0.511558
623	0.00623552	50.0026	0.00968296	7500	2e+11 0.511558
624	0.00624562	50.0026	0.00968296	7500	2e+11 0.511511
625	0.00625571	50.0026	0.00968296	7500	2e+11 0.511558
626	0.00626581	50.0026	0.00968296	7500	2e+11 0.511558
627	0.0062759	50.0026	0.00968296	7500	2e+11 0.511535
628	0.006286	50.0026	0.00968296	7500	2e+11 0.511511
629	0.00629609	50.0026	0.00968296	7500	2e+11 0.511511
630	0.00630619	50.0026	0.00968296	7500	2e+11 0.511558
631	0.00631628	50.0026	0.00968296	7500	2e+11 0.511558
632	0.00632638	50.0026	0.00968296	7500	2e+11 0.511605
633	0.00633647	50.0026	0.00968296	7500	2e+11 0.511605
634	0.00634657	50.0026	0.00968296	7500	2e+11 0.511558
635	0.00635666	50.0026	0.00968296	7500	2e+11 0.511558
636	0.00636676	50.0026	0.00968296	7500	2e+11 0.511558
637	0.00637685	50.0026	0.00968296	7500	2e+11 0.511605
638	0.00638695	50.0026	0.00968296	7500	2e+11 0.511605
639	0.00639704	50.0026	0.00968296	7500	2e+11 0.511605
640	0.00640714	50.0026	0.00968296	7500	2e+11 0.511605
641	0.00641723	50.0026	0.00968296	7500	2e+11 0.511605
642	0.00642733	50.0026	0.00968296	7500	2e+11 0.511747
643	0.00643742	50.0026	0.00968295	7500	2e+11 0.511747
644	0.00644751	50.0026	0.00968295	7500	2e+11 0.511747
645	0.0064576	50.0026	0.00968296	7500	2e+11 0.511747
646	0.00646769	50.0026	0.00968295	7500	2e+11 0.511794
647	0.00647778	50.0026	0.00968295	7500	2e+11 0.511794
648	0.00648787	50.0026	0.00968295	7500	2e+11 0.511912
649	0.00649796	50.0025	0.00968295	7500	2e+11 0.512172
650	0.00650804	50.0025	0.00968295	7500	2e+11 0.512172
651	0.0065182	50.0025	0.00968293	7500	2e+11 0.512054
652	0.00652829	50.0023	0.00968289	7500	2e+11 0.512054
653	0.00653837	50.0018	0.0096828	7500	2e+11 0.511889
654	0.00654847	50.0002	0.00968251	7500	2e+11 0.511747
655	0.00655856	49.9977	0.00968202	7500	2e+11 0.511747
656	0.00656865	49.9849	0.00967954	7500	2e+11 0.5117
657	0.00657874	49.9536	0.00967347	7500	2e+11 0.511653
658	0.00658884	49.8602	0.00965539	7500	2e+11 0.511653
659	0.00659893	49.5919	0.00960343	7500	2e+11 0.511653
660	0.00660902	49.0297	0.00949456	7500	2e+11 0.511676
661	0.00661912	46.5766	0.00901952	7500	2e+11 0.511983
662	0.0066292	41.8473	0.0081037	7500	2e+11 0.512433
663	0.00663928	35.4518	0.00686521	7500	2e+11 0.513025
664	0.00664935	28.3929	0.00549825	7500	2e+11 0.513715
665	0.0066594	21.53	0.00416926	7500	2e+11 0.514382
666	0.00666944	15.5088	0.00300327	7500	2e+11 0.514955
667	0.00667946	10.6521	0.00206278	7500	2e+11 0.515554
668	0.00668948	7.00322	0.00135617	7500	2e+11 0.515769
669	0.00669949	4.4102	0.000854032	7500	2e+11 0.515961
670	0.0067095	2.67172	0.000517377	7500	2e+11 0.51625
671	0.0067195	1.55449	0.000301026	7500	2e+11 0.51625
672	0.00672951	0.866826	0.00016786	7500	2e+11 0.516298
673	0.00673951	0.467742	9.05778e-05	7500	2e+11 0.51649
674	0.00674951	0.242587	4.69769e-05	7500	2e+11 0.51649
675	0.00675951	0.121093	2.34496e-05	7500	2e+11 0.51637
676	0.00676951	0.0582583	1.12817e-05	7500	2e+11 0.51637
677	0.00677951	0.0271517	5.2579e-06	7500	2e+11 0.516442
678	0.00678951	0.012254	2.37297e-06	7500	2e+11 0.516442
679	0.00679951	0.0053438	1.03482e-06	7500	2e+11 0.516442
680	0.00680951	0.00225191	4.36081e-07	7500	2e+11 0.516442
681	0.00681951	0.000922201	1.78583e-07	7500	2e+11 0.516394
682	0.00682951	0.00036297	7.02889e-08	7500	2e+11 0.516394
683	0.00683951	0.000136597	2.64519e-08	7500	2e+11 0.51637
684	0.00684952	4.93264e-05	9.55201e-09	7500	2e+11 0.516346
685	0.00685952	1.70806e-05	3.30764e-09	7500	2e+11 0.516346
686	0.00686952	5.65597e-06	1.09527e-09	7500	2e+11 0.51637
687	0.00687952	1.77156e-06	3.43061e-10	7500	2e+11 0.516442
688	0.00688952	5.25618e-07	1.01785e-10	7500	2e+11 0.516442
689	0.00689952	1.47709e-07	2.86038e-11	7500	2e+11 0.516418
690	0.00690952	3.81853e-08	7.39455e-12	7500	2e+11 0.516418
691	0.00691952	9.16922e-09	1.77561e-12	7500	2e+11 0.516442
692	0.00692952	2.09819e-09	4.06314e-13	7500	2e+11 0.516442
693	0.00693952	4.5304e-10	8.77308e-14	7500	2e+11 0.516466
694	0.00694952	9.36905e-11	1.81431e-14	7500	2e+11 0.516466
695	0.00695952	1.89884e-11	3.67709e-15	7500	2e+11 0.516466
696	0.00696952	3.7443e-12	7.2508e-16	7500	2e+11 0.516394
697	0.00697952	7.19498e-13	1.3933e-16	7500	2e+11 0.516418
698	0.00698952	1.33657e-13	2.58824e-17	7500	2e+11 0.516418
699	0.00699952	2.4888e-14	4.81729e-18	7500	2e+11 0.51649
700	0.00700952	4.81673e-15	8.97057e-19	7500	2e+11 0.51649
701	0.00701952	2.16947e-15	-6.33755e-20	7500	2e+11 0.51637
702	0.00702952	1.47563e-14	-2.79025e-18	7500	2e+11 0.51637
703	0.00703952	1.56212e-13	-3.02378e-17	7500	2e+11 0.516466
704	0.00704952	1.31146e-12	-2.53961e-16	7500	2e+11 0.516466
705	0.00705952	9.34698e-12	-1.81003e-15	7500	2e+11 0.516442
706	0.00706952	6.02363e-11	-1.16647e-14	7500	2e+11 0.516442
707	0.00707952	3.41521e-10	-6.61353e-14	7500	2e+11 0.516442
708	0.00708952	1.78036e-09	-3.44766e-13	7500	2e+11 0.516418
709	0.00709952	8.47454e-09	-1.64109e-12	7500	2e+11 0.516538
710	0.00710952	3.71164e-08	-7.18756e-12	7500	2e+11 0.516538
711	0.00711952	1.47305e-07	-2.85255e-11	7500	2e+11 0.516442
712	0.00712952	5.35317e-07	-1.03664e-10	7500	2e+11 0.516442
713	0.00713952	1.83583e-06	-3.55507e-10	7500	2e+11 0.516442
714	0.00714952	5.96481e-06	-1.15508e-09	7500	2e+11 0.516442
715	0.00715952	1.81476e-05	-3.51428e-09	7500	2e+11 0.516394
716	0.00716952	5.15975e-05	-9.99181e-09	7500	2e+11 0.516562
717	0.00717951	0.000140142	-2.71383e-08	7500	2e+11 0.516562
718	0.00718951	0.00036951	-7.15553e-08	7500	2e+11 0.516418
719	0.00719952	0.000929882	-1.80071e-07	7500	2e+11 0.51649
720	0.00720951	0.00225377	-4.3644e-07	7500	2e+11 0.51649
721	0.00721952	0.00526148	-1.01888e-06	7500	2e+11 0.51649
722	0.00722951	0.0117669	-2.27866e-06	7500	2e+11 0.51649
723	0.00723951	0.0255904	-4.95555e-06	7500	2e+11 0.516442
724	0.00724951	0.0541484	-1.04858e-05	7500	2e+11 0.516442
725	0.00725951	0.110074	-2.13158e-05	7500	2e+11 0.516442
726	0.00726951	0.215243	-4.16816e-05	7500	2e+11 0.516442
727	0.00727951	0.406806	-7.87777e-05	7500	2e+11 0.516514
728	0.00728951	0.7427	-0.000143823	7500	2e+11 0.516514
729	0.00729951	1.30598	-0.000252902	7500	2e+11 0.516634
730	0.0073095	2.22097	-0.00043009	7500	2e+11 0.516683
731	0.0073195	3.61	-0.000699074	7500	2e+11 0.517044
732	0.00732949	5.64189	-0.00109255	7500	2e+11 0.517068
733	0.00733947	8.49549	-0.00164515	7500	2e+11 0.517454
734	0.00734945	12.2756	-0.00237716	7500	2e+11 0.517986
735	0.00735942	17.008	-0.00329359	7500	2e+11 0.518519
736	0.00736938	22.5934	-0.0043752	7500	2e+11 0.519174
737	0.00737933	28.7726	-0.00557179	7500	2e+11 0.519612
738	0.00738927	35.0873	-0.00679463	7500	2e+11 0.520392
739	0.00739919	40.9138	-0.00792293	7500	2e+11 0.520783
740	0.0074091	45.5876	-0.008828	7500	2e+11 0.521052
741	0.00741902	48.5166	-0.0093952	7500	2e+11 0.521273
742	0.00742892	49.4362	-0.00957329	7500	2e+11 0.521273
743	0.00743883	49.786	-0.00964102	7500	2e+11 0.521273
744	0.00744874	49.9184	-0.00966666	7500	2e+11 0.521224
745	0.00745864	49.9719	-0.00967701	7500	2e+11 0.521224
746	0.00746855	49.9885	-0.00968023	7500	2e+11 0.52115
747	0.00747846	49.9945	-0.0096814	7500	2e+11 0.52115
748	0.00748837	49.9962	-0.00968172	7500	2e+11 0.521003
749	0.00749828	49.997	-0.00968188	7500	2e+11 0.521003
750	0.0075082	49.9973	-0.00968193	7500	2e+11 0.524527
751	0.00751805	49.9974	-0.00968195	7500	2e+11 0.524527
752	0.00752796	49.9974	-0.00968195	7500	2e+11 0.520905
753	0.00753788	49.9974	-0.00968196	7500	2e+11 0.521175
754	0.00754778	49.9974	-0.00968196	7500	2e+11 0.521175
755	0.0075577	49.9974	-0.00968196	7500	2e+11 0.521028
756	0.00756761	49.9974	-0.00968196	7500	2e+11 0.521199
757	0.00757751	49.9974	-0.00968196	7500	2e+11 0.521224
758	0.00758742	49.9974	-0.00968196	7500	2e+11 0.521224
759	0.00759733	49.9974	-0.00968196	7500	2e+11 0.521199
760	0.00760724	49.9974	-0.00968196	7500	2e+11 0.521224
761	0.00761715	49.9974	-0.00968196	7500	2e+11 0.521224
762	0.00762705	49.9974	-0.00968196	7500	2e+11 0.521395
763	0.00763696	49.9974	-0.00968196	7500	2e+11 0.521395
764	0.00764687	49.9974	-0.00968196	7500	2e+11 0.52142
765	0.00765677	49.9974	-0.00968196	7500	2e+11 0.52142
766	0.00766668	49.9974	-0.00968196	7500	2e+11 0.521297
767	0.00767658	49.9974	-0.00968196	7500	2e+11 0.521297
768	0.00768649	49.9974	-0.00968196	7500	2e+11 0.521322
769	0.0076964	49.9974	-0.00968196	7500	2e+11 0.521322
770	0.0077063	49.9974	-0.00968196	7500	2e+11 0.521371
771	0.00771621	49.9974	-0.00968196	7500	2e+11 0.521371
772	0.00772611	49.9974	-0.00968196	7500	2e+11 0.521297
773	0.00773602	49.9974	-0.00968196	7500	2e+11 0.521395
774	0.00774592	49.9974	-0.00968196	7500	2e+11 0.521395
775	0.00775583	49.9974	-0.00968196	7500	2e+11 0.521346
776	0.00776573	49.9974	-0.00968196	7500	2e+11 0.521346
777	0.00777564	49.9974	-0.00968196	7500	2e+11 0.521322
778	0.00778555	49.9974	-0.00968196	7500	2e+11 0.521371
779	0.00779545	49.9974	-0.00968196	7500	2e+11 0.521371
780	0.00780535	49.9974	-0.00968196	7500	2e+11 0.521346
781	0.00781529	49.9974	-0.00968196	7500	2e+11 0.52049
782	0.00782521	49.9974	-0.00968196	7500	2e+11 0.521469
783	0.00783511	49.9974	-0.00968196	7500	2e+11 0.521469
784	0.00784502	49.9974	-0.00968196	7500	2e+11 0.521518
785	0.00785492	49.9974	-0.00968196	7500	2e+11 0.521518
786	0.00786482	49.9974	-0.00968196	7500	2e+11 0.52142
787	0.00787473	49.9974	-0.00968196	7500	2e+11 0.52142
788	0.00788463	49.9974	-0.00968196	7500	2e+11 0.521518
789	0.00789454	49.9974	-0.00968196	7500	2e+11 0.521518
790	0.00790444	49.9974	-0.00968196	7500	2e+11 0.521518
791	0.00791434	49.9974	-0.00968196	7500	2e+11 0.521518
792	0.00792425	49.9974	-0.00968196	7500	2e+11 0.521469
793	0.00793415	49.9974	-0.00968196	7500	2e+11 0.521469
794	0.00794406	49.9974	-0.00968196	7500	2e+11 0.521567
795	0.00795396	49.9974	-0.00968196	7500	2e+11 0.521567
796	0.00796386	49.9974	-0.00968196	7500	2e+11 0.521371
797	0.00797377	49.9974	-0.00968196	7500	2e+11 0.521469
798	0.00798367	49.9974	-0.00968196	7500	2e+11 0.521469
799	0.00799358	49.9974	-0.00968196	7500	2e+11 0.52142
800	0.00800348	49.9974	-0.00968196	7500	2e+11 0.52142
801	0.00801338	49.9974	-0.00968196	7500	2e+11 0.521567
802	0.00802328	49.9974	-0.00968196	7500	2e+11 0.521567
803	0.00803319	49.9974	-0.00968196	7500	2e+11 0.521469
804	0.0080431	49.9974	-0.00968196	7500	2e+11 0.521469
805	0.008053	49.9974	-0.00968196	7500	2e+11 0.521469
806	0.0080629	49.9974	-0.00968196	7500	2e+11 0.521469
807	0.00807281	49.9974	-0.00968196	7500	2e+11 0.52142
808	0.00808271	49.9974	-0.00968196	7500	2e+11 0.52142
809	0.00809261	49.9974	-0.00968196	7500	2e+11 0.52142
810	0.00810252	49.9974	-0.00968196	7500	2e+11 0.521469
811	0.00811242	49.9974	-0.00968196	7500	2e+11 0.521469
812	0.00812233	49.9974	-0.00968196	7500	2e+11 0.52142
813	0.00813223	49.9974	-0.00968196	7500	2e+11 0.52142
814	0.00814214	49.9974	-0.00968196	7500	2e+11 0.521469
815	0.00815204	49.9974	-0.00968196	7500	2e+11 0.521469
816	0.00816194	49.9974	-0.00968196	7500	2e+11 0.521469
817	0.00817185	49.9974	-0.00968196	7500	2e+11 0.521469
818	0.00818175	49.9973	-0.00968194	7500	2e+11 0.521469
819	0.00819165	49.9971	-0.00968191	7500	2e+11 0.521469
820	0.00820156	49.9967	-0.00968182	7500	2e+11 0.52142
821	0.00821146	49.9956	-0.00968161	7500	2e+11 0.521567
822	0.00822136	49.9932	-0.00968114	7500	2e+11 0.521567
823	0.00823127	49.9877	-0.00968008	7500	2e+11 0.521567
824	0.00824117	49.976	-0.00967781	7500	2e+11 0.521567
825	0.00825107	49.951	-0.00967297	7500	2e+11 0.521469
826	0.00826098	49.8998	-0.00966306	7500	2e+11 0.52142
827	0.00827088	49.7998	-0.0096437	7500	2e+11 0.521469
828	0.00828079	49.6159	-0.00960807	7500	2e+11 0.521469
829	0.0082907	49.2839	-0.0095438	7500	2e+11 0.521371
830	0.0083006	48.7182	-0.00943424	7500	2e+11 0.521371
831	0.00831051	47.7799	-0.00925253	7500	2e+11 0.521077
832	0.00832042	46.273	-0.00896073	7500	2e+11 0.521077
833	0.00833033	43.9866	-0.00851798	7500	2e+11 0.52093
834	0.00834026	40.6617	-0.00787411	7500	2e+11 0.520392
835	0.00835019	36.2129	-0.0070126	7500	2e+11 0.520148
836	0.00836012	30.5814	-0.00592207	7500	2e+11 0.519709
837	0.00837008	24.0154	-0.00465056	7500	2e+11 0.518737
838	0.00838004	16.9955	-0.00329116	7500	2e+11 0.5183
839	0.00839002	10.3219	-0.00199883	7500	2e+11 0.517478
840	0.00840001	4.9482	-0.000958215	7500	2e+11 0.517044
841	0.00841	1.68252	-0.000325819	7500	2e+11 0.51661
842	0.00842	0.552393	-0.00010697	7500	2e+11 0.516514
843	0.00843	0.194734	-3.77101e-05	7500	2e+11 0.516418
844	0.00844	0.0793286	-1.53619e-05	7500	2e+11 0.516418
845	0.00845	0.0242509	-4.69616e-06	7500	2e+11 0.516418
846	0.00846	0.00832321	-1.61178e-06	7500	2e+11 0.516418
847	0.00847	0.00249191	-4.82557e-07	7500	2e+11 0.516418
848	0.00848	0.000957928	-1.85502e-07	7500	2e+11 0.516418
849	0.00849	0.000337856	-6.54255e-08	7500	2e+11 0.516418
850	0.0085	0.000107316	-2.07817e-08	7500	2e+11 0.516418
851	0.00851	3.48294e-05	-6.74468e-09	7500	2e+11 0.516418
852	0.00852	1.60857e-05	-3.11499e-09	7500	2e+11 0.516418
853	0.00853	5.49664e-06	-1.06442e-09	7500	2e+11 0.516418
854	0.00854	2.16631e-06	-4.19505e-10	7500	2e+11 0.516418
855	0.00855	6.74084e-07	-1.30536e-10	7500	2e+11 0.516418
856	0.00856	2.87437e-07	-5.56619e-11	7500	2e+11 0.516418
857	0.00857	8.70907e-08	-1.68651e-11	7500	2e+11 0.516418
858	0.00858	3.34102e-08	-6.46986e-12	7500	2e+11 0.516418
859	0.00859	1.19967e-08	-2.32316e-12	7500	2e+11 0.516418
860	0.0086	4.00236e-09	-7.75054e-13	7500	2e+11 0.516418
861	0.00861	1.53135e-09	-2.96545e-13	7500	2e+11 0.516418
862	0.00862	5.57967e-10	-1.0805e-13	7500	2e+11 0.516418
863	0.00863	1.87918e-10	-3.63901e-14	7500	2e+11 0.516418
864	0.00864	7.8508e-11	-1.5203e-14	7500	2e+11 0.516418
865	0.00865	2.46437e-11	-4.77224e-15	7500	2e+11 0.516418
866	0.00866	8.94004e-12	-1.73123e-15	7500	2e+11 0.516418
867	0.00867	2.41276e-12	-4.6723e-16	7500	2e+11 0.516418
868	0.00868	1.03638e-12	-2.00694e-16	7500	2e+11 0.516418
869	0.00869	2.76872e-13	-5.36161e-17	7500	2e+11 0.516418
870	0.0087	1.15577e-13	-2.23815e-17	7500	2e+11 0.516418
871	0.00871	3.92737e-14	-7.60533e-18	7500	2e+11 0.516418
872	0.00872	1.547e-14	-2.99575e-18	7500	2e+11 0.516418
873	0.00873	5.2033e-15	-1.00762e-18	7500	2e+11 0.516418
874	0.00874	2.2102e-15	-4.28003e-19	7500	2e+11 0.516418
875	0.00875	7.95993e-16	-1.54143e-19	7500	2e+11 0.516418
876	0.00876	2.54265e-16	-4.92382e-20	7500	2e+11 0.516418
877	0.00877	1.03711e-16	-2.00836e-20	7500	2e+11 0.516418
878	0.00878	3.20787e-17	-6.21201e-21	7500	2e+11 0.516418
879	0.00879	1.14529e-17	-2.21784e-21	7500	2e+11 0.516418
880	0.0088	3.23528e-18	-6.26509e-22	7500	2e+11 0.516418
881	0.00881	1.19787e-18	-2.31966e-22	7500	2e+11 0.516418
882	0.00882	4.07687e-19	-7.89482e-23	7500	2e+11 0.516418
883	0.00883	1.38592e-19	-2.68382e-23	7500	2e+11 0.516418
884	0.00884	4.83062e-20	-9.35445e-24	7500	2e+11 0.516418
885	0.00885	1.59653e-20	-3.09167e-24	7500	2e+11 0.516418
886	0.00886	4.71507e-21	-9.13069e-25	7500	2e+11 0.516418
887	0.00887	1.87932e-21	-3.63928e-25	7500	2e+11 0.516418
888	0.00888	6.15895e-22	-1.19267e-25	7500	2e+11 0.516418
889	0.00889	1.79756e-22	-3.48095e-26	7500	2e+11 0.516418
890	0.0089	4.91578e-23	-9.51937e-27	7500	2e+11 0.516418
891	0.00891	1.63771e-23	-3.17142e-27	7500	2e+11 0.516418
892	0.00892	4.65249e-24	-9.0095e-28	7500	2e+11 0.516418
893	0.00893	1.78847e-24	-3.46336e-28	7500	2e+11 0.516418
894	0.00894	5.41799e-25	-1.04919e-28	7500	2e+11 0.516418
895	0.00895	1.18138e-25	-2.28772e-29	7500	2e+11 0.516418
896	0.00896	4.02803e-26	-7.80025e-30	7500	2e+11 0.516418
897	0.00897	1.01153e-26	-1.95881e-30	7500	2e+11 0.516418
898	0.00898	2.56674e-27	-4.97047e-31	7500	2e+11 0.516418
899	0.00899	5.60397e-28	-1.0852e-31	7500	2e+11 0.516418
900	0.009	1.1803e-28	-2.28564e-32	7500	2e+11 0.516418
901	0.00901	3.32526e-29	-6.43934e-33	7500	2e+11 0.516418
902	0.00902	4.88991e-30	-9.46927e-34	7500	2e+11 0.516418
903	0.00903	5.37828e-31	-1.0415e-34	7500	2e+11 0.516418
904	0.00904	4.37633e-32	-8.47473e-36	7500	2e+11 0.516418
905	0.00905	3.001e-33	-5.81141e-37	7500	2e+11 0.516418
906	0.00906	1.76556e-34	-3.41898e-38	7500	2e+11 0.516418
907	0.00907	8.68387e-36	-1.68162e-39	7500	2e+11 0.516418
908	0.00908	7.23591e-37	-1.40123e-40	7500	2e+11 0.516418
909	0.00909	0	0	7500	2e+11 0.516418
910	0.0091	0	0	7500	2e+11 0.516418
911	0.00911	0	0	7500	2e+11 0.516418
912	0.00912	0	0	7500	2e+11 0.516418
913	0.00913	0	0	7500	2e+11 0.516418
914	0.00914	0	0	7500	2e+11 0.516418
915	0.00915	0	0	7500	2e+11 0.516418
916	0.00916	0	0	7500	2e+11 0.516418
917	0.00917	0	0	7500	2e+11 0.516418
918	0.00918	0	0	7500	2e+11 0.516418
919	0.00919	0	0	7500	2e+11 0.516418
920	0.0092	0	0	7500	2e+11 0.516418
921	0.00921	0	0	7500	2e+11 0.516418
922	0.00922	0	0	7500	2e+11 0.516418
923	0.00923	0	0	7500	2e+11 0.516418
924	0.00924	0	0	7500	2e+11 0.516418
925	0.00925	0	0	7500	2e+11 0.516418
926	0.00926	0	0	7500	2e+11 0.516418
927	0.00927	0	0	7500	2e+11 0.516418
928	0.00928	0	0	7500	2e+11 0.516418
929	0.00929	0	0	7500	2e+11 0.516418
930	0.0093	0	0	7500	2e+11 0.516418
931	0.00931	0	0	7500	2e+11 0.516418
932	0.00932	0	0	7500	2e+11 0.516418
933	0.00933	0	0	7500	2e+11 0.516418
934	0.00934	0	0	7500	2e+11 0.516418
935	0.00935	0	0	7500	2e+11 0.516418
936	0.00936	0	0	7500	2e+11 0.516418
937	0.00937	0	0	7500	2e+11 0.516418
938	0.00938	0	0	7500	2e+11 0.516418
939	0.00939	0	0	7500	2e+11 0.516418
940	0.0094	0	0	7500	2e+11 0.516418
941	0.00941	0	0	7500	2e+11 0.516418
942	0.00942	0	0	7500	2e+11 0.516418
943	0.00943	0	0	7500	2e+11 0.516418
944	0.00944	0	0	7500	2e+11 0.516418
945	0.00945	0	0	7500	2e+11 0.516418
946	0.00946	0	0	7500	2e+11 0.516418
947	0.00947	0	0	7500	2e+11 0.516418
948	0.00948	0	0	7500	2e+11 0.516418
949	0.00949	0	0	7500	2e+11 0.516418
950	0.0095	0	0	7500	2e+11 0.516418
951	0.00951	0	0	7500	2e+11 0.516418
952	0.00952	0	0	7500	2e+11 0.516418
953	0.00953	0	0	7500	2e+11 0.516418
954	0.00954	0	0	7500	2e+11 0.516418
955	0.00955	0	0	7500	2e+11 0.516418
956	0.00956	0	0	7500	2e+11 0.516418
957	0.00957	0	0	7500	2e+11 0.516418
958	0.00958	0	0	7500	2e+11 0.516418
959	0.00959	0	0	7500	2e+11 0.516418
960	0.0096	0	0	7500	2e+11 0.516418
961	0.00961	0	0	7500	2e+11 0.516418
962	0.00962	0	0	7500	2e+11 0.516418
963	0.00963	0	0	7500	2e+11 0.516418
964	0.00964	0	0	7500	2e+11 0.516418
965	0.00965	0	0	7500	2e+11 0.516418
966	0.00966	0	0	7500	2e+11 0.516418
967	0.00967	0	0	7500	2e+11 0.516418
968	0.00968	0	0	7500	2e+11 0.516418
969	0.00969	0	0	7500	2e+11 0.516418
970	0.0097	0	0	7500	2e+11 0.516418
971	0.00971	0	0	7500	2e+11 0.516418
972	0.00972	0	0	7500	2e+11 0.516418
973	0.00973	0	0	7500	2e+11 0.516418
974	0.00974	0	0	7500	2e+11 0.516418
975	0.00975	0	0	7500	2e+11 0.516418
976	0.00976	0	0	7500	2e+11 0.516418
977	0.00977	0	0	7500	2e+11 0.516418
978	0.00978	0	0	7500	2e+11 0.516418
979	0.00979	0	0	7500	2e+11 0.516418
980	0.0098	0	0	7500	2e+11 0.516418
981	0.00981	0	0	7500	2e+11 0.516418
982	0.00982	0	0	7500	2e+11 0.516418
983	0.00983	0	0	7500	2e+11 0.516418
984	0.00984	0	0	7500	2e+11 0.516418
985	0.00985	0	0	7500	2e+11 0.516418
986	0.00986	0	0	7500	2e+11 0.516418
987	0.00987	0	0	7500	2e+11 0.516418
988	0.00988	0	0	7500	2e+11 0.516418
989	0.00989	0	0	7500	2e+11 0.516418
990	0.0099	0	0	7500	2e+11 0.516418
991	0.00991	0	0	7500	2e+11 0.516418
992	0.00992	0	0	7500	2e+11 0.516418
993	0.00993	0	0	7500	2e+11 0.516418
994	0.00994	0	0	7500	2e+11 0.516418
995	0.00995	0	0	7500	2e+11 0.516418
996	0.00996	0	0	7500	2e+11 0.516418
997	0.00997	0	0	7500	2e+11 0.516418
998	0.00998	0	0	7500	2e+11 0.516418
999	0.00999	0	0	7500	2e+11 0.516418
1000	0.01	0	-0	7500	2e+11 0.516418
