0	0	0	0	7500	2e+11 0.516398
1	1e-05	0	0	7500	2e+11 0.516398
2	2e-05	0	0	7500	2e+11 0.516398
3	3e-05	0	0	7500	2e+11 0.516398
4	4e-05	0	0	7500	2e+11 0.516398
5	5e-05	0	0	7500	2e+11 0.516398
6	6e-05	0	0	7500	2e+11 0.516398
7	7e-05	0	0	7500	2e+11 0.516398
8	8e-05	0	0	7500	2e+11 0.516398
9	9e-05	0	0	7500	2e+11 0.516398
10	0.0001	0	0	7500	2e+11 0.516398
11	0.00011	0	0	7500	2e+11 0.516398
12	0.00012	0	0	7500	2e+11 0.516398
13	0.00013	0	0	7500	2e+11 0.516398
14	0.00014	0	0	7500	2e+11 0.516398
15	0.00015	0	0	7500	2e+11 0.516398
16	0.00016	0	0	7500	2e+11 0.516398
17	0.00017	0	0	7500	2e+11 0.516398
18	0.00018	0	0	7500	2e+11 0.516398
19	0.00019	0	0	7500	2e+11 0.516398
20	0.0002	0	0	7500	2e+11 0.516398
21	0.00021	0	0	7500	2e+11 0.516398
22	0.00022	0	0	7500	2e+11 0.516398
23	0.00023	0	0	7500	2e+11 0.516398
24	0.00024	0	0	7500	2e+11 0.516398
25	0.00025	0	0	7500	2e+11 0.516398
26	0.00026	0	0	7500	2e+11 0.516398
27	0.00027	0	0	7500	2e+11 0.516398
28	0.00028	0	0	7500	2e+11 0.516398
29	0.00029	0	0	7500	2e+11 0.516398
30	0.0003	0	0	7500	2e+11 0.516398
31	0.00031	0	0	7500	2e+11 0.516398
32	0.00032	0	0	7500	2e+11 0.516398
33	0.00033	0	0	7500	2e+11 0.516398
34	0.00034	0	0	7500	2e+11 0.516398
35	0.00035	0	0	7500	2e+11 0.516398
36	0.00036	0	0	7500	2e+11 0.516398
37	0.00037	0	0	7500	2e+11 0.516398
38	0.00038	0	0	7500	2e+11 0.516398
39	0.00039	0	0	7500	2e+11 0.516398
40	0.0004	0	0	7500	2e+11 0.516398
41	0.00041	0	0	7500	2e+11 0.516398
42	0.00042	0	0	7500	2e+11 0.516398
43	0.00043	0	0	7500	2e+11 0.516398
44	0.00044	0	0	7500	2e+11 0.516398
45	0.00045	0	0	7500	2e+11 0.516398
46	0.00046	0	0	7500	2e+11 0.516398
47	0.00047	0	0	7500	2e+11 0.516398
48	0.00048	0	0	7500	2e+11 0.516398
49	0.00049	0	0	7500	2e+11 0.5164
50	0.0005	0	0	7500	2e+11 0.5164
51	0.00051	0	0	7500	2e+11 0.516397
52	0.00052	0	0	7500	2e+11 0.5164
53	0.00053	0	0	7500	2e+11 0.5164
54	0.00054	0	0	7500	2e+11 0.516397
55	0.00055	0	0	7500	2e+11 0.5164
56	0.00056	0	0	7500	2e+11 0.5164
57	0.00057	0	0	7500	2e+11 0.516397
58	0.00058	0	0	7500	2e+11 0.516397
59	0.00059	0	0	7500	2e+11 0.5164
60	0.0006	0	0	7500	2e+11 0.5164
61	0.00061	0	0	7500	2e+11 0.516397
62	0.00062	0	0	7500	2e+11 0.5164
63	0.00063	0	0	7500	2e+11 0.5164
64	0.00064	0	0	7500	2e+11 0.516397
65	0.00065	0	0	7500	2e+11 0.5164
66	0.00066	0	0	7500	2e+11 0.5164
67	0.00067	0	0	7500	2e+11 0.516397
68	0.00068	0	0	7500	2e+11 0.5164
69	0.00069	0	0	7500	2e+11 0.5164
70	0.0007	0	0	7500	2e+11 0.516397
71	0.00071	0	0	7500	2e+11 0.516397
72	0.00072	0	0	7500	2e+11 0.5164
73	0.00073	0	0	7500	2e+11 0.5164
74	0.00074	0	0	7500	2e+11 0.516397
75	0.00075	0	0	7500	2e+11 0.5164
76	0.00076	0	0	7500	2e+11 0.5164
77	0.00077	0	0	7500	2e+11 0.516397
78	0.00078	0	0	7500	2e+11 0.5164
79	0.00079	0	0	7500	2e+11 0.5164
80	0.0008	0	0	7500	2e+11 0.516397
81	0.00081	0	0	7500	2e+11 0.5164
82	0.00082	0	0	7500	2e+11 0.5164
83	0.00083	0	0	7500	2e+11 0.516397
84	0.00084	0	0	7500	2e+11 0.5164
85	0.00085	0	0	7500	2e+11 0.5164
86	0.00086	0	0	7500	2e+11 0.516397
87	0.00087	0	0	7500	2e+11 0.5164
88	0.00088	0	0	7500	2e+11 0.5164
89	0.00089	0	0	7500	2e+11 0.516397
90	0.0009	0	0	7500	2e+11 0.516397
91	0.00091	0	0	7500	2e+11 0.5164
92	0.00092	0	0	7500	2e+11 0.5164
93	0.00093	0	0	7500	2e+11 0.516397
94	0.00094	0	0	7500	2e+11 0.5164
95	0.00095	0	0	7500	2e+11 0.5164
96	0.00096	0	0	7500	2e+11 0.516397
97	0.00097	0	0	7500	2e+11 0.516397
98	0.00098	0	0	7500	2e+11 0.5164
99	0.00099	0	0	7500	2e+11 0.5164
100	0.001	0	0	7500	2e+11 0.5164
101	0.00101	0	0	7500	2e+11 0.5164
102	0.00102	0	0	7500	2e+11 0.5164
103	0.00103	0	0	7500	2e+11 0.5164
104	0.00104	0	0	7500	2e+11 0.5164
105	0.00105	0	0	7500	2e+11 0.5164
106	0.00106	0	0	7500	2e+11 0.5164
107	0.00107	0	0	7500	2e+11 0.5164
108	0.00108	0	0	7500	2e+11 0.5164
109	0.00109	0	0	7500	2e+11 0.5164
110	0.0011	0	0	7500	2e+11 0.5164
111	0.00111	0	0	7500	2e+11 0.5164
112	0.00112	0	0	7500	2e+11 0.5164
113	0.00113	0	0	7500	2e+11 0.5164
114	0.00114	0	0	7500	2e+11 0.5164
115	0.00115	0	0	7500	2e+11 0.5164
116	0.00116	0	0	7500	2e+11 0.5164
117	0.00117	0	0	7500	2e+11 0.5164
118	0.00118	0	0	7500	2e+11 0.5164
119	0.00119	0	0	7500	2e+11 0.5164
120	0.0012	0	0	7500	2e+11 0.5164
121	0.00121	0	0	7500	2e+11 0.5164
122	0.00122	0	0	7500	2e+11 0.5164
123	0.00123	0	0	7500	2e+11 0.5164
124	0.00124	0	0	7500	2e+11 0.5164
125	0.00125	0	0	7500	2e+11 0.5164
126	0.00126	0	0	7500	2e+11 0.5164
127	0.00127	0	0	7500	2e+11 0.5164
128	0.00128	0	0	7500	2e+11 0.5164
129	0.00129	0	0	7500	2e+11 0.5164
130	0.0013	0	0	7500	2e+11 0.5164
131	0.00131	0	0	7500	2e+11 0.5164
132	0.00132	0	0	7500	2e+11 0.5164
133	0.00133	0	0	7500	2e+11 0.5164
134	0.00134	0	0	7500	2e+11 0.5164
135	0.00135	0	0	7500	2e+11 0.5164
136	0.00136	0	0	7500	2e+11 0.5164
137	0.00137	0	0	7500	2e+11 0.5164
138	0.00138	0	0	7500	2e+11 0.5164
139	0.00139	0	0	7500	2e+11 0.5164
140	0.0014	0	0	7500	2e+11 0.5164
141	0.00141	0	0	7500	2e+11 0.5164
142	0.00142	0	0	7500	2e+11 0.5164
143	0.00143	0	0	7500	2e+11 0.5164
144	0.00144	0	0	7500	2e+11 0.5164
145	0.00145	0	0	7500	2e+11 0.5164
146	0.00146	0	0	7500	2e+11 0.5164
147	0.00147	0	0	7500	2e+11 0.5164
148	0.00148	2.15858e-38	4.18007e-42	7500	2e+11 0.5164
149	0.00149	8.8941e-38	1.72234e-41	7500	2e+11 0.5164
150	0.0015	1.86197e-37	3.60568e-41	7500	2e+11 0.5164
151	0.00151	3.01999e-37	5.84818e-41	7500	2e+11 0.5164
152	0.00152	4.18054e-37	8.09558e-41	7500	2e+11 0.5164
153	0.00153	5.23269e-37	1.01331e-40	7500	2e+11 0.5164
154	0.00154	6.16328e-37	1.19351e-40	7500	2e+11 0.5164
155	0.00155	6.87844e-37	1.332e-40	7500	2e+11 0.5164
156	0.00156	7.23627e-37	1.4013e-40	7500	2e+11 0.5164
157	0.00157	1.44726e-36	2.80261e-40	7500	2e+11 0.5164
158	0.00158	4.07209e-36	7.88557e-40	7500	2e+11 0.5164
159	0.00159	1.51962e-35	2.94274e-39	7500	2e+11 0.5164
160	0.0016	3.69999e-35	7.165e-39	7500	2e+11 0.5164
161	0.00161	1.00281e-34	1.94193e-38	7500	2e+11 0.5164
162	0.00162	2.96423e-34	5.7402e-38	7500	2e+11 0.5164
163	0.00163	8.04677e-34	1.55825e-37	7500	2e+11 0.5164
164	0.00164	1.9325e-33	3.74227e-37	7500	2e+11 0.5164
165	0.00165	5.81956e-33	1.12695e-36	7500	2e+11 0.5164
166	0.00166	1.78802e-32	3.46248e-36	7500	2e+11 0.5164
167	0.00167	4.70907e-32	9.11908e-36	7500	2e+11 0.5164
168	0.00168	1.39466e-31	2.70075e-35	7500	2e+11 0.5164
169	0.00169	3.85397e-31	7.46318e-35	7500	2e+11 0.5164
170	0.0017	9.77291e-31	1.89252e-34	7500	2e+11 0.5164
171	0.00171	2.39287e-30	4.63377e-34	7500	2e+11 0.5164
172	0.00172	8.43001e-30	1.63246e-33	7500	2e+11 0.5164
173	0.00173	2.18418e-29	4.22965e-33	7500	2e+11 0.5164
174	0.00174	6.05691e-29	1.17291e-32	7500	2e+11 0.5164
175	0.00175	1.63989e-28	3.17564e-32	7500	2e+11 0.5164
176	0.00176	4.49603e-28	8.70652e-32	7500	2e+11 0.5164
177	0.00177	1.49852e-27	2.90187e-31	7500	2e+11 0.5164
178	0.00178	3.69155e-27	7.14865e-31	7500	2e+11 0.5164
179	0.00179	1.09911e-26	2.12842e-30	7500	2e+11 0.5164
180	0.0018	3.05178e-26	5.90976e-30	7500	2e+11 0.5164
181	0.00181	8.62293e-26	1.66982e-29	7500	2e+11 0.5164
182	0.00182	2.27717e-25	4.40971e-29	7500	2e+11 0.5164
183	0.00183	5.61633e-25	1.0876e-28	7500	2e+11 0.5164
184	0.00184	1.69187e-24	3.2763e-28	7500	2e+11 0.5164
185	0.00185	4.5403e-24	8.79225e-28	7500	2e+11 0.5164
186	0.00186	1.29456e-23	2.5069e-27	7500	2e+11 0.5164
187	0.00187	3.00195e-23	5.81326e-27	7500	2e+11 0.5164
188	0.00188	1.20261e-22	2.32885e-26	7500	2e+11 0.5164
189	0.00189	3.12428e-22	6.05014e-26	7500	2e+11 0.5164
190	0.0019	1.08764e-21	2.1062e-25	7500	2e+11 0.5164
191	0.00191	2.75037e-21	5.32606e-25	7500	2e+11 0.5164
192	0.00192	7.29289e-21	1.41226e-24	7500	2e+11 0.5164
193	0.00193	1.87115e-20	3.62346e-24	7500	2e+11 0.5164
194	0.00194	6.27745e-20	1.21562e-23	7500	2e+11 0.5164
195	0.00195	1.67225e-19	3.2383e-23	7500	2e+11 0.5164
196	0.00196	4.61349e-19	8.93399e-23	7500	2e+11 0.516406
197	0.00197	1.05555e-18	2.04406e-22	7500	2e+11 0.516406
198	0.00198	2.99749e-18	5.80462e-22	7500	2e+11 0.516394
199	0.00199	7.33246e-18	1.41992e-21	7500	2e+11 0.516406
200	0.002	2.07729e-17	4.02266e-21	7500	2e+11 0.516406
201	0.00201	5.25201e-17	1.01705e-20	7500	2e+11 0.516394
202	0.00202	1.47843e-16	2.86296e-20	7500	2e+11 0.516406
203	0.00203	3.06999e-16	5.94501e-20	7500	2e+11 0.516406
204	0.00204	9.44181e-16	1.8284e-19	7500	2e+11 0.516394
205	0.00205	2.57423e-15	4.98498e-19	7500	2e+11 0.516406
206	0.00206	6.85867e-15	1.32818e-18	7500	2e+11 0.516406
207	0.00207	1.69008e-14	3.27283e-18	7500	2e+11 0.516394
208	0.00208	4.8595e-14	9.41038e-18	7500	2e+11 0.516406
209	0.00209	1.55896e-13	3.01892e-17	7500	2e+11 0.516406
210	0.0021	3.61407e-13	6.99863e-17	7500	2e+11 0.516394
211	0.00211	1.30398e-12	2.52515e-16	7500	2e+11 0.516406
212	0.00212	3.51991e-12	6.81628e-16	7500	2e+11 0.516406
213	0.00213	1.06607e-11	2.06444e-15	7500	2e+11 0.516394
214	0.00214	2.60334e-11	5.04135e-15	7500	2e+11 0.516406
215	0.00215	7.29319e-11	1.41232e-14	7500	2e+11 0.516406
216	0.00216	1.90364e-10	3.68637e-14	7500	2e+11 0.516394
217	0.00217	6.15726e-10	1.19235e-13	7500	2e+11 0.516406
218	0.00218	1.57979e-09	3.05925e-13	7500	2e+11 0.516406
219	0.00219	3.60551e-09	6.98205e-13	7500	2e+11 0.516394
220	0.0022	1.13956e-08	2.20676e-12	7500	2e+11 0.516406
221	0.00221	3.07426e-08	5.95329e-12	7500	2e+11 0.516406
222	0.00222	9.53989e-08	1.84739e-11	7500	2e+11 0.516394
223	0.00223	2.11787e-07	4.10124e-11	7500	2e+11 0.516406
224	0.00224	6.44867e-07	1.24878e-10	7500	2e+11 0.516406
225	0.00225	1.69298e-06	3.27844e-10	7500	2e+11 0.516394
226	0.00226	5.03622e-06	9.7526e-10	7500	2e+11 0.516394
227	0.00227	1.42893e-05	2.76712e-09	7500	2e+11 0.516406
228	0.00228	3.45046e-05	6.68179e-09	7500	2e+11 0.516406
229	0.00229	0.000112088	2.17058e-08	7500	2e+11 0.516394
230	0.0023	0.000311994	6.04174e-08	7500	2e+11 0.516406
231	0.00231	0.000935552	1.81169e-07	7500	2e+11 0.516406
232	0.00232	0.0028874	5.59143e-07	7500	2e+11 0.516394
233	0.00233	0.00686292	1.329e-06	7500	2e+11 0.516406
234	0.00234	0.0214138	4.14677e-06	7500	2e+11 0.516406
235	0.00235	0.0525776	1.01816e-05	7500	2e+11 0.516394
236	0.00236	0.131118	2.53909e-05	7500	2e+11 0.516394
237	0.00237	0.375683	7.27508e-05	7500	2e+11 0.516382
238	0.00238	1.14429	0.000221591	7500	2e+11 0.516334
239	0.00239	2.55624	0.000495013	7500	2e+11 0.516262
240	0.00240001	4.5471	0.000880543	7500	2e+11 0.516093
241	0.00241002	7.03138	0.00136162	7500	2e+11 0.515937
242	0.00242003	9.90841	0.00191876	7500	2e+11 0.515601
243	0.00243006	13.0711	0.00253121	7500	2e+11 0.515338
244	0.00244008	16.4144	0.00317863	7500	2e+11 0.515003
245	0.00245012	19.838	0.00384162	7500	2e+11 0.51468
246	0.00246016	23.2522	0.00450277	7500	2e+11 0.514358
247	0.0024702	26.578	0.00514681	7500	2e+11 0.514
248	0.00248025	29.7495	0.00576096	7500	2e+11 0.513667
249	0.00249031	32.713	0.00633485	7500	2e+11 0.513417
250	0.00250038	35.4316	0.0068613	7500	2e+11 0.513049
251	0.00251045	37.8817	0.00733576	7500	2e+11 0.512812
252	0.00252052	40.0508	0.00775581	7500	2e+11 0.512587
253	0.0025306	41.9371	0.00812108	7500	2e+11 0.512385
254	0.00254068	43.5497	0.00843336	7500	2e+11 0.512149
255	0.00255077	44.9063	0.00869608	7500	2e+11 0.512113
256	0.00256086	46.03	0.00891368	7500	2e+11 0.511865
257	0.00257095	46.9455	0.00909095	7500	2e+11 0.51183
258	0.00258104	47.6801	0.00923321	7500	2e+11 0.511712
259	0.00259113	48.2603	0.00934558	7500	2e+11 0.511664
260	0.00260122	48.7119	0.00943303	7500	2e+11 0.511605
261	0.00261132	49.0581	0.00950006	7500	2e+11 0.511558
262	0.00262141	49.3197	0.00955072	7500	2e+11 0.511558
263	0.00263151	49.5148	0.0095885	7500	2e+11 0.511499
264	0.00264161	49.6581	0.00961625	7500	2e+11 0.511499
265	0.0026517	49.762	0.00963637	7500	2e+11 0.511464
266	0.0026618	49.8365	0.00965079	7500	2e+11 0.511464
267	0.0026719	49.8892	0.009661	7500	2e+11 0.511487
268	0.00268199	49.926	0.00966814	7500	2e+11 0.511487
269	0.00269209	49.9515	0.00967306	7500	2e+11 0.511428
270	0.00270219	49.9688	0.00967642	7500	2e+11 0.51144
271	0.00271228	49.9806	0.00967869	7500	2e+11 0.511464
272	0.00272238	49.9884	0.00968021	7500	2e+11 0.511464
273	0.00273248	49.9936	0.00968121	7500	2e+11 0.511417
274	0.00274258	49.997	0.00968187	7500	2e+11 0.51144
275	0.00275267	49.9991	0.00968229	7500	2e+11 0.51144
276	0.00276277	50.0005	0.00968256	7500	2e+11 0.511405
277	0.00277287	50.0014	0.00968273	7500	2e+11 0.511417
278	0.00278297	50.002	0.00968284	7500	2e+11 0.51144
279	0.00279306	50.0023	0.0096829	7500	2e+11 0.51144
280	0.00280316	50.0025	0.00968294	7500	2e+11 0.51144
281	0.00281326	50.0025	0.00968295	7500	2e+11 0.511428
282	0.00282335	50.0026	0.00968296	7500	2e+11 0.51144
283	0.00283345	50.0026	0.00968296	7500	2e+11 0.51144
284	0.00284355	50.0026	0.00968296	7500	2e+11 0.511476
285	0.00285364	50.0026	0.00968296	7500	2e+11 0.511476
286	0.00286374	50.0026	0.00968296	7500	2e+11 0.511417
287	0.00287384	50.0026	0.00968296	7500	2e+11 0.511428
288	0.00288394	50.0026	0.00968296	7500	2e+11 0.51144
289	0.00289403	50.0026	0.00968296	7500	2e+11 0.51144
290	0.00290413	50.0026	0.00968296	7500	2e+11 0.51144
291	0.00291423	50.0026	0.00968296	7500	2e+11 0.51144
292	0.00292433	50.0026	0.00968296	7500	2e+11 0.51144
293	0.00293442	50.0026	0.00968296	7500	2e+11 0.51144
294	0.00294452	50.0026	0.00968296	7500	2e+11 0.511464
295	0.00295462	50.0026	0.00968296	7500	2e+11 0.511464
296	0.00296472	50.0026	0.00968296	7500	2e+11 0.511476
297	0.00297481	50.0026	0.00968296	7500	2e+11 0.511476
298	0.00298491	50.0026	0.00968296	7500	2e+11 0.511452
299	0.00299501	50.0026	0.00968296	7500	2e+11 0.511452
300	0.0030051	50.0026	0.00968296	7500	2e+11 0.511487
301	0.0030152	50.0026	0.00968296	7500	2e+11 0.511487
302	0.0030253	50.0026	0.00968296	7500	2e+11 0.511428
303	0.0030354	50.0026	0.00968296	7500	2e+11 0.51144
304	0.00304549	50.0026	0.00968296	7500	2e+11 0.51144
305	0.00305559	50.0026	0.00968296	7500	2e+11 0.511464
306	0.00306569	50.0026	0.00968296	7500	2e+11 0.511464
307	0.00307578	50.0026	0.00968296	7500	2e+11 0.511417
308	0.00308588	50.0026	0.00968296	7500	2e+11 0.51144
309	0.00309598	50.0026	0.00968296	7500	2e+11 0.51144
310	0.00310608	50.0026	0.00968296	7500	2e+11 0.511428
311	0.00311617	50.0026	0.00968296	7500	2e+11 0.511428
312	0.00312627	50.0026	0.00968295	7500	2e+11 0.511476
313	0.00313637	50.0025	0.00968295	7500	2e+11 0.511476
314	0.00314646	50.0025	0.00968295	7500	2e+11 0.511428
315	0.00315656	50.0025	0.00968295	7500	2e+11 0.511428
316	0.00316666	50.0025	0.00968295	7500	2e+11 0.511476
317	0.00317675	50.0025	0.00968294	7500	2e+11 0.511476
318	0.00318685	50.0025	0.00968294	7500	2e+11 0.511417
319	0.00319695	50.0025	0.00968294	7500	2e+11 0.511464
320	0.00320705	50.0025	0.00968294	7500	2e+11 0.511464
321	0.00321714	50.0025	0.00968294	7500	2e+11 0.511428
322	0.00322724	50.0025	0.00968294	7500	2e+11 0.51144
323	0.00323734	50.0025	0.00968294	7500	2e+11 0.51144
324	0.00324744	50.0025	0.00968294	7500	2e+11 0.511464
325	0.00325753	50.0025	0.00968294	7500	2e+11 0.511464
326	0.00326763	50.0025	0.00968294	7500	2e+11 0.51144
327	0.00327773	50.0025	0.00968294	7500	2e+11 0.511452
328	0.00328782	50.0025	0.00968294	7500	2e+11 0.511452
329	0.00329792	50.0025	0.00968293	7500	2e+11 0.511452
330	0.00330802	50.0024	0.00968292	7500	2e+11 0.511464
331	0.00331812	50.0022	0.00968289	7500	2e+11 0.511464
332	0.00332821	50.0018	0.00968281	7500	2e+11 0.511428
333	0.00333831	50.0008	0.00968261	7500	2e+11 0.511464
334	0.00334841	49.998	0.00968207	7500	2e+11 0.511464
335	0.00335851	49.99	0.00968052	7500	2e+11 0.511428
336	0.0033686	49.969	0.00967646	7500	2e+11 0.51144
337	0.0033787	49.9243	0.00966779	7500	2e+11 0.511464
338	0.0033888	49.7863	0.00964107	7500	2e+11 0.511511
339	0.00339889	49.4028	0.00956681	7500	2e+11 0.511523
340	0.00340899	48.0883	0.00931225	7500	2e+11 0.511653
341	0.00341908	45.629	0.00883602	7500	2e+11 0.511889
342	0.00342917	42.2092	0.00817377	7500	2e+11 0.512338
343	0.00343925	38.0817	0.00737449	7500	2e+11 0.512681
344	0.00344932	33.5409	0.00649516	7500	2e+11 0.513192
345	0.00345938	28.8757	0.00559175	7500	2e+11 0.513643
346	0.00346944	24.3328	0.00471203	7500	2e+11 0.51406
347	0.00347948	20.0986	0.00389207	7500	2e+11 0.514418
348	0.00348952	16.2973	0.00315596	7500	2e+11 0.514895
349	0.00349955	12.9886	0.00251523	7500	2e+11 0.515122
350	0.00350957	10.1877	0.00197283	7500	2e+11 0.515434
351	0.00351959	7.86951	0.00152392	7500	2e+11 0.515697
352	0.00352961	5.99397	0.00116073	7500	2e+11 0.515793
353	0.00353962	4.5042	0.000872235	7500	2e+11 0.515973
354	0.00354963	3.34201	0.000647178	7500	2e+11 0.516105
355	0.00355963	2.44922	0.00047429	7500	2e+11 0.516165
356	0.00356964	1.77314	0.000343367	7500	2e+11 0.516262
357	0.00357964	1.26988	0.000245911	7500	2e+11 0.516262
358	0.00358964	0.899055	0.000174101	7500	2e+11 0.516382
359	0.00359964	0.629838	0.000121968	7500	2e+11 0.516382
360	0.00360964	0.436598	8.45469e-05	7500	2e+11 0.516346
361	0.00361965	0.299455	5.79892e-05	7500	2e+11 0.516382
362	0.00362965	0.203459	3.93997e-05	7500	2e+11 0.516406
363	0.00363965	0.13683	2.64971e-05	7500	2e+11 0.516406
364	0.00364965	0.0910509	1.76319e-05	7500	2e+11 0.516406
365	0.00365965	0.0599948	1.16179e-05	7500	2e+11 0.51643
366	0.00366965	0.039139	7.57923e-06	7500	2e+11 0.51643
367	0.00367965	0.0252816	4.89575e-06	7500	2e+11 0.516502
368	0.00368965	0.0161793	3.13311e-06	7500	2e+11 0.516502
369	0.00369965	0.0102591	1.98667e-06	7500	2e+11 0.516382
370	0.00370965	0.00644231	1.24755e-06	7500	2e+11 0.51643
371	0.00371965	0.00400775	7.76098e-07	7500	2e+11 0.51643
372	0.00372965	0.00247161	4.78625e-07	7500	2e+11 0.516406
373	0.00373965	0.00151028	2.92464e-07	7500	2e+11 0.51637
374	0.00374965	0.00091435	1.77063e-07	7500	2e+11 0.516442
375	0.00375965	0.000548234	1.06165e-07	7500	2e+11 0.516442
376	0.00376965	0.000325696	6.30707e-08	7500	2e+11 0.516442
377	0.00377965	0.00019172	3.71265e-08	7500	2e+11 0.516442
378	0.00378965	0.000111843	2.16583e-08	7500	2e+11 0.516394
379	0.00379965	6.47299e-05	1.25349e-08	7500	2e+11 0.516442
380	0.00380965	3.71647e-05	7.19691e-09	7500	2e+11 0.516442
381	0.00381965	2.11333e-05	4.09245e-09	7500	2e+11 0.516454
382	0.00382965	1.19157e-05	2.30746e-09	7500	2e+11 0.516454
383	0.00383965	6.65664e-06	1.28905e-09	7500	2e+11 0.516394
384	0.00384965	3.69115e-06	7.14788e-10	7500	2e+11 0.516442
385	0.00385965	2.02989e-06	3.93087e-10	7500	2e+11 0.516442
386	0.00386965	1.10636e-06	2.14246e-10	7500	2e+11 0.516394
387	0.00387965	5.97894e-07	1.15782e-10	7500	2e+11 0.516394
388	0.00388965	3.20449e-07	6.20547e-11	7500	2e+11 0.516382
389	0.00389965	1.70412e-07	3.30001e-11	7500	2e+11 0.516947
390	0.00390964	8.98272e-08	1.7395e-11	7500	2e+11 0.517551
391	0.00391962	4.69889e-08	9.09936e-12	7500	2e+11 0.517551
392	0.00392961	2.43641e-08	4.7181e-12	7500	2e+11 0.516514
393	0.00393962	1.25326e-08	2.42692e-12	7500	2e+11 0.51649
394	0.00394961	6.40519e-09	1.24036e-12	7500	2e+11 0.51649
395	0.00395962	3.25185e-09	6.29718e-13	7500	2e+11 0.51637
396	0.00396962	1.63226e-09	3.16086e-13	7500	2e+11 0.51637
397	0.00397962	8.11795e-10	1.57203e-13	7500	2e+11 0.516466
398	0.00398962	4.01846e-10	7.78172e-14	7500	2e+11 0.516466
399	0.00399962	1.96825e-10	3.8115e-14	7500	2e+11 0.516466
400	0.00400962	9.58279e-11	1.8557e-14	7500	2e+11 0.51649
401	0.00401961	4.62869e-11	8.96342e-15	7500	2e+11 0.51649
402	0.00402961	2.22348e-11	4.30576e-15	7500	2e+11 0.51637
403	0.00403962	1.05762e-11	2.04807e-15	7500	2e+11 0.51649
404	0.00404961	4.98365e-12	9.65079e-16	7500	2e+11 0.51649
405	0.00405961	2.32724e-12	4.50668e-16	7500	2e+11 0.516442
406	0.00406962	1.0806e-12	2.09256e-16	7500	2e+11 0.516466
407	0.00407961	4.98951e-13	9.66215e-17	7500	2e+11 0.516466
408	0.00408961	2.28153e-13	4.41816e-17	7500	2e+11 0.516394
409	0.00409961	1.03322e-13	2.00082e-17	7500	2e+11 0.516394
410	0.00410962	4.668e-14	9.03955e-18	7500	2e+11 0.516394
411	0.00411962	2.09853e-14	4.06378e-18	7500	2e+11 0.516394
412	0.00412962	9.37002e-15	1.8145e-18	7500	2e+11 0.516442
413	0.00413961	4.13408e-15	8.00561e-19	7500	2e+11 0.516442
414	0.00414962	1.8043e-15	3.49402e-19	7500	2e+11 0.516394
415	0.00415962	7.82255e-16	1.51483e-19	7500	2e+11 0.516394
416	0.00416962	3.36924e-16	6.5245e-20	7500	2e+11 0.516418
417	0.00417962	1.44539e-16	2.79898e-20	7500	2e+11 0.516514
418	0.00418961	6.16992e-17	1.1948e-20	7500	2e+11 0.516514
419	0.00419961	2.59857e-17	5.03211e-21	7500	2e+11 0.51637
420	0.00420962	1.08268e-17	2.09659e-21	7500	2e+11 0.516346
421	0.00421962	4.48132e-18	8.67805e-22	7500	2e+11 0.51649
422	0.00422961	1.84531e-18	3.57343e-22	7500	2e+11 0.51649
423	0.00423962	7.52198e-19	1.45663e-22	7500	2e+11 0.516394
424	0.00424962	3.05653e-19	5.91894e-23	7500	2e+11 0.516418
425	0.00425962	1.23395e-19	2.38954e-23	7500	2e+11 0.516418
426	0.00426962	4.93535e-20	9.55727e-24	7500	2e+11 0.516442
427	0.00427962	1.96066e-20	3.79679e-24	7500	2e+11 0.516442
428	0.00428962	7.73553e-21	1.49798e-24	7500	2e+11 0.516418
429	0.00429962	3.02337e-21	5.85473e-25	7500	2e+11 0.516394
430	0.00430962	1.1805e-21	2.28602e-25	7500	2e+11 0.516562
431	0.00431961	4.56673e-22	8.84344e-26	7500	2e+11 0.516562
432	0.00432961	1.7445e-22	3.3782e-26	7500	2e+11 0.51637
433	0.00433961	6.6352e-23	1.2849e-26	7500	2e+11 0.51637
434	0.00434962	2.50643e-23	4.85368e-27	7500	2e+11 0.516394
435	0.00435962	9.40518e-24	1.82131e-27	7500	2e+11 0.516394
436	0.00436962	3.51275e-24	6.80241e-28	7500	2e+11 0.516466
437	0.00437961	1.30326e-24	2.52375e-28	7500	2e+11 0.516466
438	0.00438961	4.80168e-25	9.29842e-29	7500	2e+11 0.51637
439	0.00439962	1.75406e-25	3.39672e-29	7500	2e+11 0.516514
440	0.00440961	6.33149e-26	1.22609e-29	7500	2e+11 0.516514
441	0.00441961	2.27555e-26	4.40658e-30	7500	2e+11 0.516394
442	0.00442961	8.13474e-27	1.57528e-30	7500	2e+11 0.516418
443	0.00443961	2.88109e-27	5.57921e-31	7500	2e+11 0.516418
444	0.00444962	1.00869e-27	1.95333e-31	7500	2e+11 0.516418
445	0.00445962	3.49424e-28	6.76657e-32	7500	2e+11 0.516418
446	0.00446962	1.21069e-28	2.34449e-32	7500	2e+11 0.516394
447	0.00447962	4.1708e-29	8.07672e-33	7500	2e+11 0.51649
448	0.00448962	1.42437e-29	2.75828e-33	7500	2e+11 0.51649
449	0.00449961	4.83154e-30	9.35623e-34	7500	2e+11 0.516418
450	0.00450962	1.63532e-30	3.16677e-34	7500	2e+11 0.516514
451	0.00451961	5.46853e-31	1.05898e-34	7500	2e+11 0.516514
452	0.00452961	1.8155e-31	3.5157e-35	7500	2e+11 0.516418
453	0.00453962	5.99505e-32	1.16094e-35	7500	2e+11 0.516466
454	0.00454961	1.96798e-32	3.81097e-36	7500	2e+11 0.516514
455	0.00455961	6.39187e-33	1.23778e-36	7500	2e+11 0.516514
456	0.00456962	2.06985e-33	4.00826e-37	7500	2e+11 0.516442
457	0.00457962	6.66486e-34	1.29064e-37	7500	2e+11 0.516442
458	0.00458962	2.13837e-34	4.14093e-38	7500	2e+11 0.516394
459	0.00459962	6.75573e-35	1.30824e-38	7500	2e+11 0.51649
460	0.00460961	2.10174e-35	4.07001e-39	7500	2e+11 0.51649
461	0.00461961	6.48875e-36	1.25654e-39	7500	2e+11 0.516442
462	0.00462962	1.99478e-36	3.86288e-40	7500	2e+11 0.516394
463	0.00463962	6.14468e-37	1.18991e-40	7500	2e+11 0.51649
464	0.00464961	1.88917e-37	3.65837e-41	7500	2e+11 0.51649
465	0.00465961	5.70653e-38	1.10506e-41	7500	2e+11 0.516442
466	0.00466961	1.71644e-38	3.32388e-42	7500	2e+11 0.516394
467	0.00467961	5.10881e-39	9.89317e-43	7500	2e+11 0.516466
468	0.00468961	1.49067e-39	2.88667e-43	7500	2e+11 0.516466
469	0.00469962	4.19704e-40	8.12753e-44	7500	2e+11 0.516466
470	0.00470961	1.08545e-40	2.10195e-44	7500	2e+11 0.516466
471	0.00471962	2.17089e-41	4.2039e-45	7500	2e+11 0.516346
472	0.00472962	0	0	7500	2e+11 0.51661
473	0.00473961	0	0	7500	2e+11 0.51661
474	0.00474961	0	0	7500	2e+11 0.516394
475	0.00475961	0	0	7500	2e+11 0.516346
476	0.00476961	0	0	7500	2e+11 0.516394
477	0.00477961	0	0	7500	2e+11 0.516538
478	0.00478961	0	0	7500	2e+11 0.516538
479	0.00479961	0	0	7500	2e+11 0.516346
480	0.00480961	0	0	7500	2e+11 0.516442
481	0.00481961	0	0	7500	2e+11 0.516442
482	0.00482961	0	0	7500	2e+11 0.516418
483	0.00483961	0	0	7500	2e+11 0.516442
484	0.00484961	0	0	7500	2e+11 0.516442
485	0.00485961	0	0	7500	2e+11 0.516442
486	0.00486961	0	0	7500	2e+11 0.516442
487	0.00487961	0	0	7500	2e+11 0.516466
488	0.00488961	0	0	7500	2e+11 0.516466
489	0.00489962	0	0	7500	2e+11 0.516442
490	0.00490962	0	0	7500	2e+11 0.51649
491	0.00491961	0	0	7500	2e+11 0.51649
492	0.00492961	0	0	7500	2e+11 0.516418
493	0.00493961	0	0	7500	2e+11 0.516418
494	0.00494961	0	0	7500	2e+11 0.516418
495	0.00495961	0	0	7500	2e+11 0.516538
496	0.00496961	0	0	7500	2e+11 0.516538
497	0.00497961	0	0	7500	2e+11 0.516442
498	0.00498961	0	0	7500	2e+11 0.516394
499	0.00499961	0	0	7500	2e+11 0.516418
500	0.00500961	0	0	7500	2e+11 0.516442
501	0.00501961	0	0	7500	2e+11 0.516442
502	0.00502961	0	0	7500	2e+11 0.516418
503	0.00503961	0	0	7500	2e+11 0.516418
504	0.00504961	0	0	7500	2e+11 0.516418
505	0.00505961	0	0	7500	2e+11 0.516418
506	0.00506961	0	0	7500	2e+11 0.516586
507	0.00507961	0	0	7500	2e+11 0.516586
508	0.00508961	0	0	7500	2e+11 0.51637
509	0.00509961	0	0	7500	2e+11 0.516394
510	0.00510961	0	0	7500	2e+11 0.516394
511	0.00511961	0	0	7500	2e+11 0.516442
512	0.00512961	0	0	7500	2e+11 0.516442
513	0.00513961	0	0	7500	2e+11 0.516466
514	0.00514961	0	0	7500	2e+11 0.516466
515	0.00515961	0	0	7500	2e+11 0.516514
516	0.00516961	0	0	7500	2e+11 0.516514
517	0.00517961	0	0	7500	2e+11 0.516418
518	0.00518961	0	0	7500	2e+11 0.516394
519	0.00519961	0	0	7500	2e+11 0.516442
520	0.00520961	0	0	7500	2e+11 0.51649
521	0.00521961	0	0	7500	2e+11 0.51649
522	0.00522961	0	0	7500	2e+11 0.516418
523	0.00523961	0	0	7500	2e+11 0.516418
524	0.00524961	0	0	7500	2e+11 0.51649
525	0.00525961	0	0	7500	2e+11 0.51649
526	0.00526961	0	0	7500	2e+11 0.516418
527	0.00527961	0	0	7500	2e+11 0.516562
528	0.00528961	0	0	7500	2e+11 0.516562
529	0.00529961	0	0	7500	2e+11 0.516466
530	0.00530961	0	0	7500	2e+11 0.516466
531	0.00531961	0	0	7500	2e+11 0.516442
532	0.00532961	0	0	7500	2e+11 0.516442
533	0.00533961	0	0	7500	2e+11 0.516394
534	0.00534961	0	0	7500	2e+11 0.516466
535	0.00535961	0	0	7500	2e+11 0.516466
536	0.00536961	0	0	7500	2e+11 0.516418
537	0.00537961	0	0	7500	2e+11 0.516466
538	0.00538961	0	0	7500	2e+11 0.516466
539	0.00539961	0	0	7500	2e+11 0.516466
540	0.00540961	0	0	7500	2e+11 0.516466
541	0.00541961	0	0	7500	2e+11 0.516394
542	0.00542961	0	0	7500	2e+11 0.51649
543	0.00543961	0	0	7500	2e+11 0.51649
544	0.00544961	0	0	7500	2e+11 0.51637
545	0.00545961	0	0	7500	2e+11 0.51649
546	0.00546961	0	0	7500	2e+11 0.51649
547	0.00547961	0	0	7500	2e+11 0.516418
548	0.00548961	0	0	7500	2e+11 0.516418
549	0.00549961	0	0	7500	2e+11 0.516538
550	0.00550961	0	0	7500	2e+11 0.516538
551	0.00551961	0	0	7500	2e+11 0.516394
552	0.00552961	0	0	7500	2e+11 0.516442
553	0.00553961	0	0	7500	2e+11 0.516442
554	0.00554961	0	0	7500	2e+11 0.51637
555	0.00555961	0	0	7500	2e+11 0.516418
556	0.00556961	0	0	7500	2e+11 0.516418
557	0.00557961	0	0	7500	2e+11 0.516466
558	0.00558961	0	0	7500	2e+11 0.516466
559	0.00559961	0	0	7500	2e+11 0.516514
560	0.0056096	0	0	7500	2e+11 0.516514
561	0.0056196	0	0	7500	2e+11 0.516418
562	0.00562961	0	0	7500	2e+11 0.516346
563	0.00563961	0	0	7500	2e+11 0.51649
564	0.00564961	0	0	7500	2e+11 0.51649
565	0.00565961	0	0	7500	2e+11 0.516466
566	0.0056696	0	0	7500	2e+11 0.516466
567	0.0056796	0	0	7500	2e+11 0.516442
568	0.00568961	0	0	7500	2e+11 0.516442
569	0.0056996	0	0	7500	2e+11 0.516466
570	0.0057096	0	0	7500	2e+11 0.516514
571	0.0057196	0	0	7500	2e+11 0.516514
572	0.0057296	0	0	7500	2e+11 0.51637
573	0.0057396	0	0	7500	2e+11 0.516514
574	0.0057496	0	0	7500	2e+11 0.516514
575	0.0057596	0	0	7500	2e+11 0.516418
576	0.0057696	0	0	7500	2e+11 0.516514
577	0.0057796	0	0	7500	2e+11 0.516514
578	0.0057896	0	0	7500	2e+11 0.516394
579	0.0057996	0	0	7500	2e+11 0.51649
580	0.0058096	0	0	7500	2e+11 0.51649
581	0.0058196	0	0	7500	2e+11 0.516394
582	0.0058296	0	0	7500	2e+11 0.516418
583	0.0058396	0	0	7500	2e+11 0.516418
584	0.0058496	0	0	7500	2e+11 0.516394
585	0.0058596	0	0	7500	2e+11 0.51637
586	0.0058696	0	0	7500	2e+11 0.516442
587	0.0058796	0	0	7500	2e+11 0.516538
588	0.0058896	0	0	7500	2e+11 0.516538
589	0.0058996	0	0	7500	2e+11 0.51649
590	0.0059096	0	0	7500	2e+11 0.51649
591	0.0059196	0	0	7500	2e+11 0.516418
592	0.0059296	0	0	7500	2e+11 0.516418
593	0.0059396	0	0	7500	2e+11 0.516466
594	0.0059496	0	0	7500	2e+11 0.51649
595	0.0059596	0	0	7500	2e+11 0.51649
596	0.0059696	0	0	7500	2e+11 0.516394
597	0.0059796	0	0	7500	2e+11 0.51649
598	0.0059896	0	0	7500	2e+11 0.51649
599	0.0059996	0	0	7500	2e+11 0.516394
600	0.0060096	0	0	7500	2e+11 0.51649
601	0.00601959	0	0	7500	2e+11 0.51649
602	0.00602959	0	0	7500	2e+11 0.51649
603	0.00603959	0	0	7500	2e+11 0.51649
604	0.00604959	0	0	7500	2e+11 0.516442
605	0.00605959	0	0	7500	2e+11 0.516466
606	0.00606959	0	0	7500	2e+11 0.516466
607	0.00607959	0	0	7500	2e+11 0.51649
608	0.00608959	0	0	7500	2e+11 0.51649
609	0.00609959	0	0	7500	2e+11 0.51649
610	0.00610959	0	0	7500	2e+11 0.51649
611	0.00611959	0	0	7500	2e+11 0.516418
612	0.00612959	0	0	7500	2e+11 0.516418
613	0.00613959	0	0	7500	2e+11 0.51649
614	0.00614959	0	0	7500	2e+11 0.51649
615	0.00615959	0	0	7500	2e+11 0.516466
616	0.00616959	0	0	7500	2e+11 0.516466
617	0.00617959	0	0	7500	2e+11 0.516418
618	0.00618958	0	0	7500	2e+11 0.516538
619	0.00619958	0	0	7500	2e+11 0.516538
620	0.00620958	0	0	7500	2e+11 0.516442
621	0.00621958	0	0	7500	2e+11 0.516442
622	0.00622958	0	0	7500	2e+11 0.516514
623	0.00623958	0	0	7500	2e+11 0.516514
624	0.00624958	0	0	7500	2e+11 0.516442
625	0.00625958	0	0	7500	2e+11 0.516442
626	0.00626958	0	0	7500	2e+11 0.51649
627	0.00627958	0	0	7500	2e+11 0.51649
628	0.00628958	0	0	7500	2e+11 0.516418
629	0.00629958	0	0	7500	2e+11 0.516466
630	0.00630957	0	0	7500	2e+11 0.516514
631	0.00631957	0	0	7500	2e+11 0.516514
632	0.00632957	0	0	7500	2e+11 0.51661
633	0.00633957	0	0	7500	2e+11 0.51661
634	0.00634957	0	0	7500	2e+11 0.516514
635	0.00635957	0	0	7500	2e+11 0.516514
636	0.00636957	0	0	7500	2e+11 0.516514
637	0.00637956	0	0	7500	2e+11 0.516538
638	0.00638956	0	0	7500	2e+11 0.516538
639	0.00639956	0	0	7500	2e+11 0.516586
640	0.00640956	0	0	7500	2e+11 0.516586
641	0.00641956	0	0	7500	2e+11 0.516562
642	0.00642955	0	0	7500	2e+11 0.516731
643	0.00643955	0	0	7500	2e+11 0.516731
644	0.00644955	0	0	7500	2e+11 0.516707
645	0.00645954	0	0	7500	2e+11 0.516707
646	0.00646954	0	0	7500	2e+11 0.516731
647	0.00647953	0	0	7500	2e+11 0.516731
648	0.00648952	0	0	7500	2e+11 0.516851
649	0.00649952	0	0	7500	2e+11 0.517164
650	0.0065095	0	0	7500	2e+11 0.517164
651	0.00651956	0	0	7500	2e+11 0.51702
652	0.00652955	0	0	7500	2e+11 0.51702
653	0.00653954	0	0	7500	2e+11 0.516779
654	0.00654954	0	0	7500	2e+11 0.516658
655	0.00655953	0	0	7500	2e+11 0.516634
656	0.00656953	0	0	7500	2e+11 0.516634
657	0.00657953	0	0	7500	2e+11 0.516538
658	0.00658952	0	0	7500	2e+11 0.516658
659	0.00659952	0	0	7500	2e+11 0.516658
660	0.00660952	0	0	7500	2e+11 0.516538
661	0.00661952	0	0	7500	2e+11 0.516538
662	0.00662951	0	0	7500	2e+11 0.516514
663	0.00663951	0	0	7500	2e+11 0.516514
664	0.00664951	0	0	7500	2e+11 0.51637
665	0.00665951	0	0	7500	2e+11 0.51637
666	0.00666951	0	0	7500	2e+11 0.516394
667	0.00667951	0	0	7500	2e+11 0.516562
668	0.00668951	0	0	7500	2e+11 0.516562
669	0.00669951	0	0	7500	2e+11 0.516418
670	0.00670951	0	0	7500	2e+11 0.51649
671	0.00671951	0	0	7500	2e+11 0.51649
672	0.00672951	0	0	7500	2e+11 0.51637
673	0.00673951	0	0	7500	2e+11 0.516538
674	0.00674951	0	0	7500	2e+11 0.516538
675	0.00675951	0	0	7500	2e+11 0.51637
676	0.00676951	0	0	7500	2e+11 0.51637
677	0.00677951	0	0	7500	2e+11 0.516442
678	0.00678951	0	0	7500	2e+11 0.516442
679	0.00679951	0	0	7500	2e+11 0.516442
680	0.00680951	0	0	7500	2e+11 0.516442
681	0.00681951	0	0	7500	2e+11 0.516394
682	0.00682951	0	0	7500	2e+11 0.516394
683	0.00683951	0	0	7500	2e+11 0.51637
684	0.00684952	0	0	7500	2e+11 0.516346
685	0.00685952	0	0	7500	2e+11 0.516346
686	0.00686952	0	0	7500	2e+11 0.51637
687	0.00687952	0	0	7500	2e+11 0.516442
688	0.00688952	0	0	7500	2e+11 0.516442
689	0.00689952	0	0	7500	2e+11 0.516418
690	0.00690952	0	0	7500	2e+11 0.516418
691	0.00691952	0	0	7500	2e+11 0.516442
692	0.00692952	0	0	7500	2e+11 0.516442
693	0.00693952	0	0	7500	2e+11 0.516466
694	0.00694952	0	0	7500	2e+11 0.516466
695	0.00695952	0	0	7500	2e+11 0.516466
696	0.00696952	0	0	7500	2e+11 0.516394
697	0.00697952	0	0	7500	2e+11 0.516418
698	0.00698952	0	0	7500	2e+11 0.516418
699	0.00699952	0	0	7500	2e+11 0.51649
700	0.00700952	0	0	7500	2e+11 0.51649
701	0.00701952	0	0	7500	2e+11 0.51637
702	0.00702952	0	0	7500	2e+11 0.51637
703	0.00703952	0	0	7500	2e+11 0.516466
704	0.00704952	0	0	7500	2e+11 0.516466
705	0.00705952	0	0	7500	2e+11 0.516442
706	0.00706952	0	0	7500	2e+11 0.516442
707	0.00707952	0	0	7500	2e+11 0.516442
708	0.00708952	0	0	7500	2e+11 0.516418
709	0.00709952	0	0	7500	2e+11 0.516538
710	0.00710952	0	0	7500	2e+11 0.516538
711	0.00711952	0	0	7500	2e+11 0.516442
712	0.00712952	0	0	7500	2e+11 0.516442
713	0.00713952	0	0	7500	2e+11 0.516442
714	0.00714952	0	0	7500	2e+11 0.516442
715	0.00715952	0	0	7500	2e+11 0.516394
716	0.00716952	0	0	7500	2e+11 0.516562
717	0.00717951	0	0	7500	2e+11 0.516562
718	0.00718951	0	0	7500	2e+11 0.516418
719	0.00719952	0	0	7500	2e+11 0.51649
720	0.00720951	0	0	7500	2e+11 0.51649
721	0.00721952	0	0	7500	2e+11 0.51649
722	0.00722951	0	0	7500	2e+11 0.51649
723	0.00723951	0	0	7500	2e+11 0.516442
724	0.00724951	0	0	7500	2e+11 0.516442
725	0.00725951	0	0	7500	2e+11 0.516442
726	0.00726951	0	0	7500	2e+11 0.516442
727	0.00727951	0	0	7500	2e+11 0.516442
728	0.00728951	0	0	7500	2e+11 0.516442
729	0.00729951	0	0	7500	2e+11 0.516418
730	0.00730951	0	0	7500	2e+11 0.516418
731	0.00731951	0	0	7500	2e+11 0.516514
732	0.00732951	0	0	7500	2e+11 0.516514
733	0.00733951	0	0	7500	2e+11 0.516322
734	0.00734952	0	0	7500	2e+11 0.51637
735	0.00735952	0	0	7500	2e+11 0.516418
736	0.00736952	0	0	7500	2e+11 0.51649
737	0.00737951	0	0	7500	2e+11 0.51649
738	0.00738952	0	0	7500	2e+11 0.516322
739	0.00739952	0	0	7500	2e+11 0.51637
740	0.00740952	0	0	7500	2e+11 0.51637
741	0.00741952	0	0	7500	2e+11 0.516346
742	0.00742952	0	0	7500	2e+11 0.516346
743	0.00743952	0	0	7500	2e+11 0.516274
744	0.00744953	0	0	7500	2e+11 0.516274
745	0.00745953	0	0	7500	2e+11 0.516226
746	0.00746953	0	0	7500	2e+11 0.516226
747	0.00747954	0	0	7500	2e+11 0.516105
748	0.00748955	0	0	7500	2e+11 0.516129
749	0.00749955	0	0	7500	2e+11 0.516129
750	0.00750956	0	0	7500	2e+11 0.519466
751	0.0075195	-1.83917e-37	-3.56154e-41	7500	2e+11 0.519466
752	0.00752952	-5.90111e-37	-1.14274e-40	7500	2e+11 0.515841
753	0.00753953	-7.23454e-37	-1.40096e-40	7500	2e+11 0.516274
754	0.00754953	-1.46501e-36	-2.83697e-40	7500	2e+11 0.516274
755	0.00755954	-6.16003e-36	-1.19288e-39	7500	2e+11 0.516033
756	0.00756954	-2.24302e-35	-4.34359e-39	7500	2e+11 0.516346
757	0.00757955	-5.99066e-35	-1.16009e-38	7500	2e+11 0.516346
758	0.00758955	-1.6781e-34	-3.24963e-38	7500	2e+11 0.516177
759	0.00759955	-4.32545e-34	-8.37619e-38	7500	2e+11 0.516177
760	0.00760956	-1.17978e-33	-2.28464e-37	7500	2e+11 0.516298
761	0.00761956	-3.63957e-33	-7.048e-37	7500	2e+11 0.516298
762	0.00762957	-1.16203e-32	-2.25026e-36	7500	2e+11 0.516442
763	0.00763956	-2.89152e-32	-5.59941e-36	7500	2e+11 0.516442
764	0.00764957	-1.0907e-31	-2.11213e-35	7500	2e+11 0.516538
765	0.00765957	-2.61591e-31	-5.0657e-35	7500	2e+11 0.516538
766	0.00766957	-1.0268e-30	-1.98839e-34	7500	2e+11 0.516346
767	0.00767957	-2.4183e-30	-4.68301e-34	7500	2e+11 0.516346
768	0.00768957	-7.79722e-30	-1.50992e-33	7500	2e+11 0.516346
769	0.00769957	-2.08881e-29	-4.04497e-33	7500	2e+11 0.516346
770	0.00770958	-6.39423e-29	-1.23824e-32	7500	2e+11 0.516442
771	0.00771958	-1.55588e-28	-3.01295e-32	7500	2e+11 0.516442
772	0.00772958	-4.19654e-28	-8.12657e-32	7500	2e+11 0.516346
773	0.00773958	-1.41032e-27	-2.73107e-31	7500	2e+11 0.516346
774	0.00774958	-3.57917e-27	-6.93104e-31	7500	2e+11 0.516394
775	0.00775958	-9.3031e-27	-1.80154e-30	7500	2e+11 0.516394
776	0.00776958	-2.25519e-26	-4.36717e-30	7500	2e+11 0.51637
777	0.00777958	-6.50708e-26	-1.26009e-29	7500	2e+11 0.51637
778	0.00778959	-1.6812e-25	-3.25562e-29	7500	2e+11 0.51649
779	0.00779958	-3.99626e-25	-7.73872e-29	7500	2e+11 0.51649
780	0.00780959	-1.00102e-24	-1.93846e-28	7500	2e+11 0.516201
781	0.00781965	-3.02333e-24	-5.85465e-28	7500	2e+11 0.51541
782	0.00782966	-8.13019e-24	-1.57441e-27	7500	2e+11 0.51637
783	0.00783966	-2.14167e-23	-4.14733e-27	7500	2e+11 0.51637
784	0.00784967	-7.61685e-23	-1.475e-26	7500	2e+11 0.516466
785	0.00785966	-1.8839e-22	-3.64816e-26	7500	2e+11 0.516466
786	0.00786967	-5.6799e-22	-1.09991e-25	7500	2e+11 0.516514
787	0.00787966	-1.41038e-21	-2.73119e-25	7500	2e+11 0.516514
788	0.00788967	-3.81454e-21	-7.38683e-25	7500	2e+11 0.516466
789	0.00789967	-1.19512e-20	-2.31433e-24	7500	2e+11 0.516466
790	0.00790967	-3.19029e-20	-6.17798e-24	7500	2e+11 0.51661
791	0.00791967	-1.01775e-19	-1.97086e-23	7500	2e+11 0.51661
792	0.00792967	-2.20269e-19	-4.26549e-23	7500	2e+11 0.516466
793	0.00793967	-7.32685e-19	-1.41884e-22	7500	2e+11 0.516466
794	0.00794967	-1.75022e-18	-3.38929e-22	7500	2e+11 0.51661
795	0.00795967	-4.53344e-18	-8.77896e-22	7500	2e+11 0.51661
796	0.00796967	-1.38402e-17	-2.68014e-21	7500	2e+11 0.516322
797	0.00797968	-4.15677e-17	-8.04955e-21	7500	2e+11 0.516514
798	0.00798967	-1.14983e-16	-2.22664e-20	7500	2e+11 0.516514
799	0.00799967	-3.50637e-16	-6.79006e-20	7500	2e+11 0.516514
800	0.00800967	-9.75336e-16	-1.88873e-19	7500	2e+11 0.516466
801	0.00801967	-2.45134e-15	-4.747e-19	7500	2e+11 0.516514
802	0.00802967	-7.25563e-15	-1.40505e-18	7500	2e+11 0.516514
803	0.00803967	-1.87034e-14	-3.6219e-18	7500	2e+11 0.516274
804	0.00804968	-5.09867e-14	-9.87354e-18	7500	2e+11 0.516418
805	0.00805968	-1.04015e-13	-2.01423e-17	7500	2e+11 0.516466
806	0.00806968	-2.99669e-13	-5.80306e-17	7500	2e+11 0.516658
807	0.00807967	-9.34682e-13	-1.81e-16	7500	2e+11 0.516658
808	0.00808967	-2.52078e-12	-4.88146e-16	7500	2e+11 0.51637
809	0.00809967	-7.32671e-12	-1.41881e-15	7500	2e+11 0.51637
810	0.00810968	-1.50709e-11	-2.91846e-15	7500	2e+11 0.516466
811	0.00811968	-4.94528e-11	-9.5765e-15	7500	2e+11 0.516466
812	0.00812968	-1.3255e-10	-2.56682e-14	7500	2e+11 0.51637
813	0.00813968	-3.49926e-10	-6.77628e-14	7500	2e+11 0.516322
814	0.00814968	-9.29783e-10	-1.80052e-13	7500	2e+11 0.51637
815	0.00815968	-2.78445e-09	-5.39207e-13	7500	2e+11 0.51637
816	0.00816968	-9.54217e-09	-1.84783e-12	7500	2e+11 0.516658
817	0.00817968	-2.19795e-08	-4.25632e-12	7500	2e+11 0.516658
818	0.00818968	-6.5865e-08	-1.27547e-11	7500	2e+11 0.516322
819	0.00819968	-1.85874e-07	-3.59943e-11	7500	2e+11 0.51637
820	0.00820968	-5.51852e-07	-1.06866e-10	7500	2e+11 0.51637
821	0.00821968	-1.32218e-06	-2.56039e-10	7500	2e+11 0.51661
822	0.00822968	-3.08813e-06	-5.98015e-10	7500	2e+11 0.51661
823	0.00823968	-8.08274e-06	-1.56522e-09	7500	2e+11 0.516514
824	0.00824968	-2.53075e-05	-4.90078e-09	7500	2e+11 0.516514
825	0.00825968	-5.58174e-05	-1.0809e-08	7500	2e+11 0.51637
826	0.00826968	-0.000161976	-3.13666e-08	7500	2e+11 0.516562
827	0.00827968	-0.000463235	-8.97051e-08	7500	2e+11 0.516562
828	0.00828968	-0.001366	-2.64524e-07	7500	2e+11 0.516514
829	0.00829968	-0.0048154	-9.32499e-07	7500	2e+11 0.516466
830	0.00830968	-0.0109287	-2.11634e-06	7500	2e+11 0.516466
831	0.00831969	-0.0357841	-6.92956e-06	7500	2e+11 0.51637
832	0.00832969	-0.093873	-1.81784e-05	7500	2e+11 0.51637
833	0.00833969	-0.188926	-3.65854e-05	7500	2e+11 0.51637
834	0.00834969	-0.49334	-9.55349e-05	7500	2e+11 0.516707
835	0.00835968	-1.64446	-0.000318448	7500	2e+11 0.516851
836	0.00836967	-3.93624	-0.00076225	7500	2e+11 0.516851
837	0.00837967	-7.23936	-0.0014019	7500	2e+11 0.517382
838	0.00838965	-11.3328	-0.0021946	7500	2e+11 0.517382
839	0.00839963	-15.895	-0.00307805	7500	2e+11 0.518107
840	0.0084096	-20.6207	-0.00399318	7500	2e+11 0.518591
841	0.00841956	-25.242	-0.0048881	7500	2e+11 0.518931
842	0.00842951	-29.548	-0.00572195	7500	2e+11 0.519563
843	0.00843945	-33.4316	-0.00647399	7500	2e+11 0.519807
844	0.00844938	-36.8108	-0.00712839	7500	2e+11 0.520099
845	0.00845931	-39.6708	-0.00768221	7500	2e+11 0.520441
846	0.00846923	-42.0155	-0.00813628	7500	2e+11 0.520588
847	0.00847915	-43.9171	-0.00850451	7500	2e+11 0.520881
848	0.00848907	-45.434	-0.00879825	7500	2e+11 0.520881
849	0.00849898	-46.6259	-0.00902906	7500	2e+11 0.521126
850	0.00850889	-47.537	-0.0092055	7500	2e+11 0.521126
851	0.0085188	-48.2148	-0.00933675	7500	2e+11 0.521322
852	0.00852871	-48.7293	-0.00943639	7500	2e+11 0.521322
853	0.00853861	-49.1056	-0.00950926	7500	2e+11 0.521469
854	0.00854852	-49.3738	-0.0095612	7500	2e+11 0.521469
855	0.00855842	-49.5638	-0.00959798	7500	2e+11 0.52142
856	0.00856833	-49.699	-0.00962418	7500	2e+11 0.52142
857	0.00857824	-49.7958	-0.00964291	7500	2e+11 0.521322
858	0.00858814	-49.8626	-0.00965586	7500	2e+11 0.52142
859	0.00859805	-49.9083	-0.0096647	7500	2e+11 0.521469
860	0.00860795	-49.9388	-0.00967062	7500	2e+11 0.521518
861	0.00861785	-49.9593	-0.00967458	7500	2e+11 0.521518
862	0.00862775	-49.9728	-0.0096772	7500	2e+11 0.521469
863	0.00863766	-49.9817	-0.00967892	7500	2e+11 0.52142
864	0.00864756	-49.9875	-0.00968004	7500	2e+11 0.52142
865	0.00865747	-49.9912	-0.00968076	7500	2e+11 0.52142
866	0.00866737	-49.9936	-0.00968122	7500	2e+11 0.521518
867	0.00867727	-49.9951	-0.00968151	7500	2e+11 0.521518
868	0.00868717	-49.996	-0.00968169	7500	2e+11 0.521518
869	0.00869708	-49.9966	-0.00968179	7500	2e+11 0.521469
870	0.00870698	-49.9969	-0.00968186	7500	2e+11 0.521469
871	0.00871689	-49.9971	-0.0096819	7500	2e+11 0.521469
872	0.00872679	-49.9972	-0.00968192	7500	2e+11 0.521567
873	0.00873669	-49.9973	-0.00968194	7500	2e+11 0.521616
874	0.00874659	-49.9973	-0.00968194	7500	2e+11 0.521616
875	0.0087565	-49.9974	-0.00968195	7500	2e+11 0.521469
876	0.0087664	-49.9974	-0.00968195	7500	2e+11 0.521469
877	0.00877631	-49.9974	-0.00968195	7500	2e+11 0.521616
878	0.00878621	-49.9974	-0.00968195	7500	2e+11 0.521616
879	0.00879611	-49.9974	-0.00968195	7500	2e+11 0.521371
880	0.00880602	-49.9974	-0.00968195	7500	2e+11 0.521371
881	0.00881592	-49.9974	-0.00968195	7500	2e+11 0.521371
882	0.00882583	-49.9974	-0.00968195	7500	2e+11 0.521861
883	0.00883573	-49.9974	-0.00968195	7500	2e+11 0.521861
884	0.00884563	-49.9974	-0.00968195	7500	2e+11 0.521469
885	0.00885554	-49.9974	-0.00968195	7500	2e+11 0.521469
886	0.00886544	-49.9974	-0.00968195	7500	2e+11 0.521469
887	0.00887534	-49.9974	-0.00968195	7500	2e+11 0.521322
888	0.00888525	-49.9974	-0.00968195	7500	2e+11 0.521616
889	0.00889515	-49.9974	-0.00968195	7500	2e+11 0.521616
890	0.00890505	-49.9974	-0.00968195	7500	2e+11 0.521469
891	0.00891496	-49.9974	-0.00968195	7500	2e+11 0.521371
892	0.00892486	-49.9974	-0.00968195	7500	2e+11 0.521469
893	0.00893476	-49.9974	-0.00968195	7500	2e+11 0.521665
894	0.00894466	-49.9974	-0.00968195	7500	2e+11 0.521665
895	0.00895457	-49.9974	-0.00968195	7500	2e+11 0.521469
896	0.00896447	-49.9974	-0.00968195	7500	2e+11 0.521469
897	0.00897438	-49.9974	-0.00968195	7500	2e+11 0.521273
898	0.00898429	-49.9974	-0.00968195	7500	2e+11 0.521469
899	0.00899419	-49.9974	-0.00968195	7500	2e+11 0.521469
900	0.0090041	-49.9974	-0.00968195	7500	2e+11 0.521616
901	0.009014	-49.9974	-0.00968195	7500	2e+11 0.521665
902	0.00902389	-49.9974	-0.00968195	7500	2e+11 0.521665
903	0.0090338	-49.9974	-0.00968195	7500	2e+11 0.521518
904	0.0090437	-49.9974	-0.00968195	7500	2e+11 0.521616
905	0.0090536	-49.9974	-0.00968195	7500	2e+11 0.521616
906	0.00906351	-49.9974	-0.00968195	7500	2e+11 0.521371
907	0.00907341	-49.9974	-0.00968195	7500	2e+11 0.521322
908	0.00908332	-49.9974	-0.00968195	7500	2e+11 0.521567
909	0.00909322	-49.9974	-0.00968195	7500	2e+11 0.521567
910	0.00910312	-49.9974	-0.00968195	7500	2e+11 0.521518
911	0.00911303	-49.9974	-0.00968195	7500	2e+11 0.521518
912	0.00912293	-49.9974	-0.00968195	7500	2e+11 0.521371
913	0.00913284	-49.9974	-0.00968195	7500	2e+11 0.521469
914	0.00914274	-49.9974	-0.00968195	7500	2e+11 0.521469
915	0.00915264	-49.9974	-0.00968195	7500	2e+11 0.521616
916	0.00916254	-49.9974	-0.00968195	7500	2e+11 0.521616
917	0.00917245	-49.9974	-0.00968195	7500	2e+11 0.521322
918	0.00918236	-49.9974	-0.00968195	7500	2e+11 0.521518
919	0.00919226	-49.9974	-0.00968195	7500	2e+11 0.521518
920	0.00920216	-49.9974	-0.00968195	7500	2e+11 0.521518
921	0.00921206	-49.9974	-0.00968195	7500	2e+11 0.521469
922	0.00922197	-49.9973	-0.00968195	7500	2e+11 0.521665
923	0.00923187	-49.9973	-0.00968194	7500	2e+11 0.521665
924	0.00924177	-49.9973	-0.00968193	7500	2e+11 0.52142
925	0.00925167	-49.9971	-0.00968189	7500	2e+11 0.521469
926	0.00926158	-49.9966	-0.00968181	7500	2e+11 0.521469
927	0.00927148	-49.9951	-0.00968151	7500	2e+11 0.521371
928	0.00928139	-49.9904	-0.00968061	7500	2e+11 0.521567
929	0.00929129	-49.98	-0.00967859	7500	2e+11 0.521567
930	0.0093012	-49.9507	-0.0096729	7500	2e+11 0.52142
931	0.0093111	-49.8713	-0.00965753	7500	2e+11 0.521469
932	0.009321	-49.6892	-0.00962227	7500	2e+11 0.521469
933	0.00933091	-49.0239	-0.00949344	7500	2e+11 0.521469
934	0.00934081	-47.6971	-0.0092365	7500	2e+11 0.521469
935	0.00935073	-45.7724	-0.00886378	7500	2e+11 0.52093
936	0.00936064	-43.3554	-0.00839574	7500	2e+11 0.52093
937	0.00937056	-40.5349	-0.00784956	7500	2e+11 0.520685
938	0.00938048	-37.4062	-0.00724368	7500	2e+11 0.52049
939	0.00939041	-34.0727	-0.00659815	7500	2e+11 0.520002
940	0.00940035	-30.6411	-0.00593363	7500	2e+11 0.519612
941	0.00941029	-27.2205	-0.00527122	7500	2e+11 0.519369
942	0.00942024	-23.8878	-0.00462586	7500	2e+11 0.519077
943	0.00943019	-20.6876	-0.00400614	7500	2e+11 0.518688
944	0.00944015	-17.6767	-0.00342309	7500	2e+11 0.51864
945	0.00945012	-14.9028	-0.00288592	7500	2e+11 0.518058
946	0.0094601	-12.4028	-0.0024018	7500	2e+11 0.517575
947	0.00947008	-10.192	-0.00197367	7500	2e+11 0.517478
948	0.00948005	-8.27088	-0.00160165	7500	2e+11 0.517478
949	0.00949004	-6.63334	-0.00128454	7500	2e+11 0.517189
950	0.00950003	-5.24754	-0.00101618	7500	2e+11 0.516851
951	0.00951002	-4.1005	-0.000794058	7500	2e+11 0.516996
952	0.00952001	-3.16741	-0.000613367	7500	2e+11 0.516996
953	0.00953001	-2.40504	-0.000465734	7500	2e+11 0.516658
954	0.00954001	-1.80061	-0.000348686	7500	2e+11 0.516947
955	0.00954999	-1.33569	-0.000258656	7500	2e+11 0.516947
956	0.00956	-0.977866	-0.000189363	7500	2e+11 0.516707
957	0.00956999	-0.708567	-0.000137213	7500	2e+11 0.516707
958	0.00957999	-0.507304	-9.8239e-05	7500	2e+11 0.516466
959	0.00959	-0.358488	-6.9421e-05	7500	2e+11 0.516562
960	0.00959999	-0.250419	-4.84934e-05	7500	2e+11 0.516562
961	0.00960999	-0.173027	-3.35065e-05	7500	2e+11 0.516322
962	0.00962	-0.118031	-2.28566e-05	7500	2e+11 0.51661
963	0.00962999	-0.0795205	-1.53991e-05	7500	2e+11 0.51661
964	0.00963999	-0.0531873	-1.02997e-05	7500	2e+11 0.516514
965	0.00964999	-0.0352859	-6.83309e-06	7500	2e+11 0.516514
966	0.00966	-0.0230409	-4.46185e-06	7500	2e+11 0.516514
967	0.00967	-0.014856	-2.87686e-06	7500	2e+11 0.516514
968	0.00968	-0.00953776	-1.84698e-06	7500	2e+11 0.516755
969	0.00968999	-0.006057	-1.17293e-06	7500	2e+11 0.516755
970	0.0097	-0.00380941	-7.37689e-07	7500	2e+11 0.51637
971	0.00971	-0.00237041	-4.59029e-07	7500	2e+11 0.51661
972	0.00971999	-0.0014711	-2.84877e-07	7500	2e+11 0.51661
973	0.00972999	-0.000906644	-1.75571e-07	7500	2e+11 0.516466
974	0.00974	-0.000556309	-1.07729e-07	7500	2e+11 0.516755
975	0.00974999	-0.000338978	-6.56428e-08	7500	2e+11 0.516755
976	0.00976	-0.000205181	-3.97331e-08	7500	2e+11 0.516562
977	0.00976999	-0.000122605	-2.37424e-08	7500	2e+11 0.516562
978	0.00978	-7.20218e-05	-1.3947e-08	7500	2e+11 0.516226
979	0.00979	-4.14209e-05	-8.02113e-09	7500	2e+11 0.516466
980	0.0098	-2.28476e-05	-4.42442e-09	7500	2e+11 0.516466
981	0.00981	-1.20742e-05	-2.33815e-09	7500	2e+11 0.516418
982	0.00982	-6.06672e-06	-1.17482e-09	7500	2e+11 0.51637
983	0.00983	-2.94026e-06	-5.69379e-10	7500	2e+11 0.516562
984	0.00984	-1.34613e-06	-2.60677e-10	7500	2e+11 0.516562
985	0.00985	-5.82239e-07	-1.1275e-10	7500	2e+11 0.516274
986	0.00986001	-2.40937e-07	-4.66572e-11	7500	2e+11 0.516947
987	0.00987	-9.53568e-08	-1.84658e-11	7500	2e+11 0.516947
988	0.00987999	-3.57258e-08	-6.91827e-12	7500	2e+11 0.516803
989	0.00988999	-1.2425e-08	-2.40608e-12	7500	2e+11 0.516803
990	0.0099	-4.09378e-09	-7.92756e-13	7500	2e+11 0.516418
991	0.00991	-1.23428e-09	-2.39017e-13	7500	2e+11 0.516418
992	0.00992	-3.51325e-10	-6.80339e-14	7500	2e+11 0.51661
993	0.00993	-9.22649e-11	-1.7867e-14	7500	2e+11 0.516658
994	0.00993999	-2.40613e-11	-4.65945e-15	7500	2e+11 0.516658
995	0.00995	-6.08457e-12	-1.17827e-15	7500	2e+11 0.516322
996	0.00996	-1.45636e-12	-2.82022e-16	7500	2e+11 0.51661
997	0.00996999	-3.17827e-13	-6.15471e-17	7500	2e+11 0.51661
998	0.00998	-6.31755e-14	-1.22351e-17	7500	2e+11 0.516514
999	0.00999	-1.22417e-14	-2.38337e-18	7500	2e+11 0.516514
1000	0.01	0	-1.08686e-19	7500	2e+11 0.516322
