0	0	0	0	1	1
1	0.01	0	0	1	1
2	0.02	0	0	1	1
3	0.03	0	0	1	1
4	0.04	0	0	1	1
5	0.05	0	0	1	1
6	0.06	0	0	1	1
7	0.07	0	0	1	1
8	0.08	0	0	1	1
9	0.09	0	0	1	1
10	0.1	0	0	1	1
11	0.11	0	0	1	1
12	0.12	0	0	1	1
13	0.13	0	0	1	1
14	0.14	0	0	1	1
15	0.15	0	0	1	1
16	0.16	0	0	1	1
17	0.17	0	0	1	1
18	0.18	0	0	1	1
19	0.19	0	0	1	1
20	0.2	0	0	1	1
21	0.21	0	0	1	1
22	0.22	0	0	1	1
23	0.23	0	0	1	1
24	0.24	0	0	1	1
25	0.25	0	0	1	1
26	0.26	0	0	1	1
27	0.27	0	0	1	1
28	0.28	0	0	1	1
29	0.29	0	0	1	1
30	0.3	0	0	1	1
31	0.31	0	0	1	1
32	0.32	0	0	1	1
33	0.33	0	0	1	1
34	0.34	0	0	1	1
35	0.35	0	0	1	1
36	0.36	0	0	1	1
37	0.37	0	0	1	1
38	0.38	0	0	1	1
39	0.39	0	0	1	1
40	0.4	0	0	1	1
41	0.409051	-0.000303403	0.000303403	1	1
42	0.418119	-0.00213266	0.00213266	1	1
43	0.427236	-0.00762832	0.00762832	1	1
44	0.436453	-0.0185195	0.0185195	1	1
45	0.445818	-0.0343895	0.0343895	1	1
46	0.455353	-0.052411	0.052411	1	1
47	0.465047	-0.0690083	0.0690083	1	1
48	0.474867	-0.0818132	0.0818132	1	1
49	0.48477	-0.0903183	0.0903183	1	1
50	0.44009	-39.0361	12.3443	0.1	1
51	0.491582	-5.50135	1.73968	0.1	1
52	0.506018	-1.17214	0.370663	0.1	1
53	0.517389	-0.406603	0.128579	0.1	1
54	0.528441	-0.316479	0.100079	0.1	1
55	0.539474	-0.311203	0.0984112	0.1	1
56	0.55051	-0.311627	0.0985451	0.1	1
57	0.561542	-0.310648	0.0982355	0.1	1
58	0.572562	-0.307182	0.0971394	0.1	1
59	0.583559	-0.300342	0.0949764	0.1	1
60	0.594516	-0.289304	0.091486	0.1	1
61	0.605419	-0.273555	0.0865056	0.1	1
62	0.616253	-0.25309	0.080034	0.1	1
63	0.627002	-0.228494	0.072256	0.1	1
64	0.637658	-0.200857	0.0635167	0.1	1
65	0.648216	-0.17161	0.054268	0.1	1
66	0.658676	-0.142295	0.0449977	0.1	1
67	0.669043	-0.114355	0.0361621	0.1	1
68	0.679329	-0.0889632	0.0281326	0.1	1
69	0.689543	-0.0669294	0.0211649	0.1	1
70	0.699698	-0.0486499	0.0153844	0.1	1
71	0.709807	-0.0341429	0.0107969	0.1	1
72	0.71988	-0.0231246	0.00731265	0.1	1
73	0.729928	-0.0151117	0.00477873	0.1	1
74	0.739958	-0.00952861	0.00301321	0.1	1
75	0.749977	-0.00579878	0.00183374	0.1	1
76	0.759988	-0.00340733	0.00107749	0.1	1
77	0.769994	-0.00193423	0.000611657	0.1	1
78	0.779997	-0.00106145	0.000335659	0.1	1
79	0.789999	-0.000563502	0.000178195	0.1	1
80	0.8	-0.000289611	9.15832e-05	0.1	1
81	0.81	-0.000144208	4.56025e-05	0.1	1
82	0.82	-6.96163e-05	2.20146e-05	0.1	1
83	0.83	-3.26059e-05	1.03109e-05	0.1	1
84	0.84	-1.48267e-05	4.68861e-06	0.1	1
85	0.85	-6.55011e-06	2.07133e-06	0.1	1
86	0.86	-2.81311e-06	8.89583e-07	0.1	1
87	0.87	-1.17524e-06	3.71643e-07	0.1	1
88	0.88	-4.77887e-07	1.51121e-07	0.1	1
89	0.89	-1.89248e-07	5.98455e-08	0.1	1
90	0.9	-7.30265e-08	2.3093e-08	0.1	1
91	0.91	-2.74727e-08	8.68762e-09	0.1	1
92	0.92	-1.00811e-08	3.18794e-09	0.1	1
93	0.93	-3.61007e-09	1.14161e-09	0.1	1
94	0.94	-1.26219e-09	3.9914e-10	0.1	1
95	0.95	-4.31047e-10	1.36311e-10	0.1	1
96	0.96	-1.43841e-10	4.54928e-11	0.1	1
97	0.97	-4.68947e-11	1.48521e-11	0.1	1
98	0.98	-1.48487e-11	4.77472e-12	0.1	1
99	0.99	-4.24707e-12	1.6132e-12	0.1	1
100	1	0	9.03181e-13	0.1	1
