0	0	0	0	7500	2e+11 0.516398
1	1e-05	0	0	7500	2e+11 0.516398
2	2e-05	0	0	7500	2e+11 0.516398
3	3e-05	0	0	7500	2e+11 0.516398
4	4e-05	0	0	7500	2e+11 0.516398
5	5e-05	0	0	7500	2e+11 0.516398
6	6e-05	0	0	7500	2e+11 0.516398
7	7e-05	0	0	7500	2e+11 0.516398
8	8e-05	0	0	7500	2e+11 0.516398
9	9e-05	0	0	7500	2e+11 0.516398
10	0.0001	0	0	7500	2e+11 0.516398
11	0.00011	0	0	7500	2e+11 0.516398
12	0.00012	0	0	7500	2e+11 0.516398
13	0.00013	0	0	7500	2e+11 0.516398
14	0.00014	0	0	7500	2e+11 0.516398
15	0.00015	0	0	7500	2e+11 0.516398
16	0.00016	0	0	7500	2e+11 0.516398
17	0.00017	0	0	7500	2e+11 0.516398
18	0.00018	0	0	7500	2e+11 0.516398
19	0.00019	0	0	7500	2e+11 0.516398
20	0.0002	0	0	7500	2e+11 0.516398
21	0.00021	0	0	7500	2e+11 0.516398
22	0.00022	0	0	7500	2e+11 0.516398
23	0.00023	0	0	7500	2e+11 0.516398
24	0.00024	0	0	7500	2e+11 0.516398
25	0.00025	0	0	7500	2e+11 0.516398
26	0.00026	0	0	7500	2e+11 0.516398
27	0.00027	0	0	7500	2e+11 0.516398
28	0.00028	0	0	7500	2e+11 0.516398
29	0.00029	0	0	7500	2e+11 0.516398
30	0.0003	0	0	7500	2e+11 0.516398
31	0.00031	0	0	7500	2e+11 0.516398
32	0.00032	0	0	7500	2e+11 0.516398
33	0.00033	0	0	7500	2e+11 0.516398
34	0.00034	0	0	7500	2e+11 0.516398
35	0.00035	0	0	7500	2e+11 0.516398
36	0.00036	0	0	7500	2e+11 0.516398
37	0.00037	0	0	7500	2e+11 0.516398
38	0.00038	0	0	7500	2e+11 0.516398
39	0.00039	0	0	7500	2e+11 0.516398
40	0.0004	0	0	7500	2e+11 0.516398
41	0.00041	0	0	7500	2e+11 0.516398
42	0.00042	0	0	7500	2e+11 0.516398
43	0.00043	0	0	7500	2e+11 0.516398
44	0.00044	0	0	7500	2e+11 0.516398
45	0.00045	0	0	7500	2e+11 0.516398
46	0.00046	0	0	7500	2e+11 0.516398
47	0.00047	0	0	7500	2e+11 0.516398
48	0.00048	0	0	7500	2e+11 0.516398
49	0.00049	0	0	7500	2e+11 0.5164
50	0.0005	0	0	7500	2e+11 0.5164
51	0.00051	0	0	7500	2e+11 0.516397
52	0.00052	0	0	7500	2e+11 0.5164
53	0.00053	0	0	7500	2e+11 0.5164
54	0.00054	0	0	7500	2e+11 0.516397
55	0.00055	0	0	7500	2e+11 0.5164
56	0.00056	0	0	7500	2e+11 0.5164
57	0.00057	0	0	7500	2e+11 0.516397
58	0.00058	0	0	7500	2e+11 0.516397
59	0.00059	0	0	7500	2e+11 0.5164
60	0.0006	0	0	7500	2e+11 0.5164
61	0.00061	0	0	7500	2e+11 0.516397
62	0.00062	0	0	7500	2e+11 0.5164
63	0.00063	0	0	7500	2e+11 0.5164
64	0.00064	0	0	7500	2e+11 0.516397
65	0.00065	0	0	7500	2e+11 0.5164
66	0.00066	0	0	7500	2e+11 0.5164
67	0.00067	0	0	7500	2e+11 0.516397
68	0.00068	0	0	7500	2e+11 0.5164
69	0.00069	0	0	7500	2e+11 0.5164
70	0.0007	0	0	7500	2e+11 0.516397
71	0.00071	0	0	7500	2e+11 0.516397
72	0.00072	0	0	7500	2e+11 0.5164
73	0.00073	0	0	7500	2e+11 0.5164
74	0.00074	0	0	7500	2e+11 0.516397
75	0.00075	0	0	7500	2e+11 0.5164
76	0.00076	0	0	7500	2e+11 0.5164
77	0.00077	0	0	7500	2e+11 0.516397
78	0.00078	0	0	7500	2e+11 0.5164
79	0.00079	0	0	7500	2e+11 0.5164
80	0.0008	0	0	7500	2e+11 0.516397
81	0.00081	0	0	7500	2e+11 0.5164
82	0.00082	0	0	7500	2e+11 0.5164
83	0.00083	0	0	7500	2e+11 0.516397
84	0.00084	0	0	7500	2e+11 0.5164
85	0.00085	0	0	7500	2e+11 0.5164
86	0.00086	0	0	7500	2e+11 0.516397
87	0.00087	0	0	7500	2e+11 0.5164
88	0.00088	0	0	7500	2e+11 0.5164
89	0.00089	0	0	7500	2e+11 0.516397
90	0.0009	0	0	7500	2e+11 0.516397
91	0.00091	0	0	7500	2e+11 0.5164
92	0.00092	0	0	7500	2e+11 0.5164
93	0.00093	0	0	7500	2e+11 0.516397
94	0.00094	0	0	7500	2e+11 0.5164
95	0.00095	0	0	7500	2e+11 0.5164
96	0.00096	0	0	7500	2e+11 0.516397
97	0.00097	0	0	7500	2e+11 0.516397
98	0.00098	0	0	7500	2e+11 0.5164
99	0.00099	0	0	7500	2e+11 0.5164
100	0.001	0	0	7500	2e+11 0.5164
101	0.00101	0	0	7500	2e+11 0.5164
102	0.00102	0	0	7500	2e+11 0.5164
103	0.00103	0	0	7500	2e+11 0.5164
104	0.00104	0	0	7500	2e+11 0.5164
105	0.00105	0	0	7500	2e+11 0.5164
106	0.00106	0	0	7500	2e+11 0.5164
107	0.00107	0	0	7500	2e+11 0.5164
108	0.00108	0	0	7500	2e+11 0.5164
109	0.00109	0	0	7500	2e+11 0.5164
110	0.0011	0	0	7500	2e+11 0.5164
111	0.00111	0	0	7500	2e+11 0.5164
112	0.00112	0	0	7500	2e+11 0.5164
113	0.00113	0	0	7500	2e+11 0.5164
114	0.00114	0	0	7500	2e+11 0.5164
115	0.00115	0	0	7500	2e+11 0.5164
116	0.00116	0	0	7500	2e+11 0.5164
117	0.00117	0	0	7500	2e+11 0.5164
118	0.00118	0	0	7500	2e+11 0.5164
119	0.00119	0	0	7500	2e+11 0.5164
120	0.0012	0	0	7500	2e+11 0.5164
121	0.00121	0	0	7500	2e+11 0.5164
122	0.00122	0	0	7500	2e+11 0.5164
123	0.00123	0	0	7500	2e+11 0.5164
124	0.00124	0	0	7500	2e+11 0.5164
125	0.00125	0	0	7500	2e+11 0.5164
126	0.00126	0	0	7500	2e+11 0.5164
127	0.00127	0	0	7500	2e+11 0.5164
128	0.00128	0	0	7500	2e+11 0.5164
129	0.00129	0	0	7500	2e+11 0.5164
130	0.0013	0	0	7500	2e+11 0.5164
131	0.00131	0	0	7500	2e+11 0.5164
132	0.00132	0	0	7500	2e+11 0.5164
133	0.00133	0	0	7500	2e+11 0.5164
134	0.00134	0	0	7500	2e+11 0.5164
135	0.00135	0	0	7500	2e+11 0.5164
136	0.00136	0	0	7500	2e+11 0.5164
137	0.00137	0	0	7500	2e+11 0.5164
138	0.00138	0	0	7500	2e+11 0.5164
139	0.00139	0	0	7500	2e+11 0.5164
140	0.0014	0	0	7500	2e+11 0.5164
141	0.00141	0	0	7500	2e+11 0.5164
142	0.00142	0	0	7500	2e+11 0.5164
143	0.00143	0	0	7500	2e+11 0.5164
144	0.00144	0	0	7500	2e+11 0.5164
145	0.00145	0	0	7500	2e+11 0.5164
146	0.00146	0	0	7500	2e+11 0.5164
147	0.00147	0	0	7500	2e+11 0.5164
148	0.00148	0	0	7500	2e+11 0.5164
149	0.00149	0	0	7500	2e+11 0.5164
150	0.0015	0	0	7500	2e+11 0.5164
151	0.00151	0	0	7500	2e+11 0.5164
152	0.00152	0	0	7500	2e+11 0.5164
153	0.00153	0	0	7500	2e+11 0.5164
154	0.00154	0	0	7500	2e+11 0.5164
155	0.00155	0	0	7500	2e+11 0.5164
156	0.00156	0	0	7500	2e+11 0.5164
157	0.00157	0	0	7500	2e+11 0.5164
158	0.00158	0	0	7500	2e+11 0.5164
159	0.00159	0	0	7500	2e+11 0.5164
160	0.0016	0	0	7500	2e+11 0.5164
161	0.00161	0	0	7500	2e+11 0.5164
162	0.00162	0	0	7500	2e+11 0.5164
163	0.00163	0	0	7500	2e+11 0.5164
164	0.00164	0	0	7500	2e+11 0.5164
165	0.00165	0	0	7500	2e+11 0.5164
166	0.00166	0	0	7500	2e+11 0.5164
167	0.00167	0	0	7500	2e+11 0.5164
168	0.00168	0	0	7500	2e+11 0.5164
169	0.00169	0	0	7500	2e+11 0.5164
170	0.0017	0	0	7500	2e+11 0.5164
171	0.00171	0	0	7500	2e+11 0.5164
172	0.00172	0	0	7500	2e+11 0.5164
173	0.00173	0	0	7500	2e+11 0.5164
174	0.00174	0	0	7500	2e+11 0.5164
175	0.00175	0	0	7500	2e+11 0.5164
176	0.00176	0	0	7500	2e+11 0.5164
177	0.00177	0	0	7500	2e+11 0.5164
178	0.00178	0	0	7500	2e+11 0.5164
179	0.00179	0	0	7500	2e+11 0.5164
180	0.0018	0	0	7500	2e+11 0.5164
181	0.00181	0	0	7500	2e+11 0.5164
182	0.00182	0	0	7500	2e+11 0.5164
183	0.00183	0	0	7500	2e+11 0.5164
184	0.00184	0	0	7500	2e+11 0.5164
185	0.00185	0	0	7500	2e+11 0.5164
186	0.00186	0	0	7500	2e+11 0.5164
187	0.00187	0	0	7500	2e+11 0.5164
188	0.00188	0	0	7500	2e+11 0.5164
189	0.00189	0	0	7500	2e+11 0.5164
190	0.0019	0	0	7500	2e+11 0.5164
191	0.00191	0	0	7500	2e+11 0.5164
192	0.00192	0	0	7500	2e+11 0.5164
193	0.00193	0	0	7500	2e+11 0.5164
194	0.00194	0	0	7500	2e+11 0.5164
195	0.00195	0	0	7500	2e+11 0.5164
196	0.00196	0	0	7500	2e+11 0.516406
197	0.00197	0	0	7500	2e+11 0.516406
198	0.00198	0	0	7500	2e+11 0.516394
199	0.00199	0	0	7500	2e+11 0.516406
200	0.002	0	0	7500	2e+11 0.516406
201	0.00201	0	0	7500	2e+11 0.516394
202	0.00202	0	0	7500	2e+11 0.516406
203	0.00203	0	0	7500	2e+11 0.516406
204	0.00204	0	0	7500	2e+11 0.516394
205	0.00205	0	0	7500	2e+11 0.516406
206	0.00206	0	0	7500	2e+11 0.516406
207	0.00207	0	0	7500	2e+11 0.516394
208	0.00208	0	0	7500	2e+11 0.516406
209	0.00209	0	0	7500	2e+11 0.516406
210	0.0021	0	0	7500	2e+11 0.516394
211	0.00211	0	0	7500	2e+11 0.516406
212	0.00212	0	0	7500	2e+11 0.516406
213	0.00213	0	0	7500	2e+11 0.516394
214	0.00214	0	0	7500	2e+11 0.516406
215	0.00215	0	0	7500	2e+11 0.516406
216	0.00216	0	0	7500	2e+11 0.516394
217	0.00217	0	0	7500	2e+11 0.516406
218	0.00218	0	0	7500	2e+11 0.516406
219	0.00219	0	0	7500	2e+11 0.516394
220	0.0022	0	0	7500	2e+11 0.516406
221	0.00221	0	0	7500	2e+11 0.516406
222	0.00222	0	0	7500	2e+11 0.516394
223	0.00223	0	0	7500	2e+11 0.516406
224	0.00224	0	0	7500	2e+11 0.516406
225	0.00225	0	0	7500	2e+11 0.516394
226	0.00226	0	0	7500	2e+11 0.516394
227	0.00227	0	0	7500	2e+11 0.516406
228	0.00228	0	0	7500	2e+11 0.516406
229	0.00229	0	0	7500	2e+11 0.516394
230	0.0023	0	0	7500	2e+11 0.516406
231	0.00231	0	0	7500	2e+11 0.516406
232	0.00232	0	0	7500	2e+11 0.516394
233	0.00233	0	0	7500	2e+11 0.516406
234	0.00234	0	0	7500	2e+11 0.516406
235	0.00235	0	0	7500	2e+11 0.516394
236	0.00236	0	0	7500	2e+11 0.516406
237	0.00237	0	0	7500	2e+11 0.516406
238	0.00238	0	0	7500	2e+11 0.516394
239	0.00239	0	0	7500	2e+11 0.516406
240	0.0024	0	0	7500	2e+11 0.516406
241	0.00241	0	0	7500	2e+11 0.516394
242	0.00242	0	0	7500	2e+11 0.516406
243	0.00243	0	0	7500	2e+11 0.516406
244	0.00244	0	0	7500	2e+11 0.516394
245	0.00245	0	0	7500	2e+11 0.516406
246	0.00246	0	0	7500	2e+11 0.516406
247	0.00247	0	0	7500	2e+11 0.516394
248	0.00248	0	0	7500	2e+11 0.516406
249	0.00249	0	0	7500	2e+11 0.516406
250	0.0025	0	0	7500	2e+11 0.516394
251	0.00251	0	0	7500	2e+11 0.516406
252	0.00252	0	0	7500	2e+11 0.516406
253	0.00253	0	0	7500	2e+11 0.516394
254	0.00254	0	0	7500	2e+11 0.516406
255	0.00255	0	0	7500	2e+11 0.516406
256	0.00256	0	0	7500	2e+11 0.516394
257	0.00257	0	0	7500	2e+11 0.516406
258	0.00258	0	0	7500	2e+11 0.516406
259	0.00259	0	0	7500	2e+11 0.516394
260	0.0026	0	0	7500	2e+11 0.516406
261	0.00261	0	0	7500	2e+11 0.516406
262	0.00262	0	0	7500	2e+11 0.516394
263	0.00263	0	0	7500	2e+11 0.516406
264	0.00264	0	0	7500	2e+11 0.516406
265	0.00265	0	0	7500	2e+11 0.516394
266	0.00266	0	0	7500	2e+11 0.516406
267	0.00267	0	0	7500	2e+11 0.516406
268	0.00268	0	0	7500	2e+11 0.516394
269	0.00269	0	0	7500	2e+11 0.516406
270	0.0027	0	0	7500	2e+11 0.516406
271	0.00271	0	0	7500	2e+11 0.516394
272	0.00272	0	0	7500	2e+11 0.516406
273	0.00273	0	0	7500	2e+11 0.516406
274	0.00274	0	0	7500	2e+11 0.516394
275	0.00275	0	0	7500	2e+11 0.516406
276	0.00276	0	0	7500	2e+11 0.516406
277	0.00277	0	0	7500	2e+11 0.516394
278	0.00278	0	0	7500	2e+11 0.516406
279	0.00279	0	0	7500	2e+11 0.516406
280	0.0028	0	0	7500	2e+11 0.516394
281	0.00281	0	0	7500	2e+11 0.516406
282	0.00282	0	0	7500	2e+11 0.516406
283	0.00283	0	0	7500	2e+11 0.516394
284	0.00284	0	0	7500	2e+11 0.516406
285	0.00285	0	0	7500	2e+11 0.516406
286	0.00286	0	0	7500	2e+11 0.516394
287	0.00287	0	0	7500	2e+11 0.516394
288	0.00288	0	0	7500	2e+11 0.516406
289	0.00289	0	0	7500	2e+11 0.516406
290	0.0029	0	0	7500	2e+11 0.516394
291	0.00291	0	0	7500	2e+11 0.516406
292	0.00292	0	0	7500	2e+11 0.516406
293	0.00293	0	0	7500	2e+11 0.516394
294	0.00294	0	0	7500	2e+11 0.516406
295	0.00295	0	0	7500	2e+11 0.516406
296	0.00296	0	0	7500	2e+11 0.516394
297	0.00297	0	0	7500	2e+11 0.516406
298	0.00298	0	0	7500	2e+11 0.516406
299	0.00299	0	0	7500	2e+11 0.516394
300	0.003	0	0	7500	2e+11 0.516406
301	0.00301	0	0	7500	2e+11 0.516406
302	0.00302	0	0	7500	2e+11 0.516394
303	0.00303	0	0	7500	2e+11 0.516406
304	0.00304	0	0	7500	2e+11 0.516406
305	0.00305	0	0	7500	2e+11 0.516394
306	0.00306	0	0	7500	2e+11 0.516406
307	0.00307	0	0	7500	2e+11 0.516406
308	0.00308	0	0	7500	2e+11 0.516394
309	0.00309	0	0	7500	2e+11 0.516406
310	0.0031	0	0	7500	2e+11 0.516406
311	0.00311	0	0	7500	2e+11 0.516394
312	0.00312	0	0	7500	2e+11 0.516406
313	0.00313	0	0	7500	2e+11 0.516406
314	0.00314	0	0	7500	2e+11 0.516394
315	0.00315	0	0	7500	2e+11 0.516406
316	0.00316	0	0	7500	2e+11 0.516406
317	0.00317	0	0	7500	2e+11 0.516394
318	0.00318	0	0	7500	2e+11 0.516406
319	0.00319	0	0	7500	2e+11 0.516406
320	0.0032	0	0	7500	2e+11 0.516394
321	0.00321	0	0	7500	2e+11 0.516406
322	0.00322	0	0	7500	2e+11 0.516406
323	0.00323	0	0	7500	2e+11 0.516394
324	0.00324	0	0	7500	2e+11 0.516406
325	0.00325	0	0	7500	2e+11 0.516406
326	0.00326	0	0	7500	2e+11 0.516394
327	0.00327	0	0	7500	2e+11 0.516406
328	0.00328	0	0	7500	2e+11 0.516406
329	0.00329	0	0	7500	2e+11 0.516394
330	0.0033	0	0	7500	2e+11 0.516406
331	0.00331	0	0	7500	2e+11 0.516406
332	0.00332	0	0	7500	2e+11 0.516394
333	0.00333	0	0	7500	2e+11 0.516406
334	0.00334	0	0	7500	2e+11 0.516406
335	0.00335	0	0	7500	2e+11 0.516394
336	0.00336	0	0	7500	2e+11 0.516406
337	0.00337	0	0	7500	2e+11 0.516406
338	0.00338	0	0	7500	2e+11 0.516394
339	0.00339	0	0	7500	2e+11 0.516406
340	0.0034	0	0	7500	2e+11 0.516406
341	0.00341	0	0	7500	2e+11 0.516394
342	0.00342	0	0	7500	2e+11 0.516406
343	0.00343	0	0	7500	2e+11 0.516406
344	0.00344	0	0	7500	2e+11 0.516394
345	0.00345	0	0	7500	2e+11 0.516406
346	0.00346	0	0	7500	2e+11 0.516406
347	0.00347	0	0	7500	2e+11 0.516394
348	0.00348	0	0	7500	2e+11 0.516406
349	0.00349	0	0	7500	2e+11 0.516406
350	0.0035	0	0	7500	2e+11 0.516394
351	0.00351	0	0	7500	2e+11 0.516406
352	0.00352	0	0	7500	2e+11 0.516406
353	0.00353	0	0	7500	2e+11 0.516394
354	0.00354	0	0	7500	2e+11 0.516394
355	0.00355	0	0	7500	2e+11 0.516406
356	0.00356	0	0	7500	2e+11 0.516406
357	0.00357	0	0	7500	2e+11 0.516394
358	0.00358	0	0	7500	2e+11 0.516406
359	0.00359	0	0	7500	2e+11 0.516406
360	0.0036	0	0	7500	2e+11 0.516394
361	0.00361	0	0	7500	2e+11 0.516406
362	0.00362	0	0	7500	2e+11 0.516406
363	0.00363	0	0	7500	2e+11 0.516394
364	0.00364	0	0	7500	2e+11 0.516406
365	0.00365	0	0	7500	2e+11 0.516406
366	0.00366	0	0	7500	2e+11 0.516394
367	0.00367	0	0	7500	2e+11 0.516406
368	0.00368	0	0	7500	2e+11 0.516406
369	0.00369	0	0	7500	2e+11 0.516394
370	0.0037	0	0	7500	2e+11 0.516406
371	0.00371	0	0	7500	2e+11 0.516406
372	0.00372	0	0	7500	2e+11 0.516394
373	0.00373	0	0	7500	2e+11 0.516406
374	0.00374	0	0	7500	2e+11 0.516406
375	0.00375	0	0	7500	2e+11 0.516394
376	0.00376	0	0	7500	2e+11 0.516406
377	0.00377	0	0	7500	2e+11 0.516406
378	0.00378	0	0	7500	2e+11 0.516394
379	0.00379	0	0	7500	2e+11 0.516406
380	0.0038	0	0	7500	2e+11 0.516406
381	0.00381	0	0	7500	2e+11 0.516394
382	0.00382	0	0	7500	2e+11 0.516406
383	0.00383	0	0	7500	2e+11 0.516406
384	0.00384	0	0	7500	2e+11 0.516394
385	0.00385	0	0	7500	2e+11 0.516406
386	0.00386	0	0	7500	2e+11 0.516406
387	0.00387	0	0	7500	2e+11 0.516394
388	0.00388	0	0	7500	2e+11 0.516406
389	0.00389	0	0	7500	2e+11 0.516406
390	0.0039	0	0	7500	2e+11 0.516394
391	0.00391	0	0	7500	2e+11 0.516394
392	0.00392	0	0	7500	2e+11 0.516394
393	0.00393	0	0	7500	2e+11 0.516418
394	0.00394	0	0	7500	2e+11 0.516418
395	0.00395	0	0	7500	2e+11 0.516394
396	0.00396	0	0	7500	2e+11 0.516394
397	0.00397	0	0	7500	2e+11 0.516394
398	0.00398	0	0	7500	2e+11 0.516394
399	0.00399	0	0	7500	2e+11 0.516418
400	0.004	0	0	7500	2e+11 0.516418
401	0.00401	0	0	7500	2e+11 0.516394
402	0.00402	0	0	7500	2e+11 0.516394
403	0.00403	0	0	7500	2e+11 0.516394
404	0.00404	0	0	7500	2e+11 0.516394
405	0.00405	0	0	7500	2e+11 0.516418
406	0.00406	0	0	7500	2e+11 0.516418
407	0.00407	0	0	7500	2e+11 0.516394
408	0.00408	0	0	7500	2e+11 0.516394
409	0.00409	0	0	7500	2e+11 0.516394
410	0.0041	0	0	7500	2e+11 0.516394
411	0.00411	0	0	7500	2e+11 0.516418
412	0.00412	0	0	7500	2e+11 0.516418
413	0.00413	0	0	7500	2e+11 0.516394
414	0.00414	5.93157e-38	1.14864e-41	7500	2e+11 0.516394
415	0.00415	1.93889e-37	3.75464e-41	7500	2e+11 0.516394
416	0.00416	5.74343e-37	1.11221e-40	7500	2e+11 0.516394
417	0.00417	7.23656e-37	1.40135e-40	7500	2e+11 0.516418
418	0.00418	1.44724e-36	2.80257e-40	7500	2e+11 0.516418
419	0.00419	5.9126e-36	1.14497e-39	7500	2e+11 0.516394
420	0.0042	2.53268e-35	4.90451e-39	7500	2e+11 0.516394
421	0.00421	7.31413e-35	1.41637e-38	7500	2e+11 0.516394
422	0.00422	2.15715e-34	4.17731e-38	7500	2e+11 0.516394
423	0.00423	6.52996e-34	1.26452e-37	7500	2e+11 0.516418
424	0.00424	1.70341e-33	3.29863e-37	7500	2e+11 0.516418
425	0.00425	3.96236e-33	7.67307e-37	7500	2e+11 0.516394
426	0.00426	1.38566e-32	2.68333e-36	7500	2e+11 0.516394
427	0.00427	3.1966e-32	6.1902e-36	7500	2e+11 0.516394
428	0.00428	1.08351e-31	2.09821e-35	7500	2e+11 0.516394
429	0.00429	2.48727e-31	4.81658e-35	7500	2e+11 0.516418
430	0.0043	7.41906e-31	1.4367e-34	7500	2e+11 0.516418
431	0.00431	2.12358e-30	4.11229e-34	7500	2e+11 0.516394
432	0.00432	5.65453e-30	1.095e-33	7500	2e+11 0.516394
433	0.00433	1.61354e-29	3.12461e-33	7500	2e+11 0.516394
434	0.00434	5.01497e-29	9.71144e-33	7500	2e+11 0.516394
435	0.00435	1.61444e-28	3.12635e-32	7500	2e+11 0.516418
436	0.00436	4.20174e-28	8.13664e-32	7500	2e+11 0.516418
437	0.00437	1.43507e-27	2.779e-31	7500	2e+11 0.516394
438	0.00438	4.03859e-27	7.8207e-31	7500	2e+11 0.516394
439	0.00439	1.10113e-26	2.13233e-30	7500	2e+11 0.516394
440	0.0044	2.51902e-26	4.87806e-30	7500	2e+11 0.516394
441	0.00441	6.95733e-26	1.34728e-29	7500	2e+11 0.516418
442	0.00442	2.09778e-25	4.06234e-29	7500	2e+11 0.516418
443	0.00443	6.83887e-25	1.32434e-28	7500	2e+11 0.516394
444	0.00444	1.645e-24	3.18554e-28	7500	2e+11 0.516394
445	0.00445	5.15614e-24	9.98482e-28	7500	2e+11 0.516394
446	0.00446	1.80133e-23	3.48826e-27	7500	2e+11 0.516394
447	0.00447	4.9961e-23	9.6749e-27	7500	2e+11 0.516418
448	0.00448	1.69434e-22	3.28108e-26	7500	2e+11 0.516418
449	0.00449	4.66496e-22	9.03366e-26	7500	2e+11 0.516394
450	0.0045	1.51308e-21	2.93006e-25	7500	2e+11 0.516394
451	0.00451	3.5163e-21	6.80929e-25	7500	2e+11 0.516394
452	0.00452	1.08918e-20	2.10919e-24	7500	2e+11 0.516394
453	0.00453	2.57479e-20	4.98606e-24	7500	2e+11 0.516394
454	0.00454	8.40827e-20	1.62825e-23	7500	2e+11 0.516418
455	0.00455	2.13285e-19	4.13025e-23	7500	2e+11 0.516418
456	0.00456	5.67391e-19	1.09875e-22	7500	2e+11 0.516394
457	0.00457	1.70159e-18	3.29512e-22	7500	2e+11 0.516394
458	0.00458	3.77497e-18	7.31019e-22	7500	2e+11 0.516394
459	0.00459	1.2245e-17	2.37124e-21	7500	2e+11 0.516394
460	0.0046	4.01589e-17	7.77674e-21	7500	2e+11 0.516418
461	0.00461	1.08027e-16	2.09194e-20	7500	2e+11 0.516418
462	0.00462	3.55764e-16	6.88934e-20	7500	2e+11 0.516394
463	0.00463	1.01966e-15	1.97457e-19	7500	2e+11 0.516394
464	0.00464	2.61733e-15	5.06843e-19	7500	2e+11 0.516394
465	0.00465	6.55786e-15	1.26993e-18	7500	2e+11 0.516394
466	0.00466	1.9958e-14	3.86484e-18	7500	2e+11 0.516418
467	0.00467	4.70859e-14	9.11814e-18	7500	2e+11 0.516418
468	0.00468	1.27479e-13	2.46862e-17	7500	2e+11 0.516394
469	0.00469	3.66732e-13	7.10173e-17	7500	2e+11 0.516394
470	0.0047	1.13453e-12	2.19701e-16	7500	2e+11 0.516394
471	0.00471	3.31185e-12	6.41338e-16	7500	2e+11 0.516394
472	0.00472	1.03492e-11	2.00412e-15	7500	2e+11 0.516418
473	0.00473	2.69377e-11	5.21647e-15	7500	2e+11 0.516418
474	0.00474	9.19806e-11	1.7812e-14	7500	2e+11 0.516394
475	0.00475	2.30822e-10	4.46985e-14	7500	2e+11 0.516394
476	0.00476	7.1866e-10	1.39168e-13	7500	2e+11 0.516394
477	0.00477	1.87572e-09	3.63231e-13	7500	2e+11 0.516394
478	0.00478	3.99026e-09	7.7271e-13	7500	2e+11 0.516418
479	0.00479	1.00147e-08	1.93935e-12	7500	2e+11 0.516418
480	0.0048	2.78553e-08	5.39416e-12	7500	2e+11 0.516394
481	0.00481	6.54256e-08	1.26696e-11	7500	2e+11 0.516394
482	0.00482	1.95235e-07	3.78072e-11	7500	2e+11 0.516394
483	0.00483	6.22423e-07	1.20532e-10	7500	2e+11 0.516394
484	0.00484	1.79623e-06	3.47838e-10	7500	2e+11 0.516418
485	0.00485	4.83943e-06	9.37152e-10	7500	2e+11 0.516418
486	0.00486	1.4783e-05	2.86272e-09	7500	2e+11 0.516394
487	0.00487	3.62096e-05	7.01195e-09	7500	2e+11 0.516394
488	0.00488	0.000113297	2.19399e-08	7500	2e+11 0.516394
489	0.00489	0.000274393	5.3136e-08	7500	2e+11 0.516394
490	0.0049	0.000753013	1.4582e-07	7500	2e+11 0.516418
491	0.00491	0.00221279	4.28505e-07	7500	2e+11 0.516418
492	0.00492	0.00562158	1.08861e-06	7500	2e+11 0.516394
493	0.00493	0.0151726	2.93816e-06	7500	2e+11 0.516394
494	0.00494	0.0439126	8.50364e-06	7500	2e+11 0.516394
495	0.00495	0.136699	2.64716e-05	7500	2e+11 0.516394
496	0.00496	0.361113	6.99292e-05	7500	2e+11 0.516394
497	0.00497	1.08189	0.000209508	7500	2e+11 0.51637
498	0.00498	3.04326	0.000589324	7500	2e+11 0.51625
499	0.00499001	6.31351	0.00122261	7500	2e+11 0.516009
500	0.00500003	10.5709	0.00204704	7500	2e+11 0.515673
501	0.00501005	15.4686	0.00299548	7500	2e+11 0.515242
502	0.00502008	20.6309	0.00399516	7500	2e+11 0.514716
503	0.00503012	25.7292	0.00498245	7500	2e+11 0.514286
504	0.00504017	30.5033	0.00590694	7500	2e+11 0.513715
505	0.00505023	34.7731	0.00673378	7500	2e+11 0.513287
506	0.0050603	38.4351	0.00744293	7500	2e+11 0.512836
507	0.00507038	41.4588	0.00802846	7500	2e+11 0.512599
508	0.00508046	43.8656	0.00849453	7500	2e+11 0.51222
509	0.00509055	45.711	0.00885191	7500	2e+11 0.511983
510	0.00510063	47.077	0.00911643	7500	2e+11 0.511818
511	0.00511073	48.0596	0.0093067	7500	2e+11 0.511723
512	0.00512082	48.7459	0.00943961	7500	2e+11 0.511676
513	0.00513092	49.2109	0.00952966	7500	2e+11 0.511582
514	0.00514101	49.5152	0.00958858	7500	2e+11 0.511582
515	0.00515111	49.7098	0.00962625	7500	2e+11 0.511535
516	0.0051612	49.8309	0.0096497	7500	2e+11 0.511535
517	0.0051713	49.9043	0.00966394	7500	2e+11 0.511464
518	0.0051814	49.9477	0.00967233	7500	2e+11 0.511487
519	0.00519149	49.9726	0.00967715	7500	2e+11 0.511487
520	0.00520159	49.9866	0.00967986	7500	2e+11 0.511558
521	0.00521168	49.9942	0.00968134	7500	2e+11 0.511558
522	0.00522178	49.9983	0.00968213	7500	2e+11 0.511487
523	0.00523188	50.0005	0.00968255	7500	2e+11 0.511487
524	0.00524198	50.0016	0.00968276	7500	2e+11 0.511487
525	0.00525207	50.0021	0.00968287	7500	2e+11 0.511487
526	0.00526217	50.0024	0.00968292	7500	2e+11 0.511487
527	0.00527226	50.0025	0.00968295	7500	2e+11 0.511558
528	0.00528236	50.0026	0.00968296	7500	2e+11 0.511558
529	0.00529246	50.0026	0.00968296	7500	2e+11 0.51144
530	0.00530255	50.0026	0.00968296	7500	2e+11 0.51144
531	0.00531265	50.0026	0.00968296	7500	2e+11 0.511535
532	0.00532275	50.0026	0.00968296	7500	2e+11 0.511535
533	0.00533284	50.0026	0.00968296	7500	2e+11 0.51144
534	0.00534294	50.0026	0.00968296	7500	2e+11 0.511535
535	0.00535304	50.0026	0.00968296	7500	2e+11 0.511535
536	0.00536313	50.0026	0.00968296	7500	2e+11 0.511487
537	0.00537323	50.0026	0.00968296	7500	2e+11 0.511464
538	0.00538333	50.0026	0.00968296	7500	2e+11 0.511558
539	0.00539342	50.0026	0.00968296	7500	2e+11 0.511558
540	0.00540352	50.0026	0.00968296	7500	2e+11 0.51144
541	0.00541361	50.0026	0.00968296	7500	2e+11 0.511487
542	0.00542371	50.0026	0.00968296	7500	2e+11 0.511487
543	0.00543381	50.0026	0.00968296	7500	2e+11 0.511487
544	0.0054439	50.0026	0.00968296	7500	2e+11 0.511487
545	0.005454	50.0026	0.00968296	7500	2e+11 0.511535
546	0.0054641	50.0026	0.00968296	7500	2e+11 0.511535
547	0.00547419	50.0026	0.00968296	7500	2e+11 0.51144
548	0.00548429	50.0026	0.00968296	7500	2e+11 0.511511
549	0.00549439	50.0026	0.00968296	7500	2e+11 0.511535
550	0.00550448	50.0026	0.00968296	7500	2e+11 0.511535
551	0.00551458	50.0026	0.00968296	7500	2e+11 0.511511
552	0.00552467	50.0026	0.00968296	7500	2e+11 0.511511
553	0.00553477	50.0026	0.00968296	7500	2e+11 0.511511
554	0.00554487	50.0026	0.00968296	7500	2e+11 0.511511
555	0.00555496	50.0026	0.00968296	7500	2e+11 0.511487
556	0.00556506	50.0026	0.00968296	7500	2e+11 0.511487
557	0.00557516	50.0026	0.00968296	7500	2e+11 0.511535
558	0.00558525	50.0026	0.00968296	7500	2e+11 0.511535
559	0.00559535	50.0026	0.00968296	7500	2e+11 0.511535
560	0.00560544	50.0026	0.00968295	7500	2e+11 0.511535
561	0.00561554	50.0026	0.00968295	7500	2e+11 0.51144
562	0.00562564	50.0026	0.00968295	7500	2e+11 0.51144
563	0.00563574	50.0026	0.00968295	7500	2e+11 0.511535
564	0.00564583	50.0026	0.00968295	7500	2e+11 0.511535
565	0.00565593	50.0026	0.00968295	7500	2e+11 0.511511
566	0.00566602	50.0026	0.00968295	7500	2e+11 0.511511
567	0.00567612	50.0026	0.00968295	7500	2e+11 0.511464
568	0.00568622	50.0026	0.00968295	7500	2e+11 0.511464
569	0.00569631	50.0026	0.00968295	7500	2e+11 0.511558
570	0.00570641	50.0026	0.00968295	7500	2e+11 0.511558
571	0.0057165	50.0026	0.00968295	7500	2e+11 0.511464
572	0.0057266	50.0026	0.00968295	7500	2e+11 0.511464
573	0.0057367	50.0026	0.00968295	7500	2e+11 0.511464
574	0.00574679	50.0026	0.00968295	7500	2e+11 0.511464
575	0.00575689	50.0026	0.00968295	7500	2e+11 0.511487
576	0.00576699	50.0026	0.00968295	7500	2e+11 0.511558
577	0.00577708	50.0026	0.00968295	7500	2e+11 0.511558
578	0.00578718	50.0026	0.00968295	7500	2e+11 0.511464
579	0.00579728	50.0026	0.00968295	7500	2e+11 0.511487
580	0.00580737	50.0026	0.00968295	7500	2e+11 0.511487
581	0.00581747	50.0026	0.00968295	7500	2e+11 0.511511
582	0.00582756	50.0026	0.00968295	7500	2e+11 0.511511
583	0.00583766	50.0026	0.00968295	7500	2e+11 0.511464
584	0.00584776	50.0025	0.00968295	7500	2e+11 0.511487
585	0.00585785	50.0025	0.00968295	7500	2e+11 0.511487
586	0.00586795	50.0025	0.00968295	7500	2e+11 0.51144
587	0.00587805	50.0025	0.00968295	7500	2e+11 0.511605
588	0.00588814	50.0025	0.00968294	7500	2e+11 0.511605
589	0.00589824	50.0024	0.00968292	7500	2e+11 0.511487
590	0.00590833	50.002	0.00968285	7500	2e+11 0.511464
591	0.00591843	50.0012	0.00968269	7500	2e+11 0.511487
592	0.00592853	49.998	0.00968207	7500	2e+11 0.511487
593	0.00593862	49.9906	0.00968063	7500	2e+11 0.511511
594	0.00594872	49.969	0.00967646	7500	2e+11 0.511582
595	0.00595881	49.9097	0.00966498	7500	2e+11 0.511582
596	0.00596891	49.6971	0.00962381	7500	2e+11 0.511464
597	0.00597901	49.3136	0.00954953	7500	2e+11 0.511558
598	0.0059891	47.5774	0.00921333	7500	2e+11 0.511771
599	0.00599919	44.0746	0.008535	7500	2e+11 0.512101
600	0.00600928	39.096	0.0075709	7500	2e+11 0.512741
601	0.00601935	33.2541	0.00643964	7500	2e+11 0.513239
602	0.00602941	27.1807	0.00526352	7500	2e+11 0.513881
603	0.00603946	21.4226	0.00414847	7500	2e+11 0.51443
604	0.0060495	16.306	0.00315765	7500	2e+11 0.514788
605	0.00605953	12.0214	0.00232793	7500	2e+11 0.515314
606	0.00606955	8.59195	0.00166382	7500	2e+11 0.515625
607	0.00607956	5.94834	0.00115189	7500	2e+11 0.515961
608	0.00608957	3.99679	0.000773975	7500	2e+11 0.515961
609	0.00609958	2.61639	0.000506662	7500	2e+11 0.51625
610	0.00610958	1.67058	0.000323507	7500	2e+11 0.51625
611	0.00611959	1.04034	0.000201462	7500	2e+11 0.516322
612	0.00612959	0.631514	0.000122292	7500	2e+11 0.516322
613	0.00613959	0.376074	7.28264e-05	7500	2e+11 0.516442
614	0.00614959	0.219656	4.25362e-05	7500	2e+11 0.516466
615	0.00615959	0.124968	2.41999e-05	7500	2e+11 0.516466
616	0.00616959	0.0694187	1.34429e-05	7500	2e+11 0.516466
617	0.00617959	0.0375729	7.27596e-06	7500	2e+11 0.516418
618	0.00618958	0.0198734	3.84847e-06	7500	2e+11 0.516538
619	0.00619958	0.0103046	1.99547e-06	7500	2e+11 0.516538
620	0.00620958	0.00521192	1.00928e-06	7500	2e+11 0.516442
621	0.00621958	0.0026	5.03488e-07	7500	2e+11 0.516442
622	0.00622958	0.00126968	2.45873e-07	7500	2e+11 0.516514
623	0.00623958	0.000604241	1.17011e-07	7500	2e+11 0.516514
624	0.00624958	0.000282511	5.47081e-08	7500	2e+11 0.516442
625	0.00625958	0.000129759	2.51276e-08	7500	2e+11 0.516442
626	0.00626958	5.85145e-05	1.13313e-08	7500	2e+11 0.51649
627	0.00627958	2.5629e-05	4.96303e-09	7500	2e+11 0.51649
628	0.00628958	1.09183e-05	2.11432e-09	7500	2e+11 0.516418
629	0.00629958	4.59127e-06	8.89096e-10	7500	2e+11 0.516466
630	0.00630957	1.89286e-06	3.6655e-10	7500	2e+11 0.516514
631	0.00631957	7.64483e-07	1.48042e-10	7500	2e+11 0.516514
632	0.00632957	3.00995e-07	5.82874e-11	7500	2e+11 0.51661
633	0.00633957	1.17403e-07	2.27349e-11	7500	2e+11 0.51661
634	0.00634957	4.45943e-08	8.63564e-12	7500	2e+11 0.516514
635	0.00635957	1.65816e-08	3.21101e-12	7500	2e+11 0.516514
636	0.00636957	6.09577e-09	1.18044e-12	7500	2e+11 0.516514
637	0.00637956	2.17333e-09	4.20863e-13	7500	2e+11 0.516538
638	0.00638956	7.53782e-10	1.45969e-13	7500	2e+11 0.516538
639	0.00639956	2.57565e-10	4.98772e-14	7500	2e+11 0.516586
640	0.00640956	8.50205e-11	1.64642e-14	7500	2e+11 0.516586
641	0.00641956	2.70926e-11	5.24647e-15	7500	2e+11 0.516562
642	0.00642955	8.65063e-12	1.67519e-15	7500	2e+11 0.516731
643	0.00643955	2.68897e-12	5.20717e-16	7500	2e+11 0.516731
644	0.00644955	8.11186e-13	1.57086e-16	7500	2e+11 0.516707
645	0.00645954	2.39284e-13	4.63371e-17	7500	2e+11 0.516707
646	0.00646954	6.83383e-14	1.32336e-17	7500	2e+11 0.516731
647	0.00647953	1.88129e-14	3.6431e-18	7500	2e+11 0.516731
648	0.00648952	5.07147e-15	9.82087e-19	7500	2e+11 0.516851
649	0.00649952	1.35627e-15	2.6264e-19	7500	2e+11 0.517164
650	0.0065095	3.58221e-16	6.93692e-20	7500	2e+11 0.517164
651	0.00651956	8.96716e-17	1.73648e-20	7500	2e+11 0.51702
652	0.00652955	2.19988e-17	4.26006e-21	7500	2e+11 0.51702
653	0.00653954	5.36563e-18	1.03905e-21	7500	2e+11 0.516779
654	0.00654954	1.30552e-18	2.52812e-22	7500	2e+11 0.516658
655	0.00655953	2.99254e-19	5.79504e-23	7500	2e+11 0.516634
656	0.00656953	6.82476e-20	1.32161e-23	7500	2e+11 0.516634
657	0.00657953	1.48879e-20	2.88302e-24	7500	2e+11 0.516538
658	0.00658952	3.11087e-21	6.02418e-25	7500	2e+11 0.516658
659	0.00659952	6.55525e-22	1.26942e-25	7500	2e+11 0.516658
660	0.00660952	1.37595e-22	2.66452e-26	7500	2e+11 0.516538
661	0.00661952	2.88613e-23	5.58896e-27	7500	2e+11 0.516538
662	0.00662951	5.7707e-24	1.11749e-27	7500	2e+11 0.516514
663	0.00663951	1.16438e-24	2.25481e-28	7500	2e+11 0.516514
664	0.00664951	2.26138e-25	4.37914e-29	7500	2e+11 0.51637
665	0.00665951	4.39496e-26	8.5108e-30	7500	2e+11 0.51637
666	0.00666951	8.22e-27	1.5918e-30	7500	2e+11 0.516394
667	0.00667951	1.50463e-27	2.9137e-31	7500	2e+11 0.516562
668	0.00668951	2.767e-28	5.35827e-32	7500	2e+11 0.516562
669	0.00669951	5.02796e-29	9.7366e-33	7500	2e+11 0.516418
670	0.00670951	8.84872e-30	1.71355e-33	7500	2e+11 0.51649
671	0.00671951	1.54403e-30	2.99e-34	7500	2e+11 0.51649
672	0.00672951	2.57892e-31	4.99407e-35	7500	2e+11 0.51637
673	0.00673951	4.38679e-32	8.49499e-36	7500	2e+11 0.516538
674	0.00674951	7.31038e-33	1.41565e-36	7500	2e+11 0.516538
675	0.00675951	1.17475e-33	2.2749e-37	7500	2e+11 0.51637
676	0.00676951	1.78025e-34	3.44744e-38	7500	2e+11 0.51637
677	0.00677951	2.65675e-35	5.14477e-39	7500	2e+11 0.516442
678	0.00678951	3.88115e-36	7.51582e-40	7500	2e+11 0.516442
679	0.00679951	5.467e-37	1.05868e-40	7500	2e+11 0.516442
680	0.00680951	7.42369e-38	1.43759e-41	7500	2e+11 0.516442
681	0.00681951	1.01453e-38	1.96462e-42	7500	2e+11 0.516394
682	0.00682951	1.30977e-39	2.53635e-43	7500	2e+11 0.516394
683	0.00683951	1.51962e-40	2.94273e-44	7500	2e+11 0.51637
684	0.00684952	1.44726e-41	2.8026e-45	7500	2e+11 0.516346
685	0.00685952	0	0	7500	2e+11 0.516346
686	0.00686952	0	0	7500	2e+11 0.51637
687	0.00687952	0	0	7500	2e+11 0.516442
688	0.00688952	0	0	7500	2e+11 0.516442
689	0.00689952	0	0	7500	2e+11 0.516418
690	0.00690952	0	0	7500	2e+11 0.516418
691	0.00691952	0	0	7500	2e+11 0.516442
692	0.00692952	0	0	7500	2e+11 0.516442
693	0.00693952	0	0	7500	2e+11 0.516466
694	0.00694952	0	0	7500	2e+11 0.516466
695	0.00695952	0	0	7500	2e+11 0.516466
696	0.00696952	0	0	7500	2e+11 0.516394
697	0.00697952	0	0	7500	2e+11 0.516418
698	0.00698952	0	0	7500	2e+11 0.516418
699	0.00699952	0	0	7500	2e+11 0.51649
700	0.00700952	0	0	7500	2e+11 0.51649
701	0.00701952	0	0	7500	2e+11 0.51637
702	0.00702952	0	0	7500	2e+11 0.51637
703	0.00703952	0	0	7500	2e+11 0.516466
704	0.00704952	0	0	7500	2e+11 0.516466
705	0.00705952	0	0	7500	2e+11 0.516442
706	0.00706952	0	0	7500	2e+11 0.516442
707	0.00707952	0	0	7500	2e+11 0.516442
708	0.00708952	0	0	7500	2e+11 0.516418
709	0.00709952	0	0	7500	2e+11 0.516538
710	0.00710952	0	0	7500	2e+11 0.516538
711	0.00711952	0	0	7500	2e+11 0.516442
712	0.00712952	0	0	7500	2e+11 0.516442
713	0.00713952	0	0	7500	2e+11 0.516442
714	0.00714952	0	0	7500	2e+11 0.516442
715	0.00715952	0	0	7500	2e+11 0.516394
716	0.00716952	0	0	7500	2e+11 0.516562
717	0.00717951	0	0	7500	2e+11 0.516562
718	0.00718951	1.44726e-41	-2.8026e-45	7500	2e+11 0.516418
719	0.00719952	1.66434e-40	-3.22299e-44	7500	2e+11 0.51649
720	0.00720951	1.26635e-39	-2.45227e-43	7500	2e+11 0.51649
721	0.00721952	9.31308e-39	-1.80347e-42	7500	2e+11 0.51649
722	0.00722951	6.62987e-38	-1.28387e-41	7500	2e+11 0.51649
723	0.00723951	5.18226e-37	-1.00354e-40	7500	2e+11 0.516442
724	0.00724951	4.54463e-36	-8.80064e-40	7500	2e+11 0.516442
725	0.00725951	3.84326e-35	-7.44243e-39	7500	2e+11 0.516442
726	0.00726951	3.07946e-34	-5.96335e-38	7500	2e+11 0.516442
727	0.00727951	2.40214e-33	-4.65173e-37	7500	2e+11 0.516442
728	0.00728951	1.88072e-32	-3.642e-36	7500	2e+11 0.516442
729	0.00729951	1.37396e-31	-2.66065e-35	7500	2e+11 0.516418
730	0.00730951	1.00453e-30	-1.94527e-34	7500	2e+11 0.516418
731	0.00731951	7.41945e-30	-1.43677e-33	7500	2e+11 0.516514
732	0.00732951	5.22999e-29	-1.01278e-32	7500	2e+11 0.516514
733	0.00733951	3.46835e-28	-6.71642e-32	7500	2e+11 0.516322
734	0.00734952	2.22792e-27	-4.31435e-31	7500	2e+11 0.51637
735	0.00735952	1.49714e-26	-2.8992e-30	7500	2e+11 0.516418
736	0.00736952	9.37729e-26	-1.8159e-29	7500	2e+11 0.51649
737	0.00737951	5.47419e-25	-1.06007e-28	7500	2e+11 0.51649
738	0.00738952	3.20633e-24	-6.20902e-28	7500	2e+11 0.516322
739	0.00739952	1.7413e-23	-3.37202e-27	7500	2e+11 0.51637
740	0.00740952	9.07109e-23	-1.75661e-26	7500	2e+11 0.51637
741	0.00741952	4.67724e-22	-9.05743e-26	7500	2e+11 0.516346
742	0.00742952	2.42341e-21	-4.69291e-25	7500	2e+11 0.516346
743	0.00743952	1.18512e-20	-2.29498e-24	7500	2e+11 0.516274
744	0.00744953	5.5684e-20	-1.07832e-23	7500	2e+11 0.516274
745	0.00745953	2.63807e-19	-5.10861e-23	7500	2e+11 0.516226
746	0.00746953	1.20069e-18	-2.32512e-22	7500	2e+11 0.516226
747	0.00747954	5.14406e-18	-9.96142e-22	7500	2e+11 0.516105
748	0.00748955	2.14636e-17	-4.1564e-21	7500	2e+11 0.516129
749	0.00749955	8.71283e-17	-1.68723e-20	7500	2e+11 0.516129
750	0.00750956	3.45883e-16	-6.698e-20	7500	2e+11 0.519466
751	0.0075195	1.32391e-15	-2.56374e-19	7500	2e+11 0.519466
752	0.00752952	5.10684e-15	-9.88935e-19	7500	2e+11 0.515841
753	0.00753953	1.90975e-14	-3.69821e-18	7500	2e+11 0.516274
754	0.00754953	6.91326e-14	-1.33875e-17	7500	2e+11 0.516274
755	0.00755954	2.38465e-13	-4.61785e-17	7500	2e+11 0.516033
756	0.00756954	8.07359e-13	-1.56344e-16	7500	2e+11 0.516346
757	0.00757955	2.72579e-12	-5.27847e-16	7500	2e+11 0.516346
758	0.00758955	8.88408e-12	-1.72039e-15	7500	2e+11 0.516177
759	0.00759955	2.81314e-11	-5.44762e-15	7500	2e+11 0.516177
760	0.00760956	8.56462e-11	-1.65853e-14	7500	2e+11 0.516298
761	0.00761956	2.59096e-10	-5.01736e-14	7500	2e+11 0.516298
762	0.00762957	7.69968e-10	-1.49104e-13	7500	2e+11 0.516442
763	0.00763956	2.19085e-09	-4.24255e-13	7500	2e+11 0.516442
764	0.00764957	6.10501e-09	-1.18223e-12	7500	2e+11 0.516538
765	0.00765957	1.67004e-08	-3.23403e-12	7500	2e+11 0.516538
766	0.00766957	4.49174e-08	-8.69823e-12	7500	2e+11 0.516346
767	0.00767957	1.19044e-07	-2.30527e-11	7500	2e+11 0.516346
768	0.00768957	3.04935e-07	-5.90505e-11	7500	2e+11 0.516346
769	0.00769957	7.62217e-07	-1.47603e-10	7500	2e+11 0.516346
770	0.00770958	1.87926e-06	-3.63917e-10	7500	2e+11 0.516442
771	0.00771958	4.48519e-06	-8.68554e-10	7500	2e+11 0.516442
772	0.00772958	1.0485e-05	-2.03041e-09	7500	2e+11 0.516346
773	0.00773958	2.41273e-05	-4.67224e-09	7500	2e+11 0.516346
774	0.00774958	5.4229e-05	-1.05014e-08	7500	2e+11 0.516394
775	0.00775958	0.000120003	-2.32384e-08	7500	2e+11 0.516394
776	0.00776958	0.000259407	-5.0234e-08	7500	2e+11 0.51637
777	0.00777958	0.000551447	-1.06787e-07	7500	2e+11 0.51637
778	0.00778959	0.00114439	-2.2161e-07	7500	2e+11 0.51649
779	0.00779958	0.00233203	-4.51597e-07	7500	2e+11 0.51649
780	0.00780959	0.00463995	-8.98522e-07	7500	2e+11 0.516201
781	0.00781965	0.00910003	-1.76221e-06	7500	2e+11 0.51541
782	0.00782966	0.0174239	-3.37412e-06	7500	2e+11 0.51637
783	0.00783966	0.0328007	-6.35182e-06	7500	2e+11 0.51637
784	0.00784967	0.0599922	-1.16174e-05	7500	2e+11 0.516466
785	0.00785966	0.106363	-2.05971e-05	7500	2e+11 0.516466
786	0.00786967	0.184683	-3.57637e-05	7500	2e+11 0.516514
787	0.00787966	0.314451	-6.08933e-05	7500	2e+11 0.516514
788	0.00788967	0.522466	-0.000101175	7500	2e+11 0.516562
789	0.00789966	0.848182	-0.00016425	7500	2e+11 0.516562
790	0.00790966	1.33744	-0.000258995	7500	2e+11 0.516803
791	0.00791966	2.05389	-0.000397734	7500	2e+11 0.516803
792	0.00792965	3.08166	-0.000596761	7500	2e+11 0.516899
793	0.00793964	4.48641	-0.000868789	7500	2e+11 0.516899
794	0.00794964	6.37836	-0.00123516	7500	2e+11 0.517478
795	0.00795962	8.86151	-0.00171602	7500	2e+11 0.517478
796	0.0079696	11.9644	-0.0023169	7500	2e+11 0.517671
797	0.00797957	15.6608	-0.0030327	7500	2e+11 0.518446
798	0.00798953	19.9374	-0.00386087	7500	2e+11 0.518834
799	0.00799949	24.7308	-0.00478911	7500	2e+11 0.519125
800	0.00800943	29.8245	-0.00577549	7500	2e+11 0.519758
801	0.00801937	34.962	-0.00677037	7500	2e+11 0.520441
802	0.00802929	39.8095	-0.00770909	7500	2e+11 0.520441
803	0.00803922	44.0041	-0.00852137	7500	2e+11 0.521077
804	0.00804913	47.2274	-0.00914554	7500	2e+11 0.521371
805	0.00805903	49.0758	-0.00950348	7500	2e+11 0.521371
806	0.00806894	49.6886	-0.00962215	7500	2e+11 0.52142
807	0.00807884	49.8785	-0.00965893	7500	2e+11 0.52142
808	0.00808874	49.9541	-0.00967357	7500	2e+11 0.52142
809	0.00809865	49.9844	-0.00967944	7500	2e+11 0.52142
810	0.00810855	49.9914	-0.0096808	7500	2e+11 0.521469
811	0.00811846	49.9954	-0.00968157	7500	2e+11 0.521469
812	0.00812836	49.9966	-0.00968181	7500	2e+11 0.52142
813	0.00813826	49.9971	-0.00968189	7500	2e+11 0.52142
814	0.00814817	49.9973	-0.00968193	7500	2e+11 0.521469
815	0.00815807	49.9973	-0.00968194	7500	2e+11 0.521469
816	0.00816798	49.9974	-0.00968195	7500	2e+11 0.521469
817	0.00817788	49.9974	-0.00968195	7500	2e+11 0.521469
818	0.00818778	49.9974	-0.00968195	7500	2e+11 0.521469
819	0.00819769	49.9974	-0.00968195	7500	2e+11 0.521469
820	0.00820759	49.9974	-0.00968195	7500	2e+11 0.52142
821	0.0082175	49.9974	-0.00968195	7500	2e+11 0.521567
822	0.0082274	49.9974	-0.00968195	7500	2e+11 0.521567
823	0.0082373	49.9974	-0.00968195	7500	2e+11 0.521567
824	0.00824721	49.9974	-0.00968195	7500	2e+11 0.521567
825	0.00825711	49.9974	-0.00968195	7500	2e+11 0.521469
826	0.00826701	49.9974	-0.00968195	7500	2e+11 0.521469
827	0.00827692	49.9974	-0.00968195	7500	2e+11 0.521567
828	0.00828682	49.9974	-0.00968195	7500	2e+11 0.521567
829	0.00829673	49.9974	-0.00968195	7500	2e+11 0.521518
830	0.00830663	49.9974	-0.00968195	7500	2e+11 0.521518
831	0.00831653	49.9974	-0.00968195	7500	2e+11 0.52142
832	0.00832644	49.9974	-0.00968196	7500	2e+11 0.521518
833	0.00833634	49.9974	-0.00968196	7500	2e+11 0.521518
834	0.00834625	49.9974	-0.00968196	7500	2e+11 0.521469
835	0.00835615	49.9974	-0.00968196	7500	2e+11 0.521567
836	0.00836605	49.9974	-0.00968196	7500	2e+11 0.521567
837	0.00837596	49.9974	-0.00968196	7500	2e+11 0.521567
838	0.00838586	49.9974	-0.00968196	7500	2e+11 0.521567
839	0.00839576	49.9974	-0.00968196	7500	2e+11 0.521567
840	0.00840566	49.9974	-0.00968196	7500	2e+11 0.521567
841	0.00841557	49.9974	-0.00968196	7500	2e+11 0.52142
842	0.00842547	49.9974	-0.00968196	7500	2e+11 0.521469
843	0.00843538	49.9974	-0.00968196	7500	2e+11 0.521469
844	0.00844528	49.9974	-0.00968196	7500	2e+11 0.521469
845	0.00845518	49.9974	-0.00968196	7500	2e+11 0.521518
846	0.00846508	49.9974	-0.00968196	7500	2e+11 0.521518
847	0.00847499	49.9974	-0.00968196	7500	2e+11 0.521371
848	0.00848489	49.9974	-0.00968196	7500	2e+11 0.521371
849	0.0084948	49.9974	-0.00968196	7500	2e+11 0.52142
850	0.0085047	49.9974	-0.00968196	7500	2e+11 0.52142
851	0.00851461	49.9974	-0.00968196	7500	2e+11 0.521469
852	0.00852451	49.9974	-0.00968196	7500	2e+11 0.521469
853	0.00853441	49.9974	-0.00968196	7500	2e+11 0.521567
854	0.00854431	49.9974	-0.00968196	7500	2e+11 0.521567
855	0.00855422	49.9974	-0.00968196	7500	2e+11 0.521371
856	0.00856412	49.9974	-0.00968196	7500	2e+11 0.52142
857	0.00857403	49.9974	-0.00968196	7500	2e+11 0.52142
858	0.00858393	49.9974	-0.00968196	7500	2e+11 0.521469
859	0.00859384	49.9974	-0.00968196	7500	2e+11 0.521567
860	0.00860374	49.9974	-0.00968196	7500	2e+11 0.521567
861	0.00861364	49.9974	-0.00968196	7500	2e+11 0.521469
862	0.00862355	49.9974	-0.00968196	7500	2e+11 0.521469
863	0.00863345	49.9974	-0.00968196	7500	2e+11 0.52142
864	0.00864335	49.9974	-0.00968196	7500	2e+11 0.52142
865	0.00865326	49.9974	-0.00968196	7500	2e+11 0.52142
866	0.00866316	49.9974	-0.00968196	7500	2e+11 0.521469
867	0.00867306	49.9974	-0.00968196	7500	2e+11 0.521469
868	0.00868297	49.9974	-0.00968196	7500	2e+11 0.521371
869	0.00869287	49.9974	-0.00968196	7500	2e+11 0.521469
870	0.00870278	49.9974	-0.00968196	7500	2e+11 0.521469
871	0.00871268	49.9974	-0.00968196	7500	2e+11 0.521518
872	0.00872258	49.9974	-0.00968196	7500	2e+11 0.521518
873	0.00873249	49.9974	-0.00968196	7500	2e+11 0.521616
874	0.00874239	49.9974	-0.00968196	7500	2e+11 0.521616
875	0.00875229	49.9974	-0.00968196	7500	2e+11 0.521322
876	0.0087622	49.9974	-0.00968196	7500	2e+11 0.521469
877	0.0087721	49.9973	-0.00968194	7500	2e+11 0.521518
878	0.008782	49.9972	-0.00968191	7500	2e+11 0.521518
879	0.0087919	49.9968	-0.00968184	7500	2e+11 0.521469
880	0.00880181	49.9961	-0.00968171	7500	2e+11 0.521469
881	0.00881171	49.9947	-0.00968143	7500	2e+11 0.521371
882	0.00882162	49.9919	-0.0096809	7500	2e+11 0.521567
883	0.00883152	49.9866	-0.00967987	7500	2e+11 0.521567
884	0.00884142	49.9766	-0.00967792	7500	2e+11 0.521469
885	0.00885133	49.9583	-0.00967438	7500	2e+11 0.521469
886	0.00886123	49.9257	-0.00966807	7500	2e+11 0.52142
887	0.00887114	49.8688	-0.00965705	7500	2e+11 0.52142
888	0.00888104	49.771	-0.00963811	7500	2e+11 0.521371
889	0.00889095	49.6085	-0.00960665	7500	2e+11 0.521371
890	0.00890085	49.3477	-0.00955614	7500	2e+11 0.52142
891	0.00891076	48.922	-0.00947371	7500	2e+11 0.52142
892	0.00892066	48.2727	-0.00934798	7500	2e+11 0.521224
893	0.00893057	47.3062	-0.00916081	7500	2e+11 0.521175
894	0.00894048	45.8882	-0.00888622	7500	2e+11 0.521028
895	0.0089504	43.903	-0.00850179	7500	2e+11 0.520783
896	0.00896032	41.2311	-0.00798437	7500	2e+11 0.520539
897	0.00897025	37.771	-0.00731433	7500	2e+11 0.520148
898	0.00898018	33.4243	-0.00647259	7500	2e+11 0.519953
899	0.00899012	28.213	-0.00546343	7500	2e+11 0.519271
900	0.00900008	22.3622	-0.00433042	7500	2e+11 0.518785
901	0.00901004	16.2777	-0.00315216	7500	2e+11 0.518107
902	0.00902002	10.4956	-0.00203246	7500	2e+11 0.517623
903	0.00903001	5.59585	-0.00108363	7500	2e+11 0.517092
904	0.00904	2.22359	-0.000430596	7500	2e+11 0.516658
905	0.00905	0.643504	-0.000124614	7500	2e+11 0.516514
906	0.00906	0.290781	-5.63095e-05	7500	2e+11 0.516418
907	0.00907	0.0918714	-1.77908e-05	7500	2e+11 0.516418
908	0.00908	0.0377211	-7.30466e-06	7500	2e+11 0.516418
909	0.00909	0.0130225	-2.5218e-06	7500	2e+11 0.516418
910	0.0091	0.00531122	-1.02851e-06	7500	2e+11 0.516418
911	0.00911	0.00179947	-3.48465e-07	7500	2e+11 0.516418
912	0.00912	0.000675996	-1.30906e-07	7500	2e+11 0.516418
913	0.00913	0.000254114	-4.9209e-08	7500	2e+11 0.516418
914	0.00914	8.48184e-05	-1.6425e-08	7500	2e+11 0.516418
915	0.00915	3.16112e-05	-6.12147e-09	7500	2e+11 0.516418
916	0.00916	1.25582e-05	-2.43189e-09	7500	2e+11 0.516418
917	0.00917	3.88944e-06	-7.53186e-10	7500	2e+11 0.516418
918	0.00918	1.42645e-06	-2.76231e-10	7500	2e+11 0.516418
919	0.00919	3.79171e-07	-7.34262e-11	7500	2e+11 0.516418
920	0.0092	1.44958e-07	-2.8071e-11	7500	2e+11 0.516418
921	0.00921	5.46581e-08	-1.05845e-11	7500	2e+11 0.516418
922	0.00922	1.86015e-08	-3.60216e-12	7500	2e+11 0.516418
923	0.00923	6.05275e-09	-1.17211e-12	7500	2e+11 0.516418
924	0.00924	2.17881e-09	-4.21925e-13	7500	2e+11 0.516418
925	0.00925	7.85865e-10	-1.52182e-13	7500	2e+11 0.516418
926	0.00926	2.66505e-10	-5.16085e-14	7500	2e+11 0.516418
927	0.00927	8.2766e-11	-1.60276e-14	7500	2e+11 0.516418
928	0.00928	3.75698e-11	-7.27536e-15	7500	2e+11 0.516418
929	0.00929	1.2716e-11	-2.46245e-15	7500	2e+11 0.516418
930	0.0093	5.015e-12	-9.7115e-16	7500	2e+11 0.516418
931	0.00931	1.39342e-12	-2.69834e-16	7500	2e+11 0.516418
932	0.00932	5.53093e-13	-1.07106e-16	7500	2e+11 0.516418
933	0.00933	1.91791e-13	-3.71401e-17	7500	2e+11 0.516418
934	0.00934	6.57269e-14	-1.2728e-17	7500	2e+11 0.516418
935	0.00935	2.48344e-14	-4.80917e-18	7500	2e+11 0.516418
936	0.00936	9.23958e-15	-1.78924e-18	7500	2e+11 0.516418
937	0.00937	3.07304e-15	-5.95092e-19	7500	2e+11 0.516418
938	0.00938	1.17713e-15	-2.2795e-19	7500	2e+11 0.516418
939	0.00939	3.41256e-16	-6.6084e-20	7500	2e+11 0.516418
940	0.0094	1.2996e-16	-2.51667e-20	7500	2e+11 0.516418
941	0.00941	4.59324e-17	-8.89477e-21	7500	2e+11 0.516418
942	0.00942	1.90108e-17	-3.68142e-21	7500	2e+11 0.516418
943	0.00943	5.97111e-18	-1.1563e-21	7500	2e+11 0.516418
944	0.00944	2.13552e-18	-4.13541e-22	7500	2e+11 0.516418
945	0.00945	7.07019e-19	-1.36914e-22	7500	2e+11 0.516418
946	0.00946	3.21003e-19	-6.21619e-23	7500	2e+11 0.516418
947	0.00947	8.70455e-20	-1.68563e-23	7500	2e+11 0.516418
948	0.00948	3.42659e-20	-6.63557e-24	7500	2e+11 0.516418
949	0.00949	1.06895e-20	-2.07002e-24	7500	2e+11 0.516418
950	0.0095	4.10323e-21	-7.94588e-25	7500	2e+11 0.516418
951	0.00951	1.78337e-21	-3.45347e-25	7500	2e+11 0.516418
952	0.00952	5.66526e-22	-1.09707e-25	7500	2e+11 0.516418
953	0.00953	2.31011e-22	-4.4735e-26	7500	2e+11 0.516418
954	0.00954	6.4085e-23	-1.241e-26	7500	2e+11 0.516418
955	0.00955	2.16481e-23	-4.19213e-27	7500	2e+11 0.516418
956	0.00956	7.45986e-24	-1.4446e-27	7500	2e+11 0.516418
957	0.00957	3.24533e-24	-6.28456e-28	7500	2e+11 0.516418
958	0.00958	9.8998e-25	-1.91709e-28	7500	2e+11 0.516418
959	0.00959	4.06457e-25	-7.87101e-29	7500	2e+11 0.516418
960	0.0096	1.20539e-25	-2.33422e-29	7500	2e+11 0.516418
961	0.00961	4.31104e-26	-8.34828e-30	7500	2e+11 0.516418
962	0.00962	1.42414e-26	-2.75783e-30	7500	2e+11 0.516418
963	0.00963	6.16868e-27	-1.19456e-30	7500	2e+11 0.516418
964	0.00964	2.01261e-27	-3.89741e-31	7500	2e+11 0.516418
965	0.00965	8.50797e-28	-1.64756e-31	7500	2e+11 0.516418
966	0.00966	2.82625e-28	-5.47301e-32	7500	2e+11 0.516418
967	0.00967	8.6543e-29	-1.6759e-32	7500	2e+11 0.516418
968	0.00968	3.39833e-29	-6.58085e-33	7500	2e+11 0.516418
969	0.00969	9.29642e-30	-1.80024e-33	7500	2e+11 0.516418
970	0.0097	3.4226e-30	-6.62784e-34	7500	2e+11 0.516418
971	0.00971	1.14549e-30	-2.21824e-34	7500	2e+11 0.516418
972	0.00972	3.7473e-31	-7.25662e-35	7500	2e+11 0.516418
973	0.00973	1.62584e-31	-3.14842e-35	7500	2e+11 0.516418
974	0.00974	5.33884e-32	-1.03386e-35	7500	2e+11 0.516418
975	0.00975	1.87062e-32	-3.62244e-36	7500	2e+11 0.516418
976	0.00976	6.79657e-33	-1.31615e-36	7500	2e+11 0.516418
977	0.00977	2.19567e-33	-4.25189e-37	7500	2e+11 0.516418
978	0.00978	7.42255e-34	-1.43737e-37	7500	2e+11 0.516418
979	0.00979	3.29263e-34	-6.37616e-38	7500	2e+11 0.516418
980	0.0098	1.03043e-34	-1.99542e-38	7500	2e+11 0.516418
981	0.00981	3.56653e-35	-6.90656e-39	7500	2e+11 0.516418
982	0.00982	1.37495e-35	-2.66257e-39	7500	2e+11 0.516418
983	0.00983	3.69098e-36	-7.14755e-40	7500	2e+11 0.516418
984	0.00984	7.23656e-37	-1.40135e-40	7500	2e+11 0.516418
985	0.00985	4.62029e-37	-8.94715e-41	7500	2e+11 0.516418
986	0.00986	2.05119e-37	-3.97212e-41	7500	2e+11 0.516418
987	0.00987	4.26651e-38	-8.26206e-42	7500	2e+11 0.516418
988	0.00988	0	0	7500	2e+11 0.516418
989	0.00989	0	0	7500	2e+11 0.516418
990	0.0099	0	0	7500	2e+11 0.516418
991	0.00991	0	0	7500	2e+11 0.516418
992	0.00992	0	0	7500	2e+11 0.516418
993	0.00993	0	0	7500	2e+11 0.516418
994	0.00994	0	0	7500	2e+11 0.516418
995	0.00995	0	0	7500	2e+11 0.516418
996	0.00996	0	0	7500	2e+11 0.516418
997	0.00997	0	0	7500	2e+11 0.516418
998	0.00998	0	0	7500	2e+11 0.516418
999	0.00999	0	0	7500	2e+11 0.516418
1000	0.01	0	-0	7500	2e+11 0.516418
