0	0	0	0	1	1
1	0.01	0	0	1	1
2	0.02	0	0	1	1
3	0.03	0	0	1	1
4	0.04	0	0	1	1
5	0.05	0	0	1	1
6	0.06	0	0	1	1
7	0.07	0	0	1	1
8	0.08	0	0	1	1
9	0.09	0	0	1	1
10	0.1	0	0	1	1
11	0.11	0	0	1	1
12	0.12	0	0	1	1
13	0.13	0	0	1	1
14	0.14	0	0	1	1
15	0.15	0	0	1	1
16	0.16	0	0	1	1
17	0.17	0	0	1	1
18	0.18	0	0	1	1
19	0.19	0	0	1	1
20	0.2	0	0	1	1
21	0.21	0	0	1	1
22	0.22	0	0	1	1
23	0.23	0	0	1	1
24	0.24	0	0	1	1
25	0.25	0	0	1	1
26	0.26	0	0	1	1
27	0.27	0	0	1	1
28	0.28	0	0	1	1
29	0.29	0	0	1	1
30	0.3	0	0	1	1
31	0.31	0	0	1	1
32	0.32	0	0	1	1
33	0.33	0	0	1	1
34	0.34	0	0	1	1
35	0.35	0	0	1	1
36	0.36	0	0	1	1
37	0.37	0	0	1	1
38	0.38	0	0	1	1
39	0.39	0	0	1	1
40	0.4	0	0	1	1
41	0.409049	-1.65058e-05	1.65058e-05	1	1
42	0.418098	-0.000164551	0.000164551	1	1
43	0.427154	-0.00082913	0.00082913	1	1
44	0.436228	-0.00281771	0.00281771	1	1
45	0.445342	-0.00726701	0.00726701	1	1
46	0.454528	-0.0151707	0.0151707	1	1
47	0.463821	-0.0267109	0.0267109	1	1
48	0.473246	-0.0408772	0.0408772	1	1
49	0.482813	-0.055755	0.055755	1	1
50	-0.785631	-49.7181	15.7222	0.1	1
51	0.172881	-14.8479	4.69531	0.1	1
52	0.338146	-8.93487	2.82545	0.1	1
53	0.41186	-6.34188	2.00548	0.1	1
54	0.457078	-4.78498	1.51314	0.1	1
55	0.489291	-3.70696	1.17224	0.1	1
56	0.514289	-2.90205	0.917707	0.1	1
57	0.534804	-2.27545	0.719562	0.1	1
58	0.552337	-1.77739	0.562061	0.1	1
59	0.5678	-1.3796	0.436267	0.1	1
60	0.5818	-1.06479	0.336716	0.1	1
61	0.594764	-0.82122	0.259693	0.1	1
62	0.607003	-0.639245	0.202147	0.1	1
63	0.61875	-0.509243	0.161037	0.1	1
64	0.630173	-0.42069	0.133034	0.1	1
65	0.641388	-0.362547	0.114647	0.1	1
66	0.652468	-0.324391	0.102582	0.1	1
67	0.663455	-0.297613	0.0941136	0.1	1
68	0.674367	-0.276037	0.0872905	0.1	1
69	0.685209	-0.255853	0.0809078	0.1	1
70	0.695981	-0.235125	0.074353	0.1	1
71	0.706679	-0.213197	0.0674187	0.1	1
72	0.717298	-0.19018	0.0601403	0.1	1
73	0.72784	-0.16659	0.0526802	0.1	1
74	0.738302	-0.143111	0.0452556	0.1	1
75	0.74869	-0.120446	0.0380883	0.1	1
76	0.759009	-0.0992236	0.0313773	0.1	1
77	0.769266	-0.0799416	0.0252797	0.1	1
78	0.779466	-0.062943	0.0199043	0.1	1
79	0.789621	-0.0483984	0.0153049	0.1	1
80	0.799736	-0.0363214	0.0114858	0.1	1
81	0.80982	-0.0265909	0.0084088	0.1	1
82	0.819881	-0.0189842	0.00600332	0.1	1
83	0.829923	-0.013214	0.00417863	0.1	1
84	0.839951	-0.00896662	0.00283549	0.1	1
85	0.84997	-0.00593168	0.00187576	0.1	1
86	0.859982	-0.00382601	0.00120989	0.1	1
87	0.86999	-0.00240668	0.00076106	0.1	1
88	0.879994	-0.00147681	0.000467007	0.1	1
89	0.889997	-0.000884296	0.000279639	0.1	1
90	0.899999	-0.00051689	0.000163455	0.1	1
91	0.91	-0.000295049	9.3303e-05	0.1	1
92	0.92	-0.000164536	5.20314e-05	0.1	1
93	0.93	-8.96684e-05	2.83569e-05	0.1	1
94	0.94	-4.7773e-05	1.51103e-05	0.1	1
95	0.95	-2.48863e-05	7.87716e-06	0.1	1
96	0.96	-1.26673e-05	4.02318e-06	0.1	1
97	0.97	-6.27181e-06	2.02354e-06	0.1	1
98	0.98	-2.95182e-06	1.02446e-06	0.1	1
99	0.99	-1.16229e-06	5.69522e-07	0.1	1
100	1	0	4.39431e-07	0.1	1
