0	0	0	0	7500	2e+11 0.516398
1	1e-05	0	0	7500	2e+11 0.516398
2	2e-05	0	0	7500	2e+11 0.516398
3	3e-05	0	0	7500	2e+11 0.516398
4	4e-05	0	0	7500	2e+11 0.516398
5	5e-05	0	0	7500	2e+11 0.516398
6	6e-05	0	0	7500	2e+11 0.516398
7	7e-05	0	0	7500	2e+11 0.516398
8	8e-05	0	0	7500	2e+11 0.516398
9	9e-05	0	0	7500	2e+11 0.516398
10	0.0001	0	0	7500	2e+11 0.516398
11	0.00011	0	0	7500	2e+11 0.516398
12	0.00012	0	0	7500	2e+11 0.516398
13	0.00013	0	0	7500	2e+11 0.516398
14	0.00014	0	0	7500	2e+11 0.516398
15	0.00015	0	0	7500	2e+11 0.516398
16	0.00016	0	0	7500	2e+11 0.516398
17	0.00017	0	0	7500	2e+11 0.516398
18	0.00018	0	0	7500	2e+11 0.516398
19	0.00019	0	0	7500	2e+11 0.516398
20	0.0002	0	0	7500	2e+11 0.516398
21	0.00021	0	0	7500	2e+11 0.516398
22	0.00022	0	0	7500	2e+11 0.516398
23	0.00023	0	0	7500	2e+11 0.516398
24	0.00024	0	0	7500	2e+11 0.516398
25	0.00025	0	0	7500	2e+11 0.516398
26	0.00026	0	0	7500	2e+11 0.516398
27	0.00027	0	0	7500	2e+11 0.516398
28	0.00028	0	0	7500	2e+11 0.516398
29	0.00029	0	0	7500	2e+11 0.516398
30	0.0003	0	0	7500	2e+11 0.516398
31	0.00031	0	0	7500	2e+11 0.516398
32	0.00032	0	0	7500	2e+11 0.516398
33	0.00033	0	0	7500	2e+11 0.516398
34	0.00034	0	0	7500	2e+11 0.516398
35	0.00035	0	0	7500	2e+11 0.516398
36	0.00036	0	0	7500	2e+11 0.516398
37	0.00037	0	0	7500	2e+11 0.516398
38	0.00038	0	0	7500	2e+11 0.516398
39	0.00039	0	0	7500	2e+11 0.516398
40	0.0004	0	0	7500	2e+11 0.516398
41	0.00041	0	0	7500	2e+11 0.516398
42	0.00042	0	0	7500	2e+11 0.516398
43	0.00043	0	0	7500	2e+11 0.516398
44	0.00044	0	0	7500	2e+11 0.516398
45	0.00045	0	0	7500	2e+11 0.516398
46	0.00046	0	0	7500	2e+11 0.516398
47	0.00047	0	0	7500	2e+11 0.516398
48	0.00048	0	0	7500	2e+11 0.516398
49	0.00049	0	0	7500	2e+11 0.5164
50	0.0005	0	0	7500	2e+11 0.5164
51	0.00051	0	0	7500	2e+11 0.516397
52	0.00052	0	0	7500	2e+11 0.5164
53	0.00053	0	0	7500	2e+11 0.5164
54	0.00054	0	0	7500	2e+11 0.516397
55	0.00055	0	0	7500	2e+11 0.5164
56	0.00056	0	0	7500	2e+11 0.5164
57	0.00057	0	0	7500	2e+11 0.516397
58	0.00058	0	0	7500	2e+11 0.516397
59	0.00059	0	0	7500	2e+11 0.5164
60	0.0006	0	0	7500	2e+11 0.5164
61	0.00061	0	0	7500	2e+11 0.516397
62	0.00062	0	0	7500	2e+11 0.5164
63	0.00063	0	0	7500	2e+11 0.5164
64	0.00064	0	0	7500	2e+11 0.516397
65	0.00065	0	0	7500	2e+11 0.5164
66	0.00066	0	0	7500	2e+11 0.5164
67	0.00067	0	0	7500	2e+11 0.516397
68	0.00068	0	0	7500	2e+11 0.5164
69	0.00069	0	0	7500	2e+11 0.5164
70	0.0007	0	0	7500	2e+11 0.516397
71	0.00071	0	0	7500	2e+11 0.516397
72	0.00072	0	0	7500	2e+11 0.5164
73	0.00073	0	0	7500	2e+11 0.5164
74	0.00074	0	0	7500	2e+11 0.516397
75	0.00075	0	0	7500	2e+11 0.5164
76	0.00076	0	0	7500	2e+11 0.5164
77	0.00077	0	0	7500	2e+11 0.516397
78	0.00078	0	0	7500	2e+11 0.5164
79	0.00079	0	0	7500	2e+11 0.5164
80	0.0008	0	0	7500	2e+11 0.516397
81	0.00081	0	0	7500	2e+11 0.5164
82	0.00082	0	0	7500	2e+11 0.5164
83	0.00083	0	0	7500	2e+11 0.516397
84	0.00084	0	0	7500	2e+11 0.5164
85	0.00085	0	0	7500	2e+11 0.5164
86	0.00086	0	0	7500	2e+11 0.516397
87	0.00087	0	0	7500	2e+11 0.5164
88	0.00088	0	0	7500	2e+11 0.5164
89	0.00089	0	0	7500	2e+11 0.516397
90	0.0009	0	0	7500	2e+11 0.516397
91	0.00091	0	0	7500	2e+11 0.5164
92	0.00092	0	0	7500	2e+11 0.5164
93	0.00093	0	0	7500	2e+11 0.516397
94	0.00094	0	0	7500	2e+11 0.5164
95	0.00095	0	0	7500	2e+11 0.5164
96	0.00096	0	0	7500	2e+11 0.516397
97	0.00097	0	0	7500	2e+11 0.516397
98	0.00098	0	0	7500	2e+11 0.5164
99	0.00099	0	0	7500	2e+11 0.5164
100	0.001	0	0	7500	2e+11 0.5164
101	0.00101	0	0	7500	2e+11 0.5164
102	0.00102	0	0	7500	2e+11 0.5164
103	0.00103	0	0	7500	2e+11 0.5164
104	0.00104	0	0	7500	2e+11 0.5164
105	0.00105	0	0	7500	2e+11 0.5164
106	0.00106	0	0	7500	2e+11 0.5164
107	0.00107	0	0	7500	2e+11 0.5164
108	0.00108	0	0	7500	2e+11 0.5164
109	0.00109	0	0	7500	2e+11 0.5164
110	0.0011	0	0	7500	2e+11 0.5164
111	0.00111	0	0	7500	2e+11 0.5164
112	0.00112	0	0	7500	2e+11 0.5164
113	0.00113	0	0	7500	2e+11 0.5164
114	0.00114	0	0	7500	2e+11 0.5164
115	0.00115	0	0	7500	2e+11 0.5164
116	0.00116	0	0	7500	2e+11 0.5164
117	0.00117	0	0	7500	2e+11 0.5164
118	0.00118	0	0	7500	2e+11 0.5164
119	0.00119	0	0	7500	2e+11 0.5164
120	0.0012	0	0	7500	2e+11 0.5164
121	0.00121	0	0	7500	2e+11 0.5164
122	0.00122	0	0	7500	2e+11 0.5164
123	0.00123	0	0	7500	2e+11 0.5164
124	0.00124	0	0	7500	2e+11 0.5164
125	0.00125	0	0	7500	2e+11 0.5164
126	0.00126	0	0	7500	2e+11 0.5164
127	0.00127	0	0	7500	2e+11 0.5164
128	0.00128	0	0	7500	2e+11 0.5164
129	0.00129	0	0	7500	2e+11 0.5164
130	0.0013	0	0	7500	2e+11 0.5164
131	0.00131	0	0	7500	2e+11 0.5164
132	0.00132	0	0	7500	2e+11 0.5164
133	0.00133	0	0	7500	2e+11 0.5164
134	0.00134	0	0	7500	2e+11 0.5164
135	0.00135	0	0	7500	2e+11 0.5164
136	0.00136	0	0	7500	2e+11 0.5164
137	0.00137	0	0	7500	2e+11 0.5164
138	0.00138	0	0	7500	2e+11 0.5164
139	0.00139	0	0	7500	2e+11 0.5164
140	0.0014	0	0	7500	2e+11 0.5164
141	0.00141	0	0	7500	2e+11 0.5164
142	0.00142	0	0	7500	2e+11 0.5164
143	0.00143	0	0	7500	2e+11 0.5164
144	0.00144	0	0	7500	2e+11 0.5164
145	0.00145	0	0	7500	2e+11 0.5164
146	0.00146	0	0	7500	2e+11 0.5164
147	0.00147	0	0	7500	2e+11 0.5164
148	0.00148	0	0	7500	2e+11 0.5164
149	0.00149	0	0	7500	2e+11 0.5164
150	0.0015	0	0	7500	2e+11 0.5164
151	0.00151	0	0	7500	2e+11 0.5164
152	0.00152	4.17967e-38	8.0939e-42	7500	2e+11 0.5164
153	0.00153	1.17611e-37	2.27753e-41	7500	2e+11 0.5164
154	0.00154	2.21698e-37	4.29316e-41	7500	2e+11 0.5164
155	0.00155	3.41559e-37	6.61427e-41	7500	2e+11 0.5164
156	0.00156	4.59033e-37	8.88914e-41	7500	2e+11 0.5164
157	0.00157	5.6008e-37	1.08459e-40	7500	2e+11 0.5164
158	0.00158	6.40627e-37	1.24057e-40	7500	2e+11 0.5164
159	0.00159	6.96831e-37	1.34941e-40	7500	2e+11 0.5164
160	0.0016	7.23627e-37	1.4013e-40	7500	2e+11 0.5164
161	0.00161	1.44724e-36	2.80257e-40	7500	2e+11 0.5164
162	0.00162	4.55472e-36	8.82018e-40	7500	2e+11 0.5164
163	0.00163	1.62786e-35	3.15234e-39	7500	2e+11 0.5164
164	0.00164	5.24653e-35	1.01599e-38	7500	2e+11 0.5164
165	0.00165	1.48096e-34	2.86786e-38	7500	2e+11 0.5164
166	0.00166	3.72081e-34	7.20531e-38	7500	2e+11 0.5164
167	0.00167	1.18312e-33	2.29111e-37	7500	2e+11 0.5164
168	0.00168	3.23789e-33	6.27014e-37	7500	2e+11 0.5164
169	0.00169	9.23497e-33	1.78834e-36	7500	2e+11 0.5164
170	0.0017	2.16133e-32	4.1854e-36	7500	2e+11 0.5164
171	0.00171	7.28573e-32	1.41088e-35	7500	2e+11 0.5164
172	0.00172	2.10965e-31	4.08532e-35	7500	2e+11 0.5164
173	0.00173	5.67997e-31	1.09992e-34	7500	2e+11 0.5164
174	0.00174	1.53164e-30	2.966e-34	7500	2e+11 0.5164
175	0.00175	4.0791e-30	7.89914e-34	7500	2e+11 0.5164
176	0.00176	1.31967e-29	2.55554e-33	7500	2e+11 0.5164
177	0.00177	3.22147e-29	6.23835e-33	7500	2e+11 0.5164
178	0.00178	8.38644e-29	1.62403e-32	7500	2e+11 0.5164
179	0.00179	2.40382e-28	4.65497e-32	7500	2e+11 0.5164
180	0.0018	6.0182e-28	1.16542e-31	7500	2e+11 0.5164
181	0.00181	1.68817e-27	3.26914e-31	7500	2e+11 0.5164
182	0.00182	6.00931e-27	1.1637e-30	7500	2e+11 0.5164
183	0.00183	1.48877e-26	2.88299e-30	7500	2e+11 0.5164
184	0.00184	3.8456e-26	7.44697e-30	7500	2e+11 0.5164
185	0.00185	1.05742e-25	2.04769e-29	7500	2e+11 0.5164
186	0.00186	3.23956e-25	6.27338e-29	7500	2e+11 0.5164
187	0.00187	7.27803e-25	1.40938e-28	7500	2e+11 0.5164
188	0.00188	2.02104e-24	3.91372e-28	7500	2e+11 0.5164
189	0.00189	5.85547e-24	1.13391e-27	7500	2e+11 0.5164
190	0.0019	1.74904e-23	3.38701e-27	7500	2e+11 0.5164
191	0.00191	4.75128e-23	9.20082e-27	7500	2e+11 0.5164
192	0.00192	1.34083e-22	2.59651e-26	7500	2e+11 0.5164
193	0.00193	3.57282e-22	6.91874e-26	7500	2e+11 0.5164
194	0.00194	1.36407e-21	2.64151e-25	7500	2e+11 0.5164
195	0.00195	3.5024e-21	6.78236e-25	7500	2e+11 0.5164
196	0.00196	1.14158e-20	2.21065e-24	7500	2e+11 0.516406
197	0.00197	3.08176e-20	5.9678e-24	7500	2e+11 0.516406
198	0.00198	9.78235e-20	1.89434e-23	7500	2e+11 0.516394
199	0.00199	2.50546e-19	4.8518e-23	7500	2e+11 0.516406
200	0.002	6.69051e-19	1.29561e-22	7500	2e+11 0.516406
201	0.00201	1.75222e-18	3.39317e-22	7500	2e+11 0.516394
202	0.00202	5.22028e-18	1.0109e-21	7500	2e+11 0.516406
203	0.00203	1.17545e-17	2.27625e-21	7500	2e+11 0.516406
204	0.00204	3.08152e-17	5.96734e-21	7500	2e+11 0.516394
205	0.00205	8.1727e-17	1.58264e-20	7500	2e+11 0.516406
206	0.00206	2.43359e-16	4.71263e-20	7500	2e+11 0.516406
207	0.00207	6.37108e-16	1.23376e-19	7500	2e+11 0.516394
208	0.00208	1.67403e-15	3.24175e-19	7500	2e+11 0.516406
209	0.00209	4.46104e-15	8.63876e-19	7500	2e+11 0.516406
210	0.0021	1.13512e-14	2.19815e-18	7500	2e+11 0.516394
211	0.00211	2.75487e-14	5.33479e-18	7500	2e+11 0.516406
212	0.00212	9.61227e-14	1.86141e-17	7500	2e+11 0.516406
213	0.00213	2.42e-13	4.68632e-17	7500	2e+11 0.516394
214	0.00214	6.00675e-13	1.1632e-16	7500	2e+11 0.516406
215	0.00215	1.58467e-12	3.06871e-16	7500	2e+11 0.516406
216	0.00216	3.93732e-12	7.62459e-16	7500	2e+11 0.516394
217	0.00217	1.22142e-11	2.36528e-15	7500	2e+11 0.516406
218	0.00218	3.66513e-11	7.09749e-15	7500	2e+11 0.516406
219	0.00219	1.15529e-10	2.23722e-14	7500	2e+11 0.516394
220	0.0022	2.51258e-10	4.8656e-14	7500	2e+11 0.516406
221	0.00221	8.22875e-10	1.59349e-13	7500	2e+11 0.516406
222	0.00222	2.40287e-09	4.65315e-13	7500	2e+11 0.516394
223	0.00223	6.82088e-09	1.32086e-12	7500	2e+11 0.516406
224	0.00224	1.74323e-08	3.37576e-12	7500	2e+11 0.516406
225	0.00225	4.93011e-08	9.54712e-12	7500	2e+11 0.516394
226	0.00226	1.31948e-07	2.55515e-11	7500	2e+11 0.516394
227	0.00227	4.01632e-07	7.77757e-11	7500	2e+11 0.516406
228	0.00228	8.89475e-07	1.72246e-10	7500	2e+11 0.516406
229	0.00229	2.43357e-06	4.71259e-10	7500	2e+11 0.516394
230	0.0023	6.9064e-06	1.33742e-09	7500	2e+11 0.516406
231	0.00231	1.93752e-05	3.752e-09	7500	2e+11 0.516406
232	0.00232	5.5924e-05	1.08296e-08	7500	2e+11 0.516394
233	0.00233	0.000131929	2.5548e-08	7500	2e+11 0.516406
234	0.00234	0.000418429	8.10284e-08	7500	2e+11 0.516406
235	0.00235	0.00117422	2.27387e-07	7500	2e+11 0.516394
236	0.00236	0.00389401	7.54073e-07	7500	2e+11 0.516406
237	0.00237	0.00986776	1.91088e-06	7500	2e+11 0.516406
238	0.00238	0.0290402	5.62361e-06	7500	2e+11 0.516394
239	0.00239	0.0655027	1.26845e-05	7500	2e+11 0.516394
240	0.0024	0.215184	4.16702e-05	7500	2e+11 0.516394
241	0.00241	0.575843	0.000111512	7500	2e+11 0.516382
242	0.00242	1.58718	0.000307355	7500	2e+11 0.516322
243	0.00243001	3.22169	0.000623878	7500	2e+11 0.516201
244	0.00244001	5.4127	0.00104816	7500	2e+11 0.516021
245	0.00245002	8.06543	0.00156186	7500	2e+11 0.515793
246	0.00246004	11.0738	0.00214444	7500	2e+11 0.515542
247	0.00247006	14.3299	0.00277498	7500	2e+11 0.515206
248	0.00248009	17.7287	0.00343315	7500	2e+11 0.514871
249	0.00249013	21.1722	0.00409999	7500	2e+11 0.514597
250	0.00250017	24.5738	0.00475869	7500	2e+11 0.514191
251	0.00251022	27.858	0.00539468	7500	2e+11 0.513869
252	0.00252028	30.9641	0.00599618	7500	2e+11 0.513548
253	0.00253034	33.8445	0.00655395	7500	2e+11 0.513263
254	0.0025404	36.4665	0.0070617	7500	2e+11 0.512954
255	0.00255048	38.8098	0.00751549	7500	2e+11 0.512776
256	0.00256055	40.8686	0.00791417	7500	2e+11 0.512456
257	0.00257063	42.6458	0.00825832	7500	2e+11 0.512326
258	0.00258072	44.1537	0.00855033	7500	2e+11 0.512125
259	0.0025908	45.4125	0.00879409	7500	2e+11 0.511971
260	0.00260089	46.4475	0.00899452	7500	2e+11 0.511865
261	0.00261098	47.2845	0.00915661	7500	2e+11 0.511735
262	0.00262107	47.951	0.00928568	7500	2e+11 0.511723
263	0.00263117	48.4736	0.00938688	7500	2e+11 0.511605
264	0.00264126	48.8772	0.00946504	7500	2e+11 0.511605
265	0.00265136	49.1844	0.00952453	7500	2e+11 0.511535
266	0.00266145	49.415	0.00956917	7500	2e+11 0.511499
267	0.00267155	49.5855	0.00960219	7500	2e+11 0.511511
268	0.00268164	49.7099	0.00962628	7500	2e+11 0.511511
269	0.00269174	49.7995	0.00964363	7500	2e+11 0.511428
270	0.00270184	49.8633	0.00965598	7500	2e+11 0.511464
271	0.00271193	49.9081	0.00966466	7500	2e+11 0.511487
272	0.00272203	49.9392	0.00967069	7500	2e+11 0.511487
273	0.00273213	49.9605	0.00967481	7500	2e+11 0.511428
274	0.00274223	49.975	0.00967762	7500	2e+11 0.51144
275	0.00275232	49.9847	0.0096795	7500	2e+11 0.51144
276	0.00276242	49.9912	0.00968075	7500	2e+11 0.511405
277	0.00277252	49.9954	0.00968157	7500	2e+11 0.511417
278	0.00278261	49.9981	0.0096821	7500	2e+11 0.51144
279	0.00279271	49.9999	0.00968244	7500	2e+11 0.51144
280	0.00280281	50.001	0.00968266	7500	2e+11 0.51144
281	0.00281291	50.0017	0.00968279	7500	2e+11 0.511428
282	0.002823	50.0022	0.00968288	7500	2e+11 0.51144
283	0.0028331	50.0024	0.00968292	7500	2e+11 0.51144
284	0.0028432	50.0025	0.00968294	7500	2e+11 0.511476
285	0.00285329	50.0026	0.00968296	7500	2e+11 0.511476
286	0.00286339	50.0026	0.00968296	7500	2e+11 0.511417
287	0.00287349	50.0026	0.00968296	7500	2e+11 0.511428
288	0.00288359	50.0026	0.00968296	7500	2e+11 0.51144
289	0.00289368	50.0026	0.00968296	7500	2e+11 0.51144
290	0.00290378	50.0026	0.00968296	7500	2e+11 0.51144
291	0.00291388	50.0026	0.00968296	7500	2e+11 0.51144
292	0.00292397	50.0026	0.00968296	7500	2e+11 0.51144
293	0.00293407	50.0026	0.00968296	7500	2e+11 0.51144
294	0.00294417	50.0026	0.00968296	7500	2e+11 0.511464
295	0.00295427	50.0026	0.00968296	7500	2e+11 0.511464
296	0.00296437	50.0026	0.00968296	7500	2e+11 0.511476
297	0.00297446	50.0026	0.00968296	7500	2e+11 0.511476
298	0.00298456	50.0026	0.00968296	7500	2e+11 0.511452
299	0.00299465	50.0026	0.00968296	7500	2e+11 0.511452
300	0.00300475	50.0026	0.00968296	7500	2e+11 0.511487
301	0.00301485	50.0026	0.00968296	7500	2e+11 0.511487
302	0.00302495	50.0026	0.00968296	7500	2e+11 0.511428
303	0.00303504	50.0026	0.00968296	7500	2e+11 0.51144
304	0.00304514	50.0026	0.00968296	7500	2e+11 0.51144
305	0.00305524	50.0026	0.00968296	7500	2e+11 0.511464
306	0.00306534	50.0026	0.00968296	7500	2e+11 0.511464
307	0.00307543	50.0026	0.00968296	7500	2e+11 0.511417
308	0.00308553	50.0026	0.00968296	7500	2e+11 0.51144
309	0.00309563	50.0026	0.00968296	7500	2e+11 0.51144
310	0.00310572	50.0026	0.00968296	7500	2e+11 0.511428
311	0.00311582	50.0026	0.00968296	7500	2e+11 0.511428
312	0.00312592	50.0026	0.00968296	7500	2e+11 0.511476
313	0.00313602	50.0026	0.00968296	7500	2e+11 0.511476
314	0.00314611	50.0026	0.00968296	7500	2e+11 0.511428
315	0.00315621	50.0026	0.00968295	7500	2e+11 0.511428
316	0.00316631	50.0025	0.00968295	7500	2e+11 0.511476
317	0.0031764	50.0025	0.00968295	7500	2e+11 0.511476
318	0.0031865	50.0025	0.00968295	7500	2e+11 0.511417
319	0.0031966	50.0025	0.00968295	7500	2e+11 0.511464
320	0.0032067	50.0025	0.00968295	7500	2e+11 0.511464
321	0.00321679	50.0025	0.00968295	7500	2e+11 0.511428
322	0.00322689	50.0025	0.00968295	7500	2e+11 0.51144
323	0.00323699	50.0025	0.00968294	7500	2e+11 0.51144
324	0.00324709	50.0025	0.00968294	7500	2e+11 0.511464
325	0.00325718	50.0025	0.00968294	7500	2e+11 0.511464
326	0.00326728	50.0025	0.00968294	7500	2e+11 0.51144
327	0.00327738	50.0025	0.00968294	7500	2e+11 0.511452
328	0.00328747	50.0025	0.00968294	7500	2e+11 0.511452
329	0.00329757	50.0025	0.00968294	7500	2e+11 0.511452
330	0.00330767	50.0025	0.00968294	7500	2e+11 0.511464
331	0.00331776	50.0025	0.00968294	7500	2e+11 0.511464
332	0.00332786	50.0025	0.00968294	7500	2e+11 0.511428
333	0.00333796	50.0024	0.00968293	7500	2e+11 0.511464
334	0.00334806	50.0024	0.00968292	7500	2e+11 0.511464
335	0.00335816	50.0022	0.00968289	7500	2e+11 0.511428
336	0.00336825	50.0016	0.00968276	7500	2e+11 0.51144
337	0.00337835	50.0003	0.00968251	7500	2e+11 0.51144
338	0.00338845	49.9953	0.00968154	7500	2e+11 0.511476
339	0.00339854	49.9856	0.00967966	7500	2e+11 0.511476
340	0.00340864	49.9541	0.00967358	7500	2e+11 0.511428
341	0.00341874	49.8877	0.00966072	7500	2e+11 0.511417
342	0.00342883	49.6308	0.00961095	7500	2e+11 0.511558
343	0.00343893	49.0224	0.00949314	7500	2e+11 0.511558
344	0.00344903	47.2771	0.00915517	7500	2e+11 0.511806
345	0.00345911	44.4297	0.00860378	7500	2e+11 0.512078
346	0.0034692	40.6981	0.00788115	7500	2e+11 0.512433
347	0.00347928	36.3659	0.00704222	7500	2e+11 0.512836
348	0.00348935	31.734	0.00614527	7500	2e+11 0.513382
349	0.0034994	27.0795	0.00524393	7500	2e+11 0.513762
350	0.00350946	22.6289	0.00438207	7500	2e+11 0.514251
351	0.0035195	18.5439	0.00359102	7500	2e+11 0.514656
352	0.00352953	14.9248	0.00289017	7500	2e+11 0.514943
353	0.00353956	11.8115	0.00228729	7500	2e+11 0.51529
354	0.00354958	9.20132	0.00178183	7500	2e+11 0.51553
355	0.0035596	7.06241	0.00136763	7500	2e+11 0.515745
356	0.00356961	5.34557	0.00103517	7500	2e+11 0.515925
357	0.00357962	3.99261	0.000773165	7500	2e+11 0.515949
358	0.00358963	2.94424	0.000570149	7500	2e+11 0.516189
359	0.00359963	2.14522	0.000415421	7500	2e+11 0.516201
360	0.00360964	1.54477	0.000299143	7500	2e+11 0.516201
361	0.00361964	1.09966	0.000212949	7500	2e+11 0.516298
362	0.00362964	0.774197	0.000149923	7500	2e+11 0.516358
363	0.00363964	0.539483	0.00010447	7500	2e+11 0.51637
364	0.00364964	0.371803	7.19993e-05	7500	2e+11 0.51637
365	0.00365965	0.253706	4.913e-05	7500	2e+11 0.516406
366	0.00366965	0.171435	3.31983e-05	7500	2e+11 0.516406
367	0.00367965	0.114566	2.21856e-05	7500	2e+11 0.516502
368	0.00368965	0.0757942	1.46775e-05	7500	2e+11 0.516502
369	0.00369965	0.0496711	9.61877e-06	7500	2e+11 0.516382
370	0.00370965	0.0322296	6.24124e-06	7500	2e+11 0.51643
371	0.00371965	0.0207106	4.01058e-06	7500	2e+11 0.51643
372	0.00372965	0.0131872	2.55369e-06	7500	2e+11 0.516406
373	0.00373965	0.00831665	1.61051e-06	7500	2e+11 0.51637
374	0.00374965	0.0051948	1.00597e-06	7500	2e+11 0.516442
375	0.00375965	0.00321267	6.22131e-07	7500	2e+11 0.516442
376	0.00376965	0.00196795	3.81091e-07	7500	2e+11 0.516442
377	0.00377965	0.0011941	2.31236e-07	7500	2e+11 0.516442
378	0.00378965	0.00071782	1.39005e-07	7500	2e+11 0.516394
379	0.00379965	0.000427928	8.28679e-08	7500	2e+11 0.516442
380	0.00380965	0.000252984	4.89902e-08	7500	2e+11 0.516442
381	0.00381965	0.000148097	2.86789e-08	7500	2e+11 0.516454
382	0.00382965	8.59387e-05	1.6642e-08	7500	2e+11 0.516454
383	0.00383965	4.94003e-05	9.56633e-09	7500	2e+11 0.516394
384	0.00384965	2.81761e-05	5.45628e-09	7500	2e+11 0.516442
385	0.00385965	1.59339e-05	3.08558e-09	7500	2e+11 0.516442
386	0.00386965	8.92873e-06	1.72904e-09	7500	2e+11 0.516394
387	0.00387965	4.95978e-06	9.60458e-10	7500	2e+11 0.516394
388	0.00388965	2.73174e-06	5.28999e-10	7500	2e+11 0.516382
389	0.00389965	1.49246e-06	2.89014e-10	7500	2e+11 0.516947
390	0.00390964	8.08113e-07	1.5649e-10	7500	2e+11 0.517551
391	0.00391962	4.34129e-07	8.40686e-11	7500	2e+11 0.517551
392	0.00392961	2.31123e-07	4.47568e-11	7500	2e+11 0.516514
393	0.00393962	1.2204e-07	2.36329e-11	7500	2e+11 0.51649
394	0.00394961	6.40064e-08	1.23948e-11	7500	2e+11 0.51649
395	0.00395962	3.3336e-08	6.45549e-12	7500	2e+11 0.51637
396	0.00396962	1.71668e-08	3.32434e-12	7500	2e+11 0.51637
397	0.00397962	8.75834e-09	1.69605e-12	7500	2e+11 0.516466
398	0.00398962	4.44555e-09	8.60878e-13	7500	2e+11 0.516466
399	0.00399962	2.23274e-09	4.32369e-13	7500	2e+11 0.516466
400	0.00400962	1.11432e-09	2.15787e-13	7500	2e+11 0.51649
401	0.00401961	5.5165e-10	1.06827e-13	7500	2e+11 0.51649
402	0.00402961	2.71508e-10	5.25772e-14	7500	2e+11 0.51637
403	0.00403962	1.32314e-10	2.56225e-14	7500	2e+11 0.51649
404	0.00404961	6.38747e-11	1.23693e-14	7500	2e+11 0.51649
405	0.00405961	3.05559e-11	5.91712e-15	7500	2e+11 0.516442
406	0.00406962	1.45299e-11	2.81371e-15	7500	2e+11 0.516466
407	0.00407961	6.86886e-12	1.33015e-15	7500	2e+11 0.516466
408	0.00408961	3.21563e-12	6.22704e-16	7500	2e+11 0.516394
409	0.00409961	1.49088e-12	2.88707e-16	7500	2e+11 0.516394
410	0.00410962	6.89282e-13	1.33479e-16	7500	2e+11 0.516394
411	0.00411962	3.1701e-13	6.13887e-17	7500	2e+11 0.516394
412	0.00412962	1.44782e-13	2.80369e-17	7500	2e+11 0.516442
413	0.00413961	6.53465e-14	1.26543e-17	7500	2e+11 0.516442
414	0.00414962	2.91775e-14	5.65019e-18	7500	2e+11 0.516394
415	0.00415962	1.29392e-14	2.50567e-18	7500	2e+11 0.516394
416	0.00416962	5.69956e-15	1.10372e-18	7500	2e+11 0.516418
417	0.00417962	2.49986e-15	4.84096e-19	7500	2e+11 0.516514
418	0.00418961	1.09075e-15	2.11222e-19	7500	2e+11 0.516514
419	0.00419961	4.69655e-16	9.09483e-20	7500	2e+11 0.51637
420	0.00420962	2.00065e-16	3.87425e-20	7500	2e+11 0.516346
421	0.00421962	8.46533e-17	1.6393e-20	7500	2e+11 0.51649
422	0.00422961	3.56268e-17	6.8991e-21	7500	2e+11 0.51649
423	0.00423962	1.48431e-17	2.87436e-21	7500	2e+11 0.516394
424	0.00424962	6.16275e-18	1.19341e-21	7500	2e+11 0.516418
425	0.00425962	2.54178e-18	4.92214e-22	7500	2e+11 0.516418
426	0.00426962	1.03861e-18	2.01126e-22	7500	2e+11 0.516442
427	0.00427962	4.21482e-19	8.16196e-23	7500	2e+11 0.516442
428	0.00428962	1.69848e-19	3.2891e-23	7500	2e+11 0.516418
429	0.00429962	6.78055e-20	1.31305e-23	7500	2e+11 0.516394
430	0.00430962	2.70318e-20	5.23468e-24	7500	2e+11 0.516562
431	0.00431961	1.06771e-20	2.06762e-24	7500	2e+11 0.516562
432	0.00432961	4.16512e-21	8.06572e-25	7500	2e+11 0.51637
433	0.00433961	1.61743e-21	3.13214e-25	7500	2e+11 0.51637
434	0.00434962	6.23733e-22	1.20785e-25	7500	2e+11 0.516394
435	0.00435962	2.38912e-22	4.62652e-26	7500	2e+11 0.516394
436	0.00436962	9.10678e-23	1.76352e-26	7500	2e+11 0.516466
437	0.00437961	3.44789e-23	6.67682e-27	7500	2e+11 0.516466
438	0.00438961	1.29623e-23	2.51014e-27	7500	2e+11 0.51637
439	0.00439962	4.83155e-24	9.35626e-28	7500	2e+11 0.516514
440	0.00440961	1.77976e-24	3.44649e-28	7500	2e+11 0.516514
441	0.00441961	6.52632e-25	1.26382e-28	7500	2e+11 0.516394
442	0.00442961	2.38005e-25	4.60895e-29	7500	2e+11 0.516418
443	0.00443961	8.59934e-26	1.66526e-29	7500	2e+11 0.516418
444	0.00444962	3.07167e-26	5.94826e-30	7500	2e+11 0.516418
445	0.00445962	1.08569e-26	2.10243e-30	7500	2e+11 0.516418
446	0.00446962	3.83676e-27	7.42986e-31	7500	2e+11 0.516394
447	0.00447962	1.34795e-27	2.6103e-31	7500	2e+11 0.51649
448	0.00448962	4.69459e-28	9.09104e-32	7500	2e+11 0.51649
449	0.00449961	1.62385e-28	3.14457e-32	7500	2e+11 0.516418
450	0.00450962	5.60312e-29	1.08504e-32	7500	2e+11 0.516514
451	0.00451961	1.91038e-29	3.69944e-33	7500	2e+11 0.516514
452	0.00452961	6.46605e-30	1.25215e-33	7500	2e+11 0.516418
453	0.00453962	2.17655e-30	4.21487e-34	7500	2e+11 0.516466
454	0.00454961	7.28248e-31	1.41025e-34	7500	2e+11 0.516514
455	0.00455961	2.41101e-31	4.66891e-35	7500	2e+11 0.516514
456	0.00456962	7.95656e-32	1.54078e-35	7500	2e+11 0.516442
457	0.00457962	2.61062e-32	5.05544e-36	7500	2e+11 0.516442
458	0.00458962	8.53323e-33	1.65245e-36	7500	2e+11 0.516394
459	0.00459962	2.7471e-33	5.31974e-37	7500	2e+11 0.51649
460	0.00460961	8.71065e-34	1.68681e-37	7500	2e+11 0.51649
461	0.00461961	2.7408e-34	5.30753e-38	7500	2e+11 0.516442
462	0.00462962	8.58589e-35	1.66265e-38	7500	2e+11 0.516394
463	0.00463962	2.69406e-35	5.21702e-39	7500	2e+11 0.51649
464	0.00464961	8.43543e-36	1.63351e-39	7500	2e+11 0.51649
465	0.00465961	2.59585e-36	5.02685e-40	7500	2e+11 0.516442
466	0.00466961	7.95346e-37	1.54018e-40	7500	2e+11 0.516394
467	0.00467961	2.41597e-37	4.67852e-41	7500	2e+11 0.516466
468	0.00468961	7.25871e-38	1.40564e-41	7500	2e+11 0.516466
469	0.00469962	2.16726e-38	4.19689e-42	7500	2e+11 0.516466
470	0.00470961	6.44752e-39	1.24856e-42	7500	2e+11 0.516466
471	0.00471962	1.88867e-39	3.65739e-43	7500	2e+11 0.516346
472	0.00472962	5.35484e-40	1.03696e-43	7500	2e+11 0.51661
473	0.00473961	1.44726e-40	2.8026e-44	7500	2e+11 0.51661
474	0.00474961	2.89452e-41	5.60519e-45	7500	2e+11 0.516394
475	0.00475961	0	0	7500	2e+11 0.516346
476	0.00476961	0	0	7500	2e+11 0.516394
477	0.00477961	0	0	7500	2e+11 0.516538
478	0.00478961	0	0	7500	2e+11 0.516538
479	0.00479961	0	0	7500	2e+11 0.516346
480	0.00480961	0	0	7500	2e+11 0.516442
481	0.00481961	0	0	7500	2e+11 0.516442
482	0.00482961	0	0	7500	2e+11 0.516418
483	0.00483961	0	0	7500	2e+11 0.516442
484	0.00484961	0	0	7500	2e+11 0.516442
485	0.00485961	0	0	7500	2e+11 0.516442
486	0.00486961	0	0	7500	2e+11 0.516442
487	0.00487961	0	0	7500	2e+11 0.516466
488	0.00488961	0	0	7500	2e+11 0.516466
489	0.00489962	0	0	7500	2e+11 0.516442
490	0.00490962	0	0	7500	2e+11 0.51649
491	0.00491961	0	0	7500	2e+11 0.51649
492	0.00492961	0	0	7500	2e+11 0.516418
493	0.00493961	0	0	7500	2e+11 0.516418
494	0.00494961	0	0	7500	2e+11 0.516418
495	0.00495961	0	0	7500	2e+11 0.516538
496	0.00496961	0	0	7500	2e+11 0.516538
497	0.00497961	0	0	7500	2e+11 0.516442
498	0.00498961	0	0	7500	2e+11 0.516394
499	0.00499961	0	0	7500	2e+11 0.516418
500	0.00500961	0	0	7500	2e+11 0.516442
501	0.00501961	0	0	7500	2e+11 0.516442
502	0.00502961	0	0	7500	2e+11 0.516418
503	0.00503961	0	0	7500	2e+11 0.516418
504	0.00504961	0	0	7500	2e+11 0.516418
505	0.00505961	0	0	7500	2e+11 0.516418
506	0.00506961	0	0	7500	2e+11 0.516586
507	0.00507961	0	0	7500	2e+11 0.516586
508	0.00508961	0	0	7500	2e+11 0.51637
509	0.00509961	0	0	7500	2e+11 0.516394
510	0.00510961	0	0	7500	2e+11 0.516394
511	0.00511961	0	0	7500	2e+11 0.516442
512	0.00512961	0	0	7500	2e+11 0.516442
513	0.00513961	0	0	7500	2e+11 0.516466
514	0.00514961	0	0	7500	2e+11 0.516466
515	0.00515961	0	0	7500	2e+11 0.516514
516	0.00516961	0	0	7500	2e+11 0.516514
517	0.00517961	0	0	7500	2e+11 0.516418
518	0.00518961	0	0	7500	2e+11 0.516394
519	0.00519961	0	0	7500	2e+11 0.516442
520	0.00520961	0	0	7500	2e+11 0.51649
521	0.00521961	0	0	7500	2e+11 0.51649
522	0.00522961	0	0	7500	2e+11 0.516418
523	0.00523961	0	0	7500	2e+11 0.516418
524	0.00524961	0	0	7500	2e+11 0.51649
525	0.00525961	0	0	7500	2e+11 0.51649
526	0.00526961	0	0	7500	2e+11 0.516418
527	0.00527961	0	0	7500	2e+11 0.516562
528	0.00528961	0	0	7500	2e+11 0.516562
529	0.00529961	0	0	7500	2e+11 0.516466
530	0.00530961	0	0	7500	2e+11 0.516466
531	0.00531961	0	0	7500	2e+11 0.516442
532	0.00532961	0	0	7500	2e+11 0.516442
533	0.00533961	0	0	7500	2e+11 0.516394
534	0.00534961	0	0	7500	2e+11 0.516466
535	0.00535961	0	0	7500	2e+11 0.516466
536	0.00536961	0	0	7500	2e+11 0.516418
537	0.00537961	0	0	7500	2e+11 0.516466
538	0.00538961	0	0	7500	2e+11 0.516466
539	0.00539961	0	0	7500	2e+11 0.516466
540	0.00540961	0	0	7500	2e+11 0.516466
541	0.00541961	0	0	7500	2e+11 0.516394
542	0.00542961	0	0	7500	2e+11 0.51649
543	0.00543961	0	0	7500	2e+11 0.51649
544	0.00544961	0	0	7500	2e+11 0.51637
545	0.00545961	0	0	7500	2e+11 0.51649
546	0.00546961	0	0	7500	2e+11 0.51649
547	0.00547961	0	0	7500	2e+11 0.516418
548	0.00548961	0	0	7500	2e+11 0.516418
549	0.00549961	0	0	7500	2e+11 0.516538
550	0.00550961	0	0	7500	2e+11 0.516538
551	0.00551961	0	0	7500	2e+11 0.516394
552	0.00552961	0	0	7500	2e+11 0.516442
553	0.00553961	0	0	7500	2e+11 0.516442
554	0.00554961	0	0	7500	2e+11 0.51637
555	0.00555961	0	0	7500	2e+11 0.516418
556	0.00556961	0	0	7500	2e+11 0.516418
557	0.00557961	0	0	7500	2e+11 0.516466
558	0.00558961	0	0	7500	2e+11 0.516466
559	0.00559961	0	0	7500	2e+11 0.516514
560	0.0056096	0	0	7500	2e+11 0.516514
561	0.0056196	0	0	7500	2e+11 0.516418
562	0.00562961	0	0	7500	2e+11 0.516346
563	0.00563961	0	0	7500	2e+11 0.51649
564	0.00564961	0	0	7500	2e+11 0.51649
565	0.00565961	0	0	7500	2e+11 0.516466
566	0.0056696	0	0	7500	2e+11 0.516466
567	0.0056796	0	0	7500	2e+11 0.516442
568	0.00568961	0	0	7500	2e+11 0.516442
569	0.0056996	0	0	7500	2e+11 0.516466
570	0.0057096	0	0	7500	2e+11 0.516514
571	0.0057196	0	0	7500	2e+11 0.516514
572	0.0057296	0	0	7500	2e+11 0.51637
573	0.0057396	0	0	7500	2e+11 0.516514
574	0.0057496	0	0	7500	2e+11 0.516514
575	0.0057596	0	0	7500	2e+11 0.516418
576	0.0057696	0	0	7500	2e+11 0.516514
577	0.0057796	0	0	7500	2e+11 0.516514
578	0.0057896	0	0	7500	2e+11 0.516394
579	0.0057996	0	0	7500	2e+11 0.51649
580	0.0058096	0	0	7500	2e+11 0.51649
581	0.0058196	0	0	7500	2e+11 0.516394
582	0.0058296	0	0	7500	2e+11 0.516418
583	0.0058396	0	0	7500	2e+11 0.516418
584	0.0058496	0	0	7500	2e+11 0.516394
585	0.0058596	0	0	7500	2e+11 0.51637
586	0.0058696	0	0	7500	2e+11 0.516442
587	0.0058796	0	0	7500	2e+11 0.516538
588	0.0058896	0	0	7500	2e+11 0.516538
589	0.0058996	0	0	7500	2e+11 0.51649
590	0.0059096	0	0	7500	2e+11 0.51649
591	0.0059196	0	0	7500	2e+11 0.516418
592	0.0059296	0	0	7500	2e+11 0.516418
593	0.0059396	0	0	7500	2e+11 0.516466
594	0.0059496	0	0	7500	2e+11 0.51649
595	0.0059596	0	0	7500	2e+11 0.51649
596	0.0059696	0	0	7500	2e+11 0.516394
597	0.0059796	0	0	7500	2e+11 0.51649
598	0.0059896	0	0	7500	2e+11 0.51649
599	0.0059996	0	0	7500	2e+11 0.516394
600	0.0060096	0	0	7500	2e+11 0.51649
601	0.00601959	0	0	7500	2e+11 0.51649
602	0.00602959	0	0	7500	2e+11 0.51649
603	0.00603959	0	0	7500	2e+11 0.51649
604	0.00604959	0	0	7500	2e+11 0.516442
605	0.00605959	0	0	7500	2e+11 0.516466
606	0.00606959	0	0	7500	2e+11 0.516466
607	0.00607959	0	0	7500	2e+11 0.51649
608	0.00608959	0	0	7500	2e+11 0.51649
609	0.00609959	0	0	7500	2e+11 0.51649
610	0.00610959	0	0	7500	2e+11 0.51649
611	0.00611959	0	0	7500	2e+11 0.516418
612	0.00612959	0	0	7500	2e+11 0.516418
613	0.00613959	0	0	7500	2e+11 0.51649
614	0.00614959	0	0	7500	2e+11 0.51649
615	0.00615959	0	0	7500	2e+11 0.516466
616	0.00616959	0	0	7500	2e+11 0.516466
617	0.00617959	0	0	7500	2e+11 0.516418
618	0.00618958	0	0	7500	2e+11 0.516538
619	0.00619958	0	0	7500	2e+11 0.516538
620	0.00620958	0	0	7500	2e+11 0.516442
621	0.00621958	0	0	7500	2e+11 0.516442
622	0.00622958	0	0	7500	2e+11 0.516514
623	0.00623958	0	0	7500	2e+11 0.516514
624	0.00624958	0	0	7500	2e+11 0.516442
625	0.00625958	0	0	7500	2e+11 0.516442
626	0.00626958	0	0	7500	2e+11 0.51649
627	0.00627958	0	0	7500	2e+11 0.51649
628	0.00628958	0	0	7500	2e+11 0.516418
629	0.00629958	0	0	7500	2e+11 0.516466
630	0.00630957	0	0	7500	2e+11 0.516514
631	0.00631957	0	0	7500	2e+11 0.516514
632	0.00632957	0	0	7500	2e+11 0.51661
633	0.00633957	0	0	7500	2e+11 0.51661
634	0.00634957	0	0	7500	2e+11 0.516514
635	0.00635957	0	0	7500	2e+11 0.516514
636	0.00636957	0	0	7500	2e+11 0.516514
637	0.00637956	0	0	7500	2e+11 0.516538
638	0.00638956	0	0	7500	2e+11 0.516538
639	0.00639956	0	0	7500	2e+11 0.516586
640	0.00640956	0	0	7500	2e+11 0.516586
641	0.00641956	0	0	7500	2e+11 0.516562
642	0.00642955	0	0	7500	2e+11 0.516731
643	0.00643955	0	0	7500	2e+11 0.516731
644	0.00644955	0	0	7500	2e+11 0.516707
645	0.00645954	0	0	7500	2e+11 0.516707
646	0.00646954	0	0	7500	2e+11 0.516731
647	0.00647953	0	0	7500	2e+11 0.516731
648	0.00648952	0	0	7500	2e+11 0.516851
649	0.00649952	0	0	7500	2e+11 0.517164
650	0.0065095	0	0	7500	2e+11 0.517164
651	0.00651956	0	0	7500	2e+11 0.51702
652	0.00652955	0	0	7500	2e+11 0.51702
653	0.00653954	0	0	7500	2e+11 0.516779
654	0.00654954	0	0	7500	2e+11 0.516658
655	0.00655953	0	0	7500	2e+11 0.516634
656	0.00656953	0	0	7500	2e+11 0.516634
657	0.00657953	0	0	7500	2e+11 0.516538
658	0.00658952	0	0	7500	2e+11 0.516658
659	0.00659952	0	0	7500	2e+11 0.516658
660	0.00660952	0	0	7500	2e+11 0.516538
661	0.00661952	0	0	7500	2e+11 0.516538
662	0.00662951	0	0	7500	2e+11 0.516514
663	0.00663951	0	0	7500	2e+11 0.516514
664	0.00664951	0	0	7500	2e+11 0.51637
665	0.00665951	0	0	7500	2e+11 0.51637
666	0.00666951	0	0	7500	2e+11 0.516394
667	0.00667951	0	0	7500	2e+11 0.516562
668	0.00668951	0	0	7500	2e+11 0.516562
669	0.00669951	0	0	7500	2e+11 0.516418
670	0.00670951	0	0	7500	2e+11 0.51649
671	0.00671951	0	0	7500	2e+11 0.51649
672	0.00672951	0	0	7500	2e+11 0.51637
673	0.00673951	0	0	7500	2e+11 0.516538
674	0.00674951	0	0	7500	2e+11 0.516538
675	0.00675951	0	0	7500	2e+11 0.51637
676	0.00676951	0	0	7500	2e+11 0.51637
677	0.00677951	0	0	7500	2e+11 0.516442
678	0.00678951	0	0	7500	2e+11 0.516442
679	0.00679951	0	0	7500	2e+11 0.516442
680	0.00680951	0	0	7500	2e+11 0.516442
681	0.00681951	0	0	7500	2e+11 0.516394
682	0.00682951	0	0	7500	2e+11 0.516394
683	0.00683951	0	0	7500	2e+11 0.51637
684	0.00684952	0	0	7500	2e+11 0.516346
685	0.00685952	0	0	7500	2e+11 0.516346
686	0.00686952	0	0	7500	2e+11 0.51637
687	0.00687952	0	0	7500	2e+11 0.516442
688	0.00688952	0	0	7500	2e+11 0.516442
689	0.00689952	0	0	7500	2e+11 0.516418
690	0.00690952	0	0	7500	2e+11 0.516418
691	0.00691952	0	0	7500	2e+11 0.516442
692	0.00692952	0	0	7500	2e+11 0.516442
693	0.00693952	0	0	7500	2e+11 0.516466
694	0.00694952	0	0	7500	2e+11 0.516466
695	0.00695952	0	0	7500	2e+11 0.516466
696	0.00696952	0	0	7500	2e+11 0.516394
697	0.00697952	0	0	7500	2e+11 0.516418
698	0.00698952	0	0	7500	2e+11 0.516418
699	0.00699952	0	0	7500	2e+11 0.51649
700	0.00700952	0	0	7500	2e+11 0.51649
701	0.00701952	0	0	7500	2e+11 0.51637
702	0.00702952	0	0	7500	2e+11 0.51637
703	0.00703952	0	0	7500	2e+11 0.516466
704	0.00704952	0	0	7500	2e+11 0.516466
705	0.00705952	0	0	7500	2e+11 0.516442
706	0.00706952	0	0	7500	2e+11 0.516442
707	0.00707952	0	0	7500	2e+11 0.516442
708	0.00708952	0	0	7500	2e+11 0.516418
709	0.00709952	0	0	7500	2e+11 0.516538
710	0.00710952	0	0	7500	2e+11 0.516538
711	0.00711952	0	0	7500	2e+11 0.516442
712	0.00712952	0	0	7500	2e+11 0.516442
713	0.00713952	0	0	7500	2e+11 0.516442
714	0.00714952	0	0	7500	2e+11 0.516442
715	0.00715952	0	0	7500	2e+11 0.516394
716	0.00716952	0	0	7500	2e+11 0.516562
717	0.00717951	0	0	7500	2e+11 0.516562
718	0.00718951	0	0	7500	2e+11 0.516418
719	0.00719952	0	0	7500	2e+11 0.51649
720	0.00720951	0	0	7500	2e+11 0.51649
721	0.00721952	0	0	7500	2e+11 0.51649
722	0.00722951	0	0	7500	2e+11 0.51649
723	0.00723951	0	0	7500	2e+11 0.516442
724	0.00724951	0	0	7500	2e+11 0.516442
725	0.00725951	0	0	7500	2e+11 0.516442
726	0.00726951	0	0	7500	2e+11 0.516442
727	0.00727951	0	0	7500	2e+11 0.516442
728	0.00728951	0	0	7500	2e+11 0.516442
729	0.00729951	0	0	7500	2e+11 0.516418
730	0.00730951	0	0	7500	2e+11 0.516418
731	0.00731951	0	0	7500	2e+11 0.516514
732	0.00732951	0	0	7500	2e+11 0.516514
733	0.00733951	0	0	7500	2e+11 0.516322
734	0.00734952	0	0	7500	2e+11 0.51637
735	0.00735952	0	0	7500	2e+11 0.516418
736	0.00736952	0	0	7500	2e+11 0.51649
737	0.00737951	0	0	7500	2e+11 0.51649
738	0.00738952	0	0	7500	2e+11 0.516322
739	0.00739952	0	0	7500	2e+11 0.51637
740	0.00740952	0	0	7500	2e+11 0.51637
741	0.00741952	0	0	7500	2e+11 0.516346
742	0.00742952	0	0	7500	2e+11 0.516346
743	0.00743952	0	0	7500	2e+11 0.516274
744	0.00744953	0	0	7500	2e+11 0.516274
745	0.00745953	0	0	7500	2e+11 0.516226
746	0.00746953	0	0	7500	2e+11 0.516226
747	0.00747954	0	0	7500	2e+11 0.516105
748	0.00748955	0	0	7500	2e+11 0.516129
749	0.00749955	0	0	7500	2e+11 0.516129
750	0.00750956	0	0	7500	2e+11 0.519466
751	0.0075195	0	0	7500	2e+11 0.519466
752	0.00752952	0	0	7500	2e+11 0.515841
753	0.00753953	0	0	7500	2e+11 0.516274
754	0.00754953	0	0	7500	2e+11 0.516274
755	0.00755954	-1.76666e-37	-3.42113e-41	7500	2e+11 0.516033
756	0.00756954	-4.89498e-37	-9.47908e-41	7500	2e+11 0.516346
757	0.00757955	-7.23251e-37	-1.40057e-40	7500	2e+11 0.516346
758	0.00758955	-2.87774e-36	-5.57273e-40	7500	2e+11 0.516177
759	0.00759955	-9.40315e-36	-1.82091e-39	7500	2e+11 0.516177
760	0.00760956	-2.53338e-35	-4.90586e-39	7500	2e+11 0.516298
761	0.00761956	-7.44984e-35	-1.44265e-38	7500	2e+11 0.516298
762	0.00762957	-1.96843e-34	-3.81186e-38	7500	2e+11 0.516442
763	0.00763956	-4.6767e-34	-9.05639e-38	7500	2e+11 0.516442
764	0.00764957	-1.72125e-33	-3.33319e-37	7500	2e+11 0.516538
765	0.00765957	-3.94166e-33	-7.63299e-37	7500	2e+11 0.516538
766	0.00766957	-1.4631e-32	-2.83328e-36	7500	2e+11 0.516346
767	0.00767957	-4.36604e-32	-8.4548e-36	7500	2e+11 0.516346
768	0.00768957	-1.06249e-31	-2.0575e-35	7500	2e+11 0.516346
769	0.00769957	-3.20878e-31	-6.21378e-35	7500	2e+11 0.516346
770	0.00770958	-1.01318e-30	-1.96201e-34	7500	2e+11 0.516442
771	0.00771958	-2.75446e-30	-5.334e-34	7500	2e+11 0.516442
772	0.00772958	-9.65172e-30	-1.86905e-33	7500	2e+11 0.516346
773	0.00773958	-2.84932e-29	-5.51768e-33	7500	2e+11 0.516346
774	0.00774958	-9.27759e-29	-1.7966e-32	7500	2e+11 0.516394
775	0.00775958	-2.20817e-28	-4.27611e-32	7500	2e+11 0.516394
776	0.00776958	-8.11882e-28	-1.5722e-31	7500	2e+11 0.51637
777	0.00777958	-2.29824e-27	-4.45052e-31	7500	2e+11 0.51637
778	0.00778959	-6.50109e-27	-1.25893e-30	7500	2e+11 0.51649
779	0.00779958	-1.34887e-26	-2.61208e-30	7500	2e+11 0.51649
780	0.00780959	-3.52886e-26	-6.83361e-30	7500	2e+11 0.516201
781	0.00781965	-1.06313e-25	-2.05875e-29	7500	2e+11 0.51541
782	0.00782966	-2.91564e-25	-5.64611e-29	7500	2e+11 0.51637
783	0.00783966	-6.52222e-25	-1.26302e-28	7500	2e+11 0.51637
784	0.00784967	-1.348e-24	-2.61039e-28	7500	2e+11 0.516466
785	0.00785966	-3.44506e-24	-6.67133e-28	7500	2e+11 0.516466
786	0.00786967	-1.14274e-23	-2.21292e-27	7500	2e+11 0.516514
787	0.00787966	-3.06305e-23	-5.93157e-27	7500	2e+11 0.516514
788	0.00788967	-8.96976e-23	-1.73699e-26	7500	2e+11 0.516466
789	0.00789967	-2.36244e-22	-4.57485e-26	7500	2e+11 0.516466
790	0.00790967	-7.12831e-22	-1.38039e-25	7500	2e+11 0.51661
791	0.00791967	-1.98984e-21	-3.85331e-25	7500	2e+11 0.51661
792	0.00792967	-5.50464e-21	-1.06597e-24	7500	2e+11 0.516466
793	0.00793967	-1.2222e-20	-2.36679e-24	7500	2e+11 0.516466
794	0.00794967	-4.36543e-20	-8.45363e-24	7500	2e+11 0.51661
795	0.00795967	-1.11968e-19	-2.16825e-23	7500	2e+11 0.51661
796	0.00796967	-3.54611e-19	-6.86702e-23	7500	2e+11 0.516322
797	0.00797968	-8.63758e-19	-1.67266e-22	7500	2e+11 0.516514
798	0.00798967	-2.8374e-18	-5.49461e-22	7500	2e+11 0.516514
799	0.00799967	-8.52971e-18	-1.65177e-21	7500	2e+11 0.516514
800	0.00800967	-1.87127e-17	-3.62369e-21	7500	2e+11 0.516466
801	0.00801967	-5.677e-17	-1.09935e-20	7500	2e+11 0.516514
802	0.00802967	-1.68945e-16	-3.2716e-20	7500	2e+11 0.516514
803	0.00803967	-3.93323e-16	-7.61667e-20	7500	2e+11 0.516274
804	0.00804968	-1.13374e-15	-2.19549e-19	7500	2e+11 0.516418
805	0.00805968	-3.21456e-15	-6.22497e-19	7500	2e+11 0.516466
806	0.00806968	-8.2035e-15	-1.5886e-18	7500	2e+11 0.516658
807	0.00807967	-2.62224e-14	-5.07795e-18	7500	2e+11 0.516658
808	0.00808967	-6.68701e-14	-1.29493e-17	7500	2e+11 0.51637
809	0.00809967	-1.95832e-13	-3.79227e-17	7500	2e+11 0.51637
810	0.00810968	-4.99732e-13	-9.67728e-17	7500	2e+11 0.516466
811	0.00811968	-1.34769e-12	-2.6098e-16	7500	2e+11 0.516466
812	0.00812968	-3.1219e-12	-6.04554e-16	7500	2e+11 0.51637
813	0.00813968	-9.36038e-12	-1.81263e-15	7500	2e+11 0.516322
814	0.00814968	-2.30089e-11	-4.45565e-15	7500	2e+11 0.51637
815	0.00815968	-6.89038e-11	-1.33432e-14	7500	2e+11 0.51637
816	0.00816968	-1.81716e-10	-3.51892e-14	7500	2e+11 0.516658
817	0.00817968	-4.61321e-10	-8.93345e-14	7500	2e+11 0.516658
818	0.00818968	-1.39549e-09	-2.70236e-13	7500	2e+11 0.516322
819	0.00819968	-3.19281e-09	-6.18285e-13	7500	2e+11 0.51637
820	0.00820968	-1.12951e-08	-2.18728e-12	7500	2e+11 0.51637
821	0.00821968	-3.12399e-08	-6.04958e-12	7500	2e+11 0.51661
822	0.00822968	-8.29391e-08	-1.60611e-11	7500	2e+11 0.51661
823	0.00823968	-2.30979e-07	-4.47289e-11	7500	2e+11 0.516514
824	0.00824968	-6.91334e-07	-1.33876e-10	7500	2e+11 0.516514
825	0.00825968	-1.87299e-06	-3.62703e-10	7500	2e+11 0.51637
826	0.00826968	-6.01817e-06	-1.16541e-09	7500	2e+11 0.516562
827	0.00827968	-1.70805e-05	-3.30762e-09	7500	2e+11 0.516562
828	0.00828968	-4.31739e-05	-8.36059e-09	7500	2e+11 0.516514
829	0.00829968	-0.000106249	-2.05751e-08	7500	2e+11 0.516466
830	0.00830968	-0.00028992	-5.61428e-08	7500	2e+11 0.516466
831	0.00831969	-0.000684175	-1.3249e-07	7500	2e+11 0.51637
832	0.00832969	-0.00205978	-3.98875e-07	7500	2e+11 0.51637
833	0.00833969	-0.00587522	-1.13773e-06	7500	2e+11 0.51637
834	0.00834969	-0.0160153	-3.10135e-06	7500	2e+11 0.51661
835	0.00835968	-0.0412402	-7.98613e-06	7500	2e+11 0.51661
836	0.00836968	-0.117944	-2.28398e-05	7500	2e+11 0.51661
837	0.00837968	-0.287153	-5.56068e-05	7500	2e+11 0.516514
838	0.00838968	-0.787659	-0.00015253	7500	2e+11 0.516514
839	0.00839968	-2.30386	-0.000446141	7500	2e+11 0.516707
840	0.00840968	-4.99037	-0.000966381	7500	2e+11 0.516899
841	0.00841967	-8.59682	-0.00166477	7500	2e+11 0.517333
842	0.00842965	-12.8953	-0.00249716	7500	2e+11 0.517865
843	0.00843962	-17.551	-0.00339873	7500	2e+11 0.518252
844	0.00844959	-22.2771	-0.00431394	7500	2e+11 0.518688
845	0.00845954	-26.8207	-0.00519381	7500	2e+11 0.519271
846	0.00846949	-31.0032	-0.00600374	7500	2e+11 0.519466
847	0.00847943	-34.7049	-0.00672057	7500	2e+11 0.519953
848	0.00848936	-37.8992	-0.00733914	7500	2e+11 0.520099
849	0.00849929	-40.5835	-0.00785895	7500	2e+11 0.520539
850	0.00850921	-42.7777	-0.00828387	7500	2e+11 0.520539
851	0.00851913	-44.5276	-0.00862274	7500	2e+11 0.521028
852	0.00852904	-45.9114	-0.00889071	7500	2e+11 0.521028
853	0.00853895	-46.9901	-0.0090996	7500	2e+11 0.521224
854	0.00854886	-47.8134	-0.00925903	7500	2e+11 0.521224
855	0.00855877	-48.4305	-0.00937853	7500	2e+11 0.521371
856	0.00856867	-48.8877	-0.00946706	7500	2e+11 0.521371
857	0.00857858	-49.218	-0.00953102	7500	2e+11 0.521273
858	0.00858849	-49.4559	-0.00957709	7500	2e+11 0.521322
859	0.00859839	-49.6232	-0.0096095	7500	2e+11 0.521371
860	0.0086083	-49.7412	-0.00963234	7500	2e+11 0.521469
861	0.0086182	-49.8247	-0.00964851	7500	2e+11 0.521469
862	0.0086281	-49.8828	-0.00965976	7500	2e+11 0.52142
863	0.00863801	-49.9221	-0.00966736	7500	2e+11 0.52142
864	0.00864791	-49.9482	-0.00967243	7500	2e+11 0.52142
865	0.00865782	-49.9655	-0.00967577	7500	2e+11 0.52142
866	0.00866772	-49.9769	-0.00967799	7500	2e+11 0.521518
867	0.00867762	-49.9844	-0.00967943	7500	2e+11 0.521518
868	0.00868753	-49.9892	-0.00968037	7500	2e+11 0.521518
869	0.00869743	-49.9923	-0.00968097	7500	2e+11 0.521469
870	0.00870733	-49.9943	-0.00968136	7500	2e+11 0.521469
871	0.00871724	-49.9955	-0.0096816	7500	2e+11 0.521469
872	0.00872714	-49.9963	-0.00968174	7500	2e+11 0.521567
873	0.00873705	-49.9967	-0.00968183	7500	2e+11 0.521616
874	0.00874695	-49.997	-0.00968188	7500	2e+11 0.521616
875	0.00875685	-49.9972	-0.00968191	7500	2e+11 0.521469
876	0.00876675	-49.9973	-0.00968193	7500	2e+11 0.521469
877	0.00877666	-49.9973	-0.00968194	7500	2e+11 0.521616
878	0.00878656	-49.9974	-0.00968195	7500	2e+11 0.521616
879	0.00879646	-49.9974	-0.00968195	7500	2e+11 0.521371
880	0.00880637	-49.9974	-0.00968195	7500	2e+11 0.521371
881	0.00881627	-49.9974	-0.00968195	7500	2e+11 0.521371
882	0.00882618	-49.9974	-0.00968195	7500	2e+11 0.521861
883	0.00883608	-49.9974	-0.00968195	7500	2e+11 0.521861
884	0.00884598	-49.9974	-0.00968195	7500	2e+11 0.521469
885	0.00885589	-49.9974	-0.00968195	7500	2e+11 0.521469
886	0.00886579	-49.9974	-0.00968195	7500	2e+11 0.521469
887	0.0088757	-49.9974	-0.00968195	7500	2e+11 0.521322
888	0.0088856	-49.9974	-0.00968195	7500	2e+11 0.521616
889	0.0088955	-49.9974	-0.00968195	7500	2e+11 0.521616
890	0.0089054	-49.9974	-0.00968195	7500	2e+11 0.521469
891	0.00891531	-49.9974	-0.00968195	7500	2e+11 0.521371
892	0.00892521	-49.9974	-0.00968195	7500	2e+11 0.521469
893	0.00893512	-49.9974	-0.00968195	7500	2e+11 0.521665
894	0.00894502	-49.9974	-0.00968195	7500	2e+11 0.521665
895	0.00895492	-49.9974	-0.00968195	7500	2e+11 0.521469
896	0.00896482	-49.9974	-0.00968195	7500	2e+11 0.521469
897	0.00897473	-49.9974	-0.00968195	7500	2e+11 0.521273
898	0.00898464	-49.9974	-0.00968195	7500	2e+11 0.521469
899	0.00899454	-49.9974	-0.00968195	7500	2e+11 0.521469
900	0.00900445	-49.9974	-0.00968195	7500	2e+11 0.521616
901	0.00901435	-49.9974	-0.00968195	7500	2e+11 0.521665
902	0.00902425	-49.9974	-0.00968195	7500	2e+11 0.521665
903	0.00903415	-49.9974	-0.00968195	7500	2e+11 0.521518
904	0.00904405	-49.9974	-0.00968195	7500	2e+11 0.521616
905	0.00905395	-49.9974	-0.00968195	7500	2e+11 0.521616
906	0.00906386	-49.9974	-0.00968195	7500	2e+11 0.521371
907	0.00907376	-49.9974	-0.00968195	7500	2e+11 0.521322
908	0.00908367	-49.9974	-0.00968195	7500	2e+11 0.521567
909	0.00909357	-49.9974	-0.00968195	7500	2e+11 0.521567
910	0.00910348	-49.9974	-0.00968195	7500	2e+11 0.521518
911	0.00911338	-49.9974	-0.00968195	7500	2e+11 0.521518
912	0.00912328	-49.9974	-0.00968195	7500	2e+11 0.521371
913	0.00913319	-49.9974	-0.00968195	7500	2e+11 0.521469
914	0.00914309	-49.9974	-0.00968195	7500	2e+11 0.521469
915	0.009153	-49.9974	-0.00968195	7500	2e+11 0.521616
916	0.0091629	-49.9974	-0.00968195	7500	2e+11 0.521616
917	0.0091728	-49.9974	-0.00968195	7500	2e+11 0.521322
918	0.00918271	-49.9974	-0.00968195	7500	2e+11 0.521518
919	0.00919261	-49.9974	-0.00968195	7500	2e+11 0.521518
920	0.00920251	-49.9974	-0.00968195	7500	2e+11 0.521518
921	0.00921242	-49.9974	-0.00968195	7500	2e+11 0.521469
922	0.00922232	-49.9974	-0.00968195	7500	2e+11 0.521665
923	0.00923222	-49.9974	-0.00968195	7500	2e+11 0.521665
924	0.00924212	-49.9974	-0.00968195	7500	2e+11 0.52142
925	0.00925203	-49.9974	-0.00968195	7500	2e+11 0.521469
926	0.00926193	-49.9973	-0.00968194	7500	2e+11 0.521469
927	0.00927183	-49.9973	-0.00968194	7500	2e+11 0.521371
928	0.00928174	-49.9972	-0.00968192	7500	2e+11 0.521567
929	0.00929164	-49.997	-0.00968187	7500	2e+11 0.521567
930	0.00930155	-49.9963	-0.00968175	7500	2e+11 0.52142
931	0.00931145	-49.9944	-0.00968138	7500	2e+11 0.521518
932	0.00932135	-49.9901	-0.00968055	7500	2e+11 0.521518
933	0.00933126	-49.9744	-0.00967751	7500	2e+11 0.521616
934	0.00934116	-49.932	-0.0096693	7500	2e+11 0.521616
935	0.00935107	-49.8315	-0.00964983	7500	2e+11 0.52142
936	0.00936097	-49.5247	-0.00959041	7500	2e+11 0.52142
937	0.00937087	-48.6396	-0.00941902	7500	2e+11 0.521371
938	0.00938078	-47.1134	-0.00912348	7500	2e+11 0.521273
939	0.00939069	-45.015	-0.00871711	7500	2e+11 0.521077
940	0.00940061	-42.4458	-0.00821958	7500	2e+11 0.520636
941	0.00941053	-39.4943	-0.00764804	7500	2e+11 0.520588
942	0.00942045	-36.2698	-0.00702362	7500	2e+11 0.520392
943	0.00943039	-32.8859	-0.00636833	7500	2e+11 0.519855
944	0.00944032	-29.4313	-0.00569935	7500	2e+11 0.519807
945	0.00945027	-26.0049	-0.00503582	7500	2e+11 0.519271
946	0.00946022	-22.7037	-0.00439655	7500	2e+11 0.51864
947	0.00947018	-19.5613	-0.00378803	7500	2e+11 0.518494
948	0.00948014	-16.6222	-0.00321887	7500	2e+11 0.518397
949	0.00949011	-13.9366	-0.00269882	7500	2e+11 0.517962
950	0.00950009	-11.5417	-0.00223505	7500	2e+11 0.517575
951	0.00951007	-9.43001	-0.00182611	7500	2e+11 0.517526
952	0.00952005	-7.61141	-0.00147394	7500	2e+11 0.517526
953	0.00953004	-6.06854	-0.00117517	7500	2e+11 0.517044
954	0.00954003	-4.76995	-0.000923696	7500	2e+11 0.517237
955	0.00955001	-3.7114	-0.000718709	7500	2e+11 0.517237
956	0.00956001	-2.84819	-0.00055155	7500	2e+11 0.516899
957	0.00957	-2.15166	-0.000416666	7500	2e+11 0.516899
958	0.00958	-1.60324	-0.000310466	7500	2e+11 0.516562
959	0.00959	-1.17917	-0.000228346	7500	2e+11 0.516658
960	0.0096	-0.857956	-0.000166142	7500	2e+11 0.516658
961	0.00961	-0.616367	-0.000119359	7500	2e+11 0.516418
962	0.00962	-0.438351	-8.48862e-05	7500	2e+11 0.51661
963	0.00962999	-0.307607	-5.95679e-05	7500	2e+11 0.51661
964	0.00963999	-0.213688	-4.13806e-05	7500	2e+11 0.516514
965	0.00964999	-0.14707	-2.84801e-05	7500	2e+11 0.516514
966	0.00966	-0.0996656	-1.93002e-05	7500	2e+11 0.516514
967	0.00967	-0.0666833	-1.29132e-05	7500	2e+11 0.516514
968	0.00968	-0.0443519	-8.58871e-06	7500	2e+11 0.516755
969	0.00968999	-0.029161	-5.647e-06	7500	2e+11 0.516755
970	0.0097	-0.0189638	-3.67232e-06	7500	2e+11 0.51637
971	0.00971	-0.0121815	-2.35894e-06	7500	2e+11 0.51661
972	0.00971999	-0.00777764	-1.50613e-06	7500	2e+11 0.51661
973	0.00972999	-0.00491501	-9.51787e-07	7500	2e+11 0.516466
974	0.00974	-0.00308089	-5.96611e-07	7500	2e+11 0.516755
975	0.00974999	-0.00191325	-3.70499e-07	7500	2e+11 0.516755
976	0.00976	-0.00118061	-2.28624e-07	7500	2e+11 0.516562
977	0.00976999	-0.000723383	-1.40082e-07	7500	2e+11 0.516562
978	0.00978	-0.000441401	-8.5477e-08	7500	2e+11 0.516226
979	0.00979	-0.000268961	-5.20841e-08	7500	2e+11 0.516466
980	0.0098	-0.00016151	-3.12762e-08	7500	2e+11 0.516466
981	0.00981	-9.55686e-05	-1.85068e-08	7500	2e+11 0.516418
982	0.00982	-5.51666e-05	-1.0683e-08	7500	2e+11 0.51637
983	0.00983	-3.10823e-05	-6.01907e-09	7500	2e+11 0.516562
984	0.00984	-1.67302e-05	-3.2398e-09	7500	2e+11 0.516562
985	0.00985	-8.55143e-06	-1.65598e-09	7500	2e+11 0.516274
986	0.00986001	-4.17219e-06	-8.07941e-10	7500	2e+11 0.516947
987	0.00987	-1.94334e-06	-3.76327e-10	7500	2e+11 0.516947
988	0.00987999	-8.58657e-07	-1.66278e-10	7500	2e+11 0.516803
989	0.00988999	-3.55165e-07	-6.87775e-11	7500	2e+11 0.516803
990	0.0099	-1.39055e-07	-2.6928e-11	7500	2e+11 0.516418
991	0.00991	-5.02098e-08	-9.72309e-12	7500	2e+11 0.516418
992	0.00992	-1.70144e-08	-3.29482e-12	7500	2e+11 0.51661
993	0.00993	-5.28746e-09	-1.02391e-12	7500	2e+11 0.516658
994	0.00993999	-1.56927e-09	-3.03888e-13	7500	2e+11 0.516658
995	0.00995	-4.33713e-10	-8.39881e-14	7500	2e+11 0.516322
996	0.00996	-1.11428e-10	-2.1578e-14	7500	2e+11 0.51661
997	0.00996999	-2.70272e-11	-5.23383e-15	7500	2e+11 0.51661
998	0.00998	-6.37096e-12	-1.23416e-15	7500	2e+11 0.516514
999	0.00999	-1.45808e-12	-2.86846e-16	7500	2e+11 0.516514
1000	0.01	0	-3.42366e-17	7500	2e+11 0.516322
