0	0	0	0	7500	2e+11 0.516398
1	1e-05	0	0	7500	2e+11 0.516398
2	2e-05	0	0	7500	2e+11 0.516398
3	3e-05	0	0	7500	2e+11 0.516398
4	4e-05	0	0	7500	2e+11 0.516398
5	5e-05	0	0	7500	2e+11 0.516398
6	6e-05	0	0	7500	2e+11 0.516398
7	7e-05	0	0	7500	2e+11 0.516398
8	8e-05	0	0	7500	2e+11 0.516398
9	9e-05	0	0	7500	2e+11 0.516398
10	0.0001	0	0	7500	2e+11 0.516398
11	0.00011	0	0	7500	2e+11 0.516398
12	0.00012	0	0	7500	2e+11 0.516398
13	0.00013	0	0	7500	2e+11 0.516398
14	0.00014	0	0	7500	2e+11 0.516398
15	0.00015	0	0	7500	2e+11 0.516398
16	0.00016	0	0	7500	2e+11 0.516398
17	0.00017	0	0	7500	2e+11 0.516398
18	0.00018	0	0	7500	2e+11 0.516398
19	0.00019	0	0	7500	2e+11 0.516398
20	0.0002	0	0	7500	2e+11 0.516398
21	0.00021	0	0	7500	2e+11 0.516398
22	0.00022	0	0	7500	2e+11 0.516398
23	0.00023	0	0	7500	2e+11 0.516398
24	0.00024	0	0	7500	2e+11 0.516398
25	0.00025	0	0	7500	2e+11 0.516398
26	0.00026	0	0	7500	2e+11 0.516398
27	0.00027	0	0	7500	2e+11 0.516398
28	0.00028	0	0	7500	2e+11 0.516398
29	0.00029	0	0	7500	2e+11 0.516398
30	0.0003	0	0	7500	2e+11 0.516398
31	0.00031	0	0	7500	2e+11 0.516398
32	0.00032	0	0	7500	2e+11 0.516398
33	0.00033	0	0	7500	2e+11 0.516398
34	0.00034	0	0	7500	2e+11 0.516398
35	0.00035	0	0	7500	2e+11 0.516398
36	0.00036	0	0	7500	2e+11 0.516398
37	0.00037	0	0	7500	2e+11 0.516398
38	0.00038	0	0	7500	2e+11 0.516398
39	0.00039	0	0	7500	2e+11 0.516398
40	0.0004	0	0	7500	2e+11 0.516398
41	0.00041	0	0	7500	2e+11 0.516398
42	0.00042	0	0	7500	2e+11 0.516398
43	0.00043	0	0	7500	2e+11 0.516398
44	0.00044	0	0	7500	2e+11 0.516398
45	0.00045	0	0	7500	2e+11 0.516398
46	0.00046	0	0	7500	2e+11 0.516398
47	0.00047	0	0	7500	2e+11 0.516398
48	0.00048	0	0	7500	2e+11 0.516398
49	0.00049	0	0	7500	2e+11 0.5164
50	0.0005	0	0	7500	2e+11 0.5164
51	0.00051	0	0	7500	2e+11 0.516397
52	0.00052	0	0	7500	2e+11 0.5164
53	0.00053	0	0	7500	2e+11 0.5164
54	0.00054	0	0	7500	2e+11 0.516397
55	0.00055	0	0	7500	2e+11 0.5164
56	0.00056	0	0	7500	2e+11 0.5164
57	0.00057	0	0	7500	2e+11 0.516397
58	0.00058	0	0	7500	2e+11 0.516397
59	0.00059	0	0	7500	2e+11 0.5164
60	0.0006	0	0	7500	2e+11 0.5164
61	0.00061	0	0	7500	2e+11 0.516397
62	0.00062	0	0	7500	2e+11 0.5164
63	0.00063	0	0	7500	2e+11 0.5164
64	0.00064	0	0	7500	2e+11 0.516397
65	0.00065	0	0	7500	2e+11 0.5164
66	0.00066	0	0	7500	2e+11 0.5164
67	0.00067	0	0	7500	2e+11 0.516397
68	0.00068	0	0	7500	2e+11 0.5164
69	0.00069	0	0	7500	2e+11 0.5164
70	0.0007	0	0	7500	2e+11 0.516397
71	0.00071	0	0	7500	2e+11 0.516397
72	0.00072	0	0	7500	2e+11 0.5164
73	0.00073	0	0	7500	2e+11 0.5164
74	0.00074	0	0	7500	2e+11 0.516397
75	0.00075	0	0	7500	2e+11 0.5164
76	0.00076	0	0	7500	2e+11 0.5164
77	0.00077	0	0	7500	2e+11 0.516397
78	0.00078	0	0	7500	2e+11 0.5164
79	0.00079	0	0	7500	2e+11 0.5164
80	0.0008	0	0	7500	2e+11 0.516397
81	0.00081	0	0	7500	2e+11 0.5164
82	0.00082	0	0	7500	2e+11 0.5164
83	0.00083	0	0	7500	2e+11 0.516397
84	0.00084	0	0	7500	2e+11 0.5164
85	0.00085	0	0	7500	2e+11 0.5164
86	0.00086	0	0	7500	2e+11 0.516397
87	0.00087	0	0	7500	2e+11 0.5164
88	0.00088	0	0	7500	2e+11 0.5164
89	0.00089	0	0	7500	2e+11 0.516397
90	0.0009	0	0	7500	2e+11 0.516397
91	0.00091	0	0	7500	2e+11 0.5164
92	0.00092	0	0	7500	2e+11 0.5164
93	0.00093	0	0	7500	2e+11 0.516397
94	0.00094	0	0	7500	2e+11 0.5164
95	0.00095	0	0	7500	2e+11 0.5164
96	0.00096	0	0	7500	2e+11 0.516397
97	0.00097	0	0	7500	2e+11 0.516397
98	0.00098	0	0	7500	2e+11 0.5164
99	0.00099	0	0	7500	2e+11 0.5164
100	0.001	0	0	7500	2e+11 0.5164
101	0.00101	0	0	7500	2e+11 0.5164
102	0.00102	0	0	7500	2e+11 0.5164
103	0.00103	0	0	7500	2e+11 0.5164
104	0.00104	0	0	7500	2e+11 0.5164
105	0.00105	0	0	7500	2e+11 0.5164
106	0.00106	0	0	7500	2e+11 0.5164
107	0.00107	0	0	7500	2e+11 0.5164
108	0.00108	0	0	7500	2e+11 0.5164
109	0.00109	0	0	7500	2e+11 0.5164
110	0.0011	0	0	7500	2e+11 0.5164
111	0.00111	0	0	7500	2e+11 0.5164
112	0.00112	0	0	7500	2e+11 0.5164
113	0.00113	0	0	7500	2e+11 0.5164
114	0.00114	0	0	7500	2e+11 0.5164
115	0.00115	0	0	7500	2e+11 0.5164
116	0.00116	0	0	7500	2e+11 0.5164
117	0.00117	0	0	7500	2e+11 0.5164
118	0.00118	0	0	7500	2e+11 0.5164
119	0.00119	0	0	7500	2e+11 0.5164
120	0.0012	0	0	7500	2e+11 0.5164
121	0.00121	0	0	7500	2e+11 0.5164
122	0.00122	0	0	7500	2e+11 0.5164
123	0.00123	0	0	7500	2e+11 0.5164
124	0.00124	0	0	7500	2e+11 0.5164
125	0.00125	0	0	7500	2e+11 0.5164
126	0.00126	0	0	7500	2e+11 0.5164
127	0.00127	0	0	7500	2e+11 0.5164
128	0.00128	0	0	7500	2e+11 0.5164
129	0.00129	0	0	7500	2e+11 0.5164
130	0.0013	0	0	7500	2e+11 0.5164
131	0.00131	0	0	7500	2e+11 0.5164
132	0.00132	0	0	7500	2e+11 0.5164
133	0.00133	0	0	7500	2e+11 0.5164
134	0.00134	0	0	7500	2e+11 0.5164
135	0.00135	0	0	7500	2e+11 0.5164
136	0.00136	0	0	7500	2e+11 0.5164
137	0.00137	0	0	7500	2e+11 0.5164
138	0.00138	0	0	7500	2e+11 0.5164
139	0.00139	0	0	7500	2e+11 0.5164
140	0.0014	0	0	7500	2e+11 0.5164
141	0.00141	0	0	7500	2e+11 0.5164
142	0.00142	0	0	7500	2e+11 0.5164
143	0.00143	0	0	7500	2e+11 0.5164
144	0.00144	0	0	7500	2e+11 0.5164
145	0.00145	0	0	7500	2e+11 0.5164
146	0.00146	0	0	7500	2e+11 0.5164
147	0.00147	0	0	7500	2e+11 0.5164
148	0.00148	0	0	7500	2e+11 0.5164
149	0.00149	0	0	7500	2e+11 0.5164
150	0.0015	0	0	7500	2e+11 0.5164
151	0.00151	0	0	7500	2e+11 0.5164
152	0.00152	0	0	7500	2e+11 0.5164
153	0.00153	0	0	7500	2e+11 0.5164
154	0.00154	0	0	7500	2e+11 0.5164
155	0.00155	0	0	7500	2e+11 0.5164
156	0.00156	0	0	7500	2e+11 0.5164
157	0.00157	0	0	7500	2e+11 0.5164
158	0.00158	0	0	7500	2e+11 0.5164
159	0.00159	0	0	7500	2e+11 0.5164
160	0.0016	0	0	7500	2e+11 0.5164
161	0.00161	0	0	7500	2e+11 0.5164
162	0.00162	0	0	7500	2e+11 0.5164
163	0.00163	0	0	7500	2e+11 0.5164
164	0.00164	0	0	7500	2e+11 0.5164
165	0.00165	0	0	7500	2e+11 0.5164
166	0.00166	0	0	7500	2e+11 0.5164
167	0.00167	0	0	7500	2e+11 0.5164
168	0.00168	0	0	7500	2e+11 0.5164
169	0.00169	0	0	7500	2e+11 0.5164
170	0.0017	0	0	7500	2e+11 0.5164
171	0.00171	0	0	7500	2e+11 0.5164
172	0.00172	0	0	7500	2e+11 0.5164
173	0.00173	0	0	7500	2e+11 0.5164
174	0.00174	0	0	7500	2e+11 0.5164
175	0.00175	0	0	7500	2e+11 0.5164
176	0.00176	0	0	7500	2e+11 0.5164
177	0.00177	0	0	7500	2e+11 0.5164
178	0.00178	0	0	7500	2e+11 0.5164
179	0.00179	0	0	7500	2e+11 0.5164
180	0.0018	0	0	7500	2e+11 0.5164
181	0.00181	0	0	7500	2e+11 0.5164
182	0.00182	0	0	7500	2e+11 0.5164
183	0.00183	0	0	7500	2e+11 0.5164
184	0.00184	0	0	7500	2e+11 0.5164
185	0.00185	0	0	7500	2e+11 0.5164
186	0.00186	0	0	7500	2e+11 0.5164
187	0.00187	0	0	7500	2e+11 0.5164
188	0.00188	0	0	7500	2e+11 0.5164
189	0.00189	0	0	7500	2e+11 0.5164
190	0.0019	0	0	7500	2e+11 0.5164
191	0.00191	0	0	7500	2e+11 0.5164
192	0.00192	0	0	7500	2e+11 0.5164
193	0.00193	0	0	7500	2e+11 0.5164
194	0.00194	0	0	7500	2e+11 0.5164
195	0.00195	0	0	7500	2e+11 0.5164
196	0.00196	0	0	7500	2e+11 0.516406
197	0.00197	0	0	7500	2e+11 0.516406
198	0.00198	0	0	7500	2e+11 0.516394
199	0.00199	0	0	7500	2e+11 0.516406
200	0.002	0	0	7500	2e+11 0.516406
201	0.00201	0	0	7500	2e+11 0.516394
202	0.00202	0	0	7500	2e+11 0.516406
203	0.00203	0	0	7500	2e+11 0.516406
204	0.00204	0	0	7500	2e+11 0.516394
205	0.00205	0	0	7500	2e+11 0.516406
206	0.00206	0	0	7500	2e+11 0.516406
207	0.00207	0	0	7500	2e+11 0.516394
208	0.00208	0	0	7500	2e+11 0.516406
209	0.00209	0	0	7500	2e+11 0.516406
210	0.0021	0	0	7500	2e+11 0.516394
211	0.00211	0	0	7500	2e+11 0.516406
212	0.00212	0	0	7500	2e+11 0.516406
213	0.00213	0	0	7500	2e+11 0.516394
214	0.00214	0	0	7500	2e+11 0.516406
215	0.00215	0	0	7500	2e+11 0.516406
216	0.00216	0	0	7500	2e+11 0.516394
217	0.00217	0	0	7500	2e+11 0.516406
218	0.00218	0	0	7500	2e+11 0.516406
219	0.00219	0	0	7500	2e+11 0.516394
220	0.0022	0	0	7500	2e+11 0.516406
221	0.00221	0	0	7500	2e+11 0.516406
222	0.00222	0	0	7500	2e+11 0.516394
223	0.00223	0	0	7500	2e+11 0.516406
224	0.00224	0	0	7500	2e+11 0.516406
225	0.00225	0	0	7500	2e+11 0.516394
226	0.00226	0	0	7500	2e+11 0.516394
227	0.00227	0	0	7500	2e+11 0.516406
228	0.00228	0	0	7500	2e+11 0.516406
229	0.00229	0	0	7500	2e+11 0.516394
230	0.0023	0	0	7500	2e+11 0.516406
231	0.00231	0	0	7500	2e+11 0.516406
232	0.00232	0	0	7500	2e+11 0.516394
233	0.00233	0	0	7500	2e+11 0.516406
234	0.00234	0	0	7500	2e+11 0.516406
235	0.00235	0	0	7500	2e+11 0.516394
236	0.00236	0	0	7500	2e+11 0.516406
237	0.00237	0	0	7500	2e+11 0.516406
238	0.00238	0	0	7500	2e+11 0.516394
239	0.00239	0	0	7500	2e+11 0.516406
240	0.0024	0	0	7500	2e+11 0.516406
241	0.00241	0	0	7500	2e+11 0.516394
242	0.00242	0	0	7500	2e+11 0.516406
243	0.00243	0	0	7500	2e+11 0.516406
244	0.00244	0	0	7500	2e+11 0.516394
245	0.00245	0	0	7500	2e+11 0.516406
246	0.00246	0	0	7500	2e+11 0.516406
247	0.00247	0	0	7500	2e+11 0.516394
248	0.00248	0	0	7500	2e+11 0.516406
249	0.00249	0	0	7500	2e+11 0.516406
250	0.0025	0	0	7500	2e+11 0.516394
251	0.00251	0	0	7500	2e+11 0.516406
252	0.00252	0	0	7500	2e+11 0.516406
253	0.00253	0	0	7500	2e+11 0.516394
254	0.00254	0	0	7500	2e+11 0.516406
255	0.00255	0	0	7500	2e+11 0.516406
256	0.00256	0	0	7500	2e+11 0.516394
257	0.00257	0	0	7500	2e+11 0.516406
258	0.00258	0	0	7500	2e+11 0.516406
259	0.00259	0	0	7500	2e+11 0.516394
260	0.0026	0	0	7500	2e+11 0.516406
261	0.00261	0	0	7500	2e+11 0.516406
262	0.00262	0	0	7500	2e+11 0.516394
263	0.00263	0	0	7500	2e+11 0.516406
264	0.00264	0	0	7500	2e+11 0.516406
265	0.00265	0	0	7500	2e+11 0.516394
266	0.00266	0	0	7500	2e+11 0.516406
267	0.00267	0	0	7500	2e+11 0.516406
268	0.00268	0	0	7500	2e+11 0.516394
269	0.00269	0	0	7500	2e+11 0.516406
270	0.0027	0	0	7500	2e+11 0.516406
271	0.00271	0	0	7500	2e+11 0.516394
272	0.00272	0	0	7500	2e+11 0.516406
273	0.00273	0	0	7500	2e+11 0.516406
274	0.00274	0	0	7500	2e+11 0.516394
275	0.00275	0	0	7500	2e+11 0.516406
276	0.00276	0	0	7500	2e+11 0.516406
277	0.00277	0	0	7500	2e+11 0.516394
278	0.00278	0	0	7500	2e+11 0.516406
279	0.00279	0	0	7500	2e+11 0.516406
280	0.0028	0	0	7500	2e+11 0.516394
281	0.00281	0	0	7500	2e+11 0.516406
282	0.00282	0	0	7500	2e+11 0.516406
283	0.00283	0	0	7500	2e+11 0.516394
284	0.00284	0	0	7500	2e+11 0.516406
285	0.00285	0	0	7500	2e+11 0.516406
286	0.00286	0	0	7500	2e+11 0.516394
287	0.00287	0	0	7500	2e+11 0.516394
288	0.00288	0	0	7500	2e+11 0.516406
289	0.00289	0	0	7500	2e+11 0.516406
290	0.0029	0	0	7500	2e+11 0.516394
291	0.00291	0	0	7500	2e+11 0.516406
292	0.00292	0	0	7500	2e+11 0.516406
293	0.00293	0	0	7500	2e+11 0.516394
294	0.00294	0	0	7500	2e+11 0.516406
295	0.00295	0	0	7500	2e+11 0.516406
296	0.00296	0	0	7500	2e+11 0.516394
297	0.00297	0	0	7500	2e+11 0.516406
298	0.00298	0	0	7500	2e+11 0.516406
299	0.00299	0	0	7500	2e+11 0.516394
300	0.003	0	0	7500	2e+11 0.516406
301	0.00301	0	0	7500	2e+11 0.516406
302	0.00302	0	0	7500	2e+11 0.516394
303	0.00303	0	0	7500	2e+11 0.516406
304	0.00304	0	0	7500	2e+11 0.516406
305	0.00305	0	0	7500	2e+11 0.516394
306	0.00306	0	0	7500	2e+11 0.516406
307	0.00307	0	0	7500	2e+11 0.516406
308	0.00308	0	0	7500	2e+11 0.516394
309	0.00309	0	0	7500	2e+11 0.516406
310	0.0031	0	0	7500	2e+11 0.516406
311	0.00311	0	0	7500	2e+11 0.516394
312	0.00312	0	0	7500	2e+11 0.516406
313	0.00313	0	0	7500	2e+11 0.516406
314	0.00314	0	0	7500	2e+11 0.516394
315	0.00315	0	0	7500	2e+11 0.516406
316	0.00316	0	0	7500	2e+11 0.516406
317	0.00317	0	0	7500	2e+11 0.516394
318	0.00318	0	0	7500	2e+11 0.516406
319	0.00319	0	0	7500	2e+11 0.516406
320	0.0032	0	0	7500	2e+11 0.516394
321	0.00321	0	0	7500	2e+11 0.516406
322	0.00322	0	0	7500	2e+11 0.516406
323	0.00323	0	0	7500	2e+11 0.516394
324	0.00324	0	0	7500	2e+11 0.516406
325	0.00325	0	0	7500	2e+11 0.516406
326	0.00326	0	0	7500	2e+11 0.516394
327	0.00327	0	0	7500	2e+11 0.516406
328	0.00328	0	0	7500	2e+11 0.516406
329	0.00329	0	0	7500	2e+11 0.516394
330	0.0033	0	0	7500	2e+11 0.516406
331	0.00331	0	0	7500	2e+11 0.516406
332	0.00332	0	0	7500	2e+11 0.516394
333	0.00333	0	0	7500	2e+11 0.516406
334	0.00334	0	0	7500	2e+11 0.516406
335	0.00335	0	0	7500	2e+11 0.516394
336	0.00336	0	0	7500	2e+11 0.516406
337	0.00337	0	0	7500	2e+11 0.516406
338	0.00338	0	0	7500	2e+11 0.516394
339	0.00339	0	0	7500	2e+11 0.516406
340	0.0034	0	0	7500	2e+11 0.516406
341	0.00341	0	0	7500	2e+11 0.516394
342	0.00342	0	0	7500	2e+11 0.516406
343	0.00343	0	0	7500	2e+11 0.516406
344	0.00344	0	0	7500	2e+11 0.516394
345	0.00345	0	0	7500	2e+11 0.516406
346	0.00346	0	0	7500	2e+11 0.516406
347	0.00347	0	0	7500	2e+11 0.516394
348	0.00348	0	0	7500	2e+11 0.516406
349	0.00349	0	0	7500	2e+11 0.516406
350	0.0035	0	0	7500	2e+11 0.516394
351	0.00351	0	0	7500	2e+11 0.516406
352	0.00352	0	0	7500	2e+11 0.516406
353	0.00353	0	0	7500	2e+11 0.516394
354	0.00354	0	0	7500	2e+11 0.516394
355	0.00355	0	0	7500	2e+11 0.516406
356	0.00356	0	0	7500	2e+11 0.516406
357	0.00357	0	0	7500	2e+11 0.516394
358	0.00358	0	0	7500	2e+11 0.516406
359	0.00359	0	0	7500	2e+11 0.516406
360	0.0036	0	0	7500	2e+11 0.516394
361	0.00361	0	0	7500	2e+11 0.516406
362	0.00362	0	0	7500	2e+11 0.516406
363	0.00363	0	0	7500	2e+11 0.516394
364	0.00364	0	0	7500	2e+11 0.516406
365	0.00365	0	0	7500	2e+11 0.516406
366	0.00366	0	0	7500	2e+11 0.516394
367	0.00367	0	0	7500	2e+11 0.516406
368	0.00368	0	0	7500	2e+11 0.516406
369	0.00369	0	0	7500	2e+11 0.516394
370	0.0037	0	0	7500	2e+11 0.516406
371	0.00371	0	0	7500	2e+11 0.516406
372	0.00372	0	0	7500	2e+11 0.516394
373	0.00373	0	0	7500	2e+11 0.516406
374	0.00374	0	0	7500	2e+11 0.516406
375	0.00375	0	0	7500	2e+11 0.516394
376	0.00376	0	0	7500	2e+11 0.516406
377	0.00377	0	0	7500	2e+11 0.516406
378	0.00378	0	0	7500	2e+11 0.516394
379	0.00379	0	0	7500	2e+11 0.516406
380	0.0038	0	0	7500	2e+11 0.516406
381	0.00381	0	0	7500	2e+11 0.516394
382	0.00382	0	0	7500	2e+11 0.516406
383	0.00383	0	0	7500	2e+11 0.516406
384	0.00384	0	0	7500	2e+11 0.516394
385	0.00385	0	0	7500	2e+11 0.516406
386	0.00386	0	0	7500	2e+11 0.516406
387	0.00387	0	0	7500	2e+11 0.516394
388	0.00388	0	0	7500	2e+11 0.516406
389	0.00389	0	0	7500	2e+11 0.516406
390	0.0039	0	0	7500	2e+11 0.516394
391	0.00391	0	0	7500	2e+11 0.516394
392	0.00392	0	0	7500	2e+11 0.516394
393	0.00393	0	0	7500	2e+11 0.516418
394	0.00394	0	0	7500	2e+11 0.516418
395	0.00395	0	0	7500	2e+11 0.516394
396	0.00396	0	0	7500	2e+11 0.516394
397	0.00397	0	0	7500	2e+11 0.516394
398	0.00398	0	0	7500	2e+11 0.516394
399	0.00399	0	0	7500	2e+11 0.516418
400	0.004	0	0	7500	2e+11 0.516418
401	0.00401	0	0	7500	2e+11 0.516394
402	0.00402	0	0	7500	2e+11 0.516394
403	0.00403	0	0	7500	2e+11 0.516394
404	0.00404	0	0	7500	2e+11 0.516394
405	0.00405	0	0	7500	2e+11 0.516418
406	0.00406	0	0	7500	2e+11 0.516418
407	0.00407	0	0	7500	2e+11 0.516394
408	0.00408	0	0	7500	2e+11 0.516394
409	0.00409	4.91994e-38	9.52743e-42	7500	2e+11 0.516394
410	0.0041	2.1732e-37	4.20838e-41	7500	2e+11 0.516394
411	0.00411	4.27939e-37	8.287e-41	7500	2e+11 0.516418
412	0.00412	7.2362e-37	1.40128e-40	7500	2e+11 0.516418
413	0.00413	1.56952e-36	3.03936e-40	7500	2e+11 0.516394
414	0.00414	5.96548e-36	1.15521e-39	7500	2e+11 0.516394
415	0.00415	1.80854e-35	3.50223e-39	7500	2e+11 0.516394
416	0.00416	5.62115e-35	1.08853e-38	7500	2e+11 0.516394
417	0.00417	1.96111e-34	3.79767e-38	7500	2e+11 0.516418
418	0.00418	4.85053e-34	9.39302e-38	7500	2e+11 0.516418
419	0.00419	1.31814e-33	2.55257e-37	7500	2e+11 0.516394
420	0.0042	3.94012e-33	7.63001e-37	7500	2e+11 0.516394
421	0.00421	1.08095e-32	2.09324e-36	7500	2e+11 0.516394
422	0.00422	2.5605e-32	4.95838e-36	7500	2e+11 0.516394
423	0.00423	8.93505e-32	1.73026e-35	7500	2e+11 0.516418
424	0.00424	2.17945e-31	4.22049e-35	7500	2e+11 0.516418
425	0.00425	7.20067e-31	1.3944e-34	7500	2e+11 0.516394
426	0.00426	1.64952e-30	3.19428e-34	7500	2e+11 0.516394
427	0.00427	5.00135e-30	9.68507e-34	7500	2e+11 0.516394
428	0.00428	1.75543e-29	3.39937e-33	7500	2e+11 0.516394
429	0.00429	4.41886e-29	8.55709e-33	7500	2e+11 0.516418
430	0.0043	1.07408e-28	2.07994e-32	7500	2e+11 0.516418
431	0.00431	3.04681e-28	5.90013e-32	7500	2e+11 0.516394
432	0.00432	9.38239e-28	1.81689e-31	7500	2e+11 0.516394
433	0.00433	2.61926e-27	5.07217e-31	7500	2e+11 0.516394
434	0.00434	6.16964e-27	1.19475e-30	7500	2e+11 0.516394
435	0.00435	1.80511e-26	3.49558e-30	7500	2e+11 0.516418
436	0.00436	5.84776e-26	1.13241e-29	7500	2e+11 0.516418
437	0.00437	1.6411e-25	3.17798e-29	7500	2e+11 0.516394
438	0.00438	4.85307e-25	9.39792e-29	7500	2e+11 0.516394
439	0.00439	1.71374e-24	3.31864e-28	7500	2e+11 0.516394
440	0.0044	4.68381e-24	9.07016e-28	7500	2e+11 0.516394
441	0.00441	1.37656e-23	2.6657e-27	7500	2e+11 0.516418
442	0.00442	3.72557e-23	7.21454e-27	7500	2e+11 0.516418
443	0.00443	1.01079e-22	1.95739e-26	7500	2e+11 0.516394
444	0.00444	3.09476e-22	5.99297e-26	7500	2e+11 0.516394
445	0.00445	1.06348e-21	2.05942e-25	7500	2e+11 0.516394
446	0.00446	2.61842e-21	5.07056e-25	7500	2e+11 0.516394
447	0.00447	6.87102e-21	1.33057e-24	7500	2e+11 0.516418
448	0.00448	1.92369e-20	3.72521e-24	7500	2e+11 0.516418
449	0.00449	5.30753e-20	1.0278e-23	7500	2e+11 0.516394
450	0.0045	1.50339e-19	2.9113e-23	7500	2e+11 0.516394
451	0.00451	4.59646e-19	8.90102e-23	7500	2e+11 0.516394
452	0.00452	1.43281e-18	2.77463e-22	7500	2e+11 0.516394
453	0.00453	3.28479e-18	6.36097e-22	7500	2e+11 0.516394
454	0.00454	1.11225e-17	2.15385e-21	7500	2e+11 0.516418
455	0.00455	3.50257e-17	6.7827e-21	7500	2e+11 0.516418
456	0.00456	8.10362e-17	1.56926e-20	7500	2e+11 0.516394
457	0.00457	2.64839e-16	5.12858e-20	7500	2e+11 0.516394
458	0.00458	6.61133e-16	1.28028e-19	7500	2e+11 0.516394
459	0.00459	1.89604e-15	3.67166e-19	7500	2e+11 0.516394
460	0.0046	5.14699e-15	9.9671e-19	7500	2e+11 0.516418
461	0.00461	1.37711e-14	2.66676e-18	7500	2e+11 0.516418
462	0.00462	3.96254e-14	7.67343e-18	7500	2e+11 0.516394
463	0.00463	1.03218e-13	1.99881e-17	7500	2e+11 0.516394
464	0.00464	3.31048e-13	6.41072e-17	7500	2e+11 0.516394
465	0.00465	1.09188e-12	2.11441e-16	7500	2e+11 0.516394
466	0.00466	3.19879e-12	6.19444e-16	7500	2e+11 0.516418
467	0.00467	8.60663e-12	1.66667e-15	7500	2e+11 0.516418
468	0.00468	2.583e-11	5.00195e-15	7500	2e+11 0.516394
469	0.00469	5.79769e-11	1.12272e-14	7500	2e+11 0.516394
470	0.0047	1.50353e-10	2.91157e-14	7500	2e+11 0.516394
471	0.00471	4.82338e-10	9.34043e-14	7500	2e+11 0.516394
472	0.00472	1.22462e-09	2.37147e-13	7500	2e+11 0.516418
473	0.00473	2.77278e-09	5.36947e-13	7500	2e+11 0.516418
474	0.00474	7.82322e-09	1.51496e-12	7500	2e+11 0.516394
475	0.00475	1.90898e-08	3.69671e-12	7500	2e+11 0.516394
476	0.00476	5.65606e-08	1.09529e-11	7500	2e+11 0.516394
477	0.00477	1.38542e-07	2.68285e-11	7500	2e+11 0.516394
478	0.00478	5.29458e-07	1.02529e-10	7500	2e+11 0.516418
479	0.00479	1.34615e-06	2.60681e-10	7500	2e+11 0.516418
480	0.0048	3.55032e-06	6.87516e-10	7500	2e+11 0.516394
481	0.00481	1.07505e-05	2.08182e-09	7500	2e+11 0.516394
482	0.00482	2.96576e-05	5.74317e-09	7500	2e+11 0.516394
483	0.00483	7.95105e-05	1.53971e-08	7500	2e+11 0.516394
484	0.00484	0.000206748	4.00366e-08	7500	2e+11 0.516418
485	0.00485	0.00056278	1.08982e-07	7500	2e+11 0.516418
486	0.00486	0.00167824	3.2499e-07	7500	2e+11 0.516394
487	0.00487	0.00401258	7.77033e-07	7500	2e+11 0.516394
488	0.00488	0.0136796	2.64904e-06	7500	2e+11 0.516394
489	0.00489	0.0387183	7.49777e-06	7500	2e+11 0.516394
490	0.0049	0.0872979	1.69052e-05	7500	2e+11 0.516418
491	0.00491	0.250004	4.84131e-05	7500	2e+11 0.516418
492	0.00492	0.717793	0.000139	7500	2e+11 0.51637
493	0.00493	2.30869	0.000447076	7500	2e+11 0.516298
494	0.00494001	5.2059	0.00100812	7500	2e+11 0.516057
495	0.00495002	9.16014	0.00177385	7500	2e+11 0.515793
496	0.00496004	13.8402	0.00268015	7500	2e+11 0.515434
497	0.00497007	18.8908	0.00365819	7500	2e+11 0.514931
498	0.00498011	23.9819	0.00464407	7500	2e+11 0.514382
499	0.00499016	28.8371	0.00558427	7500	2e+11 0.513905
500	0.00500021	33.2525	0.00643932	7500	2e+11 0.513405
501	0.00501028	37.1045	0.00718525	7500	2e+11 0.513049
502	0.00502035	40.3377	0.00781136	7500	2e+11 0.512622
503	0.00503043	42.9541	0.00831803	7500	2e+11 0.512362
504	0.00504052	44.9972	0.00871367	7500	2e+11 0.512078
505	0.0050506	46.5404	0.00901252	7500	2e+11 0.511912
506	0.00506069	47.6676	0.00923079	7500	2e+11 0.511747
507	0.00507079	48.4674	0.00938566	7500	2e+11 0.511747
508	0.00508088	49.0174	0.00949218	7500	2e+11 0.511558
509	0.00509098	49.3861	0.00956358	7500	2e+11 0.511487
510	0.00510107	49.6257	0.00960999	7500	2e+11 0.511487
511	0.00511117	49.7774	0.00963936	7500	2e+11 0.511511
512	0.00512126	49.8715	0.00965757	7500	2e+11 0.511511
513	0.00513136	49.928	0.00966851	7500	2e+11 0.511535
514	0.00514146	49.961	0.00967491	7500	2e+11 0.511535
515	0.00515156	49.9799	0.00967857	7500	2e+11 0.511535
516	0.00516165	49.9905	0.00968062	7500	2e+11 0.511535
517	0.00517175	49.9963	0.00968174	7500	2e+11 0.511464
518	0.00518184	49.9994	0.00968234	7500	2e+11 0.511487
519	0.00519194	50.001	0.00968265	7500	2e+11 0.511487
520	0.00520204	50.0018	0.00968282	7500	2e+11 0.511558
521	0.00521213	50.0023	0.0096829	7500	2e+11 0.511558
522	0.00522223	50.0025	0.00968293	7500	2e+11 0.511487
523	0.00523233	50.0025	0.00968295	7500	2e+11 0.511487
524	0.00524242	50.0026	0.00968296	7500	2e+11 0.511487
525	0.00525252	50.0026	0.00968296	7500	2e+11 0.511487
526	0.00526262	50.0026	0.00968296	7500	2e+11 0.511487
527	0.00527271	50.0026	0.00968296	7500	2e+11 0.511558
528	0.00528281	50.0026	0.00968296	7500	2e+11 0.511558
529	0.00529291	50.0026	0.00968296	7500	2e+11 0.51144
530	0.005303	50.0026	0.00968296	7500	2e+11 0.51144
531	0.0053131	50.0026	0.00968296	7500	2e+11 0.511535
532	0.00532319	50.0026	0.00968296	7500	2e+11 0.511535
533	0.00533329	50.0026	0.00968296	7500	2e+11 0.51144
534	0.00534339	50.0026	0.00968296	7500	2e+11 0.511535
535	0.00535348	50.0026	0.00968296	7500	2e+11 0.511535
536	0.00536358	50.0026	0.00968296	7500	2e+11 0.511487
537	0.00537368	50.0026	0.00968296	7500	2e+11 0.511464
538	0.00538377	50.0026	0.00968296	7500	2e+11 0.511558
539	0.00539387	50.0026	0.00968296	7500	2e+11 0.511558
540	0.00540397	50.0026	0.00968296	7500	2e+11 0.51144
541	0.00541406	50.0026	0.00968296	7500	2e+11 0.511487
542	0.00542416	50.0026	0.00968296	7500	2e+11 0.511487
543	0.00543426	50.0026	0.00968296	7500	2e+11 0.511487
544	0.00544435	50.0026	0.00968296	7500	2e+11 0.511487
545	0.00545445	50.0026	0.00968296	7500	2e+11 0.511535
546	0.00546454	50.0026	0.00968296	7500	2e+11 0.511535
547	0.00547464	50.0026	0.00968296	7500	2e+11 0.51144
548	0.00548474	50.0026	0.00968296	7500	2e+11 0.511511
549	0.00549483	50.0026	0.00968296	7500	2e+11 0.511535
550	0.00550493	50.0026	0.00968296	7500	2e+11 0.511535
551	0.00551503	50.0026	0.00968296	7500	2e+11 0.511511
552	0.00552512	50.0026	0.00968296	7500	2e+11 0.511511
553	0.00553522	50.0026	0.00968296	7500	2e+11 0.511511
554	0.00554531	50.0026	0.00968296	7500	2e+11 0.511511
555	0.00555541	50.0026	0.00968296	7500	2e+11 0.511487
556	0.00556551	50.0026	0.00968295	7500	2e+11 0.511487
557	0.00557561	50.0026	0.00968295	7500	2e+11 0.511535
558	0.0055857	50.0026	0.00968295	7500	2e+11 0.511535
559	0.0055958	50.0026	0.00968295	7500	2e+11 0.511535
560	0.00560589	50.0026	0.00968295	7500	2e+11 0.511535
561	0.00561599	50.0026	0.00968295	7500	2e+11 0.51144
562	0.00562609	50.0026	0.00968295	7500	2e+11 0.51144
563	0.00563618	50.0026	0.00968295	7500	2e+11 0.511535
564	0.00564628	50.0026	0.00968295	7500	2e+11 0.511535
565	0.00565638	50.0026	0.00968295	7500	2e+11 0.511511
566	0.00566647	50.0026	0.00968295	7500	2e+11 0.511511
567	0.00567657	50.0026	0.00968295	7500	2e+11 0.511464
568	0.00568666	50.0026	0.00968295	7500	2e+11 0.511464
569	0.00569676	50.0026	0.00968295	7500	2e+11 0.511558
570	0.00570686	50.0026	0.00968295	7500	2e+11 0.511558
571	0.00571695	50.0026	0.00968295	7500	2e+11 0.511464
572	0.00572705	50.0026	0.00968295	7500	2e+11 0.511464
573	0.00573715	50.0026	0.00968295	7500	2e+11 0.511464
574	0.00574724	50.0026	0.00968295	7500	2e+11 0.511464
575	0.00575734	50.0026	0.00968295	7500	2e+11 0.511487
576	0.00576744	50.0026	0.00968295	7500	2e+11 0.511558
577	0.00577753	50.0026	0.00968295	7500	2e+11 0.511558
578	0.00578763	50.0026	0.00968295	7500	2e+11 0.511464
579	0.00579772	50.0025	0.00968295	7500	2e+11 0.511487
580	0.00580782	50.0025	0.00968295	7500	2e+11 0.511487
581	0.00581792	50.0025	0.00968295	7500	2e+11 0.511511
582	0.00582801	50.0025	0.00968295	7500	2e+11 0.511511
583	0.00583811	50.0025	0.00968294	7500	2e+11 0.511464
584	0.00584821	50.0024	0.00968292	7500	2e+11 0.511487
585	0.0058583	50.0022	0.00968289	7500	2e+11 0.511487
586	0.0058684	50.0015	0.00968274	7500	2e+11 0.51144
587	0.0058785	49.9994	0.00968235	7500	2e+11 0.511605
588	0.00588859	49.9936	0.00968122	7500	2e+11 0.511605
589	0.00589869	49.9756	0.00967774	7500	2e+11 0.511487
590	0.00590878	49.9287	0.00966865	7500	2e+11 0.511464
591	0.00591888	49.8233	0.00964825	7500	2e+11 0.511487
592	0.00592897	49.3998	0.00956623	7500	2e+11 0.511487
593	0.00593907	48.3413	0.00936124	7500	2e+11 0.5117
594	0.00594916	45.3732	0.00878649	7500	2e+11 0.512125
595	0.00595925	40.8248	0.0079057	7500	2e+11 0.512456
596	0.00596932	35.241	0.0068244	7500	2e+11 0.512978
597	0.00597939	29.2446	0.0056632	7500	2e+11 0.513643
598	0.00598944	23.3838	0.00452826	7500	2e+11 0.514215
599	0.00599949	18.0727	0.00349976	7500	2e+11 0.514668
600	0.00600952	13.5082	0.00261584	7500	2e+11 0.515266
601	0.00601954	9.78453	0.00189477	7500	2e+11 0.515458
602	0.00602956	6.8698	0.00133033	7500	2e+11 0.515841
603	0.00603957	4.69336	0.000908866	7500	2e+11 0.516009
604	0.00604958	3.11791	0.000603781	7500	2e+11 0.516033
605	0.00605958	2.01738	0.000390664	7500	2e+11 0.516298
606	0.00606959	1.27589	0.000247076	7500	2e+11 0.516298
607	0.00607959	0.788422	0.000152677	7500	2e+11 0.516418
608	0.00608959	0.47676	9.23241e-05	7500	2e+11 0.516418
609	0.00609959	0.283189	5.48393e-05	7500	2e+11 0.516466
610	0.00610959	0.16453	3.18611e-05	7500	2e+11 0.516466
611	0.00611959	0.0931322	1.8035e-05	7500	2e+11 0.516418
612	0.00612959	0.0514254	9.95848e-06	7500	2e+11 0.516418
613	0.00613959	0.0277117	5.36635e-06	7500	2e+11 0.51649
614	0.00614959	0.0147006	2.84675e-06	7500	2e+11 0.51649
615	0.00615959	0.00760748	1.47318e-06	7500	2e+11 0.516466
616	0.00616959	0.00385382	7.46288e-07	7500	2e+11 0.516466
617	0.00617959	0.00190612	3.69119e-07	7500	2e+11 0.516418
618	0.00618958	0.000923268	1.7879e-07	7500	2e+11 0.516538
619	0.00619958	0.000439511	8.51109e-08	7500	2e+11 0.516538
620	0.00620958	0.000204232	3.95493e-08	7500	2e+11 0.516442
621	0.00621958	9.39319e-05	1.81898e-08	7500	2e+11 0.516442
622	0.00622958	4.23418e-05	8.19946e-09	7500	2e+11 0.516514
623	0.00623958	1.85965e-05	3.6012e-09	7500	2e+11 0.516514
624	0.00624958	8.03732e-06	1.55642e-09	7500	2e+11 0.516442
625	0.00625958	3.41692e-06	6.61684e-10	7500	2e+11 0.516442
626	0.00626958	1.4277e-06	2.76473e-10	7500	2e+11 0.51649
627	0.00627958	5.78584e-07	1.12042e-10	7500	2e+11 0.51649
628	0.00628958	2.27786e-07	4.41105e-11	7500	2e+11 0.516418
629	0.00629958	8.86719e-08	1.71712e-11	7500	2e+11 0.516466
630	0.00630957	3.38491e-08	6.55484e-12	7500	2e+11 0.516514
631	0.00631957	1.26585e-08	2.45131e-12	7500	2e+11 0.516514
632	0.00632957	4.61041e-09	8.92803e-13	7500	2e+11 0.51661
633	0.00633957	1.66685e-09	3.22785e-13	7500	2e+11 0.51661
634	0.00634957	5.86242e-10	1.13525e-13	7500	2e+11 0.516514
635	0.00635957	2.01802e-10	3.90787e-14	7500	2e+11 0.516514
636	0.00636957	6.87962e-11	1.33223e-14	7500	2e+11 0.516514
637	0.00637956	2.27111e-11	4.39799e-15	7500	2e+11 0.516538
638	0.00638956	7.28659e-12	1.41104e-15	7500	2e+11 0.516538
639	0.00639956	2.30641e-12	4.46634e-16	7500	2e+11 0.516586
640	0.00640956	7.04037e-13	1.36336e-16	7500	2e+11 0.516586
641	0.00641956	2.07104e-13	4.01055e-17	7500	2e+11 0.516562
642	0.00642955	6.13095e-14	1.18725e-17	7500	2e+11 0.516731
643	0.00643955	1.76675e-14	3.42129e-18	7500	2e+11 0.516731
644	0.00644955	4.93948e-15	9.56526e-19	7500	2e+11 0.516707
645	0.00645954	1.35161e-15	2.61739e-19	7500	2e+11 0.516707
646	0.00646954	3.57998e-16	6.9326e-20	7500	2e+11 0.516731
647	0.00647953	9.13388e-17	1.76877e-20	7500	2e+11 0.516731
648	0.00648952	2.28592e-17	4.42666e-21	7500	2e+11 0.516851
649	0.00649952	5.69515e-18	1.10286e-21	7500	2e+11 0.517164
650	0.0065095	1.40545e-18	2.72165e-22	7500	2e+11 0.517164
651	0.00651956	3.2831e-19	6.35769e-23	7500	2e+11 0.51702
652	0.00652955	7.5309e-20	1.45835e-23	7500	2e+11 0.51702
653	0.00653954	1.72463e-20	3.33973e-24	7500	2e+11 0.516779
654	0.00654954	3.95771e-21	7.66408e-25	7500	2e+11 0.516658
655	0.00655953	8.54627e-22	1.65498e-25	7500	2e+11 0.516634
656	0.00656953	1.84438e-22	3.57163e-26	7500	2e+11 0.516634
657	0.00657953	3.81109e-23	7.38015e-27	7500	2e+11 0.516538
658	0.00658952	7.55318e-24	1.46267e-27	7500	2e+11 0.516658
659	0.00659952	1.5179e-24	2.9394e-28	7500	2e+11 0.516658
660	0.00660952	3.0504e-25	5.90707e-29	7500	2e+11 0.516538
661	0.00661952	6.14748e-26	1.19045e-29	7500	2e+11 0.516538
662	0.00662951	1.1809e-26	2.28681e-30	7500	2e+11 0.516514
663	0.00663951	2.29564e-27	4.44549e-31	7500	2e+11 0.516514
664	0.00664951	4.29201e-28	8.31143e-32	7500	2e+11 0.51637
665	0.00665951	8.03502e-29	1.55597e-32	7500	2e+11 0.51637
666	0.00666951	1.4441e-29	2.79649e-33	7500	2e+11 0.516394
667	0.00667951	2.53431e-30	4.90766e-34	7500	2e+11 0.516562
668	0.00668951	4.46301e-31	8.64258e-35	7500	2e+11 0.516562
669	0.00669951	7.74801e-32	1.50039e-35	7500	2e+11 0.516418
670	0.00670951	1.29791e-32	2.51339e-36	7500	2e+11 0.51649
671	0.00671951	2.15158e-33	4.16652e-37	7500	2e+11 0.51649
672	0.00672951	3.39981e-34	6.5837e-38	7500	2e+11 0.51637
673	0.00673951	5.47703e-35	1.06062e-38	7500	2e+11 0.516538
674	0.00674951	8.63357e-36	1.67188e-39	7500	2e+11 0.516538
675	0.00675951	1.30995e-36	2.53671e-40	7500	2e+11 0.51637
676	0.00676951	1.86848e-37	3.61829e-41	7500	2e+11 0.51637
677	0.00677951	2.62749e-38	5.08811e-42	7500	2e+11 0.516442
678	0.00678951	3.6109e-39	6.99248e-43	7500	2e+11 0.516442
679	0.00679951	4.77595e-40	9.24857e-44	7500	2e+11 0.516442
680	0.00680951	5.78904e-41	1.12104e-44	7500	2e+11 0.516442
681	0.00681951	7.23631e-42	1.4013e-45	7500	2e+11 0.516394
682	0.00682951	0	0	7500	2e+11 0.516394
683	0.00683951	0	0	7500	2e+11 0.51637
684	0.00684952	0	0	7500	2e+11 0.516346
685	0.00685952	0	0	7500	2e+11 0.516346
686	0.00686952	0	0	7500	2e+11 0.51637
687	0.00687952	0	0	7500	2e+11 0.516442
688	0.00688952	0	0	7500	2e+11 0.516442
689	0.00689952	0	0	7500	2e+11 0.516418
690	0.00690952	0	0	7500	2e+11 0.516418
691	0.00691952	0	0	7500	2e+11 0.516442
692	0.00692952	0	0	7500	2e+11 0.516442
693	0.00693952	0	0	7500	2e+11 0.516466
694	0.00694952	0	0	7500	2e+11 0.516466
695	0.00695952	0	0	7500	2e+11 0.516466
696	0.00696952	0	0	7500	2e+11 0.516394
697	0.00697952	0	0	7500	2e+11 0.516418
698	0.00698952	0	0	7500	2e+11 0.516418
699	0.00699952	0	0	7500	2e+11 0.51649
700	0.00700952	0	0	7500	2e+11 0.51649
701	0.00701952	0	0	7500	2e+11 0.51637
702	0.00702952	0	0	7500	2e+11 0.51637
703	0.00703952	0	0	7500	2e+11 0.516466
704	0.00704952	0	0	7500	2e+11 0.516466
705	0.00705952	0	0	7500	2e+11 0.516442
706	0.00706952	0	0	7500	2e+11 0.516442
707	0.00707952	0	0	7500	2e+11 0.516442
708	0.00708952	0	0	7500	2e+11 0.516418
709	0.00709952	0	0	7500	2e+11 0.516538
710	0.00710952	0	0	7500	2e+11 0.516538
711	0.00711952	0	0	7500	2e+11 0.516442
712	0.00712952	0	0	7500	2e+11 0.516442
713	0.00713952	0	0	7500	2e+11 0.516442
714	0.00714952	0	0	7500	2e+11 0.516442
715	0.00715952	0	0	7500	2e+11 0.516394
716	0.00716952	0	0	7500	2e+11 0.516562
717	0.00717951	0	0	7500	2e+11 0.516562
718	0.00718951	0	0	7500	2e+11 0.516418
719	0.00719952	0	0	7500	2e+11 0.51649
720	0.00720951	0	0	7500	2e+11 0.51649
721	0.00721952	7.23631e-42	-1.4013e-45	7500	2e+11 0.51649
722	0.00722951	5.78904e-41	-1.12104e-44	7500	2e+11 0.51649
723	0.00723951	4.41413e-40	-8.54792e-44	7500	2e+11 0.516442
724	0.00724951	3.65432e-39	-7.07656e-43	7500	2e+11 0.516442
725	0.00725951	2.96325e-38	-5.73832e-42	7500	2e+11 0.516442
726	0.00726951	2.3358e-37	-4.52325e-41	7500	2e+11 0.516442
727	0.00727951	1.83418e-36	-3.55187e-40	7500	2e+11 0.516442
728	0.00728951	1.47451e-35	-2.85538e-39	7500	2e+11 0.516442
729	0.00729951	1.11888e-34	-2.1667e-38	7500	2e+11 0.516418
730	0.00730951	8.59508e-34	-1.66443e-37	7500	2e+11 0.516418
731	0.00731951	6.7386e-33	-1.30492e-36	7500	2e+11 0.516514
732	0.00732951	5.06056e-32	-9.79974e-36	7500	2e+11 0.516514
733	0.00733951	3.57773e-31	-6.92825e-35	7500	2e+11 0.516322
734	0.00734952	2.45572e-30	-4.75548e-34	7500	2e+11 0.51637
735	0.00735952	1.78034e-29	-3.44761e-33	7500	2e+11 0.516418
736	0.00736952	1.19987e-28	-2.32354e-32	7500	2e+11 0.51649
737	0.00737951	7.5156e-28	-1.45539e-31	7500	2e+11 0.51649
738	0.00738952	4.74533e-27	-9.18929e-31	7500	2e+11 0.516322
739	0.00739952	2.76683e-26	-5.35794e-30	7500	2e+11 0.51637
740	0.00740952	1.54676e-25	-2.99529e-29	7500	2e+11 0.51637
741	0.00741952	8.58279e-25	-1.66205e-28	7500	2e+11 0.516346
742	0.00742952	4.80795e-24	-9.31055e-28	7500	2e+11 0.516346
743	0.00743952	2.53504e-23	-4.90908e-27	7500	2e+11 0.516274
744	0.00744953	1.2834e-22	-2.4853e-26	7500	2e+11 0.516274
745	0.00745953	6.5853e-22	-1.27524e-25	7500	2e+11 0.516226
746	0.00746953	3.24322e-21	-6.28046e-25	7500	2e+11 0.516226
747	0.00747954	1.49821e-20	-2.90127e-24	7500	2e+11 0.516105
748	0.00748955	6.74538e-20	-1.30624e-23	7500	2e+11 0.516129
749	0.00749955	2.9559e-19	-5.72407e-23	7500	2e+11 0.516129
750	0.00750956	1.268e-18	-2.45547e-22	7500	2e+11 0.519466
751	0.0075195	5.24253e-18	-1.01521e-21	7500	2e+11 0.519466
752	0.00752952	2.19451e-17	-4.24966e-21	7500	2e+11 0.515841
753	0.00753953	8.90327e-17	-1.72411e-20	7500	2e+11 0.516274
754	0.00754953	3.49494e-16	-6.76793e-20	7500	2e+11 0.516274
755	0.00755954	1.30328e-15	-2.52379e-19	7500	2e+11 0.516033
756	0.00756954	4.77654e-15	-9.24974e-19	7500	2e+11 0.516346
757	0.00757955	1.75221e-14	-3.39313e-18	7500	2e+11 0.516346
758	0.00758955	6.19543e-14	-1.19974e-17	7500	2e+11 0.516177
759	0.00759955	2.12719e-13	-4.11928e-17	7500	2e+11 0.516177
760	0.00760956	7.00578e-13	-1.35666e-16	7500	2e+11 0.516298
761	0.00761956	2.29958e-12	-4.45311e-16	7500	2e+11 0.516298
762	0.00762957	7.42159e-12	-1.43719e-15	7500	2e+11 0.516442
763	0.00763956	2.28537e-11	-4.42561e-15	7500	2e+11 0.516442
764	0.00764957	6.89419e-11	-1.33505e-14	7500	2e+11 0.516538
765	0.00765957	2.04302e-10	-3.95629e-14	7500	2e+11 0.516538
766	0.00766957	5.95739e-10	-1.15364e-13	7500	2e+11 0.516346
767	0.00767957	1.71394e-09	-3.31903e-13	7500	2e+11 0.516346
768	0.00768957	4.75417e-09	-9.20642e-13	7500	2e+11 0.516346
769	0.00769957	1.28609e-08	-2.4905e-12	7500	2e+11 0.516346
770	0.00770958	3.43656e-08	-6.65487e-12	7500	2e+11 0.516442
771	0.00771958	8.8686e-08	-1.7174e-11	7500	2e+11 0.516442
772	0.00772958	2.24185e-07	-4.34133e-11	7500	2e+11 0.516346
773	0.00773958	5.58487e-07	-1.08151e-10	7500	2e+11 0.516346
774	0.00774958	1.35829e-06	-2.63032e-10	7500	2e+11 0.516394
775	0.00775958	3.25716e-06	-6.30746e-10	7500	2e+11 0.516394
776	0.00776958	7.62787e-06	-1.47713e-09	7500	2e+11 0.51637
777	0.00777958	1.75939e-05	-3.40704e-09	7500	2e+11 0.51637
778	0.00778959	3.96102e-05	-7.67049e-09	7500	2e+11 0.51649
779	0.00779958	8.77118e-05	-1.69853e-08	7500	2e+11 0.51649
780	0.00780959	0.000189677	-3.67308e-08	7500	2e+11 0.516201
781	0.00781965	0.000405427	-7.85106e-08	7500	2e+11 0.51541
782	0.00782966	0.000846969	-1.64015e-07	7500	2e+11 0.51637
783	0.00783966	0.00174557	-3.38029e-07	7500	2e+11 0.51637
784	0.00784967	0.00349312	-6.7644e-07	7500	2e+11 0.516466
785	0.00785966	0.00676611	-1.31025e-06	7500	2e+11 0.516466
786	0.00786967	0.0128667	-2.49162e-06	7500	2e+11 0.516514
787	0.00787966	0.0240883	-4.66468e-06	7500	2e+11 0.516514
788	0.00788967	0.0441614	-8.55182e-06	7500	2e+11 0.516466
789	0.00789967	0.0795616	-1.5407e-05	7500	2e+11 0.516466
790	0.00790967	0.139317	-2.69787e-05	7500	2e+11 0.51661
791	0.00791967	0.237638	-4.60184e-05	7500	2e+11 0.51661
792	0.00792967	0.397682	-7.70109e-05	7500	2e+11 0.516562
793	0.00793966	0.646616	-0.000125217	7500	2e+11 0.516562
794	0.00794967	1.03056	-0.000199567	7500	2e+11 0.516755
795	0.00795966	1.598	-0.000309451	7500	2e+11 0.516755
796	0.00796966	2.42152	-0.000468925	7500	2e+11 0.516562
797	0.00797966	3.57185	-0.000691686	7500	2e+11 0.517044
798	0.00798965	5.14081	-0.000995514	7500	2e+11 0.517189
799	0.00799963	7.20071	-0.00139441	7500	2e+11 0.517237
800	0.00800961	9.87439	-0.00191217	7500	2e+11 0.517575
801	0.00801959	13.1493	-0.00254635	7500	2e+11 0.518155
802	0.00802956	17.013	-0.00329456	7500	2e+11 0.518155
803	0.00803952	21.4225	-0.00414845	7500	2e+11 0.518834
804	0.00804948	26.2667	-0.00508653	7500	2e+11 0.519515
805	0.00805942	31.3238	-0.00606583	7500	2e+11 0.519904
806	0.00806935	36.3536	-0.00703985	7500	2e+11 0.52049
807	0.00807927	41.0024	-0.00794008	7500	2e+11 0.520832
808	0.00808919	44.9239	-0.00869947	7500	2e+11 0.521077
809	0.0080991	47.7689	-0.0092504	7500	2e+11 0.521175
810	0.008109	49.2808	-0.00954319	7500	2e+11 0.521371
811	0.00811891	49.6913	-0.00962268	7500	2e+11 0.521371
812	0.00812881	49.9045	-0.00966397	7500	2e+11 0.52142
813	0.00813872	49.9662	-0.00967592	7500	2e+11 0.52142
814	0.00814862	49.9873	-0.00968	7500	2e+11 0.521469
815	0.00815853	49.9938	-0.00968126	7500	2e+11 0.521469
816	0.00816843	49.9959	-0.00968166	7500	2e+11 0.521469
817	0.00817833	49.9969	-0.00968186	7500	2e+11 0.521469
818	0.00818824	49.9972	-0.00968191	7500	2e+11 0.521469
819	0.00819814	49.9973	-0.00968194	7500	2e+11 0.521469
820	0.00820805	49.9974	-0.00968195	7500	2e+11 0.52142
821	0.00821795	49.9974	-0.00968195	7500	2e+11 0.521567
822	0.00822785	49.9974	-0.00968195	7500	2e+11 0.521567
823	0.00823776	49.9974	-0.00968195	7500	2e+11 0.521567
824	0.00824766	49.9974	-0.00968195	7500	2e+11 0.521567
825	0.00825756	49.9974	-0.00968195	7500	2e+11 0.521469
826	0.00826747	49.9974	-0.00968195	7500	2e+11 0.521469
827	0.00827737	49.9974	-0.00968195	7500	2e+11 0.521567
828	0.00828727	49.9974	-0.00968195	7500	2e+11 0.521567
829	0.00829718	49.9974	-0.00968195	7500	2e+11 0.521518
830	0.00830708	49.9974	-0.00968195	7500	2e+11 0.521518
831	0.00831699	49.9974	-0.00968195	7500	2e+11 0.52142
832	0.00832689	49.9974	-0.00968195	7500	2e+11 0.521518
833	0.00833679	49.9974	-0.00968195	7500	2e+11 0.521518
834	0.0083467	49.9974	-0.00968195	7500	2e+11 0.521469
835	0.0083566	49.9974	-0.00968195	7500	2e+11 0.521567
836	0.0083665	49.9974	-0.00968196	7500	2e+11 0.521567
837	0.00837641	49.9974	-0.00968196	7500	2e+11 0.521567
838	0.00838631	49.9974	-0.00968196	7500	2e+11 0.521567
839	0.00839622	49.9974	-0.00968196	7500	2e+11 0.521567
840	0.00840612	49.9974	-0.00968196	7500	2e+11 0.521567
841	0.00841602	49.9974	-0.00968196	7500	2e+11 0.52142
842	0.00842593	49.9974	-0.00968196	7500	2e+11 0.521469
843	0.00843583	49.9974	-0.00968196	7500	2e+11 0.521469
844	0.00844573	49.9974	-0.00968196	7500	2e+11 0.521469
845	0.00845564	49.9974	-0.00968196	7500	2e+11 0.521518
846	0.00846554	49.9974	-0.00968196	7500	2e+11 0.521518
847	0.00847544	49.9974	-0.00968196	7500	2e+11 0.521371
848	0.00848535	49.9974	-0.00968196	7500	2e+11 0.521371
849	0.00849525	49.9974	-0.00968196	7500	2e+11 0.52142
850	0.00850516	49.9974	-0.00968196	7500	2e+11 0.52142
851	0.00851506	49.9974	-0.00968196	7500	2e+11 0.521469
852	0.00852496	49.9974	-0.00968196	7500	2e+11 0.521469
853	0.00853487	49.9974	-0.00968196	7500	2e+11 0.521567
854	0.00854477	49.9974	-0.00968196	7500	2e+11 0.521567
855	0.00855467	49.9974	-0.00968196	7500	2e+11 0.521371
856	0.00856458	49.9974	-0.00968196	7500	2e+11 0.52142
857	0.00857448	49.9974	-0.00968196	7500	2e+11 0.52142
858	0.00858439	49.9974	-0.00968196	7500	2e+11 0.521469
859	0.00859429	49.9974	-0.00968196	7500	2e+11 0.521567
860	0.00860419	49.9974	-0.00968196	7500	2e+11 0.521567
861	0.00861409	49.9974	-0.00968196	7500	2e+11 0.521469
862	0.008624	49.9974	-0.00968196	7500	2e+11 0.521469
863	0.0086339	49.9974	-0.00968196	7500	2e+11 0.52142
864	0.00864381	49.9974	-0.00968196	7500	2e+11 0.52142
865	0.00865371	49.9974	-0.00968196	7500	2e+11 0.52142
866	0.00866361	49.9974	-0.00968196	7500	2e+11 0.521469
867	0.00867352	49.9974	-0.00968196	7500	2e+11 0.521469
868	0.00868342	49.9974	-0.00968196	7500	2e+11 0.521371
869	0.00869333	49.9974	-0.00968196	7500	2e+11 0.521469
870	0.00870323	49.9974	-0.00968196	7500	2e+11 0.521469
871	0.00871313	49.9974	-0.00968196	7500	2e+11 0.521518
872	0.00872303	49.9974	-0.00968196	7500	2e+11 0.521518
873	0.00873294	49.9974	-0.00968196	7500	2e+11 0.521616
874	0.00874284	49.9974	-0.00968196	7500	2e+11 0.521616
875	0.00875274	49.9974	-0.00968196	7500	2e+11 0.521322
876	0.00876265	49.9974	-0.00968196	7500	2e+11 0.521469
877	0.00877255	49.9974	-0.00968196	7500	2e+11 0.521518
878	0.00878245	49.9974	-0.00968196	7500	2e+11 0.521518
879	0.00879236	49.9974	-0.00968196	7500	2e+11 0.521469
880	0.00880226	49.9974	-0.00968196	7500	2e+11 0.521469
881	0.00881216	49.9974	-0.00968195	7500	2e+11 0.521371
882	0.00882207	49.9973	-0.00968193	7500	2e+11 0.521567
883	0.00883197	49.997	-0.00968188	7500	2e+11 0.521567
884	0.00884188	49.9965	-0.00968178	7500	2e+11 0.521469
885	0.00885178	49.9955	-0.00968159	7500	2e+11 0.521469
886	0.00886168	49.9936	-0.00968122	7500	2e+11 0.52142
887	0.00887159	49.9899	-0.00968049	7500	2e+11 0.52142
888	0.00888149	49.9827	-0.00967912	7500	2e+11 0.52142
889	0.0088914	49.9699	-0.00967662	7500	2e+11 0.521469
890	0.0089013	49.9466	-0.00967212	7500	2e+11 0.521518
891	0.0089112	49.9055	-0.00966416	7500	2e+11 0.521518
892	0.00892111	49.8343	-0.00965036	7500	2e+11 0.52142
893	0.00893101	49.7134	-0.00962696	7500	2e+11 0.521371
894	0.00894091	49.5168	-0.00958889	7500	2e+11 0.521371
895	0.00895082	49.1974	-0.00952704	7500	2e+11 0.521322
896	0.00896073	48.7061	-0.0094319	7500	2e+11 0.521273
897	0.00897064	47.9632	-0.00928804	7500	2e+11 0.521126
898	0.00898055	46.8511	-0.00907268	7500	2e+11 0.521126
899	0.00899046	45.2728	-0.00876704	7500	2e+11 0.52093
900	0.00900037	43.0959	-0.00834549	7500	2e+11 0.520783
901	0.0090103	40.1688	-0.00777865	7500	2e+11 0.52049
902	0.00902022	36.441	-0.00705677	7500	2e+11 0.520148
903	0.00903016	31.8682	-0.00617125	7500	2e+11 0.519661
904	0.00904011	26.4913	-0.00513001	7500	2e+11 0.519223
905	0.00905006	20.5831	-0.0039859	7500	2e+11 0.51864
906	0.00906004	14.5573	-0.002819	7500	2e+11 0.517865
907	0.00907002	9.00046	-0.00174293	7500	2e+11 0.517382
908	0.00908001	4.52963	-0.000877158	7500	2e+11 0.516899
909	0.00909	1.66952	-0.000323301	7500	2e+11 0.516658
910	0.0091	0.632743	-0.00012253	7500	2e+11 0.516514
911	0.00911	0.229183	-4.43811e-05	7500	2e+11 0.516418
912	0.00912	0.0901524	-1.74579e-05	7500	2e+11 0.516418
913	0.00913	0.0291637	-5.64753e-06	7500	2e+11 0.516418
914	0.00914	0.0110599	-2.14174e-06	7500	2e+11 0.516418
915	0.00915	0.00348986	-6.75809e-07	7500	2e+11 0.516418
916	0.00916	0.00137446	-2.66163e-07	7500	2e+11 0.516418
917	0.00917	0.000575011	-1.1135e-07	7500	2e+11 0.516418
918	0.00918	0.000179911	-3.48397e-08	7500	2e+11 0.516418
919	0.00919	7.40229e-05	-1.43345e-08	7500	2e+11 0.516418
920	0.0092	2.42699e-05	-4.69984e-09	7500	2e+11 0.516418
921	0.00921	9.79082e-06	-1.89598e-09	7500	2e+11 0.516418
922	0.00922	3.04569e-06	-5.89796e-10	7500	2e+11 0.516418
923	0.00923	1.16322e-06	-2.25257e-10	7500	2e+11 0.516418
924	0.00924	3.49174e-07	-6.76173e-11	7500	2e+11 0.516418
925	0.00925	1.01992e-07	-1.97507e-11	7500	2e+11 0.516418
926	0.00926	4.36764e-08	-8.4579e-12	7500	2e+11 0.516418
927	0.00927	1.34983e-08	-2.61393e-12	7500	2e+11 0.516418
928	0.00928	4.98126e-09	-9.64617e-13	7500	2e+11 0.516418
929	0.00929	1.86969e-09	-3.62064e-13	7500	2e+11 0.516418
930	0.0093	6.26561e-10	-1.21333e-13	7500	2e+11 0.516418
931	0.00931	2.12445e-10	-4.11397e-14	7500	2e+11 0.516418
932	0.00932	7.34383e-11	-1.42213e-14	7500	2e+11 0.516418
933	0.00933	2.48806e-11	-4.8181e-15	7500	2e+11 0.516418
934	0.00934	8.51262e-12	-1.64846e-15	7500	2e+11 0.516418
935	0.00935	2.9341e-12	-5.68187e-16	7500	2e+11 0.516418
936	0.00936	8.62112e-13	-1.66947e-16	7500	2e+11 0.516418
937	0.00937	3.61205e-13	-6.9947e-17	7500	2e+11 0.516418
938	0.00938	1.14422e-13	-2.21577e-17	7500	2e+11 0.516418
939	0.00939	4.96125e-14	-9.60741e-18	7500	2e+11 0.516418
940	0.0094	1.67565e-14	-3.24488e-18	7500	2e+11 0.516418
941	0.00941	6.1145e-15	-1.18407e-18	7500	2e+11 0.516418
942	0.00942	2.02712e-15	-3.92551e-19	7500	2e+11 0.516418
943	0.00943	7.81811e-16	-1.51397e-19	7500	2e+11 0.516418
944	0.00944	2.96564e-16	-5.74293e-20	7500	2e+11 0.516418
945	0.00945	9.65453e-17	-1.86959e-20	7500	2e+11 0.516418
946	0.00946	3.74806e-17	-7.25808e-21	7500	2e+11 0.516418
947	0.00947	1.20086e-17	-2.32545e-21	7500	2e+11 0.516418
948	0.00948	4.35729e-18	-8.43785e-22	7500	2e+11 0.516418
949	0.00949	1.75736e-18	-3.40311e-22	7500	2e+11 0.516418
950	0.0095	6.69872e-19	-1.2972e-22	7500	2e+11 0.516418
951	0.00951	2.35045e-19	-4.55163e-23	7500	2e+11 0.516418
952	0.00952	6.75892e-20	-1.30886e-23	7500	2e+11 0.516418
953	0.00953	3.19042e-20	-6.17822e-24	7500	2e+11 0.516418
954	0.00954	1.24283e-20	-2.40673e-24	7500	2e+11 0.516418
955	0.00955	3.8754e-21	-7.50468e-25	7500	2e+11 0.516418
956	0.00956	1.35067e-21	-2.61557e-25	7500	2e+11 0.516418
957	0.00957	5.73646e-22	-1.11086e-25	7500	2e+11 0.516418
958	0.00958	1.7347e-22	-3.35924e-26	7500	2e+11 0.516418
959	0.00959	6.53296e-23	-1.2651e-26	7500	2e+11 0.516418
960	0.0096	2.08501e-23	-4.03761e-27	7500	2e+11 0.516418
961	0.00961	7.19066e-24	-1.39247e-27	7500	2e+11 0.516418
962	0.00962	2.88086e-24	-5.57876e-28	7500	2e+11 0.516418
963	0.00963	8.01307e-25	-1.55172e-28	7500	2e+11 0.516418
964	0.00964	3.52548e-25	-6.82707e-29	7500	2e+11 0.516418
965	0.00965	1.20364e-25	-2.33084e-29	7500	2e+11 0.516418
966	0.00966	4.07953e-26	-7.89998e-30	7500	2e+11 0.516418
967	0.00967	1.29392e-26	-2.50567e-30	7500	2e+11 0.516418
968	0.00968	4.34954e-27	-8.42286e-31	7500	2e+11 0.516418
969	0.00969	1.69782e-27	-3.28781e-31	7500	2e+11 0.516418
970	0.0097	6.21619e-28	-1.20376e-31	7500	2e+11 0.516418
971	0.00971	2.34857e-28	-4.54798e-32	7500	2e+11 0.516418
972	0.00972	8.83061e-29	-1.71004e-32	7500	2e+11 0.516418
973	0.00973	3.20091e-29	-6.19854e-33	7500	2e+11 0.516418
974	0.00974	1.0231e-29	-1.98123e-33	7500	2e+11 0.516418
975	0.00975	3.32645e-30	-6.44164e-34	7500	2e+11 0.516418
976	0.00976	1.28205e-30	-2.48269e-34	7500	2e+11 0.516418
977	0.00977	4.13722e-31	-8.01169e-35	7500	2e+11 0.516418
978	0.00978	1.12189e-31	-2.17254e-35	7500	2e+11 0.516418
979	0.00979	4.12701e-32	-7.99192e-36	7500	2e+11 0.516418
980	0.0098	1.46404e-32	-2.83509e-36	7500	2e+11 0.516418
981	0.00981	5.50967e-33	-1.06694e-36	7500	2e+11 0.516418
982	0.00982	1.63687e-33	-3.16978e-37	7500	2e+11 0.516418
983	0.00983	5.18974e-34	-1.00499e-37	7500	2e+11 0.516418
984	0.00984	2.29399e-34	-4.44229e-38	7500	2e+11 0.516418
985	0.00985	7.05491e-35	-1.36618e-38	7500	2e+11 0.516418
986	0.00986	2.28802e-35	-4.43073e-39	7500	2e+11 0.516418
987	0.00987	1.08538e-35	-2.10183e-39	7500	2e+11 0.516418
988	0.00988	3.17612e-36	-6.15054e-40	7500	2e+11 0.516418
989	0.00989	7.23656e-37	-1.40135e-40	7500	2e+11 0.516418
990	0.0099	4.93651e-37	-9.55952e-41	7500	2e+11 0.516418
991	0.00991	1.85538e-37	-3.59293e-41	7500	2e+11 0.516418
992	0.00992	0	0	7500	2e+11 0.516418
993	0.00993	0	0	7500	2e+11 0.516418
994	0.00994	0	0	7500	2e+11 0.516418
995	0.00995	0	0	7500	2e+11 0.516418
996	0.00996	0	0	7500	2e+11 0.516418
997	0.00997	0	0	7500	2e+11 0.516418
998	0.00998	0	0	7500	2e+11 0.516418
999	0.00999	0	0	7500	2e+11 0.516418
1000	0.01	0	-0	7500	2e+11 0.516418
