0	0	0	0	7500	2e+11 0.516398
1	1e-05	0	0	7500	2e+11 0.516398
2	2e-05	0	0	7500	2e+11 0.516398
3	3e-05	0	0	7500	2e+11 0.516398
4	4e-05	0	0	7500	2e+11 0.516398
5	5e-05	0	0	7500	2e+11 0.516398
6	6e-05	0	0	7500	2e+11 0.516398
7	7e-05	0	0	7500	2e+11 0.516398
8	8e-05	0	0	7500	2e+11 0.516398
9	9e-05	0	0	7500	2e+11 0.516398
10	0.0001	0	0	7500	2e+11 0.516398
11	0.00011	0	0	7500	2e+11 0.516398
12	0.00012	0	0	7500	2e+11 0.516398
13	0.00013	0	0	7500	2e+11 0.516398
14	0.00014	0	0	7500	2e+11 0.516398
15	0.00015	0	0	7500	2e+11 0.516398
16	0.00016	0	0	7500	2e+11 0.516398
17	0.00017	0	0	7500	2e+11 0.516398
18	0.00018	0	0	7500	2e+11 0.516398
19	0.00019	0	0	7500	2e+11 0.516398
20	0.0002	0	0	7500	2e+11 0.516398
21	0.00021	0	0	7500	2e+11 0.516398
22	0.00022	0	0	7500	2e+11 0.516398
23	0.00023	0	0	7500	2e+11 0.516398
24	0.00024	0	0	7500	2e+11 0.516398
25	0.00025	0	0	7500	2e+11 0.516398
26	0.00026	0	0	7500	2e+11 0.516398
27	0.00027	0	0	7500	2e+11 0.516398
28	0.00028	0	0	7500	2e+11 0.516398
29	0.00029	0	0	7500	2e+11 0.516398
30	0.0003	0	0	7500	2e+11 0.516398
31	0.00031	0	0	7500	2e+11 0.516398
32	0.00032	0	0	7500	2e+11 0.516398
33	0.00033	0	0	7500	2e+11 0.516398
34	0.00034	0	0	7500	2e+11 0.516398
35	0.00035	0	0	7500	2e+11 0.516398
36	0.00036	0	0	7500	2e+11 0.516398
37	0.00037	0	0	7500	2e+11 0.516398
38	0.00038	0	0	7500	2e+11 0.516398
39	0.00039	0	0	7500	2e+11 0.516398
40	0.0004	0	0	7500	2e+11 0.516398
41	0.00041	0	0	7500	2e+11 0.516398
42	0.00042	0	0	7500	2e+11 0.516398
43	0.00043	0	0	7500	2e+11 0.516398
44	0.00044	0	0	7500	2e+11 0.516398
45	0.00045	0	0	7500	2e+11 0.516398
46	0.00046	0	0	7500	2e+11 0.516398
47	0.00047	0	0	7500	2e+11 0.516398
48	0.00048	0	0	7500	2e+11 0.516398
49	0.00049	0	0	7500	2e+11 0.5164
50	0.0005	0	0	7500	2e+11 0.5164
51	0.00051	0	0	7500	2e+11 0.516397
52	0.00052	1.3749e-40	2.66247e-44	7500	2e+11 0.5164
53	0.00053	3.97995e-40	7.70714e-44	7500	2e+11 0.5164
54	0.00054	0	0	7500	2e+11 0.516397
55	0.00055	2.38797e-40	4.62428e-44	7500	2e+11 0.5164
56	0.00056	0	0	7500	2e+11 0.5164
57	0.00057	0	0	7500	2e+11 0.516397
58	0.00058	2.03491e-37	3.94059e-41	7500	2e+11 0.516397
59	0.00059	6.29201e-37	1.21844e-40	7500	2e+11 0.5164
60	0.0006	1.26467e-36	2.44902e-40	7500	2e+11 0.5164
61	0.00061	1.85507e-36	3.59233e-40	7500	2e+11 0.516397
62	0.00062	2.17089e-36	4.20391e-40	7500	2e+11 0.5164
63	0.00063	4.09384e-36	7.92768e-40	7500	2e+11 0.5164
64	0.00064	9.53618e-36	1.84667e-39	7500	2e+11 0.516397
65	0.00065	2.82216e-35	5.46509e-39	7500	2e+11 0.5164
66	0.00066	7.53281e-35	1.45872e-38	7500	2e+11 0.5164
67	0.00067	2.35178e-34	4.55421e-38	7500	2e+11 0.516397
68	0.00068	5.81563e-34	1.12619e-37	7500	2e+11 0.5164
69	0.00069	1.92123e-33	3.72044e-37	7500	2e+11 0.5164
70	0.0007	4.90655e-33	9.50149e-37	7500	2e+11 0.516397
71	0.00071	1.30289e-32	2.52303e-36	7500	2e+11 0.516397
72	0.00072	3.01442e-32	5.8374e-36	7500	2e+11 0.5164
73	0.00073	1.10195e-31	2.13392e-35	7500	2e+11 0.5164
74	0.00074	2.5667e-31	4.97039e-35	7500	2e+11 0.516397
75	0.00075	8.92256e-31	1.72785e-34	7500	2e+11 0.5164
76	0.00076	2.30707e-30	4.46762e-34	7500	2e+11 0.5164
77	0.00077	5.41457e-30	1.04853e-33	7500	2e+11 0.516397
78	0.00078	1.29706e-29	2.51176e-33	7500	2e+11 0.5164
79	0.00079	3.51691e-29	6.81047e-33	7500	2e+11 0.5164
80	0.0008	1.03579e-28	2.00581e-32	7500	2e+11 0.516397
81	0.00081	2.65027e-28	5.13222e-32	7500	2e+11 0.5164
82	0.00082	6.87755e-28	1.33183e-31	7500	2e+11 0.5164
83	0.00083	2.27146e-27	4.39866e-31	7500	2e+11 0.516397
84	0.00084	6.20443e-27	1.20148e-30	7500	2e+11 0.5164
85	0.00085	1.93434e-26	3.74584e-30	7500	2e+11 0.5164
86	0.00086	5.09011e-26	9.85695e-30	7500	2e+11 0.516397
87	0.00087	1.71377e-25	3.3187e-29	7500	2e+11 0.5164
88	0.00088	4.82827e-25	9.34991e-29	7500	2e+11 0.5164
89	0.00089	1.37859e-24	2.66963e-28	7500	2e+11 0.516397
90	0.0009	4.15726e-24	8.05049e-28	7500	2e+11 0.516397
91	0.00091	1.08684e-23	2.10466e-27	7500	2e+11 0.5164
92	0.00092	2.79249e-23	5.40764e-27	7500	2e+11 0.5164
93	0.00093	7.4413e-23	1.441e-26	7500	2e+11 0.516397
94	0.00094	2.1844e-22	4.23008e-26	7500	2e+11 0.5164
95	0.00095	5.70194e-22	1.10418e-25	7500	2e+11 0.5164
96	0.00096	1.45331e-21	2.81432e-25	7500	2e+11 0.516397
97	0.00097	3.91427e-21	7.57995e-25	7500	2e+11 0.516397
98	0.00098	1.03018e-20	1.99494e-24	7500	2e+11 0.5164
99	0.00099	3.05827e-20	5.92232e-24	7500	2e+11 0.5164
100	0.001	7.86175e-20	1.52242e-23	7500	2e+11 0.5164
101	0.00101	2.07235e-19	4.01309e-23	7500	2e+11 0.5164
102	0.00102	5.66388e-19	1.09681e-22	7500	2e+11 0.5164
103	0.00103	1.62226e-18	3.1415e-22	7500	2e+11 0.5164
104	0.00104	4.38039e-18	8.48259e-22	7500	2e+11 0.5164
105	0.00105	1.42101e-17	2.75177e-21	7500	2e+11 0.5164
106	0.00106	3.38656e-17	6.55804e-21	7500	2e+11 0.5164
107	0.00107	9.44334e-17	1.8287e-20	7500	2e+11 0.5164
108	0.00108	2.67755e-16	5.18506e-20	7500	2e+11 0.5164
109	0.00109	7.70066e-16	1.49123e-19	7500	2e+11 0.5164
110	0.0011	1.9657e-15	3.80656e-19	7500	2e+11 0.5164
111	0.00111	5.50938e-15	1.06689e-18	7500	2e+11 0.5164
112	0.00112	1.36778e-14	2.64869e-18	7500	2e+11 0.5164
113	0.00113	3.29678e-14	6.38418e-18	7500	2e+11 0.5164
114	0.00114	1.09639e-13	2.12316e-17	7500	2e+11 0.5164
115	0.00115	2.65536e-13	5.14208e-17	7500	2e+11 0.5164
116	0.00116	7.31575e-13	1.41669e-16	7500	2e+11 0.5164
117	0.00117	1.88107e-12	3.64267e-16	7500	2e+11 0.5164
118	0.00118	5.32286e-12	1.03077e-15	7500	2e+11 0.5164
119	0.00119	1.41608e-11	2.74222e-15	7500	2e+11 0.5164
120	0.0012	4.3044e-11	8.33544e-15	7500	2e+11 0.5164
121	0.00121	1.26021e-10	2.44038e-14	7500	2e+11 0.5164
122	0.00122	2.69165e-10	5.21235e-14	7500	2e+11 0.5164
123	0.00123	9.36163e-10	1.81287e-13	7500	2e+11 0.5164
124	0.00124	2.74845e-09	5.32234e-13	7500	2e+11 0.5164
125	0.00125	7.41434e-09	1.43578e-12	7500	2e+11 0.5164
126	0.00126	2.21937e-08	4.2978e-12	7500	2e+11 0.5164
127	0.00127	6.7795e-08	1.31284e-11	7500	2e+11 0.5164
128	0.00128	1.64976e-07	3.19475e-11	7500	2e+11 0.5164
129	0.00129	4.34574e-07	8.41549e-11	7500	2e+11 0.5164
130	0.0013	1.20321e-06	2.33002e-10	7500	2e+11 0.5164
131	0.00131	3.94841e-06	7.64607e-10	7500	2e+11 0.5164
132	0.00132	9.33131e-06	1.807e-09	7500	2e+11 0.5164
133	0.00133	2.96901e-05	5.74947e-09	7500	2e+11 0.5164
134	0.00134	7.83674e-05	1.51758e-08	7500	2e+11 0.5164
135	0.00135	0.00025845	5.00486e-08	7500	2e+11 0.5164
136	0.00136	0.000690692	1.33752e-07	7500	2e+11 0.5164
137	0.00137	0.00185019	3.58288e-07	7500	2e+11 0.5164
138	0.00138	0.00500426	9.6907e-07	7500	2e+11 0.5164
139	0.00139	0.0122365	2.36959e-06	7500	2e+11 0.5164
140	0.0014	0.0337995	6.54524e-06	7500	2e+11 0.5164
141	0.00141	0.0919889	1.78136e-05	7500	2e+11 0.516394
142	0.00142	0.286085	5.54001e-05	7500	2e+11 0.516388
143	0.00143	0.738285	0.000142968	7500	2e+11 0.51637
144	0.00144	1.7882	0.000346284	7500	2e+11 0.516298
145	0.00145001	3.34715	0.000648173	7500	2e+11 0.516183
146	0.00146001	5.35722	0.00103742	7500	2e+11 0.516015
147	0.00147003	7.74592	0.00149999	7500	2e+11 0.515811
148	0.00148004	10.4345	0.00202063	7500	2e+11 0.515566
149	0.00149006	13.3433	0.00258392	7500	2e+11 0.51529
150	0.00150009	16.3943	0.00317475	7500	2e+11 0.515003
151	0.00151012	19.5133	0.00377873	7500	2e+11 0.514698
152	0.00152016	22.6321	0.00438269	7500	2e+11 0.514376
153	0.00153021	25.6902	0.00497489	7500	2e+11 0.514084
154	0.00154026	28.6356	0.00554526	7500	2e+11 0.513762
155	0.00155032	31.4245	0.00608533	7500	2e+11 0.513495
156	0.00156038	34.024	0.00658871	7500	2e+11 0.513197
157	0.00157044	36.4094	0.00705066	7500	2e+11 0.512966
158	0.00158052	38.5655	0.00746818	7500	2e+11 0.512723
159	0.00159059	40.4861	0.00784009	7500	2e+11 0.512504
160	0.00160067	42.1719	0.00816655	7500	2e+11 0.512344
161	0.00161075	43.631	0.0084491	7500	2e+11 0.512167
162	0.00162084	44.876	0.0086902	7500	2e+11 0.512048
163	0.00163093	45.9236	0.00889307	7500	2e+11 0.511918
164	0.00164102	46.7932	0.00906147	7500	2e+11 0.511794
165	0.00165111	47.505	0.00919931	7500	2e+11 0.511717
166	0.0016612	48.0799	0.00931063	7500	2e+11 0.511682
167	0.00167129	48.5384	0.00939942	7500	2e+11 0.511617
168	0.00168139	48.8994	0.00946934	7500	2e+11 0.511552
169	0.00169148	49.1801	0.00952369	7500	2e+11 0.511546
170	0.00170158	49.3957	0.00956543	7500	2e+11 0.511546
171	0.00171167	49.5593	0.00959712	7500	2e+11 0.511487
172	0.00172177	49.6821	0.0096209	7500	2e+11 0.511458
173	0.00173187	49.7732	0.00963853	7500	2e+11 0.511458
174	0.00174196	49.8399	0.00965146	7500	2e+11 0.51147
175	0.00175206	49.8884	0.00966085	7500	2e+11 0.51147
176	0.00176216	49.9232	0.00966758	7500	2e+11 0.511446
177	0.00177226	49.9479	0.00967237	7500	2e+11 0.511446
178	0.00178235	49.9653	0.00967574	7500	2e+11 0.511446
179	0.00179245	49.9774	0.00967809	7500	2e+11 0.511464
180	0.00180255	49.9858	0.0096797	7500	2e+11 0.511464
181	0.00181264	49.9915	0.00968081	7500	2e+11 0.51144
182	0.00182274	49.9954	0.00968156	7500	2e+11 0.511434
183	0.00183284	49.9979	0.00968206	7500	2e+11 0.51144
184	0.00184293	49.9996	0.00968239	7500	2e+11 0.51144
185	0.00185303	50.0008	0.00968261	7500	2e+11 0.511422
186	0.00186313	50.0015	0.00968275	7500	2e+11 0.511428
187	0.00187323	50.002	0.00968284	7500	2e+11 0.511446
188	0.00188332	50.0023	0.0096829	7500	2e+11 0.511446
189	0.00189342	50.0025	0.00968294	7500	2e+11 0.511434
190	0.00190352	50.0025	0.00968295	7500	2e+11 0.511422
191	0.00191362	50.0026	0.00968296	7500	2e+11 0.511422
192	0.00192371	50.0026	0.00968296	7500	2e+11 0.511446
193	0.00193381	50.0026	0.00968296	7500	2e+11 0.511446
194	0.00194391	50.0026	0.00968296	7500	2e+11 0.511428
195	0.001954	50.0026	0.00968296	7500	2e+11 0.511428
196	0.0019641	50.0026	0.00968296	7500	2e+11 0.511464
197	0.0019742	50.0026	0.00968296	7500	2e+11 0.511464
198	0.0019843	50.0026	0.00968296	7500	2e+11 0.511405
199	0.00199439	50.0026	0.00968296	7500	2e+11 0.511464
200	0.00200449	50.0026	0.00968296	7500	2e+11 0.511464
201	0.00201459	50.0026	0.00968296	7500	2e+11 0.511476
202	0.00202469	50.0026	0.00968296	7500	2e+11 0.511476
203	0.00203478	50.0026	0.00968296	7500	2e+11 0.511428
204	0.00204488	50.0026	0.00968296	7500	2e+11 0.511452
205	0.00205498	50.0026	0.00968296	7500	2e+11 0.511452
206	0.00206508	50.0026	0.00968296	7500	2e+11 0.51144
207	0.00207517	50.0026	0.00968296	7500	2e+11 0.511452
208	0.00208527	50.0026	0.00968296	7500	2e+11 0.511452
209	0.00209537	50.0026	0.00968296	7500	2e+11 0.511428
210	0.00210546	50.0026	0.00968296	7500	2e+11 0.511405
211	0.00211556	50.0026	0.00968296	7500	2e+11 0.51144
212	0.00212566	50.0026	0.00968296	7500	2e+11 0.511464
213	0.00213575	50.0026	0.00968296	7500	2e+11 0.511464
214	0.00214585	50.0026	0.00968296	7500	2e+11 0.511428
215	0.00215595	50.0026	0.00968296	7500	2e+11 0.511428
216	0.00216605	50.0026	0.00968296	7500	2e+11 0.511452
217	0.00217614	50.0026	0.00968296	7500	2e+11 0.511452
218	0.00218624	50.0026	0.00968296	7500	2e+11 0.511476
219	0.00219634	50.0026	0.00968296	7500	2e+11 0.511476
220	0.00220644	50.0026	0.00968296	7500	2e+11 0.51144
221	0.00221653	50.0026	0.00968295	7500	2e+11 0.51144
222	0.00222663	50.0025	0.00968295	7500	2e+11 0.51144
223	0.00223673	50.0025	0.00968295	7500	2e+11 0.511487
224	0.00224682	50.0025	0.00968295	7500	2e+11 0.511487
225	0.00225692	50.0025	0.00968295	7500	2e+11 0.511393
226	0.00226702	50.0025	0.00968294	7500	2e+11 0.511428
227	0.00227712	50.0025	0.00968294	7500	2e+11 0.511499
228	0.00228721	50.0025	0.00968294	7500	2e+11 0.511499
229	0.00229731	50.0025	0.00968294	7500	2e+11 0.511405
230	0.00230741	50.0025	0.00968294	7500	2e+11 0.511428
231	0.00231751	50.0025	0.00968294	7500	2e+11 0.511428
232	0.0023276	50.0025	0.00968294	7500	2e+11 0.511428
233	0.0023377	50.0025	0.00968294	7500	2e+11 0.511499
234	0.0023478	50.0025	0.00968294	7500	2e+11 0.511499
235	0.00235789	50.0025	0.00968294	7500	2e+11 0.511428
236	0.00236799	50.0024	0.00968293	7500	2e+11 0.511428
237	0.00237809	50.0023	0.0096829	7500	2e+11 0.511428
238	0.00238819	50.0019	0.00968283	7500	2e+11 0.51144
239	0.00239828	50.0008	0.00968261	7500	2e+11 0.51144
240	0.00240838	49.9982	0.00968211	7500	2e+11 0.511476
241	0.00241848	49.9909	0.0096807	7500	2e+11 0.511476
242	0.00242858	49.9645	0.00967559	7500	2e+11 0.511428
243	0.00243867	49.9035	0.00966378	7500	2e+11 0.511499
244	0.00244877	49.7475	0.00963357	7500	2e+11 0.511499
245	0.00245887	49.2698	0.00954105	7500	2e+11 0.511523
246	0.00246896	47.8906	0.00927397	7500	2e+11 0.5117
247	0.00247905	45.4539	0.00880212	7500	2e+11 0.511924
248	0.00248914	42.1465	0.00816164	7500	2e+11 0.512326
249	0.00249922	38.2064	0.00739864	7500	2e+11 0.512705
250	0.00250929	33.8912	0.006563	7500	2e+11 0.51312
251	0.00251936	29.4502	0.00570301	7500	2e+11 0.513584
252	0.00252941	25.1015	0.00486088	7500	2e+11 0.513965
253	0.00253946	21.0119	0.00406893	7500	2e+11 0.514346
254	0.0025495	17.2932	0.00334882	7500	2e+11 0.514824
255	0.00255953	14.0129	0.00271358	7500	2e+11 0.515027
256	0.00256956	11.1918	0.00216729	7500	2e+11 0.515338
257	0.00257958	8.81842	0.00170768	7500	2e+11 0.515554
258	0.00258959	6.86093	0.00132861	7500	2e+11 0.515745
259	0.0025996	5.27511	0.00102152	7500	2e+11 0.515937
260	0.00260961	4.01057	0.000776644	7500	2e+11 0.515937
261	0.00261962	3.0163	0.000584105	7500	2e+11 0.516177
262	0.00262963	2.24549	0.000434836	7500	2e+11 0.516177
263	0.00263963	1.65493	0.000320476	7500	2e+11 0.516262
264	0.00264963	1.20777	0.000233883	7500	2e+11 0.516322
265	0.00265964	0.873214	0.000169097	7500	2e+11 0.516322
266	0.00266964	0.625537	0.000121135	7500	2e+11 0.516334
267	0.00267964	0.444136	8.60065e-05	7500	2e+11 0.516418
268	0.00268964	0.31254	6.05231e-05	7500	2e+11 0.516418
269	0.00269964	0.217958	4.22074e-05	7500	2e+11 0.51637
270	0.00270964	0.150621	2.91676e-05	7500	2e+11 0.516346
271	0.00271964	0.103162	1.99772e-05	7500	2e+11 0.51649
272	0.00272964	0.0700906	1.3573e-05	7500	2e+11 0.51649
273	0.00273964	0.0472401	9.148e-06	7500	2e+11 0.516382
274	0.00274964	0.0315801	6.11545e-06	7500	2e+11 0.51643
275	0.00275964	0.0209418	4.05536e-06	7500	2e+11 0.51643
276	0.00276964	0.0137775	2.668e-06	7500	2e+11 0.51637
277	0.00277964	0.00898943	1.7408e-06	7500	2e+11 0.516394
278	0.00278964	0.00582139	1.12731e-06	7500	2e+11 0.516394
279	0.00279964	0.00373989	7.24226e-07	7500	2e+11 0.516454
280	0.00280964	0.00238356	4.61575e-07	7500	2e+11 0.516454
281	0.00281964	0.00150622	2.91678e-07	7500	2e+11 0.516406
282	0.00282964	0.000944624	1.82926e-07	7500	2e+11 0.51643
283	0.00283964	0.000588336	1.13931e-07	7500	2e+11 0.51643
284	0.00284964	0.000363379	7.03681e-08	7500	2e+11 0.51643
285	0.00285964	0.000222852	4.31552e-08	7500	2e+11 0.51643
286	0.00286964	0.000135596	2.6258e-08	7500	2e+11 0.51637
287	0.00287964	8.19238e-05	1.58645e-08	7500	2e+11 0.51643
288	0.00288964	4.91503e-05	9.51792e-09	7500	2e+11 0.51643
289	0.00289964	2.92354e-05	5.66142e-09	7500	2e+11 0.516418
290	0.00290964	1.72737e-05	3.34503e-09	7500	2e+11 0.516418
291	0.00291964	1.01257e-05	1.96083e-09	7500	2e+11 0.516394
292	0.00292964	5.8988e-06	1.1423e-09	7500	2e+11 0.516418
293	0.00293964	3.40868e-06	6.60087e-10	7500	2e+11 0.516418
294	0.00294964	1.95619e-06	3.78815e-10	7500	2e+11 0.516466
295	0.00295964	1.11585e-06	2.16084e-10	7500	2e+11 0.516466
296	0.00296965	6.32048e-07	1.22396e-10	7500	2e+11 0.516466
297	0.00297964	3.55324e-07	6.88082e-11	7500	2e+11 0.516466
298	0.00298964	1.98341e-07	3.84085e-11	7500	2e+11 0.516454
299	0.00299964	1.09866e-07	2.12755e-11	7500	2e+11 0.516406
300	0.00300964	6.04416e-08	1.17045e-11	7500	2e+11 0.51643
301	0.00301964	3.3058e-08	6.40165e-12	7500	2e+11 0.51643
302	0.00302964	1.79647e-08	3.47885e-12	7500	2e+11 0.516382
303	0.00303964	9.6855e-09	1.87559e-12	7500	2e+11 0.51643
304	0.00304964	5.19202e-09	1.00543e-12	7500	2e+11 0.51643
305	0.00305965	2.76586e-09	5.35607e-13	7500	2e+11 0.516478
306	0.00306964	1.4612e-09	2.82961e-13	7500	2e+11 0.516478
307	0.00307964	7.67135e-10	1.48555e-13	7500	2e+11 0.51637
308	0.00308964	4.00606e-10	7.7577e-14	7500	2e+11 0.516442
309	0.00309964	2.0787e-10	4.02539e-14	7500	2e+11 0.516442
310	0.00310965	1.06938e-10	2.07085e-14	7500	2e+11 0.516454
311	0.00311964	5.4713e-11	1.05951e-14	7500	2e+11 0.516454
312	0.00312964	2.78024e-11	5.38391e-15	7500	2e+11 0.516442
313	0.00313964	1.40437e-11	2.71955e-15	7500	2e+11 0.516442
314	0.00314964	7.05423e-12	1.36605e-15	7500	2e+11 0.516382
315	0.00315964	3.51731e-12	6.81125e-16	7500	2e+11 0.516382
316	0.00316965	1.73933e-12	3.36819e-16	7500	2e+11 0.516406
317	0.00317964	8.56373e-13	1.65836e-16	7500	2e+11 0.516406
318	0.00318965	4.18744e-13	8.10895e-17	7500	2e+11 0.516394
319	0.00319965	2.03193e-13	3.93481e-17	7500	2e+11 0.51643
320	0.00320964	9.80992e-14	1.89968e-17	7500	2e+11 0.51643
321	0.00321964	4.70886e-14	9.11867e-18	7500	2e+11 0.516418
322	0.00322964	2.24677e-14	4.35084e-18	7500	2e+11 0.516382
323	0.00323964	1.06631e-14	2.0649e-18	7500	2e+11 0.516406
324	0.00324964	5.0258e-15	9.73241e-19	7500	2e+11 0.516406
325	0.00325964	2.35108e-15	4.55285e-19	7500	2e+11 0.516406
326	0.00326965	1.09176e-15	2.11419e-19	7500	2e+11 0.516454
327	0.00327964	5.04836e-16	9.7761e-20	7500	2e+11 0.516454
328	0.00328964	2.31973e-16	4.49215e-20	7500	2e+11 0.516382
329	0.00329965	1.0574e-16	2.04764e-20	7500	2e+11 0.516478
330	0.00330964	4.79524e-17	9.28593e-21	7500	2e+11 0.516478
331	0.00331964	2.16051e-17	4.1838e-21	7500	2e+11 0.51643
332	0.00332964	9.66709e-18	1.87202e-21	7500	2e+11 0.516346
333	0.00333965	4.29785e-18	8.32276e-22	7500	2e+11 0.516454
334	0.00334964	1.90262e-18	3.68441e-22	7500	2e+11 0.516454
335	0.00335965	8.37528e-19	1.62187e-22	7500	2e+11 0.516394
336	0.00336965	3.6659e-19	7.09898e-23	7500	2e+11 0.516394
337	0.00337965	1.59621e-19	3.09105e-23	7500	2e+11 0.516406
338	0.00338965	6.91245e-20	1.33859e-23	7500	2e+11 0.51649
339	0.00339964	2.96746e-20	5.74646e-24	7500	2e+11 0.51649
340	0.00340965	1.26821e-20	2.45587e-24	7500	2e+11 0.516382
341	0.00341965	5.39252e-21	1.04426e-24	7500	2e+11 0.516382
342	0.00342965	2.2731e-21	4.40183e-25	7500	2e+11 0.516418
343	0.00343965	9.52578e-22	1.84466e-25	7500	2e+11 0.516418
344	0.00344965	3.97173e-22	7.69122e-26	7500	2e+11 0.516454
345	0.00345964	1.64512e-22	3.18577e-26	7500	2e+11 0.516454
346	0.00346965	6.7865e-23	1.3142e-26	7500	2e+11 0.516382
347	0.00347965	2.77863e-23	5.38079e-27	7500	2e+11 0.516382
348	0.00348965	1.12872e-23	2.18576e-27	7500	2e+11 0.516442
349	0.00349965	4.56717e-24	8.84429e-28	7500	2e+11 0.516442
350	0.00350965	1.83882e-24	3.56085e-28	7500	2e+11 0.516406
351	0.00351965	7.37298e-25	1.42777e-28	7500	2e+11 0.516454
352	0.00352965	2.93635e-25	5.68621e-29	7500	2e+11 0.516454
353	0.00353965	1.16331e-25	2.25273e-29	7500	2e+11 0.516406
354	0.00354965	4.57729e-26	8.86388e-30	7500	2e+11 0.516406
355	0.00355965	1.78984e-26	3.46601e-30	7500	2e+11 0.516394
356	0.00356965	6.96085e-27	1.34796e-30	7500	2e+11 0.51643
357	0.00357965	2.68609e-27	5.20159e-31	7500	2e+11 0.51643
358	0.00358965	1.03004e-27	1.99466e-31	7500	2e+11 0.516466
359	0.00359965	3.93573e-28	7.62152e-32	7500	2e+11 0.516466
360	0.00360965	1.49837e-28	2.90159e-32	7500	2e+11 0.516406
361	0.00361965	5.65056e-29	1.09423e-32	7500	2e+11 0.516406
362	0.00362965	2.1194e-29	4.10419e-33	7500	2e+11 0.51643
363	0.00363965	7.92393e-30	1.53446e-33	7500	2e+11 0.51643
364	0.00364965	2.93926e-30	5.69186e-34	7500	2e+11 0.516418
365	0.00365965	1.08423e-30	2.0996e-34	7500	2e+11 0.51643
366	0.00366965	3.97044e-31	7.68872e-35	7500	2e+11 0.51643
367	0.00367965	1.44434e-31	2.79696e-35	7500	2e+11 0.516502
368	0.00368965	5.23012e-32	1.01281e-35	7500	2e+11 0.516502
369	0.00369965	1.88707e-32	3.6543e-36	7500	2e+11 0.516382
370	0.00370965	6.76132e-33	1.30932e-36	7500	2e+11 0.51643
371	0.00371965	2.40808e-33	4.66323e-37	7500	2e+11 0.51643
372	0.00372965	8.55248e-34	1.65618e-37	7500	2e+11 0.516406
373	0.00373965	3.02003e-34	5.84827e-38	7500	2e+11 0.51637
374	0.00374965	1.0598e-34	2.05229e-38	7500	2e+11 0.516442
375	0.00375965	3.68669e-35	7.13924e-39	7500	2e+11 0.516442
376	0.00376965	1.27413e-35	2.46735e-39	7500	2e+11 0.516442
377	0.00377965	4.37267e-36	8.46764e-40	7500	2e+11 0.516442
378	0.00378965	1.49097e-36	2.88725e-40	7500	2e+11 0.516394
379	0.00379965	5.07313e-37	9.82408e-41	7500	2e+11 0.516442
380	0.00380965	1.72093e-37	3.33257e-41	7500	2e+11 0.516442
381	0.00381965	5.78034e-38	1.11936e-41	7500	2e+11 0.516454
382	0.00382965	1.92991e-38	3.73726e-42	7500	2e+11 0.516454
383	0.00383965	6.37516e-39	1.23454e-42	7500	2e+11 0.516394
384	0.00384965	2.09128e-39	4.04975e-43	7500	2e+11 0.516442
385	0.00385965	6.72974e-40	1.30321e-43	7500	2e+11 0.516442
386	0.00386965	1.95379e-40	3.78351e-44	7500	2e+11 0.516394
387	0.00387965	5.06541e-41	9.80909e-45	7500	2e+11 0.516394
388	0.00388965	7.23631e-42	1.4013e-45	7500	2e+11 0.516382
389	0.00389965	0	0	7500	2e+11 0.516947
390	0.00390964	0	0	7500	2e+11 0.517551
391	0.00391962	0	0	7500	2e+11 0.517551
392	0.00392961	0	0	7500	2e+11 0.516514
393	0.00393962	0	0	7500	2e+11 0.51649
394	0.00394961	0	0	7500	2e+11 0.51649
395	0.00395962	0	0	7500	2e+11 0.51637
396	0.00396962	0	0	7500	2e+11 0.51637
397	0.00397962	0	0	7500	2e+11 0.516466
398	0.00398962	0	0	7500	2e+11 0.516466
399	0.00399962	0	0	7500	2e+11 0.516466
400	0.00400962	0	0	7500	2e+11 0.51649
401	0.00401961	0	0	7500	2e+11 0.51649
402	0.00402961	0	0	7500	2e+11 0.51637
403	0.00403962	0	0	7500	2e+11 0.51649
404	0.00404961	0	0	7500	2e+11 0.51649
405	0.00405961	0	0	7500	2e+11 0.516442
406	0.00406962	0	0	7500	2e+11 0.516466
407	0.00407961	0	0	7500	2e+11 0.516466
408	0.00408961	0	0	7500	2e+11 0.516394
409	0.00409961	0	0	7500	2e+11 0.516394
410	0.00410962	0	0	7500	2e+11 0.516394
411	0.00411962	0	0	7500	2e+11 0.516394
412	0.00412962	0	0	7500	2e+11 0.516442
413	0.00413961	0	0	7500	2e+11 0.516442
414	0.00414962	0	0	7500	2e+11 0.516394
415	0.00415962	0	0	7500	2e+11 0.516394
416	0.00416962	0	0	7500	2e+11 0.516418
417	0.00417962	0	0	7500	2e+11 0.516514
418	0.00418961	0	0	7500	2e+11 0.516514
419	0.00419961	0	0	7500	2e+11 0.51637
420	0.00420962	0	0	7500	2e+11 0.516346
421	0.00421962	0	0	7500	2e+11 0.51649
422	0.00422961	0	0	7500	2e+11 0.51649
423	0.00423962	0	0	7500	2e+11 0.516394
424	0.00424962	0	0	7500	2e+11 0.516418
425	0.00425962	0	0	7500	2e+11 0.516418
426	0.00426962	0	0	7500	2e+11 0.516442
427	0.00427962	0	0	7500	2e+11 0.516442
428	0.00428962	0	0	7500	2e+11 0.516418
429	0.00429962	0	0	7500	2e+11 0.516394
430	0.00430962	0	0	7500	2e+11 0.516562
431	0.00431961	0	0	7500	2e+11 0.516562
432	0.00432961	0	0	7500	2e+11 0.51637
433	0.00433961	0	0	7500	2e+11 0.51637
434	0.00434962	0	0	7500	2e+11 0.516394
435	0.00435962	0	0	7500	2e+11 0.516394
436	0.00436962	0	0	7500	2e+11 0.516466
437	0.00437961	0	0	7500	2e+11 0.516466
438	0.00438961	0	0	7500	2e+11 0.51637
439	0.00439962	0	0	7500	2e+11 0.516514
440	0.00440961	0	0	7500	2e+11 0.516514
441	0.00441961	0	0	7500	2e+11 0.516394
442	0.00442961	0	0	7500	2e+11 0.516418
443	0.00443961	0	0	7500	2e+11 0.516418
444	0.00444962	0	0	7500	2e+11 0.516418
445	0.00445962	0	0	7500	2e+11 0.516418
446	0.00446962	0	0	7500	2e+11 0.516394
447	0.00447962	0	0	7500	2e+11 0.51649
448	0.00448962	0	0	7500	2e+11 0.51649
449	0.00449961	0	0	7500	2e+11 0.516418
450	0.00450962	0	0	7500	2e+11 0.516514
451	0.00451961	0	0	7500	2e+11 0.516514
452	0.00452961	0	0	7500	2e+11 0.516418
453	0.00453962	0	0	7500	2e+11 0.516466
454	0.00454961	0	0	7500	2e+11 0.516514
455	0.00455961	0	0	7500	2e+11 0.516514
456	0.00456962	0	0	7500	2e+11 0.516442
457	0.00457962	0	0	7500	2e+11 0.516442
458	0.00458962	0	0	7500	2e+11 0.516394
459	0.00459962	0	0	7500	2e+11 0.51649
460	0.00460961	0	0	7500	2e+11 0.51649
461	0.00461961	0	0	7500	2e+11 0.516442
462	0.00462962	0	0	7500	2e+11 0.516394
463	0.00463962	0	0	7500	2e+11 0.51649
464	0.00464961	0	0	7500	2e+11 0.51649
465	0.00465961	0	0	7500	2e+11 0.516442
466	0.00466961	0	0	7500	2e+11 0.516394
467	0.00467961	0	0	7500	2e+11 0.516466
468	0.00468961	0	0	7500	2e+11 0.516466
469	0.00469962	0	0	7500	2e+11 0.516466
470	0.00470961	0	0	7500	2e+11 0.516466
471	0.00471962	0	0	7500	2e+11 0.516346
472	0.00472962	0	0	7500	2e+11 0.51661
473	0.00473961	0	0	7500	2e+11 0.51661
474	0.00474961	0	0	7500	2e+11 0.516394
475	0.00475961	0	0	7500	2e+11 0.516346
476	0.00476961	0	0	7500	2e+11 0.516394
477	0.00477961	0	0	7500	2e+11 0.516538
478	0.00478961	0	0	7500	2e+11 0.516538
479	0.00479961	0	0	7500	2e+11 0.516346
480	0.00480961	0	0	7500	2e+11 0.516442
481	0.00481961	0	0	7500	2e+11 0.516442
482	0.00482961	0	0	7500	2e+11 0.516418
483	0.00483961	0	0	7500	2e+11 0.516442
484	0.00484961	0	0	7500	2e+11 0.516442
485	0.00485961	0	0	7500	2e+11 0.516442
486	0.00486961	0	0	7500	2e+11 0.516442
487	0.00487961	0	0	7500	2e+11 0.516466
488	0.00488961	0	0	7500	2e+11 0.516466
489	0.00489962	0	0	7500	2e+11 0.516442
490	0.00490962	0	0	7500	2e+11 0.51649
491	0.00491961	0	0	7500	2e+11 0.51649
492	0.00492961	0	0	7500	2e+11 0.516418
493	0.00493961	0	0	7500	2e+11 0.516418
494	0.00494961	0	0	7500	2e+11 0.516418
495	0.00495961	0	0	7500	2e+11 0.516538
496	0.00496961	0	0	7500	2e+11 0.516538
497	0.00497961	0	0	7500	2e+11 0.516442
498	0.00498961	0	0	7500	2e+11 0.516394
499	0.00499961	0	0	7500	2e+11 0.516418
500	0.00500961	0	0	7500	2e+11 0.516442
501	0.00501961	0	0	7500	2e+11 0.516442
502	0.00502961	0	0	7500	2e+11 0.516418
503	0.00503961	0	0	7500	2e+11 0.516418
504	0.00504961	0	0	7500	2e+11 0.516418
505	0.00505961	0	0	7500	2e+11 0.516418
506	0.00506961	0	0	7500	2e+11 0.516586
507	0.00507961	0	0	7500	2e+11 0.516586
508	0.00508961	0	0	7500	2e+11 0.51637
509	0.00509961	0	0	7500	2e+11 0.516394
510	0.00510961	0	0	7500	2e+11 0.516394
511	0.00511961	0	0	7500	2e+11 0.516442
512	0.00512961	0	0	7500	2e+11 0.516442
513	0.00513961	0	0	7500	2e+11 0.516466
514	0.00514961	0	0	7500	2e+11 0.516466
515	0.00515961	0	0	7500	2e+11 0.516514
516	0.00516961	0	0	7500	2e+11 0.516514
517	0.00517961	0	0	7500	2e+11 0.516418
518	0.00518961	0	0	7500	2e+11 0.516394
519	0.00519961	0	0	7500	2e+11 0.516442
520	0.00520961	0	0	7500	2e+11 0.51649
521	0.00521961	0	0	7500	2e+11 0.51649
522	0.00522961	0	0	7500	2e+11 0.516418
523	0.00523961	0	0	7500	2e+11 0.516418
524	0.00524961	0	0	7500	2e+11 0.51649
525	0.00525961	0	0	7500	2e+11 0.51649
526	0.00526961	0	0	7500	2e+11 0.516418
527	0.00527961	0	0	7500	2e+11 0.516562
528	0.00528961	0	0	7500	2e+11 0.516562
529	0.00529961	0	0	7500	2e+11 0.516466
530	0.00530961	0	0	7500	2e+11 0.516466
531	0.00531961	0	0	7500	2e+11 0.516442
532	0.00532961	0	0	7500	2e+11 0.516442
533	0.00533961	0	0	7500	2e+11 0.516394
534	0.00534961	0	0	7500	2e+11 0.516466
535	0.00535961	0	0	7500	2e+11 0.516466
536	0.00536961	0	0	7500	2e+11 0.516418
537	0.00537961	0	0	7500	2e+11 0.516466
538	0.00538961	0	0	7500	2e+11 0.516466
539	0.00539961	0	0	7500	2e+11 0.516466
540	0.00540961	0	0	7500	2e+11 0.516466
541	0.00541961	0	0	7500	2e+11 0.516394
542	0.00542961	0	0	7500	2e+11 0.51649
543	0.00543961	0	0	7500	2e+11 0.51649
544	0.00544961	0	0	7500	2e+11 0.51637
545	0.00545961	0	0	7500	2e+11 0.51649
546	0.00546961	0	0	7500	2e+11 0.51649
547	0.00547961	0	0	7500	2e+11 0.516418
548	0.00548961	0	0	7500	2e+11 0.516418
549	0.00549961	0	0	7500	2e+11 0.516538
550	0.00550961	0	0	7500	2e+11 0.516538
551	0.00551961	0	0	7500	2e+11 0.516394
552	0.00552961	0	0	7500	2e+11 0.516442
553	0.00553961	0	0	7500	2e+11 0.516442
554	0.00554961	0	0	7500	2e+11 0.51637
555	0.00555961	0	0	7500	2e+11 0.516418
556	0.00556961	0	0	7500	2e+11 0.516418
557	0.00557961	0	0	7500	2e+11 0.516466
558	0.00558961	0	0	7500	2e+11 0.516466
559	0.00559961	0	0	7500	2e+11 0.516514
560	0.0056096	0	0	7500	2e+11 0.516514
561	0.0056196	0	0	7500	2e+11 0.516418
562	0.00562961	0	0	7500	2e+11 0.516346
563	0.00563961	0	0	7500	2e+11 0.51649
564	0.00564961	0	0	7500	2e+11 0.51649
565	0.00565961	0	0	7500	2e+11 0.516466
566	0.0056696	0	0	7500	2e+11 0.516466
567	0.0056796	0	0	7500	2e+11 0.516442
568	0.00568961	0	0	7500	2e+11 0.516442
569	0.0056996	0	0	7500	2e+11 0.516466
570	0.0057096	0	0	7500	2e+11 0.516514
571	0.0057196	0	0	7500	2e+11 0.516514
572	0.0057296	0	0	7500	2e+11 0.51637
573	0.0057396	0	0	7500	2e+11 0.516514
574	0.0057496	0	0	7500	2e+11 0.516514
575	0.0057596	0	0	7500	2e+11 0.516418
576	0.0057696	0	0	7500	2e+11 0.516514
577	0.0057796	0	0	7500	2e+11 0.516514
578	0.0057896	0	0	7500	2e+11 0.516394
579	0.0057996	0	0	7500	2e+11 0.51649
580	0.0058096	0	0	7500	2e+11 0.51649
581	0.0058196	0	0	7500	2e+11 0.516394
582	0.0058296	0	0	7500	2e+11 0.516418
583	0.0058396	0	0	7500	2e+11 0.516418
584	0.0058496	0	0	7500	2e+11 0.516394
585	0.0058596	0	0	7500	2e+11 0.51637
586	0.0058696	0	0	7500	2e+11 0.516442
587	0.0058796	0	0	7500	2e+11 0.516538
588	0.0058896	0	0	7500	2e+11 0.516538
589	0.0058996	0	0	7500	2e+11 0.51649
590	0.0059096	0	0	7500	2e+11 0.51649
591	0.0059196	0	0	7500	2e+11 0.516418
592	0.0059296	0	0	7500	2e+11 0.516418
593	0.0059396	0	0	7500	2e+11 0.516466
594	0.0059496	0	0	7500	2e+11 0.51649
595	0.0059596	0	0	7500	2e+11 0.51649
596	0.0059696	0	0	7500	2e+11 0.516394
597	0.0059796	0	0	7500	2e+11 0.51649
598	0.0059896	0	0	7500	2e+11 0.51649
599	0.0059996	0	0	7500	2e+11 0.516394
600	0.0060096	0	0	7500	2e+11 0.51649
601	0.00601959	0	0	7500	2e+11 0.51649
602	0.00602959	0	0	7500	2e+11 0.51649
603	0.00603959	0	0	7500	2e+11 0.51649
604	0.00604959	0	0	7500	2e+11 0.516442
605	0.00605959	0	0	7500	2e+11 0.516466
606	0.00606959	0	0	7500	2e+11 0.516466
607	0.00607959	0	0	7500	2e+11 0.51649
608	0.00608959	0	0	7500	2e+11 0.51649
609	0.00609959	0	0	7500	2e+11 0.51649
610	0.00610959	0	0	7500	2e+11 0.51649
611	0.00611959	0	0	7500	2e+11 0.516418
612	0.00612959	0	0	7500	2e+11 0.516418
613	0.00613959	0	0	7500	2e+11 0.51649
614	0.00614959	0	0	7500	2e+11 0.51649
615	0.00615959	0	0	7500	2e+11 0.516466
616	0.00616959	0	0	7500	2e+11 0.516466
617	0.00617959	0	0	7500	2e+11 0.516418
618	0.00618958	0	0	7500	2e+11 0.516538
619	0.00619958	0	0	7500	2e+11 0.516538
620	0.00620958	0	0	7500	2e+11 0.516442
621	0.00621958	0	0	7500	2e+11 0.516442
622	0.00622958	0	0	7500	2e+11 0.516514
623	0.00623958	0	0	7500	2e+11 0.516514
624	0.00624958	0	0	7500	2e+11 0.516442
625	0.00625958	0	0	7500	2e+11 0.516442
626	0.00626958	0	0	7500	2e+11 0.51649
627	0.00627958	0	0	7500	2e+11 0.51649
628	0.00628958	0	0	7500	2e+11 0.516418
629	0.00629958	0	0	7500	2e+11 0.516466
630	0.00630957	0	0	7500	2e+11 0.516514
631	0.00631957	0	0	7500	2e+11 0.516514
632	0.00632957	0	0	7500	2e+11 0.51661
633	0.00633957	0	0	7500	2e+11 0.51661
634	0.00634957	0	0	7500	2e+11 0.516514
635	0.00635957	0	0	7500	2e+11 0.516514
636	0.00636957	0	0	7500	2e+11 0.516514
637	0.00637956	0	0	7500	2e+11 0.516538
638	0.00638956	0	0	7500	2e+11 0.516538
639	0.00639956	0	0	7500	2e+11 0.516586
640	0.00640956	0	0	7500	2e+11 0.516586
641	0.00641956	0	0	7500	2e+11 0.516562
642	0.00642955	0	0	7500	2e+11 0.516731
643	0.00643955	0	0	7500	2e+11 0.516731
644	0.00644955	0	0	7500	2e+11 0.516707
645	0.00645954	0	0	7500	2e+11 0.516707
646	0.00646954	0	0	7500	2e+11 0.516731
647	0.00647953	0	0	7500	2e+11 0.516731
648	0.00648952	0	0	7500	2e+11 0.516851
649	0.00649952	0	0	7500	2e+11 0.517164
650	0.0065095	0	0	7500	2e+11 0.517164
651	0.00651956	-2.34528e-38	-4.54161e-42	7500	2e+11 0.51702
652	0.00652955	-1.05447e-37	-2.04197e-41	7500	2e+11 0.51702
653	0.00653954	-2.30989e-37	-4.47308e-41	7500	2e+11 0.516779
654	0.00654954	-3.81511e-37	-7.38793e-41	7500	2e+11 0.516658
655	0.00655953	-5.28139e-37	-1.02274e-40	7500	2e+11 0.516634
656	0.00656953	-6.41879e-37	-1.24299e-40	7500	2e+11 0.516634
657	0.00657953	-7.23823e-37	-1.40168e-40	7500	2e+11 0.516538
658	0.00658952	-7.23989e-37	-1.402e-40	7500	2e+11 0.516658
659	0.00659952	-2.89489e-36	-5.60594e-40	7500	2e+11 0.516658
660	0.00660952	-9.40971e-36	-1.82218e-39	7500	2e+11 0.516538
661	0.00661952	-2.82496e-35	-5.47051e-39	7500	2e+11 0.516538
662	0.00662951	-7.86593e-35	-1.52323e-38	7500	2e+11 0.516514
663	0.00663951	-2.11288e-34	-4.09157e-38	7500	2e+11 0.516514
664	0.00664951	-5.07589e-34	-9.82941e-38	7500	2e+11 0.51637
665	0.00665951	-1.36069e-33	-2.63497e-37	7500	2e+11 0.51637
666	0.00666951	-3.59834e-33	-6.96816e-37	7500	2e+11 0.516394
667	0.00667951	-1.02182e-32	-1.97874e-36	7500	2e+11 0.516562
668	0.00668951	-3.33301e-32	-6.45435e-36	7500	2e+11 0.516562
669	0.00669951	-7.50761e-32	-1.45384e-35	7500	2e+11 0.516418
670	0.00670951	-2.624e-31	-5.08136e-35	7500	2e+11 0.51649
671	0.00671951	-7.70169e-31	-1.49143e-34	7500	2e+11 0.51649
672	0.00672951	-2.3955e-30	-4.63886e-34	7500	2e+11 0.51637
673	0.00673951	-6.17683e-30	-1.19614e-33	7500	2e+11 0.516538
674	0.00674951	-1.69567e-29	-3.28364e-33	7500	2e+11 0.516538
675	0.00675951	-3.38203e-29	-6.54928e-33	7500	2e+11 0.51637
676	0.00676951	-1.01409e-28	-1.96378e-32	7500	2e+11 0.51637
677	0.00677951	-2.52646e-28	-4.89246e-32	7500	2e+11 0.516442
678	0.00678951	-7.245e-28	-1.40299e-31	7500	2e+11 0.516442
679	0.00679951	-1.94716e-27	-3.77065e-31	7500	2e+11 0.516442
680	0.00680951	-4.97023e-27	-9.62481e-31	7500	2e+11 0.516442
681	0.00681951	-1.20552e-26	-2.33448e-30	7500	2e+11 0.516394
682	0.00682951	-2.99895e-26	-5.80745e-30	7500	2e+11 0.516394
683	0.00683951	-1.06446e-25	-2.06133e-29	7500	2e+11 0.51637
684	0.00684952	-3.24219e-25	-6.27848e-29	7500	2e+11 0.516346
685	0.00685952	-1.01315e-24	-1.96195e-28	7500	2e+11 0.516346
686	0.00686952	-2.15545e-24	-4.17402e-28	7500	2e+11 0.51637
687	0.00687952	-7.70576e-24	-1.49221e-27	7500	2e+11 0.516442
688	0.00688952	-2.2509e-23	-4.35884e-27	7500	2e+11 0.516442
689	0.00689952	-5.91077e-23	-1.14462e-26	7500	2e+11 0.516418
690	0.00690952	-1.85273e-22	-3.5878e-26	7500	2e+11 0.516418
691	0.00691952	-4.54133e-22	-8.79425e-26	7500	2e+11 0.516442
692	0.00692952	-1.03064e-21	-1.99583e-25	7500	2e+11 0.516442
693	0.00693952	-3.15178e-21	-6.10341e-25	7500	2e+11 0.516466
694	0.00694952	-7.07046e-21	-1.36919e-24	7500	2e+11 0.516466
695	0.00695952	-1.97317e-20	-3.82102e-24	7500	2e+11 0.516466
696	0.00696952	-6.69927e-20	-1.29731e-23	7500	2e+11 0.516394
697	0.00697952	-1.69769e-19	-3.28756e-23	7500	2e+11 0.516418
698	0.00698952	-5.49718e-19	-1.06452e-22	7500	2e+11 0.516418
699	0.00699952	-1.49045e-18	-2.88624e-22	7500	2e+11 0.51649
700	0.00700952	-3.98817e-18	-7.72307e-22	7500	2e+11 0.51649
701	0.00701952	-1.09714e-17	-2.12459e-21	7500	2e+11 0.51637
702	0.00702952	-3.2624e-17	-6.3176e-21	7500	2e+11 0.51637
703	0.00703952	-8.96677e-17	-1.73641e-20	7500	2e+11 0.516466
704	0.00704952	-2.41918e-16	-4.68473e-20	7500	2e+11 0.516466
705	0.00705952	-5.72975e-16	-1.10956e-19	7500	2e+11 0.516442
706	0.00706952	-1.64932e-15	-3.1939e-19	7500	2e+11 0.516442
707	0.00707952	-4.29633e-15	-8.31981e-19	7500	2e+11 0.516442
708	0.00708952	-1.22461e-14	-2.37145e-18	7500	2e+11 0.516418
709	0.00709952	-3.89043e-14	-7.53379e-18	7500	2e+11 0.516538
710	0.00710952	-9.20637e-14	-1.78281e-17	7500	2e+11 0.516538
711	0.00711952	-2.74678e-13	-5.31911e-17	7500	2e+11 0.516442
712	0.00712952	-6.6342e-13	-1.28471e-16	7500	2e+11 0.516442
713	0.00713952	-1.99899e-12	-3.87103e-16	7500	2e+11 0.516442
714	0.00714952	-5.66824e-12	-1.09765e-15	7500	2e+11 0.516442
715	0.00715952	-1.54251e-11	-2.98705e-15	7500	2e+11 0.516394
716	0.00716952	-4.25725e-11	-8.24414e-15	7500	2e+11 0.516562
717	0.00717951	-1.09196e-10	-2.11456e-14	7500	2e+11 0.516562
718	0.00718951	-3.45352e-10	-6.68772e-14	7500	2e+11 0.516418
719	0.00719952	-8.46271e-10	-1.6388e-13	7500	2e+11 0.51649
720	0.00720951	-2.23026e-09	-4.31887e-13	7500	2e+11 0.51649
721	0.00721952	-6.05126e-09	-1.17182e-12	7500	2e+11 0.51649
722	0.00722951	-1.42223e-08	-2.75415e-12	7500	2e+11 0.51649
723	0.00723951	-3.74909e-08	-7.26009e-12	7500	2e+11 0.516442
724	0.00724951	-1.02559e-07	-1.98604e-11	7500	2e+11 0.516442
725	0.00725951	-2.85639e-07	-5.53138e-11	7500	2e+11 0.516442
726	0.00726951	-7.10168e-07	-1.37524e-10	7500	2e+11 0.516442
727	0.00727951	-2.58702e-06	-5.00975e-10	7500	2e+11 0.516442
728	0.00728951	-6.08691e-06	-1.17873e-09	7500	2e+11 0.516442
729	0.00729951	-1.79437e-05	-3.47478e-09	7500	2e+11 0.516418
730	0.00730951	-4.98484e-05	-9.6531e-09	7500	2e+11 0.516418
731	0.00731951	-0.000126229	-2.44441e-08	7500	2e+11 0.516514
732	0.00732951	-0.000372623	-7.21582e-08	7500	2e+11 0.516514
733	0.00733951	-0.000801017	-1.55116e-07	7500	2e+11 0.516322
734	0.00734952	-0.00320628	-6.20893e-07	7500	2e+11 0.51637
735	0.00735952	-0.00788142	-1.52623e-06	7500	2e+11 0.516418
736	0.00736952	-0.0249385	-4.82933e-06	7500	2e+11 0.51649
737	0.00737951	-0.0734734	-1.42281e-05	7500	2e+11 0.51649
738	0.00738952	-0.178899	-3.46436e-05	7500	2e+11 0.516346
739	0.00739952	-0.485332	-9.39841e-05	7500	2e+11 0.516442
740	0.00740952	-1.648	-0.000319134	7500	2e+11 0.516514
741	0.00741951	-3.88309	-0.000751957	7500	2e+11 0.516779
742	0.00742951	-7.04483	-0.00136423	7500	2e+11 0.517092
743	0.00743949	-10.9033	-0.00211141	7500	2e+11 0.517478
744	0.00744947	-15.1842	-0.0029404	7500	2e+11 0.517744
745	0.00745945	-19.638	-0.00380289	7500	2e+11 0.5183
746	0.00746941	-24.0413	-0.00465558	7500	2e+11 0.518567
747	0.00747937	-28.2235	-0.00546545	7500	2e+11 0.519004
748	0.00748932	-32.0463	-0.00620574	7500	2e+11 0.519417
749	0.00749926	-35.4339	-0.00686175	7500	2e+11 0.519417
750	0.0075092	-38.3548	-0.00742737	7500	2e+11 0.523463
751	0.00751907	-40.8121	-0.00790323	7500	2e+11 0.523463
752	0.007529	-42.8585	-0.00829951	7500	2e+11 0.520148
753	0.00753893	-44.5145	-0.00862019	7500	2e+11 0.520783
754	0.00754885	-45.8329	-0.0088755	7500	2e+11 0.520783
755	0.00755876	-46.8651	-0.00907539	7500	2e+11 0.520734
756	0.00756868	-47.6679	-0.00923084	7500	2e+11 0.521077
757	0.00757859	-48.2839	-0.00935013	7500	2e+11 0.521077
758	0.0075885	-48.7485	-0.0094401	7500	2e+11 0.521077
759	0.00759841	-49.0956	-0.00950732	7500	2e+11 0.521077
760	0.00760832	-49.3523	-0.00955703	7500	2e+11 0.521322
761	0.00761823	-49.54	-0.00959338	7500	2e+11 0.521322
762	0.00762814	-49.6759	-0.0096197	7500	2e+11 0.521444
763	0.00763804	-49.7736	-0.00963861	7500	2e+11 0.521444
764	0.00764795	-49.8433	-0.00965211	7500	2e+11 0.521469
765	0.00765785	-49.8921	-0.00966156	7500	2e+11 0.521469
766	0.00766776	-49.9259	-0.0096681	7500	2e+11 0.521346
767	0.00767766	-49.9492	-0.00967262	7500	2e+11 0.521346
768	0.00768757	-49.9652	-0.00967572	7500	2e+11 0.521371
769	0.00769748	-49.976	-0.00967782	7500	2e+11 0.521371
770	0.00770738	-49.9833	-0.00967923	7500	2e+11 0.521518
771	0.00771729	-49.9883	-0.00968019	7500	2e+11 0.521518
772	0.0077272	-49.9915	-0.00968082	7500	2e+11 0.521444
773	0.0077371	-49.9936	-0.00968123	7500	2e+11 0.521444
774	0.007747	-49.995	-0.00968149	7500	2e+11 0.52142
775	0.00775691	-49.9959	-0.00968166	7500	2e+11 0.521371
776	0.00776681	-49.9964	-0.00968176	7500	2e+11 0.521371
777	0.00777672	-49.9967	-0.00968183	7500	2e+11 0.521322
778	0.00778663	-49.997	-0.00968187	7500	2e+11 0.521591
779	0.00779653	-49.9971	-0.0096819	7500	2e+11 0.521591
780	0.00780644	-49.9972	-0.00968191	7500	2e+11 0.521175
781	0.00781639	-49.9973	-0.00968193	7500	2e+11 0.520588
782	0.00782631	-49.9973	-0.00968194	7500	2e+11 0.52142
783	0.00783621	-49.9973	-0.00968194	7500	2e+11 0.521469
784	0.00784611	-49.9974	-0.00968195	7500	2e+11 0.521518
785	0.00785602	-49.9974	-0.00968195	7500	2e+11 0.521518
786	0.00786592	-49.9974	-0.00968195	7500	2e+11 0.52142
787	0.00787582	-49.9974	-0.00968195	7500	2e+11 0.521371
788	0.00788573	-49.9974	-0.00968195	7500	2e+11 0.521665
789	0.00789563	-49.9974	-0.00968195	7500	2e+11 0.521665
790	0.00790554	-49.9974	-0.00968195	7500	2e+11 0.521518
791	0.00791544	-49.9974	-0.00968195	7500	2e+11 0.521518
792	0.00792535	-49.9974	-0.00968195	7500	2e+11 0.521518
793	0.00793525	-49.9974	-0.00968195	7500	2e+11 0.521518
794	0.00794516	-49.9974	-0.00968195	7500	2e+11 0.521861
795	0.00795506	-49.9974	-0.00968195	7500	2e+11 0.521861
796	0.00796496	-49.9974	-0.00968195	7500	2e+11 0.521371
797	0.00797487	-49.9974	-0.00968195	7500	2e+11 0.521567
798	0.00798477	-49.9974	-0.00968195	7500	2e+11 0.521567
799	0.00799467	-49.9974	-0.00968195	7500	2e+11 0.521469
800	0.00800458	-49.9974	-0.00968195	7500	2e+11 0.521469
801	0.00801448	-49.9974	-0.00968195	7500	2e+11 0.521763
802	0.00802438	-49.9974	-0.00968195	7500	2e+11 0.521763
803	0.00803429	-49.9974	-0.00968195	7500	2e+11 0.521273
804	0.00804419	-49.9974	-0.00968195	7500	2e+11 0.521469
805	0.0080541	-49.9974	-0.00968195	7500	2e+11 0.521469
806	0.008064	-49.9974	-0.00968195	7500	2e+11 0.521763
807	0.0080739	-49.9974	-0.00968195	7500	2e+11 0.521763
808	0.0080838	-49.9974	-0.00968195	7500	2e+11 0.521371
809	0.00809371	-49.9974	-0.00968195	7500	2e+11 0.521322
810	0.00810361	-49.9974	-0.00968195	7500	2e+11 0.521469
811	0.00811352	-49.9974	-0.00968195	7500	2e+11 0.521469
812	0.00812342	-49.9974	-0.00968195	7500	2e+11 0.52142
813	0.00813332	-49.9974	-0.00968195	7500	2e+11 0.521371
814	0.00814323	-49.9974	-0.00968195	7500	2e+11 0.521371
815	0.00815313	-49.9974	-0.00968195	7500	2e+11 0.521371
816	0.00816304	-49.9974	-0.00968195	7500	2e+11 0.521812
817	0.00817294	-49.9974	-0.00968195	7500	2e+11 0.521812
818	0.00818284	-49.9974	-0.00968195	7500	2e+11 0.521322
819	0.00819275	-49.9974	-0.00968195	7500	2e+11 0.52142
820	0.00820265	-49.9974	-0.00968195	7500	2e+11 0.521518
821	0.00821255	-49.9974	-0.00968195	7500	2e+11 0.521665
822	0.00822245	-49.9974	-0.00968195	7500	2e+11 0.521665
823	0.00823236	-49.9974	-0.00968195	7500	2e+11 0.521616
824	0.00824226	-49.9974	-0.00968195	7500	2e+11 0.521616
825	0.00825217	-49.9974	-0.00968195	7500	2e+11 0.52142
826	0.00826207	-49.9973	-0.00968195	7500	2e+11 0.521567
827	0.00827197	-49.9973	-0.00968194	7500	2e+11 0.521567
828	0.00828188	-49.9973	-0.00968193	7500	2e+11 0.52142
829	0.00829179	-49.9972	-0.00968191	7500	2e+11 0.521567
830	0.00830169	-49.9968	-0.00968184	7500	2e+11 0.521567
831	0.00831159	-49.9957	-0.00968163	7500	2e+11 0.521469
832	0.0083215	-49.9939	-0.00968128	7500	2e+11 0.521469
833	0.0083314	-49.9853	-0.00967962	7500	2e+11 0.521371
834	0.00834131	-49.9672	-0.0096761	7500	2e+11 0.521714
835	0.0083512	-49.922	-0.00966735	7500	2e+11 0.521763
836	0.0083611	-49.7678	-0.00963749	7500	2e+11 0.521763
837	0.00837101	-49.4029	-0.00956684	7500	2e+11 0.521567
838	0.00838091	-48.4879	-0.00938964	7500	2e+11 0.521567
839	0.00839083	-47.0516	-0.0091115	7500	2e+11 0.520979
840	0.00840074	-45.1528	-0.00874381	7500	2e+11 0.521028
841	0.00841065	-42.8596	-0.00829973	7500	2e+11 0.521028
842	0.00842057	-40.2369	-0.00779184	7500	2e+11 0.52049
843	0.00843049	-37.3655	-0.00723579	7500	2e+11 0.52049
844	0.00844042	-34.3309	-0.00664815	7500	2e+11 0.520002
845	0.00845036	-31.2086	-0.00604353	7500	2e+11 0.519709
846	0.0084603	-28.0664	-0.00543504	7500	2e+11 0.519515
847	0.00847025	-24.9762	-0.00483662	7500	2e+11 0.519125
848	0.0084802	-22.0009	-0.00426046	7500	2e+11 0.518688
849	0.00849016	-19.1699	-0.00371224	7500	2e+11 0.518543
850	0.00850013	-16.5199	-0.00319907	7500	2e+11 0.518204
851	0.0085101	-14.0918	-0.00272886	7500	2e+11 0.517962
852	0.00852007	-11.883	-0.00230113	7500	2e+11 0.517962
853	0.00853005	-9.90048	-0.00191722	7500	2e+11 0.517575
854	0.00854003	-8.16157	-0.00158048	7500	2e+11 0.51743
855	0.00855001	-6.66274	-0.00129023	7500	2e+11 0.517092
856	0.00856	-5.37957	-0.00104175	7500	2e+11 0.517092
857	0.00856999	-4.29047	-0.000830846	7500	2e+11 0.516803
858	0.00857999	-3.38048	-0.000654628	7500	2e+11 0.516803
859	0.00858998	-2.63291	-0.000509861	7500	2e+11 0.51661
860	0.00859998	-2.03401	-0.000393884	7500	2e+11 0.516755
861	0.00860997	-1.55095	-0.00030034	7500	2e+11 0.516755
862	0.00861997	-1.16621	-0.000225836	7500	2e+11 0.516658
863	0.00862997	-0.869697	-0.000168416	7500	2e+11 0.516514
864	0.00863997	-0.643298	-0.000124574	7500	2e+11 0.516466
865	0.00864997	-0.470959	-9.12008e-05	7500	2e+11 0.516562
866	0.00865996	-0.341385	-6.6109e-05	7500	2e+11 0.516562
867	0.00866996	-0.244767	-4.73988e-05	7500	2e+11 0.516466
868	0.00867996	-0.173255	-3.35507e-05	7500	2e+11 0.516466
869	0.00868997	-0.12122	-2.34741e-05	7500	2e+11 0.51637
870	0.00869997	-0.0840476	-1.62757e-05	7500	2e+11 0.51637
871	0.00870997	-0.0579158	-1.12153e-05	7500	2e+11 0.516514
872	0.00871997	-0.0395874	-7.66607e-06	7500	2e+11 0.51661
873	0.00872996	-0.0267935	-5.18853e-06	7500	2e+11 0.51661
874	0.00873996	-0.0179591	-3.47776e-06	7500	2e+11 0.516514
875	0.00874997	-0.0119742	-2.3188e-06	7500	2e+11 0.516466
876	0.00875997	-0.0079176	-1.53324e-06	7500	2e+11 0.516466
877	0.00876997	-0.00519881	-1.00675e-06	7500	2e+11 0.51661
878	0.00877996	-0.00337743	-6.54036e-07	7500	2e+11 0.51661
879	0.00878997	-0.0021725	-4.20702e-07	7500	2e+11 0.51637
880	0.00879997	-0.00139022	-2.69215e-07	7500	2e+11 0.51637
881	0.00880997	-0.000880023	-1.70416e-07	7500	2e+11 0.516322
882	0.00881997	-0.00055139	-1.06776e-07	7500	2e+11 0.516803
883	0.00882997	-0.000343203	-6.64611e-08	7500	2e+11 0.516803
884	0.00883996	-0.000212647	-4.11789e-08	7500	2e+11 0.516562
885	0.00884997	-0.000130455	-2.52625e-08	7500	2e+11 0.516322
886	0.00885997	-7.92604e-05	-1.53487e-08	7500	2e+11 0.51637
887	0.00886997	-4.76016e-05	-9.21801e-09	7500	2e+11 0.51637
888	0.00887997	-2.81792e-05	-5.45688e-09	7500	2e+11 0.516562
889	0.00888997	-1.64531e-05	-3.18614e-09	7500	2e+11 0.516562
890	0.00889997	-9.4844e-06	-1.83665e-09	7500	2e+11 0.51637
891	0.00890997	-5.38311e-06	-1.04244e-09	7500	2e+11 0.51637
892	0.00891998	-3.01569e-06	-5.83985e-10	7500	2e+11 0.516418
893	0.00892998	-1.66975e-06	-3.23346e-10	7500	2e+11 0.516707
894	0.00893997	-9.16958e-07	-1.77568e-10	7500	2e+11 0.516707
895	0.00894997	-4.96235e-07	-9.60954e-11	7500	2e+11 0.516418
896	0.00895997	-2.62856e-07	-5.09018e-11	7500	2e+11 0.516418
897	0.00896998	-1.36084e-07	-2.63525e-11	7500	2e+11 0.516226
898	0.00897998	-6.98791e-08	-1.3532e-11	7500	2e+11 0.516466
899	0.00898998	-3.51261e-08	-6.80214e-12	7500	2e+11 0.516466
900	0.00899998	-1.70702e-08	-3.30562e-12	7500	2e+11 0.516514
901	0.00900998	-8.25688e-09	-1.59894e-12	7500	2e+11 0.51661
902	0.00901998	-3.9595e-09	-7.66754e-13	7500	2e+11 0.51661
903	0.00902997	-1.84705e-09	-3.57679e-13	7500	2e+11 0.516466
904	0.00903998	-8.46001e-10	-1.63827e-13	7500	2e+11 0.516658
905	0.00904997	-3.80585e-10	-7.36999e-14	7500	2e+11 0.516658
906	0.00905997	-1.67153e-10	-3.2369e-14	7500	2e+11 0.516418
907	0.00906997	-7.12748e-11	-1.38023e-14	7500	2e+11 0.516322
908	0.00907998	-2.9871e-11	-5.7845e-15	7500	2e+11 0.516418
909	0.00908998	-1.24985e-11	-2.42032e-15	7500	2e+11 0.516418
910	0.00909998	-5.02281e-12	-9.72664e-16	7500	2e+11 0.516418
911	0.00910998	-1.98005e-12	-3.83436e-16	7500	2e+11 0.516418
912	0.00911998	-7.78221e-13	-1.50702e-16	7500	2e+11 0.516322
913	0.00912998	-2.98326e-13	-5.77705e-17	7500	2e+11 0.516466
914	0.00913998	-1.13217e-13	-2.19243e-17	7500	2e+11 0.516466
915	0.00914998	-4.12647e-14	-7.99087e-18	7500	2e+11 0.516514
916	0.00915998	-1.50419e-14	-2.91284e-18	7500	2e+11 0.516514
917	0.00916998	-5.30629e-15	-1.02756e-18	7500	2e+11 0.516274
918	0.00917999	-1.83435e-15	-3.5522e-19	7500	2e+11 0.516466
919	0.00918998	-6.19651e-16	-1.19995e-19	7500	2e+11 0.516466
920	0.00919998	-2.08423e-16	-4.03609e-20	7500	2e+11 0.516466
921	0.00920998	-6.88157e-17	-1.33261e-20	7500	2e+11 0.516466
922	0.00921998	-2.27747e-17	-4.4103e-21	7500	2e+11 0.516562
923	0.00922998	-7.32411e-18	-1.41831e-21	7500	2e+11 0.516562
924	0.00923998	-2.32531e-18	-4.50294e-22	7500	2e+11 0.516466
925	0.00924998	-7.29928e-19	-1.4135e-22	7500	2e+11 0.516466
926	0.00925998	-2.21522e-19	-4.28975e-23	7500	2e+11 0.516562
927	0.00926998	-6.41592e-20	-1.24244e-23	7500	2e+11 0.516562
928	0.00927998	-1.86685e-20	-3.61514e-24	7500	2e+11 0.516466
929	0.00928998	-5.4414e-21	-1.05372e-24	7500	2e+11 0.516466
930	0.00929999	-1.51696e-21	-2.93759e-25	7500	2e+11 0.516466
931	0.00930998	-4.10516e-22	-7.94961e-26	7500	2e+11 0.516466
932	0.00931998	-1.10223e-22	-2.13445e-26	7500	2e+11 0.516418
933	0.00932998	-2.99e-23	-5.7901e-27	7500	2e+11 0.516514
934	0.00933998	-8.04621e-24	-1.55814e-27	7500	2e+11 0.516514
935	0.00934999	-2.1265e-24	-4.11794e-28	7500	2e+11 0.516466
936	0.00935999	-5.36354e-25	-1.03865e-28	7500	2e+11 0.516466
937	0.00936999	-1.27437e-25	-2.46782e-29	7500	2e+11 0.516514
938	0.00937998	-2.94331e-26	-5.6997e-30	7500	2e+11 0.516514
939	0.00938999	-6.62688e-27	-1.28329e-30	7500	2e+11 0.516322
940	0.00939999	-1.45144e-27	-2.8107e-31	7500	2e+11 0.516418
941	0.00940999	-3.42073e-28	-6.62421e-32	7500	2e+11 0.516514
942	0.00941999	-7.47122e-29	-1.4468e-32	7500	2e+11 0.516514
943	0.00942999	-1.60415e-29	-3.10642e-33	7500	2e+11 0.516562
944	0.00943998	-3.26979e-30	-6.33192e-34	7500	2e+11 0.516562
945	0.00944998	-6.65183e-31	-1.28812e-34	7500	2e+11 0.51637
946	0.00945999	-1.43067e-31	-2.77049e-35	7500	2e+11 0.516274
947	0.00946999	-2.95755e-32	-5.72727e-36	7500	2e+11 0.516466
948	0.00947999	-5.69864e-33	-1.10354e-36	7500	2e+11 0.516466
949	0.00948999	-1.10192e-33	-2.13386e-37	7500	2e+11 0.516466
950	0.00949999	-2.19223e-34	-4.24524e-38	7500	2e+11 0.516322
951	0.00950999	-4.36123e-35	-8.44548e-39	7500	2e+11 0.51661
952	0.00951999	-8.82086e-36	-1.70815e-39	7500	2e+11 0.51661
953	0.00952999	-1.65702e-36	-3.20881e-40	7500	2e+11 0.51637
954	0.00954	-3.06406e-37	-5.93352e-41	7500	2e+11 0.516755
955	0.00954999	-5.71955e-38	-1.10759e-41	7500	2e+11 0.516755
956	0.00955999	-1.07893e-38	-2.08934e-42	7500	2e+11 0.51661
957	0.00956999	-1.96827e-39	-3.81153e-43	7500	2e+11 0.51661
958	0.00957999	-3.47341e-40	-6.72623e-44	7500	2e+11 0.51637
959	0.00959	-5.78904e-41	-1.12104e-44	7500	2e+11 0.516562
960	0.00959999	-7.23631e-42	-1.4013e-45	7500	2e+11 0.516562
961	0.00960999	0	0	7500	2e+11 0.516322
962	0.00962	0	0	7500	2e+11 0.51661
963	0.00962999	0	0	7500	2e+11 0.51661
964	0.00963999	0	0	7500	2e+11 0.516514
965	0.00964999	0	0	7500	2e+11 0.516514
966	0.00966	0	0	7500	2e+11 0.516514
967	0.00967	0	0	7500	2e+11 0.516514
968	0.00968	0	0	7500	2e+11 0.516755
969	0.00968999	0	0	7500	2e+11 0.516755
970	0.0097	0	0	7500	2e+11 0.51637
971	0.00971	0	0	7500	2e+11 0.51661
972	0.00971999	0	0	7500	2e+11 0.51661
973	0.00972999	0	0	7500	2e+11 0.516466
974	0.00974	0	0	7500	2e+11 0.516755
975	0.00974999	0	0	7500	2e+11 0.516755
976	0.00976	0	0	7500	2e+11 0.516562
977	0.00976999	0	0	7500	2e+11 0.516562
978	0.00978	0	0	7500	2e+11 0.516226
979	0.00979	0	0	7500	2e+11 0.516466
980	0.0098	0	0	7500	2e+11 0.516466
981	0.00981	0	0	7500	2e+11 0.516418
982	0.00982	0	0	7500	2e+11 0.51637
983	0.00983	0	0	7500	2e+11 0.516562
984	0.00984	0	0	7500	2e+11 0.516562
985	0.00985	0	0	7500	2e+11 0.516274
986	0.00986001	0	0	7500	2e+11 0.516947
987	0.00987	0	0	7500	2e+11 0.516947
988	0.00987999	0	0	7500	2e+11 0.516803
989	0.00988999	0	0	7500	2e+11 0.516803
990	0.0099	0	0	7500	2e+11 0.516418
991	0.00991	0	0	7500	2e+11 0.516418
992	0.00992	0	0	7500	2e+11 0.51661
993	0.00993	0	0	7500	2e+11 0.516658
994	0.00993999	0	0	7500	2e+11 0.516658
995	0.00995	0	0	7500	2e+11 0.516322
996	0.00996	0	0	7500	2e+11 0.51661
997	0.00996999	0	0	7500	2e+11 0.51661
998	0.00998	0	0	7500	2e+11 0.516514
999	0.00999	0	0	7500	2e+11 0.516514
1000	0.01	0	-0	7500	2e+11 0.516322
