0	0	0	0	1	1
1	0.01	0	0	1	1
2	0.02	0	0	1	1
3	0.03	0	0	1	1
4	0.04	0	0	1	1
5	0.05	0	0	1	1
6	0.06	0	0	1	1
7	0.07	0	0	1	1
8	0.08	0	0	1	1
9	0.09	0	0	1	1
10	0.1	0	0	1	1
11	0.11	0	0	1	1
12	0.12	0	0	1	1
13	0.13	0	0	1	1
14	0.14	0	0	1	1
15	0.15	0	0	1	1
16	0.16	0	0	1	1
17	0.17	0	0	1	1
18	0.18	0	0	1	1
19	0.19	0	0	1	1
20	0.2	0	0	1	1
21	0.21	0	0	1	1
22	0.22	0	0	1	1
23	0.23	0	0	1	1
24	0.24	0	0	1	1
25	0.25	0	0	1	1
26	0.26	0	0	1	1
27	0.27	0	0	1	1
28	0.28	0	0	1	1
29	0.29	0	0	1	1
30	0.3	0	0	1	1
31	0.31	0	0	1	1
32	0.32	0	0	1	1
33	0.33	0	0	1	1
34	0.34	0	0	1	1
35	0.35	0	0	1	1
36	0.36	0	0	1	1
37	0.37	0	0	1	1
38	0.38	0	0	1	1
39	0.39	0	0	1	1
40	0.4	0	0	1	1
41	0.409049	-4.74361e-05	4.74361e-05	1	1
42	0.418101	-0.000422501	0.000422501	1	1
43	0.427166	-0.00190574	0.00190574	1	1
44	0.436267	-0.00580865	0.00580865	1	1
45	0.445438	-0.0134573	0.0134573	1	1
46	0.454717	-0.0252867	0.0252867	1	1
47	0.464137	-0.0402293	0.0402293	1	1
48	0.473706	-0.0560276	0.0560276	1	1
49	0.483413	-0.0703036	0.0703036	1	1
50	-0.319755	-48.2735	15.2654	0.1	1
51	0.307942	-13.5062	4.27103	0.1	1
52	0.41715	-7.62184	2.41024	0.1	1
53	0.466357	-5.06106	1.60045	0.1	1
54	0.496947	-3.54655	1.12152	0.1	1
55	0.519136	-2.52584	0.79874	0.1	1
56	0.536778	-1.7978	0.568514	0.1	1
57	0.551721	-1.2715	0.402084	0.1	1
58	0.565003	-0.898294	0.284065	0.1	1
59	0.577268	-0.645831	0.20423	0.1	1
60	0.58893	-0.486427	0.153822	0.1	1
61	0.600254	-0.393388	0.1244	0.1	1
62	0.611398	-0.342353	0.108262	0.1	1
63	0.622442	-0.314039	0.0993077	0.1	1
64	0.633421	-0.295484	0.0934401	0.1	1
65	0.644345	-0.279298	0.0883217	0.1	1
66	0.655208	-0.261947	0.082835	0.1	1
67	0.666004	-0.24217	0.076581	0.1	1
68	0.676724	-0.219925	0.0695463	0.1	1
69	0.687363	-0.195788	0.0619135	0.1	1
70	0.697917	-0.170625	0.0539563	0.1	1
71	0.708387	-0.145394	0.0459775	0.1	1
72	0.718777	-0.12102	0.0382699	0.1	1
73	0.729093	-0.0983013	0.0310856	0.1	1
74	0.739343	-0.0778517	0.0246189	0.1	1
75	0.749534	-0.0600654	0.0189943	0.1	1
76	0.759678	-0.0451134	0.0142661	0.1	1
77	0.769783	-0.0329647	0.0104244	0.1	1
78	0.779857	-0.0234244	0.00740744	0.1	1
79	0.789908	-0.0161816	0.00511708	0.1	1
80	0.799943	-0.0108657	0.00343602	0.1	1
81	0.809965	-0.00709214	0.00224273	0.1	1
82	0.81998	-0.00450046	0.00142317	0.1	1
83	0.829988	-0.00277717	0.000878218	0.1	1
84	0.839994	-0.00166711	0.000527186	0.1	1
85	0.849997	-0.000973908	0.000307977	0.1	1
86	0.859998	-0.000553935	0.00017517	0.1	1
87	0.87	-0.000306893	9.7048e-05	0.1	1
88	0.88	-0.000165701	5.23993e-05	0.1	1
89	0.89	-8.72283e-05	2.7584e-05	0.1	1
90	0.9	-4.4791e-05	1.41642e-05	0.1	1
91	0.91	-2.24456e-05	7.09791e-06	0.1	1
92	0.92	-1.09818e-05	3.47277e-06	0.1	1
93	0.93	-5.24826e-06	1.65966e-06	0.1	1
94	0.94	-2.45096e-06	7.75092e-07	0.1	1
95	0.95	-1.11888e-06	3.53908e-07	0.1	1
96	0.96	-4.99283e-07	1.58121e-07	0.1	1
97	0.97	-2.173e-07	6.9335e-08	0.1	1
98	0.98	-9.07961e-08	3.03152e-08	0.1	1
99	0.99	-3.26357e-08	1.43912e-08	0.1	1
100	1	0	1.01328e-08	0.1	1
