0	0	0	0	7500	2e+11 0.516398
1	1e-05	0	0	7500	2e+11 0.516398
2	2e-05	0	0	7500	2e+11 0.516398
3	3e-05	0	0	7500	2e+11 0.516398
4	4e-05	0	0	7500	2e+11 0.516398
5	5e-05	0	0	7500	2e+11 0.516398
6	6e-05	0	0	7500	2e+11 0.516398
7	7e-05	0	0	7500	2e+11 0.516398
8	8e-05	0	0	7500	2e+11 0.516398
9	9e-05	0	0	7500	2e+11 0.516398
10	0.0001	0	0	7500	2e+11 0.516398
11	0.00011	0	0	7500	2e+11 0.516398
12	0.00012	0	0	7500	2e+11 0.516398
13	0.00013	0	0	7500	2e+11 0.516398
14	0.00014	0	0	7500	2e+11 0.516398
15	0.00015	0	0	7500	2e+11 0.516398
16	0.00016	0	0	7500	2e+11 0.516398
17	0.00017	0	0	7500	2e+11 0.516398
18	0.00018	0	0	7500	2e+11 0.516398
19	0.00019	0	0	7500	2e+11 0.516398
20	0.0002	0	0	7500	2e+11 0.516398
21	0.00021	0	0	7500	2e+11 0.516398
22	0.00022	0	0	7500	2e+11 0.516398
23	0.00023	0	0	7500	2e+11 0.516398
24	0.00024	0	0	7500	2e+11 0.516398
25	0.00025	0	0	7500	2e+11 0.516398
26	0.00026	0	0	7500	2e+11 0.516398
27	0.00027	0	0	7500	2e+11 0.516398
28	0.00028	0	0	7500	2e+11 0.516398
29	0.00029	0	0	7500	2e+11 0.516398
30	0.0003	0	0	7500	2e+11 0.516398
31	0.00031	0	0	7500	2e+11 0.516398
32	0.00032	0	0	7500	2e+11 0.516398
33	0.00033	0	0	7500	2e+11 0.516398
34	0.00034	0	0	7500	2e+11 0.516398
35	0.00035	0	0	7500	2e+11 0.516398
36	0.00036	0	0	7500	2e+11 0.516398
37	0.00037	0	0	7500	2e+11 0.516398
38	0.00038	0	0	7500	2e+11 0.516398
39	0.00039	0	0	7500	2e+11 0.516398
40	0.0004	0	0	7500	2e+11 0.516398
41	0.00041	0	0	7500	2e+11 0.516398
42	0.00042	0	0	7500	2e+11 0.516398
43	0.00043	0	0	7500	2e+11 0.516398
44	0.00044	0	0	7500	2e+11 0.516398
45	0.00045	0	0	7500	2e+11 0.516398
46	0.00046	0	0	7500	2e+11 0.516398
47	0.00047	0	0	7500	2e+11 0.516398
48	0.00048	0	0	7500	2e+11 0.516398
49	0.00049	0	0	7500	2e+11 0.5164
50	0.0005	0	0	7500	2e+11 0.5164
51	0.00051	0	0	7500	2e+11 0.516397
52	0.00052	0	0	7500	2e+11 0.5164
53	0.00053	0	0	7500	2e+11 0.5164
54	0.00054	0	0	7500	2e+11 0.516397
55	0.00055	0	0	7500	2e+11 0.5164
56	0.00056	0	0	7500	2e+11 0.5164
57	0.00057	0	0	7500	2e+11 0.516397
58	0.00058	0	0	7500	2e+11 0.516397
59	0.00059	0	0	7500	2e+11 0.5164
60	0.0006	0	0	7500	2e+11 0.5164
61	0.00061	0	0	7500	2e+11 0.516397
62	0.00062	0	0	7500	2e+11 0.5164
63	0.00063	0	0	7500	2e+11 0.5164
64	0.00064	0	0	7500	2e+11 0.516397
65	0.00065	0	0	7500	2e+11 0.5164
66	0.00066	0	0	7500	2e+11 0.5164
67	0.00067	0	0	7500	2e+11 0.516397
68	0.00068	0	0	7500	2e+11 0.5164
69	0.00069	0	0	7500	2e+11 0.5164
70	0.0007	0	0	7500	2e+11 0.516397
71	0.00071	0	0	7500	2e+11 0.516397
72	0.00072	0	0	7500	2e+11 0.5164
73	0.00073	0	0	7500	2e+11 0.5164
74	0.00074	0	0	7500	2e+11 0.516397
75	0.00075	0	0	7500	2e+11 0.5164
76	0.00076	0	0	7500	2e+11 0.5164
77	0.00077	0	0	7500	2e+11 0.516397
78	0.00078	0	0	7500	2e+11 0.5164
79	0.00079	0	0	7500	2e+11 0.5164
80	0.0008	0	0	7500	2e+11 0.516397
81	0.00081	0	0	7500	2e+11 0.5164
82	0.00082	0	0	7500	2e+11 0.5164
83	0.00083	0	0	7500	2e+11 0.516397
84	0.00084	0	0	7500	2e+11 0.5164
85	0.00085	0	0	7500	2e+11 0.5164
86	0.00086	0	0	7500	2e+11 0.516397
87	0.00087	0	0	7500	2e+11 0.5164
88	0.00088	0	0	7500	2e+11 0.5164
89	0.00089	0	0	7500	2e+11 0.516397
90	0.0009	0	0	7500	2e+11 0.516397
91	0.00091	0	0	7500	2e+11 0.5164
92	0.00092	0	0	7500	2e+11 0.5164
93	0.00093	0	0	7500	2e+11 0.516397
94	0.00094	0	0	7500	2e+11 0.5164
95	0.00095	0	0	7500	2e+11 0.5164
96	0.00096	0	0	7500	2e+11 0.516397
97	0.00097	0	0	7500	2e+11 0.516397
98	0.00098	0	0	7500	2e+11 0.5164
99	0.00099	0	0	7500	2e+11 0.5164
100	0.001	0	0	7500	2e+11 0.5164
101	0.00101	0	0	7500	2e+11 0.5164
102	0.00102	0	0	7500	2e+11 0.5164
103	0.00103	0	0	7500	2e+11 0.5164
104	0.00104	0	0	7500	2e+11 0.5164
105	0.00105	0	0	7500	2e+11 0.5164
106	0.00106	0	0	7500	2e+11 0.5164
107	0.00107	0	0	7500	2e+11 0.5164
108	0.00108	0	0	7500	2e+11 0.5164
109	0.00109	0	0	7500	2e+11 0.5164
110	0.0011	0	0	7500	2e+11 0.5164
111	0.00111	0	0	7500	2e+11 0.5164
112	0.00112	0	0	7500	2e+11 0.5164
113	0.00113	0	0	7500	2e+11 0.5164
114	0.00114	0	0	7500	2e+11 0.5164
115	0.00115	0	0	7500	2e+11 0.5164
116	0.00116	0	0	7500	2e+11 0.5164
117	0.00117	0	0	7500	2e+11 0.5164
118	0.00118	0	0	7500	2e+11 0.5164
119	0.00119	0	0	7500	2e+11 0.5164
120	0.0012	0	0	7500	2e+11 0.5164
121	0.00121	0	0	7500	2e+11 0.5164
122	0.00122	0	0	7500	2e+11 0.5164
123	0.00123	0	0	7500	2e+11 0.5164
124	0.00124	0	0	7500	2e+11 0.5164
125	0.00125	0	0	7500	2e+11 0.5164
126	0.00126	0	0	7500	2e+11 0.5164
127	0.00127	0	0	7500	2e+11 0.5164
128	0.00128	0	0	7500	2e+11 0.5164
129	0.00129	0	0	7500	2e+11 0.5164
130	0.0013	0	0	7500	2e+11 0.5164
131	0.00131	0	0	7500	2e+11 0.5164
132	0.00132	0	0	7500	2e+11 0.5164
133	0.00133	0	0	7500	2e+11 0.5164
134	0.00134	0	0	7500	2e+11 0.5164
135	0.00135	0	0	7500	2e+11 0.5164
136	0.00136	0	0	7500	2e+11 0.5164
137	0.00137	0	0	7500	2e+11 0.5164
138	0.00138	0	0	7500	2e+11 0.5164
139	0.00139	0	0	7500	2e+11 0.5164
140	0.0014	0	0	7500	2e+11 0.5164
141	0.00141	0	0	7500	2e+11 0.5164
142	0.00142	0	0	7500	2e+11 0.5164
143	0.00143	0	0	7500	2e+11 0.5164
144	0.00144	0	0	7500	2e+11 0.5164
145	0.00145	0	0	7500	2e+11 0.5164
146	0.00146	0	0	7500	2e+11 0.5164
147	0.00147	0	0	7500	2e+11 0.5164
148	0.00148	0	0	7500	2e+11 0.5164
149	0.00149	0	0	7500	2e+11 0.5164
150	0.0015	0	0	7500	2e+11 0.5164
151	0.00151	0	0	7500	2e+11 0.5164
152	0.00152	0	0	7500	2e+11 0.5164
153	0.00153	0	0	7500	2e+11 0.5164
154	0.00154	0	0	7500	2e+11 0.5164
155	0.00155	0	0	7500	2e+11 0.5164
156	0.00156	0	0	7500	2e+11 0.5164
157	0.00157	0	0	7500	2e+11 0.5164
158	0.00158	0	0	7500	2e+11 0.5164
159	0.00159	0	0	7500	2e+11 0.5164
160	0.0016	0	0	7500	2e+11 0.5164
161	0.00161	0	0	7500	2e+11 0.5164
162	0.00162	0	0	7500	2e+11 0.5164
163	0.00163	0	0	7500	2e+11 0.5164
164	0.00164	0	0	7500	2e+11 0.5164
165	0.00165	0	0	7500	2e+11 0.5164
166	0.00166	0	0	7500	2e+11 0.5164
167	0.00167	0	0	7500	2e+11 0.5164
168	0.00168	0	0	7500	2e+11 0.5164
169	0.00169	0	0	7500	2e+11 0.5164
170	0.0017	0	0	7500	2e+11 0.5164
171	0.00171	0	0	7500	2e+11 0.5164
172	0.00172	0	0	7500	2e+11 0.5164
173	0.00173	0	0	7500	2e+11 0.5164
174	0.00174	0	0	7500	2e+11 0.5164
175	0.00175	0	0	7500	2e+11 0.5164
176	0.00176	0	0	7500	2e+11 0.5164
177	0.00177	0	0	7500	2e+11 0.5164
178	0.00178	0	0	7500	2e+11 0.5164
179	0.00179	0	0	7500	2e+11 0.5164
180	0.0018	0	0	7500	2e+11 0.5164
181	0.00181	0	0	7500	2e+11 0.5164
182	0.00182	0	0	7500	2e+11 0.5164
183	0.00183	0	0	7500	2e+11 0.5164
184	0.00184	0	0	7500	2e+11 0.5164
185	0.00185	0	0	7500	2e+11 0.5164
186	0.00186	0	0	7500	2e+11 0.5164
187	0.00187	0	0	7500	2e+11 0.5164
188	0.00188	0	0	7500	2e+11 0.5164
189	0.00189	0	0	7500	2e+11 0.5164
190	0.0019	0	0	7500	2e+11 0.5164
191	0.00191	0	0	7500	2e+11 0.5164
192	0.00192	0	0	7500	2e+11 0.5164
193	0.00193	0	0	7500	2e+11 0.5164
194	0.00194	0	0	7500	2e+11 0.5164
195	0.00195	0	0	7500	2e+11 0.5164
196	0.00196	0	0	7500	2e+11 0.516406
197	0.00197	0	0	7500	2e+11 0.516406
198	0.00198	0	0	7500	2e+11 0.516394
199	0.00199	0	0	7500	2e+11 0.516406
200	0.002	0	0	7500	2e+11 0.516406
201	0.00201	0	0	7500	2e+11 0.516394
202	0.00202	0	0	7500	2e+11 0.516406
203	0.00203	0	0	7500	2e+11 0.516406
204	0.00204	0	0	7500	2e+11 0.516394
205	0.00205	0	0	7500	2e+11 0.516406
206	0.00206	0	0	7500	2e+11 0.516406
207	0.00207	0	0	7500	2e+11 0.516394
208	0.00208	0	0	7500	2e+11 0.516406
209	0.00209	0	0	7500	2e+11 0.516406
210	0.0021	0	0	7500	2e+11 0.516394
211	0.00211	0	0	7500	2e+11 0.516406
212	0.00212	0	0	7500	2e+11 0.516406
213	0.00213	0	0	7500	2e+11 0.516394
214	0.00214	0	0	7500	2e+11 0.516406
215	0.00215	0	0	7500	2e+11 0.516406
216	0.00216	0	0	7500	2e+11 0.516394
217	0.00217	0	0	7500	2e+11 0.516406
218	0.00218	0	0	7500	2e+11 0.516406
219	0.00219	0	0	7500	2e+11 0.516394
220	0.0022	0	0	7500	2e+11 0.516406
221	0.00221	0	0	7500	2e+11 0.516406
222	0.00222	0	0	7500	2e+11 0.516394
223	0.00223	0	0	7500	2e+11 0.516406
224	0.00224	0	0	7500	2e+11 0.516406
225	0.00225	0	0	7500	2e+11 0.516394
226	0.00226	0	0	7500	2e+11 0.516394
227	0.00227	0	0	7500	2e+11 0.516406
228	0.00228	0	0	7500	2e+11 0.516406
229	0.00229	0	0	7500	2e+11 0.516394
230	0.0023	0	0	7500	2e+11 0.516406
231	0.00231	0	0	7500	2e+11 0.516406
232	0.00232	0	0	7500	2e+11 0.516394
233	0.00233	0	0	7500	2e+11 0.516406
234	0.00234	0	0	7500	2e+11 0.516406
235	0.00235	0	0	7500	2e+11 0.516394
236	0.00236	0	0	7500	2e+11 0.516406
237	0.00237	0	0	7500	2e+11 0.516406
238	0.00238	0	0	7500	2e+11 0.516394
239	0.00239	0	0	7500	2e+11 0.516406
240	0.0024	0	0	7500	2e+11 0.516406
241	0.00241	0	0	7500	2e+11 0.516394
242	0.00242	0	0	7500	2e+11 0.516406
243	0.00243	0	0	7500	2e+11 0.516406
244	0.00244	0	0	7500	2e+11 0.516394
245	0.00245	0	0	7500	2e+11 0.516406
246	0.00246	0	0	7500	2e+11 0.516406
247	0.00247	0	0	7500	2e+11 0.516394
248	0.00248	0	0	7500	2e+11 0.516406
249	0.00249	0	0	7500	2e+11 0.516406
250	0.0025	0	0	7500	2e+11 0.516394
251	0.00251	0	0	7500	2e+11 0.516406
252	0.00252	0	0	7500	2e+11 0.516406
253	0.00253	0	0	7500	2e+11 0.516394
254	0.00254	0	0	7500	2e+11 0.516406
255	0.00255	0	0	7500	2e+11 0.516406
256	0.00256	0	0	7500	2e+11 0.516394
257	0.00257	0	0	7500	2e+11 0.516406
258	0.00258	0	0	7500	2e+11 0.516406
259	0.00259	0	0	7500	2e+11 0.516394
260	0.0026	0	0	7500	2e+11 0.516406
261	0.00261	0	0	7500	2e+11 0.516406
262	0.00262	0	0	7500	2e+11 0.516394
263	0.00263	0	0	7500	2e+11 0.516406
264	0.00264	0	0	7500	2e+11 0.516406
265	0.00265	0	0	7500	2e+11 0.516394
266	0.00266	0	0	7500	2e+11 0.516406
267	0.00267	0	0	7500	2e+11 0.516406
268	0.00268	0	0	7500	2e+11 0.516394
269	0.00269	0	0	7500	2e+11 0.516406
270	0.0027	0	0	7500	2e+11 0.516406
271	0.00271	0	0	7500	2e+11 0.516394
272	0.00272	0	0	7500	2e+11 0.516406
273	0.00273	0	0	7500	2e+11 0.516406
274	0.00274	0	0	7500	2e+11 0.516394
275	0.00275	0	0	7500	2e+11 0.516406
276	0.00276	0	0	7500	2e+11 0.516406
277	0.00277	0	0	7500	2e+11 0.516394
278	0.00278	0	0	7500	2e+11 0.516406
279	0.00279	0	0	7500	2e+11 0.516406
280	0.0028	0	0	7500	2e+11 0.516394
281	0.00281	0	0	7500	2e+11 0.516406
282	0.00282	0	0	7500	2e+11 0.516406
283	0.00283	0	0	7500	2e+11 0.516394
284	0.00284	0	0	7500	2e+11 0.516406
285	0.00285	0	0	7500	2e+11 0.516406
286	0.00286	0	0	7500	2e+11 0.516394
287	0.00287	0	0	7500	2e+11 0.516394
288	0.00288	0	0	7500	2e+11 0.516406
289	0.00289	0	0	7500	2e+11 0.516406
290	0.0029	0	0	7500	2e+11 0.516394
291	0.00291	0	0	7500	2e+11 0.516406
292	0.00292	0	0	7500	2e+11 0.516406
293	0.00293	0	0	7500	2e+11 0.516394
294	0.00294	0	0	7500	2e+11 0.516406
295	0.00295	0	0	7500	2e+11 0.516406
296	0.00296	0	0	7500	2e+11 0.516394
297	0.00297	0	0	7500	2e+11 0.516406
298	0.00298	0	0	7500	2e+11 0.516406
299	0.00299	0	0	7500	2e+11 0.516394
300	0.003	0	0	7500	2e+11 0.516406
301	0.00301	0	0	7500	2e+11 0.516406
302	0.00302	0	0	7500	2e+11 0.516394
303	0.00303	0	0	7500	2e+11 0.516406
304	0.00304	0	0	7500	2e+11 0.516406
305	0.00305	0	0	7500	2e+11 0.516394
306	0.00306	0	0	7500	2e+11 0.516406
307	0.00307	0	0	7500	2e+11 0.516406
308	0.00308	0	0	7500	2e+11 0.516394
309	0.00309	0	0	7500	2e+11 0.516406
310	0.0031	0	0	7500	2e+11 0.516406
311	0.00311	0	0	7500	2e+11 0.516394
312	0.00312	0	0	7500	2e+11 0.516406
313	0.00313	0	0	7500	2e+11 0.516406
314	0.00314	0	0	7500	2e+11 0.516394
315	0.00315	0	0	7500	2e+11 0.516406
316	0.00316	0	0	7500	2e+11 0.516406
317	0.00317	0	0	7500	2e+11 0.516394
318	0.00318	0	0	7500	2e+11 0.516406
319	0.00319	0	0	7500	2e+11 0.516406
320	0.0032	0	0	7500	2e+11 0.516394
321	0.00321	0	0	7500	2e+11 0.516406
322	0.00322	0	0	7500	2e+11 0.516406
323	0.00323	0	0	7500	2e+11 0.516394
324	0.00324	0	0	7500	2e+11 0.516406
325	0.00325	0	0	7500	2e+11 0.516406
326	0.00326	0	0	7500	2e+11 0.516394
327	0.00327	0	0	7500	2e+11 0.516406
328	0.00328	0	0	7500	2e+11 0.516406
329	0.00329	0	0	7500	2e+11 0.516394
330	0.0033	0	0	7500	2e+11 0.516406
331	0.00331	0	0	7500	2e+11 0.516406
332	0.00332	0	0	7500	2e+11 0.516394
333	0.00333	0	0	7500	2e+11 0.516406
334	0.00334	0	0	7500	2e+11 0.516406
335	0.00335	0	0	7500	2e+11 0.516394
336	0.00336	0	0	7500	2e+11 0.516406
337	0.00337	0	0	7500	2e+11 0.516406
338	0.00338	0	0	7500	2e+11 0.516394
339	0.00339	0	0	7500	2e+11 0.516406
340	0.0034	0	0	7500	2e+11 0.516406
341	0.00341	0	0	7500	2e+11 0.516394
342	0.00342	0	0	7500	2e+11 0.516406
343	0.00343	0	0	7500	2e+11 0.516406
344	0.00344	0	0	7500	2e+11 0.516394
345	0.00345	0	0	7500	2e+11 0.516406
346	0.00346	0	0	7500	2e+11 0.516406
347	0.00347	0	0	7500	2e+11 0.516394
348	0.00348	0	0	7500	2e+11 0.516406
349	0.00349	0	0	7500	2e+11 0.516406
350	0.0035	0	0	7500	2e+11 0.516394
351	0.00351	0	0	7500	2e+11 0.516406
352	0.00352	0	0	7500	2e+11 0.516406
353	0.00353	0	0	7500	2e+11 0.516394
354	0.00354	0	0	7500	2e+11 0.516394
355	0.00355	0	0	7500	2e+11 0.516406
356	0.00356	0	0	7500	2e+11 0.516406
357	0.00357	0	0	7500	2e+11 0.516394
358	0.00358	0	0	7500	2e+11 0.516406
359	0.00359	0	0	7500	2e+11 0.516406
360	0.0036	0	0	7500	2e+11 0.516394
361	0.00361	0	0	7500	2e+11 0.516406
362	0.00362	0	0	7500	2e+11 0.516406
363	0.00363	0	0	7500	2e+11 0.516394
364	0.00364	0	0	7500	2e+11 0.516406
365	0.00365	0	0	7500	2e+11 0.516406
366	0.00366	0	0	7500	2e+11 0.516394
367	0.00367	0	0	7500	2e+11 0.516406
368	0.00368	0	0	7500	2e+11 0.516406
369	0.00369	0	0	7500	2e+11 0.516394
370	0.0037	0	0	7500	2e+11 0.516406
371	0.00371	0	0	7500	2e+11 0.516406
372	0.00372	0	0	7500	2e+11 0.516394
373	0.00373	0	0	7500	2e+11 0.516406
374	0.00374	0	0	7500	2e+11 0.516406
375	0.00375	0	0	7500	2e+11 0.516394
376	0.00376	0	0	7500	2e+11 0.516406
377	0.00377	0	0	7500	2e+11 0.516406
378	0.00378	0	0	7500	2e+11 0.516394
379	0.00379	0	0	7500	2e+11 0.516406
380	0.0038	0	0	7500	2e+11 0.516406
381	0.00381	0	0	7500	2e+11 0.516394
382	0.00382	0	0	7500	2e+11 0.516406
383	0.00383	0	0	7500	2e+11 0.516406
384	0.00384	0	0	7500	2e+11 0.516394
385	0.00385	0	0	7500	2e+11 0.516406
386	0.00386	0	0	7500	2e+11 0.516406
387	0.00387	0	0	7500	2e+11 0.516394
388	0.00388	0	0	7500	2e+11 0.516406
389	0.00389	0	0	7500	2e+11 0.516406
390	0.0039	0	0	7500	2e+11 0.516394
391	0.00391	0	0	7500	2e+11 0.516394
392	0.00392	0	0	7500	2e+11 0.516394
393	0.00393	0	0	7500	2e+11 0.516418
394	0.00394	0	0	7500	2e+11 0.516418
395	0.00395	0	0	7500	2e+11 0.516394
396	0.00396	0	0	7500	2e+11 0.516394
397	0.00397	0	0	7500	2e+11 0.516394
398	0.00398	0	0	7500	2e+11 0.516394
399	0.00399	0	0	7500	2e+11 0.516418
400	0.004	0	0	7500	2e+11 0.516418
401	0.00401	0	0	7500	2e+11 0.516394
402	0.00402	0	0	7500	2e+11 0.516394
403	0.00403	0	0	7500	2e+11 0.516394
404	0.00404	0	0	7500	2e+11 0.516394
405	0.00405	0	0	7500	2e+11 0.516418
406	0.00406	0	0	7500	2e+11 0.516418
407	0.00407	0	0	7500	2e+11 0.516394
408	0.00408	0	0	7500	2e+11 0.516394
409	0.00409	0	0	7500	2e+11 0.516394
410	0.0041	0	0	7500	2e+11 0.516394
411	0.00411	0	0	7500	2e+11 0.516418
412	0.00412	0	0	7500	2e+11 0.516418
413	0.00413	0	0	7500	2e+11 0.516394
414	0.00414	0	0	7500	2e+11 0.516394
415	0.00415	0	0	7500	2e+11 0.516394
416	0.00416	0	0	7500	2e+11 0.516394
417	0.00417	0	0	7500	2e+11 0.516418
418	0.00418	0	0	7500	2e+11 0.516418
419	0.00419	0	0	7500	2e+11 0.516394
420	0.0042	0	0	7500	2e+11 0.516394
421	0.00421	0	0	7500	2e+11 0.516394
422	0.00422	3.5232e-37	6.82264e-41	7500	2e+11 0.516394
423	0.00423	7.23656e-37	1.40135e-40	7500	2e+11 0.516418
424	0.00424	7.2362e-37	1.40128e-40	7500	2e+11 0.516418
425	0.00425	4.34173e-36	8.40772e-40	7500	2e+11 0.516394
426	0.00426	1.45685e-35	2.82118e-39	7500	2e+11 0.516394
427	0.00427	5.56846e-35	1.07833e-38	7500	2e+11 0.516394
428	0.00428	1.70051e-34	3.29303e-38	7500	2e+11 0.516394
429	0.00429	4.90175e-34	9.4922e-38	7500	2e+11 0.516418
430	0.0043	1.40672e-33	2.7241e-37	7500	2e+11 0.516418
431	0.00431	3.01803e-33	5.84439e-37	7500	2e+11 0.516394
432	0.00432	9.35682e-33	1.81194e-36	7500	2e+11 0.516394
433	0.00433	2.46206e-32	4.76776e-36	7500	2e+11 0.516394
434	0.00434	6.96221e-32	1.34823e-35	7500	2e+11 0.516394
435	0.00435	2.21931e-31	4.29767e-35	7500	2e+11 0.516418
436	0.00436	5.29197e-31	1.02479e-34	7500	2e+11 0.516418
437	0.00437	1.8054e-30	3.49614e-34	7500	2e+11 0.516394
438	0.00438	4.67819e-30	9.05928e-34	7500	2e+11 0.516394
439	0.00439	1.14366e-29	2.21469e-33	7500	2e+11 0.516394
440	0.0044	3.88376e-29	7.52087e-33	7500	2e+11 0.516394
441	0.00441	9.12391e-29	1.76684e-32	7500	2e+11 0.516418
442	0.00442	2.80253e-28	5.42707e-32	7500	2e+11 0.516418
443	0.00443	8.02461e-28	1.55396e-31	7500	2e+11 0.516394
444	0.00444	2.49487e-27	4.83129e-31	7500	2e+11 0.516394
445	0.00445	7.49318e-27	1.45105e-30	7500	2e+11 0.516394
446	0.00446	1.70343e-26	3.29868e-30	7500	2e+11 0.516394
447	0.00447	4.67814e-26	9.05918e-30	7500	2e+11 0.516418
448	0.00448	1.6867e-25	3.26627e-29	7500	2e+11 0.516418
449	0.00449	3.94163e-25	7.63294e-29	7500	2e+11 0.516394
450	0.0045	1.28157e-24	2.48174e-28	7500	2e+11 0.516394
451	0.00451	3.94615e-24	7.64168e-28	7500	2e+11 0.516394
452	0.00452	1.10824e-23	2.14609e-27	7500	2e+11 0.516394
453	0.00453	2.81085e-23	5.44318e-27	7500	2e+11 0.516394
454	0.00454	1.05791e-22	2.04864e-26	7500	2e+11 0.516418
455	0.00455	2.4989e-22	4.83911e-26	7500	2e+11 0.516418
456	0.00456	6.98012e-22	1.35169e-25	7500	2e+11 0.516394
457	0.00457	1.93031e-21	3.73803e-25	7500	2e+11 0.516394
458	0.00458	5.40842e-21	1.04734e-24	7500	2e+11 0.516394
459	0.00459	1.64844e-20	3.19218e-24	7500	2e+11 0.516394
460	0.0046	5.09932e-20	9.87479e-24	7500	2e+11 0.516418
461	0.00461	1.57521e-19	3.05038e-23	7500	2e+11 0.516418
462	0.00462	4.94784e-19	9.58145e-23	7500	2e+11 0.516394
463	0.00463	1.39615e-18	2.70364e-22	7500	2e+11 0.516394
464	0.00464	4.07458e-18	7.89038e-22	7500	2e+11 0.516394
465	0.00465	9.1155e-18	1.76521e-21	7500	2e+11 0.516394
466	0.00466	2.2501e-17	4.35729e-21	7500	2e+11 0.516418
467	0.00467	7.55529e-17	1.46308e-20	7500	2e+11 0.516418
468	0.00468	2.17947e-16	4.22053e-20	7500	2e+11 0.516394
469	0.00469	6.47842e-16	1.25454e-19	7500	2e+11 0.516394
470	0.0047	1.89525e-15	3.67014e-19	7500	2e+11 0.516394
471	0.00471	5.34755e-15	1.03555e-18	7500	2e+11 0.516394
472	0.00472	1.40464e-14	2.72007e-18	7500	2e+11 0.516418
473	0.00473	3.49633e-14	6.77062e-18	7500	2e+11 0.516418
474	0.00474	8.62876e-14	1.67095e-17	7500	2e+11 0.516394
475	0.00475	2.66232e-13	5.15557e-17	7500	2e+11 0.516394
476	0.00476	6.45302e-13	1.24962e-16	7500	2e+11 0.516394
477	0.00477	1.90387e-12	3.68684e-16	7500	2e+11 0.516394
478	0.00478	5.02815e-12	9.73697e-16	7500	2e+11 0.516418
479	0.00479	1.71267e-11	3.31656e-15	7500	2e+11 0.516418
480	0.0048	3.81853e-11	7.39455e-15	7500	2e+11 0.516394
481	0.00481	1.37456e-10	2.66182e-14	7500	2e+11 0.516394
482	0.00482	3.49207e-10	6.76237e-14	7500	2e+11 0.516394
483	0.00483	9.41041e-10	1.82232e-13	7500	2e+11 0.516394
484	0.00484	2.82813e-09	5.47665e-13	7500	2e+11 0.516418
485	0.00485	7.84437e-09	1.51906e-12	7500	2e+11 0.516418
486	0.00486	2.35338e-08	4.55729e-12	7500	2e+11 0.516394
487	0.00487	4.82217e-08	9.33809e-12	7500	2e+11 0.516394
488	0.00488	1.76942e-07	3.42647e-11	7500	2e+11 0.516394
489	0.00489	4.47115e-07	8.65834e-11	7500	2e+11 0.516394
490	0.0049	1.63085e-06	3.15813e-10	7500	2e+11 0.516418
491	0.00491	4.39209e-06	8.50525e-10	7500	2e+11 0.516418
492	0.00492	1.1082e-05	2.14602e-09	7500	2e+11 0.516394
493	0.00493	2.9969e-05	5.80348e-09	7500	2e+11 0.516394
494	0.00494	8.74378e-05	1.69323e-08	7500	2e+11 0.516394
495	0.00495	0.000220049	4.26124e-08	7500	2e+11 0.516394
496	0.00496	0.000623868	1.20812e-07	7500	2e+11 0.516418
497	0.00497	0.00135487	2.6237e-07	7500	2e+11 0.516418
498	0.00498	0.00460048	8.90879e-07	7500	2e+11 0.516394
499	0.00499	0.0102081	1.97679e-06	7500	2e+11 0.516394
500	0.005	0.0334967	6.4866e-06	7500	2e+11 0.516394
501	0.00501	0.110286	2.13569e-05	7500	2e+11 0.516394
502	0.00502	0.270703	5.24214e-05	7500	2e+11 0.516394
503	0.00503	0.7483	0.000144908	7500	2e+11 0.51637
504	0.00504	2.35194	0.000455452	7500	2e+11 0.516274
505	0.00505001	5.32848	0.00103186	7500	2e+11 0.516129
506	0.00506002	9.4271	0.00182555	7500	2e+11 0.515745
507	0.00507004	14.2738	0.00276411	7500	2e+11 0.51541
508	0.00508007	19.4885	0.00377394	7500	2e+11 0.514859
509	0.00509011	24.7155	0.00478613	7500	2e+11 0.514358
510	0.00510016	29.653	0.00574228	7500	2e+11 0.51381
511	0.00511022	34.0925	0.00660198	7500	2e+11 0.513358
512	0.00512029	37.9195	0.00734308	7500	2e+11 0.512954
513	0.00513036	41.0842	0.00795592	7500	2e+11 0.51248
514	0.00514044	43.6064	0.00844434	7500	2e+11 0.512362
515	0.00515053	45.5471	0.00882015	7500	2e+11 0.511936
516	0.00516062	46.9783	0.0090973	7500	2e+11 0.511936
517	0.00517071	48.0022	0.00929559	7500	2e+11 0.511723
518	0.0051808	48.7157	0.00943376	7500	2e+11 0.511605
519	0.00519089	49.1954	0.00952665	7500	2e+11 0.511582
520	0.00520099	49.5095	0.00958747	7500	2e+11 0.511582
521	0.00521109	49.709	0.00962611	7500	2e+11 0.511582
522	0.00522118	49.832	0.00964993	7500	2e+11 0.511487
523	0.00523128	49.9058	0.00966422	7500	2e+11 0.511487
524	0.00524138	49.9491	0.0096726	7500	2e+11 0.511487
525	0.00525147	49.9737	0.00967737	7500	2e+11 0.511487
526	0.00526157	49.9873	0.00968001	7500	2e+11 0.511487
527	0.00527167	49.9947	0.00968144	7500	2e+11 0.511558
528	0.00528176	49.9986	0.00968219	7500	2e+11 0.511558
529	0.00529186	50.0007	0.00968259	7500	2e+11 0.51144
530	0.00530196	50.0017	0.00968278	7500	2e+11 0.51144
531	0.00531205	50.0022	0.00968288	7500	2e+11 0.511535
532	0.00532215	50.0024	0.00968293	7500	2e+11 0.511535
533	0.00533225	50.0025	0.00968295	7500	2e+11 0.51144
534	0.00534234	50.0026	0.00968296	7500	2e+11 0.511535
535	0.00535244	50.0026	0.00968296	7500	2e+11 0.511535
536	0.00536253	50.0026	0.00968296	7500	2e+11 0.511487
537	0.00537263	50.0026	0.00968296	7500	2e+11 0.511464
538	0.00538273	50.0026	0.00968296	7500	2e+11 0.511558
539	0.00539282	50.0026	0.00968296	7500	2e+11 0.511558
540	0.00540292	50.0026	0.00968296	7500	2e+11 0.51144
541	0.00541302	50.0026	0.00968296	7500	2e+11 0.511487
542	0.00542311	50.0026	0.00968296	7500	2e+11 0.511487
543	0.00543321	50.0026	0.00968296	7500	2e+11 0.511487
544	0.0054433	50.0026	0.00968296	7500	2e+11 0.511487
545	0.0054534	50.0026	0.00968296	7500	2e+11 0.511535
546	0.0054635	50.0026	0.00968296	7500	2e+11 0.511535
547	0.0054736	50.0026	0.00968296	7500	2e+11 0.51144
548	0.00548369	50.0026	0.00968296	7500	2e+11 0.511511
549	0.00549379	50.0026	0.00968296	7500	2e+11 0.511535
550	0.00550388	50.0026	0.00968296	7500	2e+11 0.511535
551	0.00551398	50.0026	0.00968296	7500	2e+11 0.511511
552	0.00552408	50.0026	0.00968296	7500	2e+11 0.511511
553	0.00553417	50.0026	0.00968296	7500	2e+11 0.511511
554	0.00554427	50.0026	0.00968296	7500	2e+11 0.511511
555	0.00555437	50.0026	0.00968296	7500	2e+11 0.511487
556	0.00556446	50.0026	0.00968296	7500	2e+11 0.511487
557	0.00557456	50.0026	0.00968296	7500	2e+11 0.511535
558	0.00558465	50.0026	0.00968296	7500	2e+11 0.511535
559	0.00559475	50.0026	0.00968296	7500	2e+11 0.511535
560	0.00560485	50.0026	0.00968296	7500	2e+11 0.511535
561	0.00561494	50.0026	0.00968296	7500	2e+11 0.51144
562	0.00562504	50.0026	0.00968296	7500	2e+11 0.51144
563	0.00563514	50.0026	0.00968296	7500	2e+11 0.511535
564	0.00564523	50.0026	0.00968296	7500	2e+11 0.511535
565	0.00565533	50.0026	0.00968296	7500	2e+11 0.511511
566	0.00566543	50.0026	0.00968296	7500	2e+11 0.511511
567	0.00567552	50.0026	0.00968296	7500	2e+11 0.511464
568	0.00568562	50.0026	0.00968296	7500	2e+11 0.511464
569	0.00569572	50.0026	0.00968296	7500	2e+11 0.511558
570	0.00570581	50.0026	0.00968295	7500	2e+11 0.511558
571	0.00571591	50.0026	0.00968295	7500	2e+11 0.511464
572	0.005726	50.0026	0.00968295	7500	2e+11 0.511464
573	0.0057361	50.0026	0.00968295	7500	2e+11 0.511464
574	0.0057462	50.0026	0.00968295	7500	2e+11 0.511464
575	0.00575629	50.0026	0.00968295	7500	2e+11 0.511487
576	0.00576639	50.0026	0.00968295	7500	2e+11 0.511558
577	0.00577648	50.0026	0.00968295	7500	2e+11 0.511558
578	0.00578658	50.0026	0.00968295	7500	2e+11 0.511464
579	0.00579668	50.0026	0.00968295	7500	2e+11 0.511487
580	0.00580677	50.0026	0.00968295	7500	2e+11 0.511487
581	0.00581687	50.0026	0.00968295	7500	2e+11 0.511511
582	0.00582697	50.0026	0.00968295	7500	2e+11 0.511511
583	0.00583706	50.0026	0.00968295	7500	2e+11 0.511464
584	0.00584716	50.0026	0.00968295	7500	2e+11 0.511487
585	0.00585726	50.0026	0.00968295	7500	2e+11 0.511487
586	0.00586735	50.0026	0.00968295	7500	2e+11 0.51144
587	0.00587745	50.0026	0.00968295	7500	2e+11 0.511605
588	0.00588754	50.0026	0.00968295	7500	2e+11 0.511605
589	0.00589764	50.0025	0.00968295	7500	2e+11 0.511487
590	0.00590774	50.0025	0.00968295	7500	2e+11 0.511464
591	0.00591783	50.0025	0.00968295	7500	2e+11 0.511487
592	0.00592793	50.0025	0.00968295	7500	2e+11 0.511487
593	0.00593803	50.0025	0.00968294	7500	2e+11 0.511511
594	0.00594812	50.0025	0.00968294	7500	2e+11 0.511582
595	0.00595822	50.0024	0.00968292	7500	2e+11 0.511582
596	0.00596831	50.0022	0.00968288	7500	2e+11 0.51144
597	0.00597841	50.0014	0.00968274	7500	2e+11 0.511487
598	0.00598851	49.9992	0.0096823	7500	2e+11 0.511487
599	0.0059986	49.9932	0.00968115	7500	2e+11 0.511487
600	0.0060087	49.9754	0.00967769	7500	2e+11 0.511511
601	0.00601879	49.9225	0.00966745	7500	2e+11 0.511535
602	0.00602889	49.791	0.00964199	7500	2e+11 0.511535
603	0.00603899	49.3916	0.00956465	7500	2e+11 0.511629
604	0.00604908	48.2352	0.00934071	7500	2e+11 0.511629
605	0.00605917	45.1104	0.00873559	7500	2e+11 0.512078
606	0.00606926	40.3667	0.00781698	7500	2e+11 0.512551
607	0.00607933	34.6056	0.00670135	7500	2e+11 0.513192
608	0.00608939	28.4764	0.00551444	7500	2e+11 0.513643
609	0.00609945	22.5271	0.00436236	7500	2e+11 0.514382
610	0.00610949	17.1859	0.00332803	7500	2e+11 0.514764
611	0.00611952	12.6863	0.00245669	7500	2e+11 0.515218
612	0.00612954	9.07638	0.00175763	7500	2e+11 0.515554
613	0.00613956	6.29364	0.00121876	7500	2e+11 0.515889
614	0.00614957	4.23107	0.000819343	7500	2e+11 0.516081
615	0.00615957	2.76299	0.000535051	7500	2e+11 0.516201
616	0.00616958	1.75309	0.000339484	7500	2e+11 0.516226
617	0.00617958	1.08305	0.000209731	7500	2e+11 0.516322
618	0.00618958	0.656506	0.000127132	7500	2e+11 0.51649
619	0.00619958	0.387742	7.50859e-05	7500	2e+11 0.51649
620	0.00620958	0.223134	4.32097e-05	7500	2e+11 0.516442
621	0.00621958	0.125932	2.43866e-05	7500	2e+11 0.516442
622	0.00622958	0.0693945	1.34382e-05	7500	2e+11 0.516514
623	0.00623958	0.0372439	7.21225e-06	7500	2e+11 0.516514
624	0.00624958	0.0195712	3.78994e-06	7500	2e+11 0.516442
625	0.00625958	0.010073	1.95063e-06	7500	2e+11 0.516442
626	0.00626958	0.00507726	9.83208e-07	7500	2e+11 0.51649
627	0.00627958	0.00248725	4.81653e-07	7500	2e+11 0.51649
628	0.00628958	0.00118559	2.29588e-07	7500	2e+11 0.516418
629	0.00629958	0.000556062	1.07681e-07	7500	2e+11 0.516466
630	0.00630957	0.000255407	4.94593e-08	7500	2e+11 0.516514
631	0.00631957	0.00011484	2.22387e-08	7500	2e+11 0.516514
632	0.00632957	5.03706e-05	9.75423e-09	7500	2e+11 0.51661
633	0.00633957	2.18251e-05	4.22641e-09	7500	2e+11 0.51661
634	0.00634957	9.21915e-06	1.78528e-09	7500	2e+11 0.516514
635	0.00635957	3.81267e-06	7.3832e-10	7500	2e+11 0.516514
636	0.00636957	1.55576e-06	3.01272e-10	7500	2e+11 0.516514
637	0.00637956	6.16932e-07	1.19468e-10	7500	2e+11 0.516538
638	0.00638956	2.38329e-07	4.61522e-11	7500	2e+11 0.516538
639	0.00639956	9.05826e-08	1.75413e-11	7500	2e+11 0.516586
640	0.00640956	3.33449e-08	6.45721e-12	7500	2e+11 0.516586
641	0.00641956	1.18811e-08	2.30077e-12	7500	2e+11 0.516562
642	0.00642955	4.22125e-09	8.17441e-13	7500	2e+11 0.516731
643	0.00643955	1.46101e-09	2.82922e-13	7500	2e+11 0.516731
644	0.00644955	4.91239e-10	9.5128e-14	7500	2e+11 0.516707
645	0.00645954	1.61414e-10	3.12577e-14	7500	2e+11 0.516707
646	0.00646954	5.14003e-11	9.95363e-15	7500	2e+11 0.516731
647	0.00647953	1.58021e-11	3.06006e-15	7500	2e+11 0.516731
648	0.00648952	4.75e-12	9.19833e-16	7500	2e+11 0.516851
649	0.00649952	1.41099e-12	2.73236e-16	7500	2e+11 0.517164
650	0.0065095	4.12619e-13	7.99034e-17	7500	2e+11 0.517164
651	0.00651956	1.14649e-13	2.22017e-17	7500	2e+11 0.51702
652	0.00652955	3.11618e-14	6.03445e-18	7500	2e+11 0.51702
653	0.00653954	8.37946e-15	1.62268e-18	7500	2e+11 0.516779
654	0.00654954	2.23535e-15	4.32874e-19	7500	2e+11 0.516658
655	0.00655953	5.6326e-16	1.09075e-19	7500	2e+11 0.516634
656	0.00656953	1.40416e-16	2.71915e-20	7500	2e+11 0.516634
657	0.00657953	3.34638e-17	6.48024e-21	7500	2e+11 0.516538
658	0.00658952	7.62979e-18	1.4775e-21	7500	2e+11 0.516658
659	0.00659952	1.74046e-18	3.37039e-22	7500	2e+11 0.516658
660	0.00660952	3.93047e-19	7.61133e-23	7500	2e+11 0.516538
661	0.00661952	8.81459e-20	1.70694e-23	7500	2e+11 0.516538
662	0.00662951	1.88176e-20	3.644e-24	7500	2e+11 0.516514
663	0.00663951	4.02714e-21	7.79853e-25	7500	2e+11 0.516514
664	0.00664951	8.28055e-22	1.60352e-25	7500	2e+11 0.51637
665	0.00665951	1.69646e-22	3.28517e-26	7500	2e+11 0.51637
666	0.00666951	3.34391e-23	6.47545e-27	7500	2e+11 0.516394
667	0.00667951	6.44867e-24	1.24878e-27	7500	2e+11 0.516562
668	0.00668951	1.2484e-24	2.41752e-28	7500	2e+11 0.516562
669	0.00669951	2.39174e-25	4.63159e-29	7500	2e+11 0.516418
670	0.00670951	4.4561e-26	8.62919e-30	7500	2e+11 0.51649
671	0.00671951	8.25641e-27	1.59885e-30	7500	2e+11 0.51649
672	0.00672951	1.47355e-27	2.85352e-31	7500	2e+11 0.51637
673	0.00673951	2.68065e-28	5.19106e-32	7500	2e+11 0.516538
674	0.00674951	4.79472e-29	9.28494e-33	7500	2e+11 0.516538
675	0.00675951	8.30662e-30	1.60857e-33	7500	2e+11 0.51637
676	0.00676951	1.36557e-30	2.64441e-34	7500	2e+11 0.51637
677	0.00677951	2.21291e-31	4.28528e-35	7500	2e+11 0.516442
678	0.00678951	3.51256e-32	6.80205e-36	7500	2e+11 0.516442
679	0.00679951	5.38221e-33	1.04226e-36	7500	2e+11 0.516442
680	0.00680951	7.95151e-34	1.5398e-37	7500	2e+11 0.516442
681	0.00681951	1.17606e-34	2.27743e-38	7500	2e+11 0.516394
682	0.00682951	1.64185e-35	3.17942e-39	7500	2e+11 0.516394
683	0.00683951	2.12742e-36	4.11973e-40	7500	2e+11 0.51637
684	0.00684952	2.6581e-37	5.14739e-41	7500	2e+11 0.516346
685	0.00685952	3.26211e-38	6.31705e-42	7500	2e+11 0.516346
686	0.00686952	3.97995e-39	7.70714e-43	7500	2e+11 0.51637
687	0.00687952	4.70358e-40	9.10844e-44	7500	2e+11 0.516442
688	0.00688952	5.06541e-41	9.80909e-45	7500	2e+11 0.516442
689	0.00689952	0	0	7500	2e+11 0.516418
690	0.00690952	0	0	7500	2e+11 0.516418
691	0.00691952	0	0	7500	2e+11 0.516442
692	0.00692952	0	0	7500	2e+11 0.516442
693	0.00693952	0	0	7500	2e+11 0.516466
694	0.00694952	0	0	7500	2e+11 0.516466
695	0.00695952	0	0	7500	2e+11 0.516466
696	0.00696952	0	0	7500	2e+11 0.516394
697	0.00697952	0	0	7500	2e+11 0.516418
698	0.00698952	0	0	7500	2e+11 0.516418
699	0.00699952	0	0	7500	2e+11 0.51649
700	0.00700952	0	0	7500	2e+11 0.51649
701	0.00701952	0	0	7500	2e+11 0.51637
702	0.00702952	0	0	7500	2e+11 0.51637
703	0.00703952	0	0	7500	2e+11 0.516466
704	0.00704952	0	0	7500	2e+11 0.516466
705	0.00705952	0	0	7500	2e+11 0.516442
706	0.00706952	0	0	7500	2e+11 0.516442
707	0.00707952	0	0	7500	2e+11 0.516442
708	0.00708952	0	0	7500	2e+11 0.516418
709	0.00709952	0	0	7500	2e+11 0.516538
710	0.00710952	0	0	7500	2e+11 0.516538
711	0.00711952	0	0	7500	2e+11 0.516442
712	0.00712952	0	0	7500	2e+11 0.516442
713	0.00713952	7.23631e-42	-1.4013e-45	7500	2e+11 0.516442
714	0.00714952	1.01308e-40	-1.96182e-44	7500	2e+11 0.516442
715	0.00715952	7.23628e-40	-1.4013e-43	7500	2e+11 0.516394
716	0.00716952	4.8483e-39	-9.3887e-43	7500	2e+11 0.516562
717	0.00717951	3.26284e-38	-6.31845e-42	7500	2e+11 0.516562
718	0.00718951	2.42567e-37	-4.69729e-41	7500	2e+11 0.516418
719	0.00719952	1.81616e-36	-3.51698e-40	7500	2e+11 0.51649
720	0.00720951	1.43692e-35	-2.78258e-39	7500	2e+11 0.51649
721	0.00721952	1.17087e-34	-2.26738e-38	7500	2e+11 0.51649
722	0.00722951	9.08732e-34	-1.75975e-37	7500	2e+11 0.51649
723	0.00723951	7.54283e-33	-1.46066e-36	7500	2e+11 0.516442
724	0.00724951	6.73372e-32	-1.30398e-35	7500	2e+11 0.516442
725	0.00725951	5.57708e-31	-1.08e-34	7500	2e+11 0.516442
726	0.00726951	4.2721e-30	-8.27289e-34	7500	2e+11 0.516442
727	0.00727951	3.13253e-29	-6.06612e-33	7500	2e+11 0.516442
728	0.00728951	2.27203e-28	-4.39978e-32	7500	2e+11 0.516442
729	0.00729951	1.53202e-27	-2.96674e-31	7500	2e+11 0.516418
730	0.00730951	1.02486e-26	-1.98463e-30	7500	2e+11 0.516418
731	0.00731951	6.86524e-26	-1.32945e-29	7500	2e+11 0.516514
732	0.00732951	4.38418e-25	-8.48994e-29	7500	2e+11 0.516514
733	0.00733951	2.63792e-24	-5.10831e-28	7500	2e+11 0.516322
734	0.00734952	1.53475e-23	-2.97203e-27	7500	2e+11 0.51637
735	0.00735952	9.23067e-23	-1.78751e-26	7500	2e+11 0.516418
736	0.00736952	5.19587e-22	-1.00618e-25	7500	2e+11 0.51649
737	0.00737951	2.73712e-21	-5.30042e-25	7500	2e+11 0.51649
738	0.00738952	1.4381e-20	-2.78487e-24	7500	2e+11 0.516322
739	0.00739952	7.04439e-20	-1.36414e-23	7500	2e+11 0.51637
740	0.00740952	3.31208e-19	-6.41382e-23	7500	2e+11 0.51637
741	0.00741952	1.53573e-18	-2.97393e-22	7500	2e+11 0.516346
742	0.00742952	7.1123e-18	-1.37729e-21	7500	2e+11 0.516346
743	0.00743952	3.12025e-17	-6.04234e-21	7500	2e+11 0.516274
744	0.00744953	1.31636e-16	-2.54913e-20	7500	2e+11 0.516274
745	0.00745953	5.56227e-16	-1.07713e-19	7500	2e+11 0.516226
746	0.00746953	2.26076e-15	-4.37794e-19	7500	2e+11 0.516226
747	0.00747954	8.68983e-15	-1.68278e-18	7500	2e+11 0.516105
748	0.00748955	3.25025e-14	-6.29408e-18	7500	2e+11 0.516129
749	0.00749955	1.18217e-13	-2.28927e-17	7500	2e+11 0.516129
750	0.00750956	4.19999e-13	-8.13324e-17	7500	2e+11 0.519466
751	0.0075195	1.43969e-12	-2.78794e-16	7500	2e+11 0.519466
752	0.00752952	4.94473e-12	-9.57542e-16	7500	2e+11 0.515841
753	0.00753953	1.64736e-11	-3.1901e-15	7500	2e+11 0.516274
754	0.00754953	5.31724e-11	-1.02968e-14	7500	2e+11 0.516274
755	0.00755954	1.64214e-10	-3.17999e-14	7500	2e+11 0.516033
756	0.00756954	4.97086e-10	-9.62602e-14	7500	2e+11 0.516346
757	0.00757955	1.49398e-09	-2.89308e-13	7500	2e+11 0.516346
758	0.00758955	4.34445e-09	-8.41299e-13	7500	2e+11 0.516177
759	0.00759955	1.22855e-08	-2.37908e-12	7500	2e+11 0.516177
760	0.00760956	3.35121e-08	-6.4896e-12	7500	2e+11 0.516298
761	0.00761956	9.05247e-08	-1.753e-11	7500	2e+11 0.516298
762	0.00762957	2.40008e-07	-4.64774e-11	7500	2e+11 0.516442
763	0.00763956	6.12047e-07	-1.18522e-10	7500	2e+11 0.516442
764	0.00764957	1.5283e-06	-2.95954e-10	7500	2e+11 0.516538
765	0.00765957	3.74366e-06	-7.24957e-10	7500	2e+11 0.516538
766	0.00766957	9.00794e-06	-1.74438e-09	7500	2e+11 0.516346
767	0.00767957	2.1324e-05	-4.12937e-09	7500	2e+11 0.516346
768	0.00768957	4.89284e-05	-9.47495e-09	7500	2e+11 0.516346
769	0.00769957	0.000109606	-2.12252e-08	7500	2e+11 0.516346
770	0.00770958	0.000241674	-4.68e-08	7500	2e+11 0.516442
771	0.00771958	0.000517062	-1.00129e-07	7500	2e+11 0.516442
772	0.00772958	0.00108284	-2.09691e-07	7500	2e+11 0.516346
773	0.00773958	0.00222748	-4.31349e-07	7500	2e+11 0.516346
774	0.00774958	0.00447436	-8.66455e-07	7500	2e+11 0.516394
775	0.00775958	0.00882419	-1.7088e-06	7500	2e+11 0.516394
776	0.00776958	0.0169867	-3.28946e-06	7500	2e+11 0.51637
777	0.00777958	0.0320573	-6.20786e-06	7500	2e+11 0.51637
778	0.00778959	0.0590024	-1.14258e-05	7500	2e+11 0.51649
779	0.00779958	0.106312	-2.05872e-05	7500	2e+11 0.51649
780	0.00780959	0.186826	-3.61787e-05	7500	2e+11 0.516201
781	0.00781965	0.322263	-6.2406e-05	7500	2e+11 0.515458
782	0.00782966	0.541229	-0.000104809	7500	2e+11 0.516466
783	0.00783966	0.887866	-0.000171934	7500	2e+11 0.516514
784	0.00784966	1.41152	-0.000273339	7500	2e+11 0.51661
785	0.00785966	2.17252	-0.000420706	7500	2e+11 0.51661
786	0.00786965	3.25924	-0.000631149	7500	2e+11 0.516947
787	0.00787964	4.77882	-0.000925414	7500	2e+11 0.516947
788	0.00788963	6.8155	-0.00131982	7500	2e+11 0.517382
789	0.00789961	9.42431	-0.00182501	7500	2e+11 0.517478
790	0.00790959	12.6966	-0.00245868	7500	2e+11 0.518155
791	0.00791956	16.5924	-0.0032131	7500	2e+11 0.5183
792	0.00792952	21.086	-0.00408329	7500	2e+11 0.518931
793	0.00793947	26.0671	-0.00504788	7500	2e+11 0.519125
794	0.00794942	31.2788	-0.00605711	7500	2e+11 0.520099
795	0.00795935	36.4452	-0.00705759	7500	2e+11 0.520343
796	0.00796927	41.1988	-0.00797812	7500	2e+11 0.520685
797	0.00797919	45.1693	-0.008747	7500	2e+11 0.521273
798	0.0079891	47.9844	-0.00929215	7500	2e+11 0.521273
799	0.007999	49.4058	-0.00956739	7500	2e+11 0.521322
800	0.00800891	49.7357	-0.00963127	7500	2e+11 0.521371
801	0.00801881	49.9128	-0.00966558	7500	2e+11 0.521567
802	0.00802872	49.9662	-0.00967592	7500	2e+11 0.521567
803	0.00803863	49.9846	-0.00967948	7500	2e+11 0.521469
804	0.00804853	49.9933	-0.00968116	7500	2e+11 0.521469
805	0.00805843	49.996	-0.00968169	7500	2e+11 0.521469
806	0.00806833	49.9968	-0.00968183	7500	2e+11 0.521469
807	0.00807824	49.9972	-0.00968191	7500	2e+11 0.52142
808	0.00808814	49.9973	-0.00968194	7500	2e+11 0.52142
809	0.00809804	49.9974	-0.00968195	7500	2e+11 0.52142
810	0.00810795	49.9974	-0.00968195	7500	2e+11 0.521469
811	0.00811785	49.9974	-0.00968195	7500	2e+11 0.521469
812	0.00812776	49.9974	-0.00968195	7500	2e+11 0.52142
813	0.00813766	49.9974	-0.00968195	7500	2e+11 0.52142
814	0.00814757	49.9974	-0.00968195	7500	2e+11 0.521469
815	0.00815747	49.9974	-0.00968195	7500	2e+11 0.521469
816	0.00816737	49.9974	-0.00968195	7500	2e+11 0.521469
817	0.00817728	49.9974	-0.00968195	7500	2e+11 0.521469
818	0.00818718	49.9974	-0.00968195	7500	2e+11 0.521469
819	0.00819708	49.9974	-0.00968195	7500	2e+11 0.521469
820	0.00820699	49.9974	-0.00968195	7500	2e+11 0.52142
821	0.00821689	49.9974	-0.00968195	7500	2e+11 0.521567
822	0.00822679	49.9974	-0.00968195	7500	2e+11 0.521567
823	0.0082367	49.9974	-0.00968195	7500	2e+11 0.521567
824	0.0082466	49.9974	-0.00968195	7500	2e+11 0.521567
825	0.0082565	49.9974	-0.00968195	7500	2e+11 0.521469
826	0.00826641	49.9974	-0.00968196	7500	2e+11 0.521469
827	0.00827631	49.9974	-0.00968196	7500	2e+11 0.521567
828	0.00828621	49.9974	-0.00968196	7500	2e+11 0.521567
829	0.00829612	49.9974	-0.00968196	7500	2e+11 0.521518
830	0.00830602	49.9974	-0.00968196	7500	2e+11 0.521518
831	0.00831593	49.9974	-0.00968196	7500	2e+11 0.52142
832	0.00832583	49.9974	-0.00968196	7500	2e+11 0.521518
833	0.00833574	49.9974	-0.00968196	7500	2e+11 0.521518
834	0.00834564	49.9974	-0.00968196	7500	2e+11 0.521469
835	0.00835554	49.9974	-0.00968196	7500	2e+11 0.521567
836	0.00836545	49.9974	-0.00968196	7500	2e+11 0.521567
837	0.00837535	49.9974	-0.00968196	7500	2e+11 0.521567
838	0.00838525	49.9974	-0.00968196	7500	2e+11 0.521567
839	0.00839516	49.9974	-0.00968196	7500	2e+11 0.521567
840	0.00840506	49.9974	-0.00968196	7500	2e+11 0.521567
841	0.00841497	49.9974	-0.00968196	7500	2e+11 0.52142
842	0.00842487	49.9974	-0.00968196	7500	2e+11 0.521469
843	0.00843477	49.9974	-0.00968196	7500	2e+11 0.521469
844	0.00844468	49.9974	-0.00968196	7500	2e+11 0.521469
845	0.00845458	49.9974	-0.00968196	7500	2e+11 0.521518
846	0.00846448	49.9974	-0.00968196	7500	2e+11 0.521518
847	0.00847439	49.9974	-0.00968196	7500	2e+11 0.521371
848	0.00848429	49.9974	-0.00968196	7500	2e+11 0.521371
849	0.0084942	49.9974	-0.00968196	7500	2e+11 0.52142
850	0.0085041	49.9974	-0.00968196	7500	2e+11 0.52142
851	0.008514	49.9974	-0.00968196	7500	2e+11 0.521469
852	0.00852391	49.9974	-0.00968196	7500	2e+11 0.521469
853	0.00853381	49.9974	-0.00968196	7500	2e+11 0.521567
854	0.00854371	49.9974	-0.00968196	7500	2e+11 0.521567
855	0.00855362	49.9974	-0.00968196	7500	2e+11 0.521371
856	0.00856352	49.9974	-0.00968196	7500	2e+11 0.52142
857	0.00857343	49.9974	-0.00968196	7500	2e+11 0.52142
858	0.00858333	49.9974	-0.00968196	7500	2e+11 0.521469
859	0.00859323	49.9974	-0.00968196	7500	2e+11 0.521567
860	0.00860313	49.9974	-0.00968196	7500	2e+11 0.521567
861	0.00861304	49.9974	-0.00968196	7500	2e+11 0.521469
862	0.00862294	49.9974	-0.00968196	7500	2e+11 0.521469
863	0.00863285	49.9974	-0.00968196	7500	2e+11 0.52142
864	0.00864275	49.9974	-0.00968196	7500	2e+11 0.52142
865	0.00865265	49.9974	-0.00968196	7500	2e+11 0.52142
866	0.00866256	49.9974	-0.00968196	7500	2e+11 0.521469
867	0.00867246	49.9974	-0.00968196	7500	2e+11 0.521469
868	0.00868236	49.9974	-0.00968196	7500	2e+11 0.521371
869	0.00869227	49.9974	-0.00968196	7500	2e+11 0.521469
870	0.00870217	49.9974	-0.00968196	7500	2e+11 0.521469
871	0.00871208	49.9973	-0.00968194	7500	2e+11 0.521518
872	0.00872198	49.9972	-0.00968191	7500	2e+11 0.521518
873	0.00873188	49.9968	-0.00968185	7500	2e+11 0.521616
874	0.00874178	49.9961	-0.00968171	7500	2e+11 0.521616
875	0.00875169	49.9947	-0.00968144	7500	2e+11 0.521322
876	0.00876159	49.9919	-0.00968089	7500	2e+11 0.521469
877	0.0087715	49.9864	-0.00967983	7500	2e+11 0.521518
878	0.0087814	49.976	-0.00967782	7500	2e+11 0.521518
879	0.0087913	49.9567	-0.00967408	7500	2e+11 0.521469
880	0.0088012	49.9227	-0.00966749	7500	2e+11 0.521469
881	0.00881111	49.8628	-0.00965588	7500	2e+11 0.521371
882	0.00882102	49.7587	-0.00963573	7500	2e+11 0.521469
883	0.00883092	49.5852	-0.00960213	7500	2e+11 0.521469
884	0.00884083	49.3015	-0.0095472	7500	2e+11 0.521322
885	0.00885073	48.847	-0.00945918	7500	2e+11 0.521322
886	0.00886064	48.1335	-0.00932101	7500	2e+11 0.521175
887	0.00887055	47.0772	-0.00911646	7500	2e+11 0.521126
888	0.00888046	45.5536	-0.00882142	7500	2e+11 0.521028
889	0.00889038	43.4197	-0.00840819	7500	2e+11 0.520734
890	0.0089003	40.5605	-0.00785451	7500	2e+11 0.520539
891	0.00891022	36.8151	-0.00712921	7500	2e+11 0.520246
892	0.00892016	32.195	-0.00623453	7500	2e+11 0.519661
893	0.00893011	26.7296	-0.00517616	7500	2e+11 0.519223
894	0.00894006	20.7219	-0.00401278	7500	2e+11 0.518591
895	0.00895004	14.5901	-0.00282535	7500	2e+11 0.517913
896	0.00896002	8.92697	-0.0017287	7500	2e+11 0.517382
897	0.00897001	4.36612	-0.000845495	7500	2e+11 0.516899
898	0.00898	1.57042	-0.000304111	7500	2e+11 0.516658
899	0.00899	0.534674	-0.000103539	7500	2e+11 0.516466
900	0.009	0.220203	-4.26421e-05	7500	2e+11 0.516418
901	0.00901	0.0799274	-1.54779e-05	7500	2e+11 0.516418
902	0.00902	0.0256891	-4.97467e-06	7500	2e+11 0.516418
903	0.00903	0.0096145	-1.86184e-06	7500	2e+11 0.516418
904	0.00904	0.00363477	-7.03871e-07	7500	2e+11 0.516418
905	0.00905	0.00115026	-2.22747e-07	7500	2e+11 0.516418
906	0.00906	0.000434244	-8.4091e-08	7500	2e+11 0.516418
907	0.00907	0.000143027	-2.76971e-08	7500	2e+11 0.516418
908	0.00908	4.9686e-05	-9.62166e-09	7500	2e+11 0.516418
909	0.00909	1.64281e-05	-3.18128e-09	7500	2e+11 0.516418
910	0.0091	5.76053e-06	-1.11552e-09	7500	2e+11 0.516418
911	0.00911	1.91729e-06	-3.71282e-10	7500	2e+11 0.516418
912	0.00912	8.39432e-07	-1.62555e-10	7500	2e+11 0.516418
913	0.00913	2.76552e-07	-5.35541e-11	7500	2e+11 0.516418
914	0.00914	1.07643e-07	-2.0845e-11	7500	2e+11 0.516418
915	0.00915	3.09e-08	-5.98375e-12	7500	2e+11 0.516418
916	0.00916	1.18083e-08	-2.28667e-12	7500	2e+11 0.516418
917	0.00917	3.31338e-09	-6.41634e-13	7500	2e+11 0.516418
918	0.00918	9.83021e-10	-1.90361e-13	7500	2e+11 0.516418
919	0.00919	4.42831e-10	-8.57539e-14	7500	2e+11 0.516418
920	0.0092	1.66124e-10	-3.21697e-14	7500	2e+11 0.516418
921	0.00921	7.0372e-11	-1.36275e-14	7500	2e+11 0.516418
922	0.00922	2.745e-11	-5.31567e-15	7500	2e+11 0.516418
923	0.00923	8.52816e-12	-1.65147e-15	7500	2e+11 0.516418
924	0.00924	3.02078e-12	-5.84971e-16	7500	2e+11 0.516418
925	0.00925	1.10998e-12	-2.14947e-16	7500	2e+11 0.516418
926	0.00926	3.95464e-13	-7.65813e-17	7500	2e+11 0.516418
927	0.00927	1.58993e-13	-3.07888e-17	7500	2e+11 0.516418
928	0.00928	5.8469e-14	-1.13225e-17	7500	2e+11 0.516418
929	0.00929	1.64202e-14	-3.17975e-18	7500	2e+11 0.516418
930	0.0093	7.02352e-15	-1.3601e-18	7500	2e+11 0.516418
931	0.00931	2.39442e-15	-4.63677e-19	7500	2e+11 0.516418
932	0.00932	7.37137e-16	-1.42746e-19	7500	2e+11 0.516418
933	0.00933	2.48622e-16	-4.81454e-20	7500	2e+11 0.516418
934	0.00934	9.69908e-17	-1.87822e-20	7500	2e+11 0.516418
935	0.00935	3.27145e-17	-6.33513e-21	7500	2e+11 0.516418
936	0.00936	1.20414e-17	-2.33181e-21	7500	2e+11 0.516418
937	0.00937	4.56002e-18	-8.83043e-22	7500	2e+11 0.516418
938	0.00938	1.64886e-18	-3.19301e-22	7500	2e+11 0.516418
939	0.00939	6.22294e-19	-1.20507e-22	7500	2e+11 0.516418
940	0.0094	2.5922e-19	-5.01978e-23	7500	2e+11 0.516418
941	0.00941	7.38977e-20	-1.43102e-23	7500	2e+11 0.516418
942	0.00942	2.88413e-20	-5.58509e-24	7500	2e+11 0.516418
943	0.00943	1.06266e-20	-2.05782e-24	7500	2e+11 0.516418
944	0.00944	3.69634e-21	-7.15793e-25	7500	2e+11 0.516418
945	0.00945	1.1156e-21	-2.16036e-25	7500	2e+11 0.516418
946	0.00946	4.47626e-22	-8.66825e-26	7500	2e+11 0.516418
947	0.00947	1.35673e-22	-2.62729e-26	7500	2e+11 0.516418
948	0.00948	4.88621e-23	-9.4621e-27	7500	2e+11 0.516418
949	0.00949	1.25572e-23	-2.4317e-27	7500	2e+11 0.516418
950	0.0095	5.17265e-24	-1.00168e-27	7500	2e+11 0.516418
951	0.00951	1.48435e-24	-2.87444e-28	7500	2e+11 0.516418
952	0.00952	5.1677e-25	-1.00072e-28	7500	2e+11 0.516418
953	0.00953	2.07659e-25	-4.0213e-29	7500	2e+11 0.516418
954	0.00954	6.61701e-26	-1.28138e-29	7500	2e+11 0.516418
955	0.00955	2.54672e-26	-4.93171e-30	7500	2e+11 0.516418
956	0.00956	9.57574e-27	-1.85434e-30	7500	2e+11 0.516418
957	0.00957	3.95175e-27	-7.65253e-31	7500	2e+11 0.516418
958	0.00958	1.26618e-27	-2.45195e-31	7500	2e+11 0.516418
959	0.00959	4.53137e-28	-8.77496e-32	7500	2e+11 0.516418
960	0.0096	1.27493e-28	-2.46889e-32	7500	2e+11 0.516418
961	0.00961	4.65858e-29	-9.0213e-33	7500	2e+11 0.516418
962	0.00962	1.69038e-29	-3.27341e-33	7500	2e+11 0.516418
963	0.00963	6.92822e-30	-1.34164e-33	7500	2e+11 0.516418
964	0.00964	2.22525e-30	-4.30917e-34	7500	2e+11 0.516418
965	0.00965	7.33334e-31	-1.42009e-34	7500	2e+11 0.516418
966	0.00966	3.13052e-31	-6.06222e-35	7500	2e+11 0.516418
967	0.00967	1.08126e-31	-2.09386e-35	7500	2e+11 0.516418
968	0.00968	3.67518e-32	-7.11695e-36	7500	2e+11 0.516418
969	0.00969	1.17111e-32	-2.26785e-36	7500	2e+11 0.516418
970	0.0097	4.80942e-33	-9.31339e-37	7500	2e+11 0.516418
971	0.00971	1.81585e-33	-3.51637e-37	7500	2e+11 0.516418
972	0.00972	5.51615e-34	-1.0682e-37	7500	2e+11 0.516418
973	0.00973	2.11467e-34	-4.09505e-38	7500	2e+11 0.516418
974	0.00974	7.58176e-35	-1.4682e-38	7500	2e+11 0.516418
975	0.00975	3.11143e-35	-6.02526e-39	7500	2e+11 0.516418
976	0.00976	9.73933e-36	-1.88601e-39	7500	2e+11 0.516418
977	0.00977	3.61827e-36	-7.00676e-40	7500	2e+11 0.516418
978	0.00978	7.23591e-37	-1.40123e-40	7500	2e+11 0.516418
979	0.00979	4.48121e-37	-8.67782e-41	7500	2e+11 0.516418
980	0.0098	7.09951e-38	-1.37481e-41	7500	2e+11 0.516418
981	0.00981	0	0	7500	2e+11 0.516418
982	0.00982	0	0	7500	2e+11 0.516418
983	0.00983	0	0	7500	2e+11 0.516418
984	0.00984	0	0	7500	2e+11 0.516418
985	0.00985	0	0	7500	2e+11 0.516418
986	0.00986	0	0	7500	2e+11 0.516418
987	0.00987	0	0	7500	2e+11 0.516418
988	0.00988	0	0	7500	2e+11 0.516418
989	0.00989	0	0	7500	2e+11 0.516418
990	0.0099	0	0	7500	2e+11 0.516418
991	0.00991	0	0	7500	2e+11 0.516418
992	0.00992	0	0	7500	2e+11 0.516418
993	0.00993	0	0	7500	2e+11 0.516418
994	0.00994	0	0	7500	2e+11 0.516418
995	0.00995	0	0	7500	2e+11 0.516418
996	0.00996	0	0	7500	2e+11 0.516418
997	0.00997	0	0	7500	2e+11 0.516418
998	0.00998	0	0	7500	2e+11 0.516418
999	0.00999	0	0	7500	2e+11 0.516418
1000	0.01	0	-0	7500	2e+11 0.516418
