0	0	0	0	7500	2e+11 0.516398
1	1e-05	0	0	7500	2e+11 0.516398
2	2e-05	0	0	7500	2e+11 0.516398
3	3e-05	0	0	7500	2e+11 0.516398
4	4e-05	0	0	7500	2e+11 0.516398
5	5e-05	0	0	7500	2e+11 0.516398
6	6e-05	0	0	7500	2e+11 0.516398
7	7e-05	0	0	7500	2e+11 0.516398
8	8e-05	0	0	7500	2e+11 0.516398
9	9e-05	0	0	7500	2e+11 0.516398
10	0.0001	0	0	7500	2e+11 0.516398
11	0.00011	0	0	7500	2e+11 0.516398
12	0.00012	0	0	7500	2e+11 0.516398
13	0.00013	0	0	7500	2e+11 0.516398
14	0.00014	0	0	7500	2e+11 0.516398
15	0.00015	0	0	7500	2e+11 0.516398
16	0.00016	0	0	7500	2e+11 0.516398
17	0.00017	0	0	7500	2e+11 0.516398
18	0.00018	0	0	7500	2e+11 0.516398
19	0.00019	0	0	7500	2e+11 0.516398
20	0.0002	0	0	7500	2e+11 0.516398
21	0.00021	0	0	7500	2e+11 0.516398
22	0.00022	0	0	7500	2e+11 0.516398
23	0.00023	0	0	7500	2e+11 0.516398
24	0.00024	0	0	7500	2e+11 0.516398
25	0.00025	0	0	7500	2e+11 0.516398
26	0.00026	0	0	7500	2e+11 0.516398
27	0.00027	0	0	7500	2e+11 0.516398
28	0.00028	0	0	7500	2e+11 0.516398
29	0.00029	0	0	7500	2e+11 0.516398
30	0.0003	0	0	7500	2e+11 0.516398
31	0.00031	0	0	7500	2e+11 0.516398
32	0.00032	0	0	7500	2e+11 0.516398
33	0.00033	0	0	7500	2e+11 0.516398
34	0.00034	0	0	7500	2e+11 0.516398
35	0.00035	0	0	7500	2e+11 0.516398
36	0.00036	0	0	7500	2e+11 0.516398
37	0.00037	0	0	7500	2e+11 0.516398
38	0.00038	0	0	7500	2e+11 0.516398
39	0.00039	0	0	7500	2e+11 0.516398
40	0.0004	0	0	7500	2e+11 0.516398
41	0.00041	0	0	7500	2e+11 0.516398
42	0.00042	0	0	7500	2e+11 0.516398
43	0.00043	0	0	7500	2e+11 0.516398
44	0.00044	0	0	7500	2e+11 0.516398
45	0.00045	0	0	7500	2e+11 0.516398
46	0.00046	0	0	7500	2e+11 0.516398
47	0.00047	0	0	7500	2e+11 0.516398
48	0.00048	0	0	7500	2e+11 0.516398
49	0.00049	0	0	7500	2e+11 0.5164
50	0.0005	0	0	7500	2e+11 0.5164
51	0.00051	0	0	7500	2e+11 0.516397
52	0.00052	0	0	7500	2e+11 0.5164
53	0.00053	0	0	7500	2e+11 0.5164
54	0.00054	0	0	7500	2e+11 0.516397
55	0.00055	0	0	7500	2e+11 0.5164
56	0.00056	0	0	7500	2e+11 0.5164
57	0.00057	0	0	7500	2e+11 0.516397
58	0.00058	0	0	7500	2e+11 0.516397
59	0.00059	0	0	7500	2e+11 0.5164
60	0.0006	0	0	7500	2e+11 0.5164
61	0.00061	0	0	7500	2e+11 0.516397
62	0.00062	0	0	7500	2e+11 0.5164
63	0.00063	0	0	7500	2e+11 0.5164
64	0.00064	0	0	7500	2e+11 0.516397
65	0.00065	0	0	7500	2e+11 0.5164
66	0.00066	0	0	7500	2e+11 0.5164
67	0.00067	0	0	7500	2e+11 0.516397
68	0.00068	0	0	7500	2e+11 0.5164
69	0.00069	0	0	7500	2e+11 0.5164
70	0.0007	0	0	7500	2e+11 0.516397
71	0.00071	0	0	7500	2e+11 0.516397
72	0.00072	0	0	7500	2e+11 0.5164
73	0.00073	0	0	7500	2e+11 0.5164
74	0.00074	0	0	7500	2e+11 0.516397
75	0.00075	0	0	7500	2e+11 0.5164
76	0.00076	0	0	7500	2e+11 0.5164
77	0.00077	0	0	7500	2e+11 0.516397
78	0.00078	0	0	7500	2e+11 0.5164
79	0.00079	0	0	7500	2e+11 0.5164
80	0.0008	0	0	7500	2e+11 0.516397
81	0.00081	0	0	7500	2e+11 0.5164
82	0.00082	0	0	7500	2e+11 0.5164
83	0.00083	0	0	7500	2e+11 0.516397
84	0.00084	0	0	7500	2e+11 0.5164
85	0.00085	0	0	7500	2e+11 0.5164
86	0.00086	0	0	7500	2e+11 0.516397
87	0.00087	0	0	7500	2e+11 0.5164
88	0.00088	0	0	7500	2e+11 0.5164
89	0.00089	0	0	7500	2e+11 0.516397
90	0.0009	0	0	7500	2e+11 0.516397
91	0.00091	0	0	7500	2e+11 0.5164
92	0.00092	5.18262e-38	1.00361e-41	7500	2e+11 0.5164
93	0.00093	1.3212e-37	2.55849e-41	7500	2e+11 0.516397
94	0.00094	2.36192e-37	4.57384e-41	7500	2e+11 0.5164
95	0.00095	3.55294e-37	6.88024e-41	7500	2e+11 0.5164
96	0.00096	4.77239e-37	9.2417e-41	7500	2e+11 0.516397
97	0.00097	5.86138e-37	1.13505e-40	7500	2e+11 0.516397
98	0.00098	6.67221e-37	1.29207e-40	7500	2e+11 0.5164
99	0.00099	7.1307e-37	1.38085e-40	7500	2e+11 0.5164
100	0.001	7.2362e-37	1.40128e-40	7500	2e+11 0.5164
101	0.00101	2.17089e-36	4.20391e-40	7500	2e+11 0.5164
102	0.00102	7.61973e-36	1.47555e-39	7500	2e+11 0.5164
103	0.00103	2.38795e-35	4.62425e-39	7500	2e+11 0.5164
104	0.00104	6.29253e-35	1.21854e-38	7500	2e+11 0.5164
105	0.00105	1.60904e-34	3.11589e-38	7500	2e+11 0.5164
106	0.00106	4.28491e-34	8.2977e-38	7500	2e+11 0.5164
107	0.00107	1.31228e-33	2.54122e-37	7500	2e+11 0.5164
108	0.00108	2.95563e-33	5.72355e-37	7500	2e+11 0.5164
109	0.00109	8.5921e-33	1.66385e-36	7500	2e+11 0.5164
110	0.0011	2.2222e-32	4.30326e-36	7500	2e+11 0.5164
111	0.00111	5.6466e-32	1.09346e-35	7500	2e+11 0.5164
112	0.00112	1.5922e-31	3.08328e-35	7500	2e+11 0.5164
113	0.00113	4.0367e-31	7.81704e-35	7500	2e+11 0.5164
114	0.00114	1.29259e-30	2.5031e-34	7500	2e+11 0.5164
115	0.00115	3.27123e-30	6.33472e-34	7500	2e+11 0.5164
116	0.00116	9.08271e-30	1.75886e-33	7500	2e+11 0.5164
117	0.00117	2.34489e-29	4.54087e-33	7500	2e+11 0.5164
118	0.00118	5.28938e-29	1.02428e-32	7500	2e+11 0.5164
119	0.00119	1.63087e-28	3.15817e-32	7500	2e+11 0.5164
120	0.0012	4.23458e-28	8.20023e-32	7500	2e+11 0.5164
121	0.00121	1.47048e-27	2.84757e-31	7500	2e+11 0.5164
122	0.00122	4.31142e-27	8.34902e-31	7500	2e+11 0.5164
123	0.00123	1.2774e-26	2.47368e-30	7500	2e+11 0.5164
124	0.00124	4.05566e-26	7.85375e-30	7500	2e+11 0.5164
125	0.00125	1.03816e-25	2.01038e-29	7500	2e+11 0.5164
126	0.00126	2.88732e-25	5.59128e-29	7500	2e+11 0.5164
127	0.00127	6.50609e-25	1.2599e-28	7500	2e+11 0.5164
128	0.00128	2.14017e-24	4.14443e-28	7500	2e+11 0.5164
129	0.00129	5.87086e-24	1.13689e-27	7500	2e+11 0.5164
130	0.0013	1.9751e-23	3.82477e-27	7500	2e+11 0.5164
131	0.00131	5.13709e-23	9.94793e-27	7500	2e+11 0.5164
132	0.00132	1.33217e-22	2.57974e-26	7500	2e+11 0.5164
133	0.00133	3.13816e-22	6.07702e-26	7500	2e+11 0.5164
134	0.00134	8.22245e-22	1.59227e-25	7500	2e+11 0.5164
135	0.00135	2.33019e-21	4.51239e-25	7500	2e+11 0.5164
136	0.00136	5.68337e-21	1.10058e-24	7500	2e+11 0.5164
137	0.00137	1.51448e-20	2.93277e-24	7500	2e+11 0.5164
138	0.00138	4.17539e-20	8.08561e-24	7500	2e+11 0.5164
139	0.00139	9.79282e-20	1.89637e-23	7500	2e+11 0.5164
140	0.0014	2.90216e-19	5.62e-23	7500	2e+11 0.5164
141	0.00141	8.72601e-19	1.68979e-22	7500	2e+11 0.5164
142	0.00142	2.3785e-18	4.60594e-22	7500	2e+11 0.5164
143	0.00143	5.87595e-18	1.13787e-21	7500	2e+11 0.5164
144	0.00144	1.7971e-17	3.48006e-21	7500	2e+11 0.5164
145	0.00145	4.42826e-17	8.57528e-21	7500	2e+11 0.5164
146	0.00146	1.30166e-16	2.52065e-20	7500	2e+11 0.5164
147	0.00147	3.26906e-16	6.33051e-20	7500	2e+11 0.5164
148	0.00148	1.09501e-15	2.12048e-19	7500	2e+11 0.5164
149	0.00149	2.72654e-15	5.27992e-19	7500	2e+11 0.5164
150	0.0015	8.77302e-15	1.69889e-18	7500	2e+11 0.5164
151	0.00151	2.14518e-14	4.15413e-18	7500	2e+11 0.5164
152	0.00152	6.36677e-14	1.23292e-17	7500	2e+11 0.5164
153	0.00153	1.78364e-13	3.454e-17	7500	2e+11 0.5164
154	0.00154	6.00782e-13	1.16341e-16	7500	2e+11 0.5164
155	0.00155	1.71323e-12	3.31765e-16	7500	2e+11 0.5164
156	0.00156	4.02853e-12	7.80122e-16	7500	2e+11 0.5164
157	0.00157	1.21432e-11	2.35152e-15	7500	2e+11 0.5164
158	0.00158	3.92304e-11	7.59693e-15	7500	2e+11 0.5164
159	0.00159	1.00783e-10	1.95165e-14	7500	2e+11 0.5164
160	0.0016	2.79116e-10	5.40507e-14	7500	2e+11 0.5164
161	0.00161	8.32474e-10	1.61208e-13	7500	2e+11 0.5164
162	0.00162	2.27383e-09	4.40324e-13	7500	2e+11 0.5164
163	0.00163	5.63382e-09	1.09098e-12	7500	2e+11 0.5164
164	0.00164	1.81174e-08	3.50842e-12	7500	2e+11 0.5164
165	0.00165	4.64e-08	8.98532e-12	7500	2e+11 0.5164
166	0.00166	1.25034e-07	2.42128e-11	7500	2e+11 0.5164
167	0.00167	3.55123e-07	6.87694e-11	7500	2e+11 0.5164
168	0.00168	8.37117e-07	1.62107e-10	7500	2e+11 0.5164
169	0.00169	2.11007e-06	4.08614e-10	7500	2e+11 0.5164
170	0.0017	6.68296e-06	1.29415e-09	7500	2e+11 0.5164
171	0.00171	1.58041e-05	3.06045e-09	7500	2e+11 0.5164
172	0.00172	4.15751e-05	8.05098e-09	7500	2e+11 0.5164
173	0.00173	0.000111539	2.15993e-08	7500	2e+11 0.5164
174	0.00174	0.00033328	6.45393e-08	7500	2e+11 0.5164
175	0.00175	0.000822328	1.59243e-07	7500	2e+11 0.5164
176	0.00176	0.00215063	4.16468e-07	7500	2e+11 0.5164
177	0.00177	0.00593262	1.14885e-06	7500	2e+11 0.5164
178	0.00178	0.0207552	4.01922e-06	7500	2e+11 0.5164
179	0.00179	0.060588	1.17328e-05	7500	2e+11 0.516394
180	0.0018	0.159917	3.09679e-05	7500	2e+11 0.516394
181	0.00181	0.458633	8.88139e-05	7500	2e+11 0.516376
182	0.00182	1.27397	0.000246703	7500	2e+11 0.516334
183	0.00183	2.67216	0.000517461	7500	2e+11 0.516244
184	0.00184001	4.5813	0.000887165	7500	2e+11 0.516099
185	0.00185002	6.92749	0.0013415	7500	2e+11 0.515871
186	0.00186004	9.62511	0.00186389	7500	2e+11 0.515649
187	0.00187006	12.585	0.00243708	7500	2e+11 0.515374
188	0.00188008	15.7195	0.00304407	7500	2e+11 0.515069
189	0.00189011	18.9439	0.00366847	7500	2e+11 0.514758
190	0.00190015	22.1806	0.00429526	7500	2e+11 0.514447
191	0.0019102	25.3607	0.00491109	7500	2e+11 0.514102
192	0.00192025	28.4244	0.00550436	7500	2e+11 0.513804
193	0.0019303	31.3226	0.00606559	7500	2e+11 0.513524
194	0.00194036	34.0171	0.00658739	7500	2e+11 0.513197
195	0.00195043	36.4811	0.00706453	7500	2e+11 0.51296
196	0.0019605	38.6995	0.00749412	7500	2e+11 0.512729
197	0.00197058	40.6649	0.00787473	7500	2e+11 0.512539
198	0.00198066	42.3796	0.00820677	7500	2e+11 0.512267
199	0.00199074	43.8519	0.00849188	7500	2e+11 0.512149
200	0.00200083	45.0986	0.00873332	7500	2e+11 0.512066
201	0.00201092	46.1388	0.00893473	7500	2e+11 0.511853
202	0.002021	46.9937	0.00910029	7500	2e+11 0.511853
203	0.0020311	47.6867	0.0092345	7500	2e+11 0.511676
204	0.00204119	48.2405	0.00934174	7500	2e+11 0.511641
205	0.00205128	48.6771	0.00942629	7500	2e+11 0.511629
206	0.00206138	49.0167	0.00949205	7500	2e+11 0.511535
207	0.00207147	49.2773	0.0095425	7500	2e+11 0.511535
208	0.00208157	49.4748	0.00958075	7500	2e+11 0.511511
209	0.00209166	49.6227	0.00960939	7500	2e+11 0.511487
210	0.00210176	49.732	0.00963056	7500	2e+11 0.511452
211	0.00211186	49.8118	0.00964602	7500	2e+11 0.511464
212	0.00212196	49.8695	0.00965718	7500	2e+11 0.511487
213	0.00213205	49.9106	0.00966515	7500	2e+11 0.511487
214	0.00214215	49.9397	0.00967078	7500	2e+11 0.51144
215	0.00215225	49.96	0.00967472	7500	2e+11 0.51144
216	0.00216234	49.9741	0.00967744	7500	2e+11 0.511452
217	0.00217244	49.9837	0.0096793	7500	2e+11 0.511452
218	0.00218254	49.9902	0.00968057	7500	2e+11 0.511476
219	0.00219263	49.9946	0.00968142	7500	2e+11 0.511476
220	0.00220273	49.9975	0.00968198	7500	2e+11 0.51144
221	0.00221283	49.9994	0.00968235	7500	2e+11 0.51144
222	0.00222293	50.0007	0.00968259	7500	2e+11 0.51144
223	0.00223302	50.0015	0.00968274	7500	2e+11 0.511487
224	0.00224312	50.002	0.00968284	7500	2e+11 0.511487
225	0.00225322	50.0023	0.0096829	7500	2e+11 0.511393
226	0.00226332	50.0025	0.00968294	7500	2e+11 0.511428
227	0.00227341	50.0025	0.00968295	7500	2e+11 0.511499
228	0.00228351	50.0026	0.00968296	7500	2e+11 0.511499
229	0.00229361	50.0026	0.00968296	7500	2e+11 0.511405
230	0.0023037	50.0026	0.00968296	7500	2e+11 0.511428
231	0.0023138	50.0026	0.00968296	7500	2e+11 0.511428
232	0.0023239	50.0026	0.00968296	7500	2e+11 0.511428
233	0.002334	50.0026	0.00968296	7500	2e+11 0.511499
234	0.00234409	50.0026	0.00968296	7500	2e+11 0.511499
235	0.00235419	50.0026	0.00968296	7500	2e+11 0.511428
236	0.00236429	50.0026	0.00968296	7500	2e+11 0.511428
237	0.00237438	50.0026	0.00968296	7500	2e+11 0.511428
238	0.00238448	50.0026	0.00968296	7500	2e+11 0.51144
239	0.00239458	50.0026	0.00968296	7500	2e+11 0.51144
240	0.00240468	50.0026	0.00968296	7500	2e+11 0.511476
241	0.00241477	50.0026	0.00968296	7500	2e+11 0.511476
242	0.00242487	50.0026	0.00968296	7500	2e+11 0.511417
243	0.00243497	50.0026	0.00968296	7500	2e+11 0.511487
244	0.00244506	50.0026	0.00968296	7500	2e+11 0.511487
245	0.00245516	50.0026	0.00968296	7500	2e+11 0.511417
246	0.00246526	50.0026	0.00968296	7500	2e+11 0.51144
247	0.00247536	50.0026	0.00968296	7500	2e+11 0.51144
248	0.00248545	50.0026	0.00968296	7500	2e+11 0.511452
249	0.00249555	50.0026	0.00968296	7500	2e+11 0.511452
250	0.00250565	50.0026	0.00968296	7500	2e+11 0.511428
251	0.00251575	50.0026	0.00968296	7500	2e+11 0.51144
252	0.00252584	50.0026	0.00968296	7500	2e+11 0.51144
253	0.00253594	50.0026	0.00968296	7500	2e+11 0.511417
254	0.00254604	50.0026	0.00968296	7500	2e+11 0.511511
255	0.00255613	50.0026	0.00968296	7500	2e+11 0.511511
256	0.00256623	50.0026	0.00968296	7500	2e+11 0.511452
257	0.00257633	50.0026	0.00968296	7500	2e+11 0.511452
258	0.00258643	50.0026	0.00968295	7500	2e+11 0.51144
259	0.00259652	50.0025	0.00968295	7500	2e+11 0.51144
260	0.00260662	50.0025	0.00968295	7500	2e+11 0.511428
261	0.00261672	50.0025	0.00968295	7500	2e+11 0.511464
262	0.00262681	50.0025	0.00968295	7500	2e+11 0.511464
263	0.00263691	50.0025	0.00968294	7500	2e+11 0.511452
264	0.00264701	50.0025	0.00968294	7500	2e+11 0.511452
265	0.00265711	50.0025	0.00968294	7500	2e+11 0.511428
266	0.0026672	50.0025	0.00968294	7500	2e+11 0.51144
267	0.0026773	50.0025	0.00968294	7500	2e+11 0.511464
268	0.0026874	50.0025	0.00968294	7500	2e+11 0.511464
269	0.0026975	50.0025	0.00968294	7500	2e+11 0.511405
270	0.00270759	50.0025	0.00968294	7500	2e+11 0.51144
271	0.00271769	50.0025	0.00968294	7500	2e+11 0.511464
272	0.00272779	50.0025	0.00968294	7500	2e+11 0.511464
273	0.00273788	50.0025	0.00968294	7500	2e+11 0.511417
274	0.00274798	50.0025	0.00968293	7500	2e+11 0.51144
275	0.00275808	50.0023	0.00968291	7500	2e+11 0.51144
276	0.00276818	50.0021	0.00968287	7500	2e+11 0.511405
277	0.00277827	50.0013	0.00968272	7500	2e+11 0.511417
278	0.00278837	49.9991	0.00968228	7500	2e+11 0.51144
279	0.00279847	49.993	0.0096811	7500	2e+11 0.51144
280	0.00280857	49.9745	0.00967753	7500	2e+11 0.51144
281	0.00281866	49.9254	0.00966802	7500	2e+11 0.511452
282	0.00282876	49.8044	0.00964457	7500	2e+11 0.511476
283	0.00283886	49.4628	0.00957842	7500	2e+11 0.511511
284	0.00284895	48.3387	0.00936076	7500	2e+11 0.511664
285	0.00285904	46.1209	0.00893128	7500	2e+11 0.511853
286	0.00286913	42.9418	0.00831564	7500	2e+11 0.512184
287	0.00287921	39.0495	0.00756191	7500	2e+11 0.51261
288	0.00288929	34.7118	0.00672191	7500	2e+11 0.513037
289	0.00289935	30.1945	0.00584714	7500	2e+11 0.513501
290	0.00290941	25.7329	0.00498315	7500	2e+11 0.513917
291	0.00291946	21.5166	0.00416667	7500	2e+11 0.514322
292	0.0029295	17.6777	0.00342327	7500	2e+11 0.514728
293	0.00293953	14.2884	0.00276693	7500	2e+11 0.515063
294	0.00294956	11.3721	0.00220219	7500	2e+11 0.515374
295	0.00295958	8.92103	0.00172755	7500	2e+11 0.515398
296	0.0029696	6.90626	0.00133739	7500	2e+11 0.515793
297	0.00297961	5.27961	0.00102239	7500	2e+11 0.515937
298	0.00298962	3.98812	0.000772297	7500	2e+11 0.516009
299	0.00299962	2.97927	0.000576933	7500	2e+11 0.516117
300	0.00300963	2.20053	0.000426132	7500	2e+11 0.516238
301	0.00301963	1.60819	0.000311425	7500	2e+11 0.516238
302	0.00302964	1.16339	0.000225289	7500	2e+11 0.516286
303	0.00303964	0.833106	0.00016133	7500	2e+11 0.516346
304	0.00304964	0.590745	0.000114397	7500	2e+11 0.516346
305	0.00305964	0.414837	8.03328e-05	7500	2e+11 0.516442
306	0.00306964	0.28873	5.59124e-05	7500	2e+11 0.516442
307	0.00307964	0.199123	3.856e-05	7500	2e+11 0.516346
308	0.00308964	0.136025	2.63412e-05	7500	2e+11 0.51643
309	0.00309964	0.0921183	1.78386e-05	7500	2e+11 0.51643
310	0.00310965	0.0618089	1.19692e-05	7500	2e+11 0.516454
311	0.00311964	0.0411258	7.96398e-06	7500	2e+11 0.516454
312	0.00312964	0.0271207	5.25191e-06	7500	2e+11 0.516442
313	0.00313964	0.0177333	3.43404e-06	7500	2e+11 0.516442
314	0.00314964	0.0114985	2.22667e-06	7500	2e+11 0.516382
315	0.00315964	0.0073892	1.43091e-06	7500	2e+11 0.516382
316	0.00316965	0.0047048	9.1108e-07	7500	2e+11 0.516406
317	0.00317964	0.00297286	5.75692e-07	7500	2e+11 0.516406
318	0.00318965	0.0018624	3.60652e-07	7500	2e+11 0.516394
319	0.00319965	0.00115645	2.23946e-07	7500	2e+11 0.51643
320	0.00320964	0.000712597	1.37994e-07	7500	2e+11 0.51643
321	0.00321964	0.000435629	8.43592e-08	7500	2e+11 0.516418
322	0.00322964	0.000264196	5.11613e-08	7500	2e+11 0.516382
323	0.00323964	0.000159011	3.07923e-08	7500	2e+11 0.516406
324	0.00324964	9.49135e-05	1.83799e-08	7500	2e+11 0.516406
325	0.00325964	5.61729e-05	1.08778e-08	7500	2e+11 0.516406
326	0.00326965	3.29662e-05	6.38387e-09	7500	2e+11 0.516454
327	0.00327964	1.92144e-05	3.72086e-09	7500	2e+11 0.516454
328	0.00328964	1.11115e-05	2.15173e-09	7500	2e+11 0.516382
329	0.00329965	6.3703e-06	1.2336e-09	7500	2e+11 0.516478
330	0.00330964	3.62618e-06	7.02207e-10	7500	2e+11 0.516478
331	0.00331964	2.04802e-06	3.96597e-10	7500	2e+11 0.51643
332	0.00332964	1.14745e-06	2.22203e-10	7500	2e+11 0.516346
333	0.00333965	6.37958e-07	1.2354e-10	7500	2e+11 0.516454
334	0.00334964	3.52387e-07	6.82395e-11	7500	2e+11 0.516454
335	0.00335965	1.93238e-07	3.74204e-11	7500	2e+11 0.516394
336	0.00336965	1.05209e-07	2.03737e-11	7500	2e+11 0.516394
337	0.00337965	5.68866e-08	1.1016e-11	7500	2e+11 0.516406
338	0.00338965	3.05433e-08	5.91469e-12	7500	2e+11 0.51649
339	0.00339964	1.62569e-08	3.14814e-12	7500	2e+11 0.51649
340	0.00340965	8.59734e-09	1.66487e-12	7500	2e+11 0.516382
341	0.00341965	4.51617e-09	8.74552e-13	7500	2e+11 0.516382
342	0.00342965	2.35179e-09	4.55421e-13	7500	2e+11 0.516418
343	0.00343965	1.21607e-09	2.35491e-13	7500	2e+11 0.516418
344	0.00344965	6.24654e-10	1.20964e-13	7500	2e+11 0.516454
345	0.00345964	3.18497e-10	6.16766e-14	7500	2e+11 0.516454
346	0.00346965	1.6142e-10	3.12589e-14	7500	2e+11 0.516382
347	0.00347965	8.11634e-11	1.57172e-14	7500	2e+11 0.516382
348	0.00348965	4.0479e-11	7.83872e-15	7500	2e+11 0.516442
349	0.00349965	2.00726e-11	3.88703e-15	7500	2e+11 0.516442
350	0.00350965	9.89005e-12	1.9152e-15	7500	2e+11 0.516406
351	0.00351965	4.84471e-12	9.38174e-16	7500	2e+11 0.516454
352	0.00352965	2.3558e-12	4.56198e-16	7500	2e+11 0.516454
353	0.00353965	1.13813e-12	2.20398e-16	7500	2e+11 0.516406
354	0.00354965	5.45806e-13	1.05695e-16	7500	2e+11 0.516406
355	0.00355965	2.59918e-13	5.0333e-17	7500	2e+11 0.516394
356	0.00356965	1.22972e-13	2.38135e-17	7500	2e+11 0.51643
357	0.00357965	5.77204e-14	1.11775e-17	7500	2e+11 0.51643
358	0.00358965	2.69035e-14	5.20984e-18	7500	2e+11 0.516466
359	0.00359965	1.24743e-14	2.41564e-18	7500	2e+11 0.516466
360	0.00360965	5.7532e-15	1.1141e-18	7500	2e+11 0.516406
361	0.00361965	2.62968e-15	5.09236e-19	7500	2e+11 0.516406
362	0.00362965	1.19439e-15	2.31293e-19	7500	2e+11 0.51643
363	0.00363965	5.39807e-16	1.04533e-19	7500	2e+11 0.51643
364	0.00364965	2.42041e-16	4.68711e-20	7500	2e+11 0.516418
365	0.00365965	1.0783e-16	2.08812e-20	7500	2e+11 0.51643
366	0.00366965	4.76794e-17	9.23308e-21	7500	2e+11 0.51643
367	0.00367965	2.09327e-17	4.05361e-21	7500	2e+11 0.516502
368	0.00368965	9.13823e-18	1.76961e-21	7500	2e+11 0.516502
369	0.00369965	3.96896e-18	7.68586e-22	7500	2e+11 0.516382
370	0.00370965	1.7113e-18	3.31392e-22	7500	2e+11 0.51643
371	0.00371965	7.33031e-19	1.41951e-22	7500	2e+11 0.51643
372	0.00372965	3.12585e-19	6.05317e-23	7500	2e+11 0.516406
373	0.00373965	1.32439e-19	2.56467e-23	7500	2e+11 0.51637
374	0.00374965	5.57344e-20	1.07929e-23	7500	2e+11 0.516442
375	0.00375965	2.32586e-20	4.504e-24	7500	2e+11 0.516442
376	0.00376965	9.63868e-21	1.86652e-24	7500	2e+11 0.516442
377	0.00377965	3.9656e-21	7.67934e-25	7500	2e+11 0.516442
378	0.00378965	1.62039e-21	3.13787e-25	7500	2e+11 0.516394
379	0.00379965	6.59533e-22	1.27718e-25	7500	2e+11 0.516442
380	0.00380965	2.67244e-22	5.17515e-26	7500	2e+11 0.516442
381	0.00381965	1.07316e-22	2.07816e-26	7500	2e+11 0.516454
382	0.00382965	4.28325e-23	8.29448e-27	7500	2e+11 0.516454
383	0.00383965	1.69561e-23	3.28354e-27	7500	2e+11 0.516394
384	0.00384965	6.68855e-24	1.29523e-27	7500	2e+11 0.516442
385	0.00385965	2.62251e-24	5.07848e-28	7500	2e+11 0.516442
386	0.00386965	1.0204e-24	1.976e-28	7500	2e+11 0.516394
387	0.00387965	3.94343e-25	7.63643e-29	7500	2e+11 0.516394
388	0.00388965	1.51443e-25	2.93268e-29	7500	2e+11 0.516382
389	0.00389965	5.78596e-26	1.12045e-29	7500	2e+11 0.516947
390	0.00390964	2.19231e-26	4.24538e-30	7500	2e+11 0.517551
391	0.00391962	8.25909e-27	1.59937e-30	7500	2e+11 0.517551
392	0.00392961	3.08961e-27	5.983e-31	7500	2e+11 0.516514
393	0.00393962	1.14892e-27	2.22487e-31	7500	2e+11 0.51649
394	0.00394961	4.25967e-28	8.24882e-32	7500	2e+11 0.51649
395	0.00395962	1.57447e-28	3.04894e-32	7500	2e+11 0.51637
396	0.00396962	5.73914e-29	1.11138e-32	7500	2e+11 0.51637
397	0.00397962	2.07286e-29	4.01408e-33	7500	2e+11 0.516466
398	0.00398962	7.49145e-30	1.45071e-33	7500	2e+11 0.516466
399	0.00399962	2.67467e-30	5.17947e-34	7500	2e+11 0.516466
400	0.00400962	9.52561e-31	1.84463e-34	7500	2e+11 0.51649
401	0.00401961	3.36957e-31	6.52514e-35	7500	2e+11 0.51649
402	0.00402961	1.19023e-31	2.30487e-35	7500	2e+11 0.51637
403	0.00403962	4.15977e-32	8.05536e-36	7500	2e+11 0.51649
404	0.00404961	1.43954e-32	2.78765e-36	7500	2e+11 0.51649
405	0.00405961	4.93648e-33	9.55945e-37	7500	2e+11 0.516442
406	0.00406962	1.68901e-33	3.27074e-37	7500	2e+11 0.516466
407	0.00407961	5.76568e-34	1.11652e-37	7500	2e+11 0.516466
408	0.00408961	1.94781e-34	3.77191e-38	7500	2e+11 0.516394
409	0.00409961	6.51014e-35	1.26068e-38	7500	2e+11 0.516394
410	0.00410962	2.18413e-35	4.22956e-39	7500	2e+11 0.516394
411	0.00411962	7.31689e-36	1.41691e-39	7500	2e+11 0.516394
412	0.00412962	2.43915e-36	4.72338e-40	7500	2e+11 0.516442
413	0.00413961	8.01099e-37	1.55132e-40	7500	2e+11 0.516442
414	0.00414962	2.59768e-37	5.03038e-41	7500	2e+11 0.516394
415	0.00415962	8.38105e-38	1.62298e-41	7500	2e+11 0.516394
416	0.00416962	2.69045e-38	5.21003e-42	7500	2e+11 0.516418
417	0.00417962	8.63287e-39	1.67175e-42	7500	2e+11 0.516514
418	0.00418961	2.75702e-39	5.33895e-43	7500	2e+11 0.516514
419	0.00419961	8.5388e-40	1.65353e-43	7500	2e+11 0.51637
420	0.00420962	2.53269e-40	4.90454e-44	7500	2e+11 0.516346
421	0.00421962	6.51267e-41	1.26117e-44	7500	2e+11 0.51649
422	0.00422961	7.23631e-42	1.4013e-45	7500	2e+11 0.51649
423	0.00423962	0	0	7500	2e+11 0.516394
424	0.00424962	0	0	7500	2e+11 0.516418
425	0.00425962	0	0	7500	2e+11 0.516418
426	0.00426962	0	0	7500	2e+11 0.516442
427	0.00427962	0	0	7500	2e+11 0.516442
428	0.00428962	0	0	7500	2e+11 0.516418
429	0.00429962	0	0	7500	2e+11 0.516394
430	0.00430962	0	0	7500	2e+11 0.516562
431	0.00431961	0	0	7500	2e+11 0.516562
432	0.00432961	0	0	7500	2e+11 0.51637
433	0.00433961	0	0	7500	2e+11 0.51637
434	0.00434962	0	0	7500	2e+11 0.516394
435	0.00435962	0	0	7500	2e+11 0.516394
436	0.00436962	0	0	7500	2e+11 0.516466
437	0.00437961	0	0	7500	2e+11 0.516466
438	0.00438961	0	0	7500	2e+11 0.51637
439	0.00439962	0	0	7500	2e+11 0.516514
440	0.00440961	0	0	7500	2e+11 0.516514
441	0.00441961	0	0	7500	2e+11 0.516394
442	0.00442961	0	0	7500	2e+11 0.516418
443	0.00443961	0	0	7500	2e+11 0.516418
444	0.00444962	0	0	7500	2e+11 0.516418
445	0.00445962	0	0	7500	2e+11 0.516418
446	0.00446962	0	0	7500	2e+11 0.516394
447	0.00447962	0	0	7500	2e+11 0.51649
448	0.00448962	0	0	7500	2e+11 0.51649
449	0.00449961	0	0	7500	2e+11 0.516418
450	0.00450962	0	0	7500	2e+11 0.516514
451	0.00451961	0	0	7500	2e+11 0.516514
452	0.00452961	0	0	7500	2e+11 0.516418
453	0.00453962	0	0	7500	2e+11 0.516466
454	0.00454961	0	0	7500	2e+11 0.516514
455	0.00455961	0	0	7500	2e+11 0.516514
456	0.00456962	0	0	7500	2e+11 0.516442
457	0.00457962	0	0	7500	2e+11 0.516442
458	0.00458962	0	0	7500	2e+11 0.516394
459	0.00459962	0	0	7500	2e+11 0.51649
460	0.00460961	0	0	7500	2e+11 0.51649
461	0.00461961	0	0	7500	2e+11 0.516442
462	0.00462962	0	0	7500	2e+11 0.516394
463	0.00463962	0	0	7500	2e+11 0.51649
464	0.00464961	0	0	7500	2e+11 0.51649
465	0.00465961	0	0	7500	2e+11 0.516442
466	0.00466961	0	0	7500	2e+11 0.516394
467	0.00467961	0	0	7500	2e+11 0.516466
468	0.00468961	0	0	7500	2e+11 0.516466
469	0.00469962	0	0	7500	2e+11 0.516466
470	0.00470961	0	0	7500	2e+11 0.516466
471	0.00471962	0	0	7500	2e+11 0.516346
472	0.00472962	0	0	7500	2e+11 0.51661
473	0.00473961	0	0	7500	2e+11 0.51661
474	0.00474961	0	0	7500	2e+11 0.516394
475	0.00475961	0	0	7500	2e+11 0.516346
476	0.00476961	0	0	7500	2e+11 0.516394
477	0.00477961	0	0	7500	2e+11 0.516538
478	0.00478961	0	0	7500	2e+11 0.516538
479	0.00479961	0	0	7500	2e+11 0.516346
480	0.00480961	0	0	7500	2e+11 0.516442
481	0.00481961	0	0	7500	2e+11 0.516442
482	0.00482961	0	0	7500	2e+11 0.516418
483	0.00483961	0	0	7500	2e+11 0.516442
484	0.00484961	0	0	7500	2e+11 0.516442
485	0.00485961	0	0	7500	2e+11 0.516442
486	0.00486961	0	0	7500	2e+11 0.516442
487	0.00487961	0	0	7500	2e+11 0.516466
488	0.00488961	0	0	7500	2e+11 0.516466
489	0.00489962	0	0	7500	2e+11 0.516442
490	0.00490962	0	0	7500	2e+11 0.51649
491	0.00491961	0	0	7500	2e+11 0.51649
492	0.00492961	0	0	7500	2e+11 0.516418
493	0.00493961	0	0	7500	2e+11 0.516418
494	0.00494961	0	0	7500	2e+11 0.516418
495	0.00495961	0	0	7500	2e+11 0.516538
496	0.00496961	0	0	7500	2e+11 0.516538
497	0.00497961	0	0	7500	2e+11 0.516442
498	0.00498961	0	0	7500	2e+11 0.516394
499	0.00499961	0	0	7500	2e+11 0.516418
500	0.00500961	0	0	7500	2e+11 0.516442
501	0.00501961	0	0	7500	2e+11 0.516442
502	0.00502961	0	0	7500	2e+11 0.516418
503	0.00503961	0	0	7500	2e+11 0.516418
504	0.00504961	0	0	7500	2e+11 0.516418
505	0.00505961	0	0	7500	2e+11 0.516418
506	0.00506961	0	0	7500	2e+11 0.516586
507	0.00507961	0	0	7500	2e+11 0.516586
508	0.00508961	0	0	7500	2e+11 0.51637
509	0.00509961	0	0	7500	2e+11 0.516394
510	0.00510961	0	0	7500	2e+11 0.516394
511	0.00511961	0	0	7500	2e+11 0.516442
512	0.00512961	0	0	7500	2e+11 0.516442
513	0.00513961	0	0	7500	2e+11 0.516466
514	0.00514961	0	0	7500	2e+11 0.516466
515	0.00515961	0	0	7500	2e+11 0.516514
516	0.00516961	0	0	7500	2e+11 0.516514
517	0.00517961	0	0	7500	2e+11 0.516418
518	0.00518961	0	0	7500	2e+11 0.516394
519	0.00519961	0	0	7500	2e+11 0.516442
520	0.00520961	0	0	7500	2e+11 0.51649
521	0.00521961	0	0	7500	2e+11 0.51649
522	0.00522961	0	0	7500	2e+11 0.516418
523	0.00523961	0	0	7500	2e+11 0.516418
524	0.00524961	0	0	7500	2e+11 0.51649
525	0.00525961	0	0	7500	2e+11 0.51649
526	0.00526961	0	0	7500	2e+11 0.516418
527	0.00527961	0	0	7500	2e+11 0.516562
528	0.00528961	0	0	7500	2e+11 0.516562
529	0.00529961	0	0	7500	2e+11 0.516466
530	0.00530961	0	0	7500	2e+11 0.516466
531	0.00531961	0	0	7500	2e+11 0.516442
532	0.00532961	0	0	7500	2e+11 0.516442
533	0.00533961	0	0	7500	2e+11 0.516394
534	0.00534961	0	0	7500	2e+11 0.516466
535	0.00535961	0	0	7500	2e+11 0.516466
536	0.00536961	0	0	7500	2e+11 0.516418
537	0.00537961	0	0	7500	2e+11 0.516466
538	0.00538961	0	0	7500	2e+11 0.516466
539	0.00539961	0	0	7500	2e+11 0.516466
540	0.00540961	0	0	7500	2e+11 0.516466
541	0.00541961	0	0	7500	2e+11 0.516394
542	0.00542961	0	0	7500	2e+11 0.51649
543	0.00543961	0	0	7500	2e+11 0.51649
544	0.00544961	0	0	7500	2e+11 0.51637
545	0.00545961	0	0	7500	2e+11 0.51649
546	0.00546961	0	0	7500	2e+11 0.51649
547	0.00547961	0	0	7500	2e+11 0.516418
548	0.00548961	0	0	7500	2e+11 0.516418
549	0.00549961	0	0	7500	2e+11 0.516538
550	0.00550961	0	0	7500	2e+11 0.516538
551	0.00551961	0	0	7500	2e+11 0.516394
552	0.00552961	0	0	7500	2e+11 0.516442
553	0.00553961	0	0	7500	2e+11 0.516442
554	0.00554961	0	0	7500	2e+11 0.51637
555	0.00555961	0	0	7500	2e+11 0.516418
556	0.00556961	0	0	7500	2e+11 0.516418
557	0.00557961	0	0	7500	2e+11 0.516466
558	0.00558961	0	0	7500	2e+11 0.516466
559	0.00559961	0	0	7500	2e+11 0.516514
560	0.0056096	0	0	7500	2e+11 0.516514
561	0.0056196	0	0	7500	2e+11 0.516418
562	0.00562961	0	0	7500	2e+11 0.516346
563	0.00563961	0	0	7500	2e+11 0.51649
564	0.00564961	0	0	7500	2e+11 0.51649
565	0.00565961	0	0	7500	2e+11 0.516466
566	0.0056696	0	0	7500	2e+11 0.516466
567	0.0056796	0	0	7500	2e+11 0.516442
568	0.00568961	0	0	7500	2e+11 0.516442
569	0.0056996	0	0	7500	2e+11 0.516466
570	0.0057096	0	0	7500	2e+11 0.516514
571	0.0057196	0	0	7500	2e+11 0.516514
572	0.0057296	0	0	7500	2e+11 0.51637
573	0.0057396	0	0	7500	2e+11 0.516514
574	0.0057496	0	0	7500	2e+11 0.516514
575	0.0057596	0	0	7500	2e+11 0.516418
576	0.0057696	0	0	7500	2e+11 0.516514
577	0.0057796	0	0	7500	2e+11 0.516514
578	0.0057896	0	0	7500	2e+11 0.516394
579	0.0057996	0	0	7500	2e+11 0.51649
580	0.0058096	0	0	7500	2e+11 0.51649
581	0.0058196	0	0	7500	2e+11 0.516394
582	0.0058296	0	0	7500	2e+11 0.516418
583	0.0058396	0	0	7500	2e+11 0.516418
584	0.0058496	0	0	7500	2e+11 0.516394
585	0.0058596	0	0	7500	2e+11 0.51637
586	0.0058696	0	0	7500	2e+11 0.516442
587	0.0058796	0	0	7500	2e+11 0.516538
588	0.0058896	0	0	7500	2e+11 0.516538
589	0.0058996	0	0	7500	2e+11 0.51649
590	0.0059096	0	0	7500	2e+11 0.51649
591	0.0059196	0	0	7500	2e+11 0.516418
592	0.0059296	0	0	7500	2e+11 0.516418
593	0.0059396	0	0	7500	2e+11 0.516466
594	0.0059496	0	0	7500	2e+11 0.51649
595	0.0059596	0	0	7500	2e+11 0.51649
596	0.0059696	0	0	7500	2e+11 0.516394
597	0.0059796	0	0	7500	2e+11 0.51649
598	0.0059896	0	0	7500	2e+11 0.51649
599	0.0059996	0	0	7500	2e+11 0.516394
600	0.0060096	0	0	7500	2e+11 0.51649
601	0.00601959	0	0	7500	2e+11 0.51649
602	0.00602959	0	0	7500	2e+11 0.51649
603	0.00603959	0	0	7500	2e+11 0.51649
604	0.00604959	0	0	7500	2e+11 0.516442
605	0.00605959	0	0	7500	2e+11 0.516466
606	0.00606959	0	0	7500	2e+11 0.516466
607	0.00607959	0	0	7500	2e+11 0.51649
608	0.00608959	0	0	7500	2e+11 0.51649
609	0.00609959	0	0	7500	2e+11 0.51649
610	0.00610959	0	0	7500	2e+11 0.51649
611	0.00611959	0	0	7500	2e+11 0.516418
612	0.00612959	0	0	7500	2e+11 0.516418
613	0.00613959	0	0	7500	2e+11 0.51649
614	0.00614959	0	0	7500	2e+11 0.51649
615	0.00615959	0	0	7500	2e+11 0.516466
616	0.00616959	0	0	7500	2e+11 0.516466
617	0.00617959	0	0	7500	2e+11 0.516418
618	0.00618958	0	0	7500	2e+11 0.516538
619	0.00619958	0	0	7500	2e+11 0.516538
620	0.00620958	0	0	7500	2e+11 0.516442
621	0.00621958	0	0	7500	2e+11 0.516442
622	0.00622958	0	0	7500	2e+11 0.516514
623	0.00623958	0	0	7500	2e+11 0.516514
624	0.00624958	0	0	7500	2e+11 0.516442
625	0.00625958	0	0	7500	2e+11 0.516442
626	0.00626958	0	0	7500	2e+11 0.51649
627	0.00627958	0	0	7500	2e+11 0.51649
628	0.00628958	0	0	7500	2e+11 0.516418
629	0.00629958	0	0	7500	2e+11 0.516466
630	0.00630957	0	0	7500	2e+11 0.516514
631	0.00631957	0	0	7500	2e+11 0.516514
632	0.00632957	0	0	7500	2e+11 0.51661
633	0.00633957	0	0	7500	2e+11 0.51661
634	0.00634957	0	0	7500	2e+11 0.516514
635	0.00635957	0	0	7500	2e+11 0.516514
636	0.00636957	0	0	7500	2e+11 0.516514
637	0.00637956	0	0	7500	2e+11 0.516538
638	0.00638956	0	0	7500	2e+11 0.516538
639	0.00639956	0	0	7500	2e+11 0.516586
640	0.00640956	0	0	7500	2e+11 0.516586
641	0.00641956	0	0	7500	2e+11 0.516562
642	0.00642955	0	0	7500	2e+11 0.516731
643	0.00643955	0	0	7500	2e+11 0.516731
644	0.00644955	0	0	7500	2e+11 0.516707
645	0.00645954	0	0	7500	2e+11 0.516707
646	0.00646954	0	0	7500	2e+11 0.516731
647	0.00647953	0	0	7500	2e+11 0.516731
648	0.00648952	0	0	7500	2e+11 0.516851
649	0.00649952	0	0	7500	2e+11 0.517164
650	0.0065095	0	0	7500	2e+11 0.517164
651	0.00651956	0	0	7500	2e+11 0.51702
652	0.00652955	0	0	7500	2e+11 0.51702
653	0.00653954	0	0	7500	2e+11 0.516779
654	0.00654954	0	0	7500	2e+11 0.516658
655	0.00655953	0	0	7500	2e+11 0.516634
656	0.00656953	0	0	7500	2e+11 0.516634
657	0.00657953	0	0	7500	2e+11 0.516538
658	0.00658952	0	0	7500	2e+11 0.516658
659	0.00659952	0	0	7500	2e+11 0.516658
660	0.00660952	0	0	7500	2e+11 0.516538
661	0.00661952	0	0	7500	2e+11 0.516538
662	0.00662951	0	0	7500	2e+11 0.516514
663	0.00663951	0	0	7500	2e+11 0.516514
664	0.00664951	0	0	7500	2e+11 0.51637
665	0.00665951	0	0	7500	2e+11 0.51637
666	0.00666951	0	0	7500	2e+11 0.516394
667	0.00667951	0	0	7500	2e+11 0.516562
668	0.00668951	0	0	7500	2e+11 0.516562
669	0.00669951	0	0	7500	2e+11 0.516418
670	0.00670951	0	0	7500	2e+11 0.51649
671	0.00671951	0	0	7500	2e+11 0.51649
672	0.00672951	0	0	7500	2e+11 0.51637
673	0.00673951	0	0	7500	2e+11 0.516538
674	0.00674951	0	0	7500	2e+11 0.516538
675	0.00675951	0	0	7500	2e+11 0.51637
676	0.00676951	0	0	7500	2e+11 0.51637
677	0.00677951	0	0	7500	2e+11 0.516442
678	0.00678951	0	0	7500	2e+11 0.516442
679	0.00679951	0	0	7500	2e+11 0.516442
680	0.00680951	0	0	7500	2e+11 0.516442
681	0.00681951	0	0	7500	2e+11 0.516394
682	0.00682951	0	0	7500	2e+11 0.516394
683	0.00683951	0	0	7500	2e+11 0.51637
684	0.00684952	0	0	7500	2e+11 0.516346
685	0.00685952	0	0	7500	2e+11 0.516346
686	0.00686952	0	0	7500	2e+11 0.51637
687	0.00687952	0	0	7500	2e+11 0.516442
688	0.00688952	0	0	7500	2e+11 0.516442
689	0.00689952	0	0	7500	2e+11 0.516418
690	0.00690952	0	0	7500	2e+11 0.516418
691	0.00691952	-7.25002e-38	-1.40396e-41	7500	2e+11 0.516442
692	0.00692952	-2.11089e-37	-4.08773e-41	7500	2e+11 0.516442
693	0.00693952	-3.82111e-37	-7.39956e-41	7500	2e+11 0.516466
694	0.00694952	-5.46527e-37	-1.05834e-40	7500	2e+11 0.516466
695	0.00695952	-6.67112e-37	-1.29186e-40	7500	2e+11 0.516466
696	0.00696952	-7.2362e-37	-1.40128e-40	7500	2e+11 0.516394
697	0.00697952	-7.23656e-37	-1.40135e-40	7500	2e+11 0.516418
698	0.00698952	-3.44256e-36	-6.6665e-40	7500	2e+11 0.516418
699	0.00699952	-1.15801e-35	-2.24248e-39	7500	2e+11 0.51649
700	0.00700952	-3.48905e-35	-6.75652e-39	7500	2e+11 0.51649
701	0.00701952	-9.86302e-35	-1.90997e-38	7500	2e+11 0.51637
702	0.00702952	-3.08846e-34	-5.98079e-38	7500	2e+11 0.51637
703	0.00703952	-7.60633e-34	-1.47296e-37	7500	2e+11 0.516466
704	0.00704952	-1.83008e-33	-3.54394e-37	7500	2e+11 0.516466
705	0.00705952	-5.43994e-33	-1.05344e-36	7500	2e+11 0.516442
706	0.00706952	-1.48247e-32	-2.8708e-36	7500	2e+11 0.516442
707	0.00707952	-4.11065e-32	-7.96025e-36	7500	2e+11 0.516442
708	0.00708952	-9.39495e-32	-1.81932e-35	7500	2e+11 0.516418
709	0.00709952	-2.61119e-31	-5.05655e-35	7500	2e+11 0.516538
710	0.00710952	-8.13257e-31	-1.57487e-34	7500	2e+11 0.516538
711	0.00711952	-2.17352e-30	-4.20901e-34	7500	2e+11 0.516442
712	0.00712952	-6.64689e-30	-1.28716e-33	7500	2e+11 0.516442
713	0.00713952	-1.56942e-29	-3.03918e-33	7500	2e+11 0.516442
714	0.00714952	-5.1619e-29	-9.99598e-33	7500	2e+11 0.516442
715	0.00715952	-1.23921e-28	-2.39972e-32	7500	2e+11 0.516394
716	0.00716952	-2.93441e-28	-5.68246e-32	7500	2e+11 0.516562
717	0.00717951	-9.27976e-28	-1.79702e-31	7500	2e+11 0.516562
718	0.00718951	-3.31614e-27	-6.42168e-31	7500	2e+11 0.516418
719	0.00719952	-8.08175e-27	-1.56502e-30	7500	2e+11 0.51649
720	0.00720951	-3.0263e-26	-5.86041e-30	7500	2e+11 0.51649
721	0.00721952	-7.54786e-26	-1.46164e-29	7500	2e+11 0.51649
722	0.00722951	-2.13205e-25	-4.1287e-29	7500	2e+11 0.51649
723	0.00723951	-6.51483e-25	-1.26159e-28	7500	2e+11 0.516442
724	0.00724951	-1.46292e-24	-2.83294e-28	7500	2e+11 0.516442
725	0.00725951	-4.29385e-24	-8.31501e-28	7500	2e+11 0.516442
726	0.00726951	-1.09347e-23	-2.1175e-27	7500	2e+11 0.516442
727	0.00727951	-3.3289e-23	-6.44638e-27	7500	2e+11 0.516442
728	0.00728951	-8.90857e-23	-1.72514e-26	7500	2e+11 0.516442
729	0.00729951	-2.94771e-22	-5.70821e-26	7500	2e+11 0.516418
730	0.00730951	-7.87237e-22	-1.52448e-25	7500	2e+11 0.516418
731	0.00731951	-1.93733e-21	-3.75162e-25	7500	2e+11 0.516514
732	0.00732951	-5.09765e-21	-9.87156e-25	7500	2e+11 0.516514
733	0.00733951	-1.66597e-20	-3.22614e-24	7500	2e+11 0.516322
734	0.00734952	-4.24199e-20	-8.21457e-24	7500	2e+11 0.51637
735	0.00735952	-1.03324e-19	-2.00086e-23	7500	2e+11 0.516418
736	0.00736952	-2.90995e-19	-5.63509e-23	7500	2e+11 0.51649
737	0.00737951	-8.60526e-19	-1.6664e-22	7500	2e+11 0.51649
738	0.00738952	-1.93977e-18	-3.75634e-22	7500	2e+11 0.516322
739	0.00739952	-5.48459e-18	-1.06209e-21	7500	2e+11 0.51637
740	0.00740952	-1.91809e-17	-3.71436e-21	7500	2e+11 0.51637
741	0.00741952	-4.73724e-17	-9.17362e-21	7500	2e+11 0.516346
742	0.00742952	-1.2221e-16	-2.36659e-20	7500	2e+11 0.516346
743	0.00743952	-3.41024e-16	-6.60391e-20	7500	2e+11 0.516274
744	0.00744953	-1.0113e-15	-1.95837e-19	7500	2e+11 0.516274
745	0.00745953	-2.71783e-15	-5.26306e-19	7500	2e+11 0.516226
746	0.00746953	-5.90645e-15	-1.14378e-18	7500	2e+11 0.516226
747	0.00747954	-2.13997e-14	-4.14403e-18	7500	2e+11 0.516105
748	0.00748955	-5.70979e-14	-1.1057e-17	7500	2e+11 0.516129
749	0.00749955	-1.44248e-13	-2.79336e-17	7500	2e+11 0.516129
750	0.00750956	-3.55166e-13	-6.87776e-17	7500	2e+11 0.519466
751	0.0075195	-1.12618e-12	-2.18084e-16	7500	2e+11 0.519466
752	0.00752952	-2.89912e-12	-5.61412e-16	7500	2e+11 0.515841
753	0.00753953	-8.70609e-12	-1.68593e-15	7500	2e+11 0.516274
754	0.00754953	-2.1234e-11	-4.11194e-15	7500	2e+11 0.516274
755	0.00755954	-7.65461e-11	-1.48231e-14	7500	2e+11 0.516033
756	0.00756954	-1.95167e-10	-3.77939e-14	7500	2e+11 0.516346
757	0.00757955	-6.37342e-10	-1.23421e-13	7500	2e+11 0.516346
758	0.00758955	-1.6991e-09	-3.2903e-13	7500	2e+11 0.516177
759	0.00759955	-6.14467e-09	-1.18991e-12	7500	2e+11 0.516177
760	0.00760956	-1.67531e-08	-3.24422e-12	7500	2e+11 0.516298
761	0.00761956	-4.98897e-08	-9.66111e-12	7500	2e+11 0.516298
762	0.00762957	-1.16577e-07	-2.2575e-11	7500	2e+11 0.516442
763	0.00763956	-3.23332e-07	-6.26131e-11	7500	2e+11 0.516442
764	0.00764957	-8.77293e-07	-1.69887e-10	7500	2e+11 0.516538
765	0.00765957	-1.85662e-06	-3.59532e-10	7500	2e+11 0.516538
766	0.00766957	-5.21317e-06	-1.00953e-09	7500	2e+11 0.516346
767	0.00767957	-1.44636e-05	-2.80086e-09	7500	2e+11 0.516346
768	0.00768957	-3.4318e-05	-6.64565e-09	7500	2e+11 0.516346
769	0.00769957	-6.90111e-05	-1.33639e-08	7500	2e+11 0.516346
770	0.00770958	-0.000228073	-4.41662e-08	7500	2e+11 0.516442
771	0.00771958	-0.000673107	-1.30347e-07	7500	2e+11 0.516442
772	0.00772958	-0.0018685	-3.61834e-07	7500	2e+11 0.516346
773	0.00773958	-0.00517472	-1.00208e-06	7500	2e+11 0.516346
774	0.00774958	-0.0166088	-3.21629e-06	7500	2e+11 0.516394
775	0.00775958	-0.0377128	-7.30306e-06	7500	2e+11 0.516394
776	0.00776958	-0.125312	-2.42665e-05	7500	2e+11 0.51637
777	0.00777958	-0.308729	-5.9785e-05	7500	2e+11 0.51637
778	0.00778958	-0.858115	-0.000166173	7500	2e+11 0.51661
779	0.00779958	-2.3936	-0.000463519	7500	2e+11 0.51661
780	0.00780958	-5.02989	-0.000974034	7500	2e+11 0.516514
781	0.00781963	-8.58591	-0.00166265	7500	2e+11 0.51637
782	0.00782963	-12.748	-0.00246865	7500	2e+11 0.51772
783	0.0078396	-17.2392	-0.00333836	7500	2e+11 0.518252
784	0.00784957	-21.7938	-0.00422035	7500	2e+11 0.518737
785	0.00785952	-26.1994	-0.00507349	7500	2e+11 0.519028
786	0.00786947	-30.2755	-0.00586283	7500	2e+11 0.519563
787	0.00787941	-33.9217	-0.00656891	7500	2e+11 0.519612
788	0.00788935	-37.1175	-0.00718777	7500	2e+11 0.520343
789	0.00789927	-39.8533	-0.00771755	7500	2e+11 0.520392
790	0.00790919	-42.1149	-0.00815552	7500	2e+11 0.520783
791	0.00791911	-43.9461	-0.00851013	7500	2e+11 0.520783
792	0.00792903	-45.4104	-0.00879369	7500	2e+11 0.521077
793	0.00793894	-46.5568	-0.00901568	7500	2e+11 0.521077
794	0.00794886	-47.45	-0.00918865	7500	2e+11 0.521567
795	0.00795876	-48.1325	-0.00932082	7500	2e+11 0.521567
796	0.00796867	-48.6444	-0.00941995	7500	2e+11 0.521175
797	0.00797858	-49.0257	-0.00949379	7500	2e+11 0.521469
798	0.00798848	-49.3078	-0.00954842	7500	2e+11 0.521469
799	0.00799839	-49.511	-0.00958776	7500	2e+11 0.521371
800	0.00800829	-49.6571	-0.00961607	7500	2e+11 0.521371
801	0.0080182	-49.7634	-0.00963663	7500	2e+11 0.521665
802	0.0080281	-49.8367	-0.00965084	7500	2e+11 0.521665
803	0.00803801	-49.8882	-0.00966081	7500	2e+11 0.521273
804	0.00804792	-49.9244	-0.00966782	7500	2e+11 0.521469
805	0.00805782	-49.949	-0.00967259	7500	2e+11 0.521469
806	0.00806772	-49.9656	-0.0096758	7500	2e+11 0.521763
807	0.00807762	-49.9766	-0.00967793	7500	2e+11 0.521763
808	0.00808752	-49.9839	-0.00967934	7500	2e+11 0.521371
809	0.00809743	-49.9887	-0.00968027	7500	2e+11 0.521322
810	0.00810733	-49.9919	-0.00968088	7500	2e+11 0.521469
811	0.00811724	-49.9939	-0.00968128	7500	2e+11 0.521469
812	0.00812714	-49.9952	-0.00968153	7500	2e+11 0.52142
813	0.00813705	-49.996	-0.00968169	7500	2e+11 0.521371
814	0.00814695	-49.9966	-0.00968179	7500	2e+11 0.521371
815	0.00815686	-49.9969	-0.00968185	7500	2e+11 0.521371
816	0.00816676	-49.997	-0.00968189	7500	2e+11 0.521812
817	0.00817666	-49.9972	-0.00968191	7500	2e+11 0.521812
818	0.00818656	-49.9972	-0.00968192	7500	2e+11 0.521322
819	0.00819647	-49.9973	-0.00968194	7500	2e+11 0.52142
820	0.00820637	-49.9973	-0.00968194	7500	2e+11 0.521518
821	0.00821627	-49.9974	-0.00968195	7500	2e+11 0.521665
822	0.00822617	-49.9974	-0.00968195	7500	2e+11 0.521665
823	0.00823608	-49.9974	-0.00968195	7500	2e+11 0.521616
824	0.00824598	-49.9974	-0.00968195	7500	2e+11 0.521616
825	0.00825589	-49.9974	-0.00968195	7500	2e+11 0.52142
826	0.0082658	-49.9974	-0.00968195	7500	2e+11 0.521567
827	0.0082757	-49.9974	-0.00968195	7500	2e+11 0.521567
828	0.0082856	-49.9974	-0.00968195	7500	2e+11 0.52142
829	0.00829551	-49.9974	-0.00968195	7500	2e+11 0.521567
830	0.00830541	-49.9974	-0.00968195	7500	2e+11 0.521567
831	0.00831531	-49.9974	-0.00968195	7500	2e+11 0.521469
832	0.00832522	-49.9974	-0.00968195	7500	2e+11 0.521469
833	0.00833512	-49.9974	-0.00968195	7500	2e+11 0.521371
834	0.00834503	-49.9974	-0.00968195	7500	2e+11 0.521714
835	0.00835493	-49.9974	-0.00968195	7500	2e+11 0.521763
836	0.00836482	-49.9974	-0.00968195	7500	2e+11 0.521763
837	0.00837473	-49.9974	-0.00968195	7500	2e+11 0.521665
838	0.00838463	-49.9974	-0.00968195	7500	2e+11 0.521665
839	0.00839454	-49.9974	-0.00968195	7500	2e+11 0.521322
840	0.00840445	-49.9974	-0.00968195	7500	2e+11 0.521567
841	0.00841435	-49.9974	-0.00968195	7500	2e+11 0.521567
842	0.00842425	-49.9974	-0.00968195	7500	2e+11 0.521567
843	0.00843415	-49.9974	-0.00968195	7500	2e+11 0.521567
844	0.00844406	-49.9974	-0.00968195	7500	2e+11 0.52142
845	0.00845396	-49.9974	-0.00968195	7500	2e+11 0.521469
846	0.00846386	-49.9974	-0.00968195	7500	2e+11 0.521469
847	0.00847377	-49.9974	-0.00968195	7500	2e+11 0.52142
848	0.00848367	-49.9974	-0.00968195	7500	2e+11 0.52142
849	0.00849358	-49.9974	-0.00968195	7500	2e+11 0.521469
850	0.00850348	-49.9974	-0.00968195	7500	2e+11 0.521469
851	0.00851339	-49.9974	-0.00968195	7500	2e+11 0.521518
852	0.00852329	-49.9974	-0.00968195	7500	2e+11 0.521518
853	0.00853319	-49.9974	-0.00968195	7500	2e+11 0.521567
854	0.00854309	-49.9974	-0.00968195	7500	2e+11 0.521567
855	0.008553	-49.9974	-0.00968195	7500	2e+11 0.521518
856	0.0085629	-49.9974	-0.00968195	7500	2e+11 0.521518
857	0.00857281	-49.9974	-0.00968195	7500	2e+11 0.521371
858	0.00858271	-49.9974	-0.00968195	7500	2e+11 0.52142
859	0.00859261	-49.9974	-0.00968195	7500	2e+11 0.521469
860	0.00860252	-49.9974	-0.00968195	7500	2e+11 0.521518
861	0.00861242	-49.9974	-0.00968195	7500	2e+11 0.521518
862	0.00862232	-49.9974	-0.00968195	7500	2e+11 0.521469
863	0.00863222	-49.9974	-0.00968195	7500	2e+11 0.52142
864	0.00864213	-49.9974	-0.00968195	7500	2e+11 0.52142
865	0.00865203	-49.9973	-0.00968195	7500	2e+11 0.52142
866	0.00866194	-49.9973	-0.00968194	7500	2e+11 0.521518
867	0.00867184	-49.9973	-0.00968193	7500	2e+11 0.521518
868	0.00868174	-49.9971	-0.0096819	7500	2e+11 0.521518
869	0.00869165	-49.9968	-0.00968184	7500	2e+11 0.521469
870	0.00870155	-49.9956	-0.0096816	7500	2e+11 0.521469
871	0.00871146	-49.9927	-0.00968105	7500	2e+11 0.521469
872	0.00872136	-49.9881	-0.00968015	7500	2e+11 0.521567
873	0.00873126	-49.9662	-0.00967592	7500	2e+11 0.521616
874	0.00874116	-49.9169	-0.00966636	7500	2e+11 0.521616
875	0.00875107	-49.7313	-0.00963042	7500	2e+11 0.521371
876	0.00876097	-49.295	-0.00954593	7500	2e+11 0.521371
877	0.00877088	-48.2482	-0.00934323	7500	2e+11 0.52142
878	0.00878078	-46.6341	-0.00903065	7500	2e+11 0.52142
879	0.0087907	-44.544	-0.00862591	7500	2e+11 0.52093
880	0.00880061	-42.0458	-0.00814213	7500	2e+11 0.520685
881	0.00881054	-39.2394	-0.00759868	7500	2e+11 0.520441
882	0.00882047	-36.1977	-0.00700965	7500	2e+11 0.520441
883	0.00883039	-33.0155	-0.00639342	7500	2e+11 0.520441
884	0.00884033	-29.7669	-0.00576433	7500	2e+11 0.519758
885	0.00885027	-26.5324	-0.00513798	7500	2e+11 0.519077
886	0.00886023	-23.3828	-0.00452806	7500	2e+11 0.518931
887	0.00887018	-20.3667	-0.003944	7500	2e+11 0.518591
888	0.00888015	-17.5322	-0.00339509	7500	2e+11 0.518252
889	0.00889011	-14.9228	-0.00288979	7500	2e+11 0.518252
890	0.00890008	-12.551	-0.00243049	7500	2e+11 0.517816
891	0.00891006	-10.4346	-0.00202066	7500	2e+11 0.517575
892	0.00892005	-8.58486	-0.00166245	7500	2e+11 0.517237
893	0.00893003	-6.97248	-0.00135022	7500	2e+11 0.517382
894	0.00894001	-5.60279	-0.00108498	7500	2e+11 0.517382
895	0.00895	-4.44512	-0.000860794	7500	2e+11 0.516899
896	0.00895999	-3.4818	-0.000674247	7500	2e+11 0.516803
897	0.00896999	-2.69874	-0.00052261	7500	2e+11 0.516514
898	0.00897999	-2.06851	-0.000400566	7500	2e+11 0.516658
899	0.00898999	-1.56533	-0.000303125	7500	2e+11 0.516658
900	0.00899999	-1.17078	-0.000226721	7500	2e+11 0.51661
901	0.00900998	-0.862829	-0.000167086	7500	2e+11 0.516707
902	0.00901998	-0.630434	-0.000122083	7500	2e+11 0.516707
903	0.00902997	-0.455041	-8.81184e-05	7500	2e+11 0.516562
904	0.00903998	-0.324916	-6.29197e-05	7500	2e+11 0.516658
905	0.00904997	-0.229764	-4.44937e-05	7500	2e+11 0.516658
906	0.00905997	-0.160697	-3.11188e-05	7500	2e+11 0.516418
907	0.00906997	-0.111084	-2.15112e-05	7500	2e+11 0.516322
908	0.00907998	-0.0760964	-1.4736e-05	7500	2e+11 0.516418
909	0.00908998	-0.0517974	-1.00305e-05	7500	2e+11 0.516418
910	0.00909998	-0.034791	-6.73726e-06	7500	2e+11 0.516418
911	0.00910998	-0.0231567	-4.48428e-06	7500	2e+11 0.516418
912	0.00911998	-0.0153183	-2.96637e-06	7500	2e+11 0.516322
913	0.00912998	-0.0100332	-1.94292e-06	7500	2e+11 0.516466
914	0.00913998	-0.0065256	-1.26368e-06	7500	2e+11 0.516466
915	0.00914998	-0.00419266	-8.11906e-07	7500	2e+11 0.516514
916	0.00915998	-0.00268189	-5.19346e-07	7500	2e+11 0.516514
917	0.00916998	-0.00169771	-3.2876e-07	7500	2e+11 0.516274
918	0.00917999	-0.00106626	-2.0648e-07	7500	2e+11 0.516466
919	0.00918998	-0.000664284	-1.28638e-07	7500	2e+11 0.516466
920	0.00919998	-0.0004117	-7.97254e-08	7500	2e+11 0.516466
921	0.00920998	-0.000253047	-4.90023e-08	7500	2e+11 0.516466
922	0.00921998	-0.000154652	-2.99482e-08	7500	2e+11 0.516562
923	0.00922998	-9.3345e-05	-1.80762e-08	7500	2e+11 0.516562
924	0.00923998	-5.57124e-05	-1.07887e-08	7500	2e+11 0.516466
925	0.00924998	-3.2843e-05	-6.36002e-09	7500	2e+11 0.516466
926	0.00925998	-1.90041e-05	-3.68012e-09	7500	2e+11 0.516562
927	0.00926998	-1.07549e-05	-2.08267e-09	7500	2e+11 0.516562
928	0.00927998	-6.00064e-06	-1.16202e-09	7500	2e+11 0.516466
929	0.00928998	-3.29605e-06	-6.38278e-10	7500	2e+11 0.516466
930	0.00929999	-1.76236e-06	-3.4128e-10	7500	2e+11 0.516466
931	0.00930998	-9.19445e-07	-1.7805e-10	7500	2e+11 0.516466
932	0.00931998	-4.6995e-07	-9.10054e-11	7500	2e+11 0.516418
933	0.00932998	-2.36275e-07	-4.57545e-11	7500	2e+11 0.516514
934	0.00933998	-1.16325e-07	-2.25263e-11	7500	2e+11 0.516514
935	0.00934999	-5.58753e-08	-1.08202e-11	7500	2e+11 0.516466
936	0.00935999	-2.59723e-08	-5.02951e-12	7500	2e+11 0.516466
937	0.00936999	-1.16289e-08	-2.25193e-12	7500	2e+11 0.516514
938	0.00937998	-5.05589e-09	-9.79068e-13	7500	2e+11 0.516514
939	0.00938999	-2.13488e-09	-4.13419e-13	7500	2e+11 0.516322
940	0.00939999	-8.75542e-10	-1.69548e-13	7500	2e+11 0.516418
941	0.00940999	-3.60016e-10	-6.97168e-14	7500	2e+11 0.516514
942	0.00941999	-1.41414e-10	-2.73846e-14	7500	2e+11 0.516514
943	0.00942999	-5.40686e-11	-1.04703e-14	7500	2e+11 0.516562
944	0.00943998	-1.98855e-11	-3.85082e-15	7500	2e+11 0.516562
945	0.00944998	-7.16071e-12	-1.38666e-15	7500	2e+11 0.51637
946	0.00945999	-2.58138e-12	-4.99883e-16	7500	2e+11 0.516274
947	0.00946999	-8.98335e-13	-1.73962e-16	7500	2e+11 0.516466
948	0.00947999	-2.98062e-13	-5.77194e-17	7500	2e+11 0.516466
949	0.00948999	-9.71072e-14	-1.88047e-17	7500	2e+11 0.516466
950	0.00949999	-3.14163e-14	-6.08374e-18	7500	2e+11 0.516322
951	0.00950999	-9.98267e-15	-1.93314e-18	7500	2e+11 0.51661
952	0.00951999	-3.13927e-15	-6.07917e-19	7500	2e+11 0.51661
953	0.00952999	-9.36089e-16	-1.81273e-19	7500	2e+11 0.51637
954	0.00954	-2.71866e-16	-5.26466e-20	7500	2e+11 0.516755
955	0.00954999	-7.79109e-17	-1.50874e-20	7500	2e+11 0.516755
956	0.00955999	-2.20448e-17	-4.26896e-21	7500	2e+11 0.51661
957	0.00956999	-6.0262e-18	-1.16697e-21	7500	2e+11 0.51661
958	0.00957999	-1.60254e-18	-3.1033e-22	7500	2e+11 0.51637
959	0.00959	-4.14082e-19	-8.01866e-23	7500	2e+11 0.516562
960	0.00959999	-1.03167e-19	-1.99782e-23	7500	2e+11 0.516562
961	0.00960999	-2.52478e-20	-4.88921e-24	7500	2e+11 0.516322
962	0.00962	-5.88343e-21	-1.13932e-24	7500	2e+11 0.51661
963	0.00962999	-1.29458e-21	-2.50695e-25	7500	2e+11 0.51661
964	0.00963999	-2.94017e-22	-5.69362e-26	7500	2e+11 0.516514
965	0.00964999	-6.78836e-23	-1.31456e-26	7500	2e+11 0.516514
966	0.00966	-1.4184e-23	-2.74673e-27	7500	2e+11 0.516514
967	0.00967	-2.7596e-24	-5.34394e-28	7500	2e+11 0.516514
968	0.00968	-5.76707e-25	-1.11679e-28	7500	2e+11 0.516755
969	0.00968999	-1.15206e-25	-2.23096e-29	7500	2e+11 0.516755
970	0.0097	-2.25133e-26	-4.35968e-30	7500	2e+11 0.51637
971	0.00971	-4.13699e-27	-8.01124e-31	7500	2e+11 0.51661
972	0.00971999	-7.95538e-28	-1.54055e-31	7500	2e+11 0.51661
973	0.00972999	-1.48458e-28	-2.87488e-32	7500	2e+11 0.516466
974	0.00974	-2.7769e-29	-5.37744e-33	7500	2e+11 0.516755
975	0.00974999	-4.96545e-30	-9.61555e-34	7500	2e+11 0.516755
976	0.00976	-8.87366e-31	-1.71838e-34	7500	2e+11 0.516562
977	0.00976999	-1.52612e-31	-2.95531e-35	7500	2e+11 0.516562
978	0.00978	-2.62518e-32	-5.08363e-36	7500	2e+11 0.516226
979	0.00979	-4.77921e-33	-9.2549e-37	7500	2e+11 0.516466
980	0.0098	-7.84338e-34	-1.51886e-37	7500	2e+11 0.516466
981	0.00981	-1.26934e-34	-2.45806e-38	7500	2e+11 0.516418
982	0.00982	-1.97349e-35	-3.82164e-39	7500	2e+11 0.51637
983	0.00983	-3.43994e-36	-6.66142e-40	7500	2e+11 0.516562
984	0.00984	-5.6613e-37	-1.09631e-40	7500	2e+11 0.516562
985	0.00985	-8.92233e-38	-1.7278e-41	7500	2e+11 0.516274
986	0.00986001	-1.44219e-38	-2.79279e-42	7500	2e+11 0.516947
987	0.00987	-2.33732e-39	-4.52619e-43	7500	2e+11 0.516947
988	0.00987999	-3.54578e-40	-6.86636e-44	7500	2e+11 0.516803
989	0.00988999	-4.34178e-41	-8.40779e-45	7500	2e+11 0.516803
990	0.0099	0	-0	7500	2e+11 0.516418
991	0.00991	0	0	7500	2e+11 0.516418
992	0.00992	0	0	7500	2e+11 0.51661
993	0.00993	0	0	7500	2e+11 0.516658
994	0.00993999	0	0	7500	2e+11 0.516658
995	0.00995	0	0	7500	2e+11 0.516322
996	0.00996	0	0	7500	2e+11 0.51661
997	0.00996999	0	0	7500	2e+11 0.51661
998	0.00998	0	0	7500	2e+11 0.516514
999	0.00999	0	0	7500	2e+11 0.516514
1000	0.01	0	-0	7500	2e+11 0.516322
