0	0	0	0	1	1
1	0.01	0	0	1	1
2	0.02	0	0	1	1
3	0.03	0	0	1	1
4	0.04	0	0	1	1
5	0.05	0	0	1	1
6	0.06	0	0	1	1
7	0.07	0	0	1	1
8	0.08	0	0	1	1
9	0.09	0	0	1	1
10	0.1	0	0	1	1
11	0.11	0	0	1	1
12	0.12	0	0	1	1
13	0.13	0	0	1	1
14	0.14	0	0	1	1
15	0.15	0	0	1	1
16	0.16	0	0	1	1
17	0.17	0	0	1	1
18	0.18	0	0	1	1
19	0.19	0	0	1	1
20	0.2	0	0	1	1
21	0.21	0	0	1	1
22	0.22	0	0	1	1
23	0.23	0	0	1	1
24	0.24	0	0	1	1
25	0.25	0	0	1	1
26	0.26	0	0	1	1
27	0.27	0	0	1	1
28	0.28	0	0	1	1
29	0.29	0	0	1	1
30	0.3	0	0	1	1
31	0.31	0	0	1	1
32	0.32	0	0	1	1
33	0.33	0	0	1	1
34	0.34	0	0	1	1
35	0.35	0	0	1	1
36	0.36	0	0	1	1
37	0.37	0	0	1	1
38	0.38	0	0	1	1
39	0.39	0	0	1	1
40	0.4	0	0	1	1
41	0.409049	-0.000157514	0.000157514	1	1
42	0.418109	-0.00121196	0.00121196	1	1
43	0.4272	-0.00473629	0.00473629	1	1
44	0.436363	-0.0125387	0.0125387	1	1
45	0.445642	-0.0253074	0.0253074	1	1
46	0.455075	-0.0416607	0.0416607	1	1
47	0.46467	-0.0586672	0.0586672	1	1
48	0.474408	-0.0734542	0.0734542	1	1
49	0.484253	-0.0844822	0.0844822	1	1
50	0.18704	-45.1259	14.2701	0.1	1
51	0.440415	-10.6245	3.35975	0.1	1
52	0.486617	-4.89003	1.54636	0.1	1
53	0.508922	-2.54946	0.806209	0.1	1
54	0.524245	-1.35303	0.427865	0.1	1
55	0.536884	-0.741556	0.234501	0.1	1
56	0.548462	-0.463323	0.146516	0.1	1
57	0.559656	-0.356695	0.112797	0.1	1
58	0.570728	-0.321997	0.101824	0.1	1
59	0.581759	-0.310458	0.0981753	0.1	1
60	0.592765	-0.303251	0.0958962	0.1	1
61	0.603739	-0.294216	0.0930393	0.1	1
62	0.614671	-0.281454	0.0890034	0.1	1
63	0.625543	-0.264476	0.0836347	0.1	1
64	0.636343	-0.243471	0.0769921	0.1	1
65	0.647061	-0.219114	0.0692898	0.1	1
66	0.657688	-0.192444	0.0608561	0.1	1
67	0.668222	-0.164708	0.0520853	0.1	1
68	0.678666	-0.137195	0.043385	0.1	1
69	0.689024	-0.111092	0.0351303	0.1	1
70	0.699304	-0.0873518	0.0276231	0.1	1
71	0.709517	-0.066632	0.0210709	0.1	1
72	0.719674	-0.0492662	0.0155793	0.1	1
73	0.729786	-0.0352834	0.0111576	0.1	1
74	0.739864	-0.0244643	0.00773628	0.1	1
75	0.749916	-0.0164178	0.00519178	0.1	1
76	0.759949	-0.0106631	0.00337197	0.1	1
77	0.769971	-0.00670328	0.00211976	0.1	1
78	0.779984	-0.00407997	0.0012902	0.1	1
79	0.789991	-0.00240529	0.000760619	0.1	1
80	0.799995	-0.00137416	0.000434547	0.1	1
81	0.809998	-0.000761227	0.000240721	0.1	1
82	0.819999	-0.000409133	0.000129379	0.1	1
83	0.83	-0.000213486	6.75103e-05	0.1	1
84	0.84	-0.000108215	3.42206e-05	0.1	1
85	0.85	-5.33185e-05	1.68608e-05	0.1	1
86	0.86	-2.55509e-05	8.0799e-06	0.1	1
87	0.87	-1.19159e-05	3.76814e-06	0.1	1
88	0.88	-5.41118e-06	1.71117e-06	0.1	1
89	0.89	-2.39407e-06	7.57071e-07	0.1	1
90	0.9	-1.0325e-06	3.26505e-07	0.1	1
91	0.91	-4.34285e-07	1.37333e-07	0.1	1
92	0.92	-1.78239e-07	5.6364e-08	0.1	1
93	0.93	-7.14126e-08	2.25827e-08	0.1	1
94	0.94	-2.79443e-08	8.83682e-09	0.1	1
95	0.95	-1.06842e-08	3.37877e-09	0.1	1
96	0.96	-3.99252e-09	1.26299e-09	0.1	1
97	0.97	-1.45724e-09	4.62224e-10	0.1	1
98	0.98	-5.14927e-10	1.67197e-10	0.1	1
99	0.99	-1.61608e-10	6.43775e-11	0.1	1
100	1	0	3.95607e-11	0.1	1
