0	0	0	0	1	1
1	0.01	0	0	1	1
2	0.02	0	0	1	1
3	0.03	0	0	1	1
4	0.04	0	0	1	1
5	0.05	0	0	1	1
6	0.06	0	0	1	1
7	0.07	0	0	1	1
8	0.08	0	0	1	1
9	0.09	0	0	1	1
10	0.1	0	0	1	1
11	0.11	0	0	1	1
12	0.12	0	0	1	1
13	0.13	0	0	1	1
14	0.14	0	0	1	1
15	0.15	0	0	1	1
16	0.16	0	0	1	1
17	0.17	0	0	1	1
18	0.18	0	0	1	1
19	0.19	0	0	1	1
20	0.2	0	0	1	1
21	0.21	0	0	1	1
22	0.22	0	0	1	1
23	0.23	0	0	1	1
24	0.24	0	0	1	1
25	0.25	0	0	1	1
26	0.26	0	0	1	1
27	0.27	0	0	1	1
28	0.28	0	0	1	1
29	0.29	0	0	1	1
30	0.3	0	0	1	1
31	0.31	0	0	1	1
32	0.32	0	0	1	1
33	0.33	0	0	1	1
34	0.34	0	0	1	1
35	0.35	0	0	1	1
36	0.36	0	0	1	1
37	0.37	0	0	1	1
38	0.38	0	0	1	1
39	0.39	0	0	1	1
40	0.4	0	0	1	1
41	0.409049	-0.0001304	0.0001304	1	1
42	0.418107	-0.00102829	0.00102829	1	1
43	0.427192	-0.00411628	0.00411628	1	1
44	0.436342	-0.0111575	0.0111575	1	1
45	0.445601	-0.0230424	0.0230424	1	1
46	0.455007	-0.0387625	0.0387625	1	1
47	0.464573	-0.0556576	0.0556576	1	1
48	0.474285	-0.0708361	0.0708361	1	1
49	0.484111	-0.0825222	0.0825222	1	1
50	0.109719	-45.858	14.5016	0.1	1
51	0.421804	-11.2876	3.56945	0.1	1
52	0.477799	-5.50143	1.7397	0.1	1
53	0.504154	-3.07966	0.973873	0.1	1
54	0.521611	-1.76707	0.558795	0.1	1
55	0.535406	-1.01892	0.322209	0.1	1
56	0.547559	-0.616712	0.195022	0.1	1
57	0.558999	-0.42581	0.134653	0.1	1
58	0.570162	-0.347891	0.110013	0.1	1
59	0.581225	-0.319442	0.101016	0.1	1
60	0.592246	-0.307596	0.0972705	0.1	1
61	0.603236	-0.298552	0.0944104	0.1	1
62	0.614187	-0.287336	0.0908638	0.1	1
63	0.625087	-0.272381	0.0861345	0.1	1
64	0.635921	-0.253429	0.0801413	0.1	1
65	0.646679	-0.230886	0.0730127	0.1	1
66	0.65735	-0.205591	0.0650135	0.1	1
67	0.667931	-0.178653	0.0564952	0.1	1
68	0.678422	-0.151302	0.047846	0.1	1
69	0.688824	-0.124739	0.0394458	0.1	1
70	0.699145	-0.100001	0.0316231	0.1	1
71	0.709394	-0.0778772	0.0246269	0.1	1
72	0.719582	-0.0588612	0.0186135	0.1	1
73	0.72972	-0.0431442	0.0136434	0.1	1
74	0.739817	-0.0306496	0.00969225	0.1	1
75	0.749884	-0.0210941	0.00667053	0.1	1
76	0.759929	-0.0140615	0.00444663	0.1	1
77	0.769958	-0.00907885	0.00287098	0.1	1
78	0.779975	-0.00567855	0.00179571	0.1	1
79	0.789986	-0.00344173	0.00108837	0.1	1
80	0.799993	-0.00202224	0.00063949	0.1	1
81	0.809996	-0.00115246	0.000364438	0.1	1
82	0.819998	-0.000637376	0.000201556	0.1	1
83	0.83	-0.000342292	0.000108242	0.1	1
84	0.84	-0.00017861	5.64814e-05	0.1	1
85	0.85	-9.06054e-05	2.86519e-05	0.1	1
86	0.86	-4.47095e-05	1.41384e-05	0.1	1
87	0.87	-2.14731e-05	6.79038e-06	0.1	1
88	0.88	-1.00435e-05	3.17602e-06	0.1	1
89	0.89	-4.57721e-06	1.44744e-06	0.1	1
90	0.9	-2.03364e-06	6.43093e-07	0.1	1
91	0.91	-8.81296e-07	2.7869e-07	0.1	1
92	0.92	-3.72696e-07	1.17857e-07	0.1	1
93	0.93	-1.53877e-07	4.86603e-08	0.1	1
94	0.94	-6.20552e-08	1.96237e-08	0.1	1
95	0.95	-2.44538e-08	7.7334e-09	0.1	1
96	0.96	-9.41878e-09	2.97982e-09	0.1	1
97	0.97	-3.54292e-09	1.12448e-09	0.1	1
98	0.98	-1.28879e-09	4.19916e-10	0.1	1
99	0.99	-4.14329e-10	1.67501e-10	0.1	1
100	1	0	1.05445e-10	0.1	1
