0	0	0	0	1	1
1	0.01	0	0	1	1
2	0.02	0	0	1	1
3	0.03	0	0	1	1
4	0.04	0	0	1	1
5	0.05	0	0	1	1
6	0.06	0	0	1	1
7	0.07	0	0	1	1
8	0.08	0	0	1	1
9	0.09	0	0	1	1
10	0.1	0	0	1	1
11	0.11	0	0	1	1
12	0.12	0	0	1	1
13	0.13	0	0	1	1
14	0.14	0	0	1	1
15	0.15	0	0	1	1
16	0.16	0	0	1	1
17	0.17	0	0	1	1
18	0.18	0	0	1	1
19	0.19	0	0	1	1
20	0.2	0	0	1	1
21	0.21	0	0	1	1
22	0.22	0	0	1	1
23	0.23	0	0	1	1
24	0.24	0	0	1	1
25	0.25	0	0	1	1
26	0.26	0	0	1	1
27	0.27	0	0	1	1
28	0.28	0	0	1	1
29	0.29	0	0	1	1
30	0.3	0	0	1	1
31	0.31	0	0	1	1
32	0.32	0	0	1	1
33	0.33	0	0	1	1
34	0.34	0	0	1	1
35	0.35	0	0	1	1
36	0.36	0	0	1	1
37	0.37	0	0	1	1
38	0.38	0	0	1	1
39	0.39	0	0	1	1
40	0.4	0	0	1	1
41	0.409049	-3.07535e-05	3.07535e-05	1	1
42	0.418099	-0.000287337	0.000287337	1	1
43	0.42716	-0.00135841	0.00135841	1	1
44	0.436248	-0.00433607	0.00433607	1	1
45	0.445391	-0.0105131	0.0105131	1	1
46	0.454628	-0.0206531	0.0206531	1	1
47	0.463991	-0.0342837	0.0342837	1	1
48	0.4735	-0.0496437	0.0496437	1	1
49	0.48315	-0.0644371	0.0644371	1	1
50	-0.509336	-48.9426	15.477	0.1	1
51	0.25405	-14.1266	4.46723	0.1	1
52	0.386238	-8.22722	2.60168	0.1	1
53	0.445468	-5.64876	1.78629	0.1	1
54	0.482015	-4.11041	1.29983	0.1	1
55	0.508253	-3.05702	0.966716	0.1	1
56	0.528826	-2.2849	0.722547	0.1	1
57	0.54594	-1.70137	0.538022	0.1	1
58	0.560822	-1.25836	0.397929	0.1	1
59	0.57423	-0.927837	0.293408	0.1	1
60	0.586668	-0.690253	0.218277	0.1	1
61	0.598485	-0.528419	0.167101	0.1	1
62	0.609924	-0.424903	0.134366	0.1	1
63	0.621137	-0.362274	0.114561	0.1	1
64	0.63222	-0.324917	0.102748	0.1	1
65	0.643218	-0.300761	0.095109	0.1	1
66	0.654149	-0.281805	0.0891144	0.1	1
67	0.665018	-0.263527	0.0833347	0.1	1
68	0.67582	-0.243863	0.0771164	0.1	1
69	0.686548	-0.222244	0.0702796	0.1	1
70	0.697197	-0.198927	0.0629062	0.1	1
71	0.707765	-0.174581	0.0552073	0.1	1
72	0.71825	-0.150041	0.0474471	0.1	1
73	0.728658	-0.126148	0.0398914	0.1	1
74	0.738991	-0.103659	0.0327799	0.1	1
75	0.749257	-0.0831794	0.0263036	0.1	1
76	0.759465	-0.0651245	0.0205942	0.1	1
77	0.769624	-0.0497133	0.0157207	0.1	1
78	0.779741	-0.0369772	0.0116932	0.1	1
79	0.789826	-0.0267857	0.00847039	0.1	1
80	0.799886	-0.0188897	0.00597345	0.1	1
81	0.809927	-0.0129661	0.00410024	0.1	1
82	0.819955	-0.0086622	0.00273923	0.1	1
83	0.829973	-0.00563261	0.00178119	0.1	1
84	0.839984	-0.00356559	0.00112754	0.1	1
85	0.849991	-0.0021979	0.000695037	0.1	1
86	0.859995	-0.00131975	0.00041734	0.1	1
87	0.869998	-0.000772216	0.000244196	0.1	1
88	0.879999	-0.000440489	0.000139295	0.1	1
89	0.89	-0.000245065	7.74963e-05	0.1	1
90	0.9	-0.000133032	4.20684e-05	0.1	1
91	0.91	-7.04919e-05	2.22915e-05	0.1	1
92	0.92	-3.64772e-05	1.15351e-05	0.1	1
93	0.93	-1.84411e-05	5.83168e-06	0.1	1
94	0.94	-9.11193e-06	2.88168e-06	0.1	1
95	0.95	-4.40165e-06	1.39253e-06	0.1	1
96	0.96	-2.07825e-06	6.58747e-07	0.1	1
97	0.97	-9.56161e-07	3.06217e-07	0.1	1
98	0.98	-4.20734e-07	1.42464e-07	0.1	1
99	0.99	-1.5743e-07	7.2357e-08	0.1	1
100	1	0	5.30431e-08	0.1	1
