0	0	0	0	7500	2e+11 0.516398
1	1e-05	0	0	7500	2e+11 0.516398
2	2e-05	0	0	7500	2e+11 0.516398
3	3e-05	0	0	7500	2e+11 0.516398
4	4e-05	0	0	7500	2e+11 0.516398
5	5e-05	0	0	7500	2e+11 0.516398
6	6e-05	0	0	7500	2e+11 0.516398
7	7e-05	0	0	7500	2e+11 0.516398
8	8e-05	0	0	7500	2e+11 0.516398
9	9e-05	0	0	7500	2e+11 0.516398
10	0.0001	0	0	7500	2e+11 0.516398
11	0.00011	0	0	7500	2e+11 0.516398
12	0.00012	0	0	7500	2e+11 0.516398
13	0.00013	0	0	7500	2e+11 0.516398
14	0.00014	0	0	7500	2e+11 0.516398
15	0.00015	0	0	7500	2e+11 0.516398
16	0.00016	0	0	7500	2e+11 0.516398
17	0.00017	0	0	7500	2e+11 0.516398
18	0.00018	0	0	7500	2e+11 0.516398
19	0.00019	0	0	7500	2e+11 0.516398
20	0.0002	0	0	7500	2e+11 0.516398
21	0.00021	0	0	7500	2e+11 0.516398
22	0.00022	0	0	7500	2e+11 0.516398
23	0.00023	0	0	7500	2e+11 0.516398
24	0.00024	0	0	7500	2e+11 0.516398
25	0.00025	0	0	7500	2e+11 0.516398
26	0.00026	0	0	7500	2e+11 0.516398
27	0.00027	0	0	7500	2e+11 0.516398
28	0.00028	0	0	7500	2e+11 0.516398
29	0.00029	0	0	7500	2e+11 0.516398
30	0.0003	0	0	7500	2e+11 0.516398
31	0.00031	0	0	7500	2e+11 0.516398
32	0.00032	0	0	7500	2e+11 0.516398
33	0.00033	0	0	7500	2e+11 0.516398
34	0.00034	0	0	7500	2e+11 0.516398
35	0.00035	0	0	7500	2e+11 0.516398
36	0.00036	0	0	7500	2e+11 0.516398
37	0.00037	0	0	7500	2e+11 0.516398
38	0.00038	0	0	7500	2e+11 0.516398
39	0.00039	0	0	7500	2e+11 0.516398
40	0.0004	0	0	7500	2e+11 0.516398
41	0.00041	0	0	7500	2e+11 0.516398
42	0.00042	0	0	7500	2e+11 0.516398
43	0.00043	0	0	7500	2e+11 0.516398
44	0.00044	0	0	7500	2e+11 0.516398
45	0.00045	0	0	7500	2e+11 0.516398
46	0.00046	0	0	7500	2e+11 0.516398
47	0.00047	0	0	7500	2e+11 0.516398
48	0.00048	0	0	7500	2e+11 0.516398
49	0.00049	0	0	7500	2e+11 0.5164
50	0.0005	0	0	7500	2e+11 0.5164
51	0.00051	0	0	7500	2e+11 0.516397
52	0.00052	0	0	7500	2e+11 0.5164
53	0.00053	0	0	7500	2e+11 0.5164
54	0.00054	0	0	7500	2e+11 0.516397
55	0.00055	0	0	7500	2e+11 0.5164
56	0.00056	0	0	7500	2e+11 0.5164
57	0.00057	0	0	7500	2e+11 0.516397
58	0.00058	0	0	7500	2e+11 0.516397
59	0.00059	0	0	7500	2e+11 0.5164
60	0.0006	0	0	7500	2e+11 0.5164
61	0.00061	0	0	7500	2e+11 0.516397
62	0.00062	0	0	7500	2e+11 0.5164
63	0.00063	0	0	7500	2e+11 0.5164
64	0.00064	0	0	7500	2e+11 0.516397
65	0.00065	0	0	7500	2e+11 0.5164
66	0.00066	0	0	7500	2e+11 0.5164
67	0.00067	0	0	7500	2e+11 0.516397
68	0.00068	0	0	7500	2e+11 0.5164
69	0.00069	0	0	7500	2e+11 0.5164
70	0.0007	0	0	7500	2e+11 0.516397
71	0.00071	0	0	7500	2e+11 0.516397
72	0.00072	0	0	7500	2e+11 0.5164
73	0.00073	0	0	7500	2e+11 0.5164
74	0.00074	0	0	7500	2e+11 0.516397
75	0.00075	0	0	7500	2e+11 0.5164
76	0.00076	0	0	7500	2e+11 0.5164
77	0.00077	0	0	7500	2e+11 0.516397
78	0.00078	0	0	7500	2e+11 0.5164
79	0.00079	0	0	7500	2e+11 0.5164
80	0.0008	0	0	7500	2e+11 0.516397
81	0.00081	0	0	7500	2e+11 0.5164
82	0.00082	0	0	7500	2e+11 0.5164
83	0.00083	0	0	7500	2e+11 0.516397
84	0.00084	0	0	7500	2e+11 0.5164
85	0.00085	0	0	7500	2e+11 0.5164
86	0.00086	0	0	7500	2e+11 0.516397
87	0.00087	0	0	7500	2e+11 0.5164
88	0.00088	0	0	7500	2e+11 0.5164
89	0.00089	0	0	7500	2e+11 0.516397
90	0.0009	0	0	7500	2e+11 0.516397
91	0.00091	0	0	7500	2e+11 0.5164
92	0.00092	0	0	7500	2e+11 0.5164
93	0.00093	0	0	7500	2e+11 0.516397
94	0.00094	0	0	7500	2e+11 0.5164
95	0.00095	0	0	7500	2e+11 0.5164
96	0.00096	0	0	7500	2e+11 0.516397
97	0.00097	0	0	7500	2e+11 0.516397
98	0.00098	0	0	7500	2e+11 0.5164
99	0.00099	0	0	7500	2e+11 0.5164
100	0.001	0	0	7500	2e+11 0.5164
101	0.00101	0	0	7500	2e+11 0.5164
102	0.00102	0	0	7500	2e+11 0.5164
103	0.00103	0	0	7500	2e+11 0.5164
104	0.00104	0	0	7500	2e+11 0.5164
105	0.00105	0	0	7500	2e+11 0.5164
106	0.00106	0	0	7500	2e+11 0.5164
107	0.00107	0	0	7500	2e+11 0.5164
108	0.00108	0	0	7500	2e+11 0.5164
109	0.00109	0	0	7500	2e+11 0.5164
110	0.0011	0	0	7500	2e+11 0.5164
111	0.00111	0	0	7500	2e+11 0.5164
112	0.00112	0	0	7500	2e+11 0.5164
113	0.00113	0	0	7500	2e+11 0.5164
114	0.00114	0	0	7500	2e+11 0.5164
115	0.00115	0	0	7500	2e+11 0.5164
116	0.00116	0	0	7500	2e+11 0.5164
117	0.00117	0	0	7500	2e+11 0.5164
118	0.00118	0	0	7500	2e+11 0.5164
119	0.00119	0	0	7500	2e+11 0.5164
120	0.0012	0	0	7500	2e+11 0.5164
121	0.00121	0	0	7500	2e+11 0.5164
122	0.00122	0	0	7500	2e+11 0.5164
123	0.00123	0	0	7500	2e+11 0.5164
124	0.00124	0	0	7500	2e+11 0.5164
125	0.00125	0	0	7500	2e+11 0.5164
126	0.00126	0	0	7500	2e+11 0.5164
127	0.00127	0	0	7500	2e+11 0.5164
128	0.00128	0	0	7500	2e+11 0.5164
129	0.00129	0	0	7500	2e+11 0.5164
130	0.0013	0	0	7500	2e+11 0.5164
131	0.00131	0	0	7500	2e+11 0.5164
132	0.00132	0	0	7500	2e+11 0.5164
133	0.00133	0	0	7500	2e+11 0.5164
134	0.00134	0	0	7500	2e+11 0.5164
135	0.00135	0	0	7500	2e+11 0.5164
136	0.00136	0	0	7500	2e+11 0.5164
137	0.00137	0	0	7500	2e+11 0.5164
138	0.00138	0	0	7500	2e+11 0.5164
139	0.00139	0	0	7500	2e+11 0.5164
140	0.0014	0	0	7500	2e+11 0.5164
141	0.00141	0	0	7500	2e+11 0.5164
142	0.00142	0	0	7500	2e+11 0.5164
143	0.00143	0	0	7500	2e+11 0.5164
144	0.00144	0	0	7500	2e+11 0.5164
145	0.00145	0	0	7500	2e+11 0.5164
146	0.00146	0	0	7500	2e+11 0.5164
147	0.00147	0	0	7500	2e+11 0.5164
148	0.00148	0	0	7500	2e+11 0.5164
149	0.00149	0	0	7500	2e+11 0.5164
150	0.0015	0	0	7500	2e+11 0.5164
151	0.00151	0	0	7500	2e+11 0.5164
152	0.00152	0	0	7500	2e+11 0.5164
153	0.00153	0	0	7500	2e+11 0.5164
154	0.00154	0	0	7500	2e+11 0.5164
155	0.00155	0	0	7500	2e+11 0.5164
156	0.00156	0	0	7500	2e+11 0.5164
157	0.00157	0	0	7500	2e+11 0.5164
158	0.00158	0	0	7500	2e+11 0.5164
159	0.00159	0	0	7500	2e+11 0.5164
160	0.0016	0	0	7500	2e+11 0.5164
161	0.00161	0	0	7500	2e+11 0.5164
162	0.00162	0	0	7500	2e+11 0.5164
163	0.00163	0	0	7500	2e+11 0.5164
164	0.00164	0	0	7500	2e+11 0.5164
165	0.00165	0	0	7500	2e+11 0.5164
166	0.00166	0	0	7500	2e+11 0.5164
167	0.00167	0	0	7500	2e+11 0.5164
168	0.00168	0	0	7500	2e+11 0.5164
169	0.00169	0	0	7500	2e+11 0.5164
170	0.0017	0	0	7500	2e+11 0.5164
171	0.00171	0	0	7500	2e+11 0.5164
172	0.00172	0	0	7500	2e+11 0.5164
173	0.00173	0	0	7500	2e+11 0.5164
174	0.00174	0	0	7500	2e+11 0.5164
175	0.00175	0	0	7500	2e+11 0.5164
176	0.00176	0	0	7500	2e+11 0.5164
177	0.00177	0	0	7500	2e+11 0.5164
178	0.00178	0	0	7500	2e+11 0.5164
179	0.00179	0	0	7500	2e+11 0.5164
180	0.0018	0	0	7500	2e+11 0.5164
181	0.00181	0	0	7500	2e+11 0.5164
182	0.00182	0	0	7500	2e+11 0.5164
183	0.00183	0	0	7500	2e+11 0.5164
184	0.00184	0	0	7500	2e+11 0.5164
185	0.00185	0	0	7500	2e+11 0.5164
186	0.00186	0	0	7500	2e+11 0.5164
187	0.00187	0	0	7500	2e+11 0.5164
188	0.00188	0	0	7500	2e+11 0.5164
189	0.00189	0	0	7500	2e+11 0.5164
190	0.0019	0	0	7500	2e+11 0.5164
191	0.00191	0	0	7500	2e+11 0.5164
192	0.00192	0	0	7500	2e+11 0.5164
193	0.00193	0	0	7500	2e+11 0.5164
194	0.00194	0	0	7500	2e+11 0.5164
195	0.00195	0	0	7500	2e+11 0.5164
196	0.00196	0	0	7500	2e+11 0.516406
197	0.00197	0	0	7500	2e+11 0.516406
198	0.00198	0	0	7500	2e+11 0.516394
199	0.00199	0	0	7500	2e+11 0.516406
200	0.002	0	0	7500	2e+11 0.516406
201	0.00201	0	0	7500	2e+11 0.516394
202	0.00202	0	0	7500	2e+11 0.516406
203	0.00203	0	0	7500	2e+11 0.516406
204	0.00204	0	0	7500	2e+11 0.516394
205	0.00205	0	0	7500	2e+11 0.516406
206	0.00206	0	0	7500	2e+11 0.516406
207	0.00207	0	0	7500	2e+11 0.516394
208	0.00208	0	0	7500	2e+11 0.516406
209	0.00209	0	0	7500	2e+11 0.516406
210	0.0021	0	0	7500	2e+11 0.516394
211	0.00211	0	0	7500	2e+11 0.516406
212	0.00212	0	0	7500	2e+11 0.516406
213	0.00213	0	0	7500	2e+11 0.516394
214	0.00214	0	0	7500	2e+11 0.516406
215	0.00215	0	0	7500	2e+11 0.516406
216	0.00216	0	0	7500	2e+11 0.516394
217	0.00217	0	0	7500	2e+11 0.516406
218	0.00218	0	0	7500	2e+11 0.516406
219	0.00219	0	0	7500	2e+11 0.516394
220	0.0022	0	0	7500	2e+11 0.516406
221	0.00221	0	0	7500	2e+11 0.516406
222	0.00222	0	0	7500	2e+11 0.516394
223	0.00223	0	0	7500	2e+11 0.516406
224	0.00224	0	0	7500	2e+11 0.516406
225	0.00225	0	0	7500	2e+11 0.516394
226	0.00226	0	0	7500	2e+11 0.516394
227	0.00227	0	0	7500	2e+11 0.516406
228	0.00228	0	0	7500	2e+11 0.516406
229	0.00229	0	0	7500	2e+11 0.516394
230	0.0023	0	0	7500	2e+11 0.516406
231	0.00231	0	0	7500	2e+11 0.516406
232	0.00232	0	0	7500	2e+11 0.516394
233	0.00233	0	0	7500	2e+11 0.516406
234	0.00234	0	0	7500	2e+11 0.516406
235	0.00235	0	0	7500	2e+11 0.516394
236	0.00236	0	0	7500	2e+11 0.516406
237	0.00237	0	0	7500	2e+11 0.516406
238	0.00238	0	0	7500	2e+11 0.516394
239	0.00239	0	0	7500	2e+11 0.516406
240	0.0024	0	0	7500	2e+11 0.516406
241	0.00241	0	0	7500	2e+11 0.516394
242	0.00242	0	0	7500	2e+11 0.516406
243	0.00243	0	0	7500	2e+11 0.516406
244	0.00244	0	0	7500	2e+11 0.516394
245	0.00245	0	0	7500	2e+11 0.516406
246	0.00246	0	0	7500	2e+11 0.516406
247	0.00247	0	0	7500	2e+11 0.516394
248	0.00248	0	0	7500	2e+11 0.516406
249	0.00249	0	0	7500	2e+11 0.516406
250	0.0025	0	0	7500	2e+11 0.516394
251	0.00251	0	0	7500	2e+11 0.516406
252	0.00252	0	0	7500	2e+11 0.516406
253	0.00253	0	0	7500	2e+11 0.516394
254	0.00254	0	0	7500	2e+11 0.516406
255	0.00255	0	0	7500	2e+11 0.516406
256	0.00256	0	0	7500	2e+11 0.516394
257	0.00257	0	0	7500	2e+11 0.516406
258	0.00258	0	0	7500	2e+11 0.516406
259	0.00259	0	0	7500	2e+11 0.516394
260	0.0026	0	0	7500	2e+11 0.516406
261	0.00261	0	0	7500	2e+11 0.516406
262	0.00262	0	0	7500	2e+11 0.516394
263	0.00263	0	0	7500	2e+11 0.516406
264	0.00264	0	0	7500	2e+11 0.516406
265	0.00265	0	0	7500	2e+11 0.516394
266	0.00266	0	0	7500	2e+11 0.516406
267	0.00267	0	0	7500	2e+11 0.516406
268	0.00268	0	0	7500	2e+11 0.516394
269	0.00269	0	0	7500	2e+11 0.516406
270	0.0027	0	0	7500	2e+11 0.516406
271	0.00271	0	0	7500	2e+11 0.516394
272	0.00272	0	0	7500	2e+11 0.516406
273	0.00273	0	0	7500	2e+11 0.516406
274	0.00274	0	0	7500	2e+11 0.516394
275	0.00275	0	0	7500	2e+11 0.516406
276	0.00276	0	0	7500	2e+11 0.516406
277	0.00277	0	0	7500	2e+11 0.516394
278	0.00278	0	0	7500	2e+11 0.516406
279	0.00279	0	0	7500	2e+11 0.516406
280	0.0028	0	0	7500	2e+11 0.516394
281	0.00281	0	0	7500	2e+11 0.516406
282	0.00282	0	0	7500	2e+11 0.516406
283	0.00283	0	0	7500	2e+11 0.516394
284	0.00284	0	0	7500	2e+11 0.516406
285	0.00285	0	0	7500	2e+11 0.516406
286	0.00286	0	0	7500	2e+11 0.516394
287	0.00287	0	0	7500	2e+11 0.516394
288	0.00288	0	0	7500	2e+11 0.516406
289	0.00289	0	0	7500	2e+11 0.516406
290	0.0029	0	0	7500	2e+11 0.516394
291	0.00291	0	0	7500	2e+11 0.516406
292	0.00292	0	0	7500	2e+11 0.516406
293	0.00293	0	0	7500	2e+11 0.516394
294	0.00294	0	0	7500	2e+11 0.516406
295	0.00295	0	0	7500	2e+11 0.516406
296	0.00296	0	0	7500	2e+11 0.516394
297	0.00297	0	0	7500	2e+11 0.516406
298	0.00298	0	0	7500	2e+11 0.516406
299	0.00299	0	0	7500	2e+11 0.516394
300	0.003	0	0	7500	2e+11 0.516406
301	0.00301	0	0	7500	2e+11 0.516406
302	0.00302	0	0	7500	2e+11 0.516394
303	0.00303	0	0	7500	2e+11 0.516406
304	0.00304	0	0	7500	2e+11 0.516406
305	0.00305	0	0	7500	2e+11 0.516394
306	0.00306	0	0	7500	2e+11 0.516406
307	0.00307	0	0	7500	2e+11 0.516406
308	0.00308	0	0	7500	2e+11 0.516394
309	0.00309	0	0	7500	2e+11 0.516406
310	0.0031	0	0	7500	2e+11 0.516406
311	0.00311	0	0	7500	2e+11 0.516394
312	0.00312	0	0	7500	2e+11 0.516406
313	0.00313	0	0	7500	2e+11 0.516406
314	0.00314	0	0	7500	2e+11 0.516394
315	0.00315	0	0	7500	2e+11 0.516406
316	0.00316	0	0	7500	2e+11 0.516406
317	0.00317	0	0	7500	2e+11 0.516394
318	0.00318	0	0	7500	2e+11 0.516406
319	0.00319	0	0	7500	2e+11 0.516406
320	0.0032	0	0	7500	2e+11 0.516394
321	0.00321	0	0	7500	2e+11 0.516406
322	0.00322	0	0	7500	2e+11 0.516406
323	0.00323	0	0	7500	2e+11 0.516394
324	0.00324	0	0	7500	2e+11 0.516406
325	0.00325	0	0	7500	2e+11 0.516406
326	0.00326	0	0	7500	2e+11 0.516394
327	0.00327	0	0	7500	2e+11 0.516406
328	0.00328	0	0	7500	2e+11 0.516406
329	0.00329	0	0	7500	2e+11 0.516394
330	0.0033	0	0	7500	2e+11 0.516406
331	0.00331	0	0	7500	2e+11 0.516406
332	0.00332	0	0	7500	2e+11 0.516394
333	0.00333	0	0	7500	2e+11 0.516406
334	0.00334	0	0	7500	2e+11 0.516406
335	0.00335	0	0	7500	2e+11 0.516394
336	0.00336	0	0	7500	2e+11 0.516406
337	0.00337	0	0	7500	2e+11 0.516406
338	0.00338	0	0	7500	2e+11 0.516394
339	0.00339	0	0	7500	2e+11 0.516406
340	0.0034	0	0	7500	2e+11 0.516406
341	0.00341	0	0	7500	2e+11 0.516394
342	0.00342	0	0	7500	2e+11 0.516406
343	0.00343	0	0	7500	2e+11 0.516406
344	0.00344	0	0	7500	2e+11 0.516394
345	0.00345	0	0	7500	2e+11 0.516406
346	0.00346	0	0	7500	2e+11 0.516406
347	0.00347	0	0	7500	2e+11 0.516394
348	0.00348	0	0	7500	2e+11 0.516406
349	0.00349	0	0	7500	2e+11 0.516406
350	0.0035	0	0	7500	2e+11 0.516394
351	0.00351	0	0	7500	2e+11 0.516406
352	0.00352	0	0	7500	2e+11 0.516406
353	0.00353	0	0	7500	2e+11 0.516394
354	0.00354	0	0	7500	2e+11 0.516394
355	0.00355	0	0	7500	2e+11 0.516406
356	0.00356	0	0	7500	2e+11 0.516406
357	0.00357	0	0	7500	2e+11 0.516394
358	0.00358	0	0	7500	2e+11 0.516406
359	0.00359	0	0	7500	2e+11 0.516406
360	0.0036	0	0	7500	2e+11 0.516394
361	0.00361	0	0	7500	2e+11 0.516406
362	0.00362	0	0	7500	2e+11 0.516406
363	0.00363	0	0	7500	2e+11 0.516394
364	0.00364	0	0	7500	2e+11 0.516406
365	0.00365	0	0	7500	2e+11 0.516406
366	0.00366	0	0	7500	2e+11 0.516394
367	0.00367	0	0	7500	2e+11 0.516406
368	0.00368	0	0	7500	2e+11 0.516406
369	0.00369	0	0	7500	2e+11 0.516394
370	0.0037	0	0	7500	2e+11 0.516406
371	0.00371	0	0	7500	2e+11 0.516406
372	0.00372	0	0	7500	2e+11 0.516394
373	0.00373	0	0	7500	2e+11 0.516406
374	0.00374	0	0	7500	2e+11 0.516406
375	0.00375	0	0	7500	2e+11 0.516394
376	0.00376	0	0	7500	2e+11 0.516406
377	0.00377	0	0	7500	2e+11 0.516406
378	0.00378	0	0	7500	2e+11 0.516394
379	0.00379	0	0	7500	2e+11 0.516406
380	0.0038	0	0	7500	2e+11 0.516406
381	0.00381	0	0	7500	2e+11 0.516394
382	0.00382	0	0	7500	2e+11 0.516406
383	0.00383	0	0	7500	2e+11 0.516406
384	0.00384	0	0	7500	2e+11 0.516394
385	0.00385	0	0	7500	2e+11 0.516406
386	0.00386	0	0	7500	2e+11 0.516406
387	0.00387	0	0	7500	2e+11 0.516394
388	0.00388	0	0	7500	2e+11 0.516406
389	0.00389	0	0	7500	2e+11 0.516406
390	0.0039	0	0	7500	2e+11 0.516394
391	0.00391	0	0	7500	2e+11 0.516394
392	0.00392	0	0	7500	2e+11 0.516394
393	0.00393	0	0	7500	2e+11 0.516418
394	0.00394	0	0	7500	2e+11 0.516418
395	0.00395	0	0	7500	2e+11 0.516394
396	0.00396	0	0	7500	2e+11 0.516394
397	0.00397	0	0	7500	2e+11 0.516394
398	0.00398	0	0	7500	2e+11 0.516394
399	0.00399	0	0	7500	2e+11 0.516418
400	0.004	0	0	7500	2e+11 0.516418
401	0.00401	0	0	7500	2e+11 0.516394
402	0.00402	7.5923e-38	1.47024e-41	7500	2e+11 0.516394
403	0.00403	2.80746e-37	5.43662e-41	7500	2e+11 0.516394
404	0.00404	5.26953e-37	1.02044e-40	7500	2e+11 0.516394
405	0.00405	7.23656e-37	1.40135e-40	7500	2e+11 0.516418
406	0.00406	2.81584e-36	5.45284e-40	7500	2e+11 0.516418
407	0.00407	9.48789e-36	1.83732e-39	7500	2e+11 0.516394
408	0.00408	3.32866e-35	6.44592e-39	7500	2e+11 0.516394
409	0.00409	7.27457e-35	1.40871e-38	7500	2e+11 0.516394
410	0.0041	2.42827e-34	4.70232e-38	7500	2e+11 0.516394
411	0.00411	6.74447e-34	1.30606e-37	7500	2e+11 0.516418
412	0.00412	1.6896e-33	3.2719e-37	7500	2e+11 0.516418
413	0.00413	5.50604e-33	1.06624e-36	7500	2e+11 0.516394
414	0.00414	1.64429e-32	3.18415e-36	7500	2e+11 0.516394
415	0.00415	4.29334e-32	8.31401e-36	7500	2e+11 0.516394
416	0.00416	1.42225e-31	2.75418e-35	7500	2e+11 0.516394
417	0.00417	3.58172e-31	6.93598e-35	7500	2e+11 0.516418
418	0.00418	9.51837e-31	1.84322e-34	7500	2e+11 0.516418
419	0.00419	2.64459e-30	5.12123e-34	7500	2e+11 0.516394
420	0.0042	7.8307e-30	1.51641e-33	7500	2e+11 0.516394
421	0.00421	2.24344e-29	4.34441e-33	7500	2e+11 0.516394
422	0.00422	6.82467e-29	1.32159e-32	7500	2e+11 0.516394
423	0.00423	2.22003e-28	4.29908e-32	7500	2e+11 0.516418
424	0.00424	5.44755e-28	1.05491e-31	7500	2e+11 0.516418
425	0.00425	1.64688e-27	3.18917e-31	7500	2e+11 0.516394
426	0.00426	5.45009e-27	1.05541e-30	7500	2e+11 0.516394
427	0.00427	1.3158e-26	2.54804e-30	7500	2e+11 0.516394
428	0.00428	3.47047e-26	6.72053e-30	7500	2e+11 0.516394
429	0.00429	8.90188e-26	1.72384e-29	7500	2e+11 0.516418
430	0.0043	2.43935e-25	4.72378e-29	7500	2e+11 0.516418
431	0.00431	8.71009e-25	1.6867e-28	7500	2e+11 0.516394
432	0.00432	2.59986e-24	5.03462e-28	7500	2e+11 0.516394
433	0.00433	8.48474e-24	1.64306e-27	7500	2e+11 0.516394
434	0.00434	2.16383e-23	4.19024e-27	7500	2e+11 0.516394
435	0.00435	5.81681e-23	1.12642e-26	7500	2e+11 0.516418
436	0.00436	1.85128e-22	3.58499e-26	7500	2e+11 0.516418
437	0.00437	5.14742e-22	9.96794e-26	7500	2e+11 0.516394
438	0.00438	1.59369e-21	3.08617e-25	7500	2e+11 0.516394
439	0.00439	3.93087e-21	7.6121e-25	7500	2e+11 0.516394
440	0.0044	1.38438e-20	2.68084e-24	7500	2e+11 0.516394
441	0.00441	3.69498e-20	7.15529e-24	7500	2e+11 0.516418
442	0.00442	1.02114e-19	1.97743e-23	7500	2e+11 0.516418
443	0.00443	2.75783e-19	5.34052e-23	7500	2e+11 0.516394
444	0.00444	6.9283e-19	1.34166e-22	7500	2e+11 0.516394
445	0.00445	2.30976e-18	4.47283e-22	7500	2e+11 0.516394
446	0.00446	5.87617e-18	1.13792e-21	7500	2e+11 0.516394
447	0.00447	1.69088e-17	3.27438e-21	7500	2e+11 0.516418
448	0.00448	4.11516e-17	7.96898e-21	7500	2e+11 0.516418
449	0.00449	1.20847e-16	2.34019e-20	7500	2e+11 0.516394
450	0.0045	3.53847e-16	6.85223e-20	7500	2e+11 0.516394
451	0.00451	1.00892e-15	1.95376e-19	7500	2e+11 0.516394
452	0.00452	2.85782e-15	5.53415e-19	7500	2e+11 0.516394
453	0.00453	8.3913e-15	1.62497e-18	7500	2e+11 0.516394
454	0.00454	2.633e-14	5.09879e-18	7500	2e+11 0.516418
455	0.00455	6.35351e-14	1.23035e-17	7500	2e+11 0.516418
456	0.00456	1.75456e-13	3.39769e-17	7500	2e+11 0.516394
457	0.00457	4.06314e-13	7.86823e-17	7500	2e+11 0.516394
458	0.00458	1.36337e-12	2.64015e-16	7500	2e+11 0.516394
459	0.00459	3.83546e-12	7.42734e-16	7500	2e+11 0.516394
460	0.0046	9.74369e-12	1.88686e-15	7500	2e+11 0.516418
461	0.00461	2.61279e-11	5.05964e-15	7500	2e+11 0.516418
462	0.00462	7.31145e-11	1.41586e-14	7500	2e+11 0.516394
463	0.00463	1.91399e-10	3.70642e-14	7500	2e+11 0.516394
464	0.00464	4.59144e-10	8.89128e-14	7500	2e+11 0.516394
465	0.00465	1.29864e-09	2.5148e-13	7500	2e+11 0.516394
466	0.00466	4.25416e-09	8.23815e-13	7500	2e+11 0.516418
467	0.00467	1.0905e-08	2.11174e-12	7500	2e+11 0.516418
468	0.00468	3.68577e-08	7.13746e-12	7500	2e+11 0.516394
469	0.00469	8.65672e-08	1.67637e-11	7500	2e+11 0.516394
470	0.0047	2.81502e-07	5.45126e-11	7500	2e+11 0.516394
471	0.00471	8.15512e-07	1.57923e-10	7500	2e+11 0.516394
472	0.00472	2.14785e-06	4.1593e-10	7500	2e+11 0.516418
473	0.00473	5.47637e-06	1.06049e-09	7500	2e+11 0.516418
474	0.00474	1.7565e-05	3.40144e-09	7500	2e+11 0.516394
475	0.00475	4.24168e-05	8.21399e-09	7500	2e+11 0.516394
476	0.00476	0.000128668	2.49164e-08	7500	2e+11 0.516394
477	0.00477	0.000291893	5.65248e-08	7500	2e+11 0.516394
478	0.00478	0.00087407	1.69263e-07	7500	2e+11 0.516418
479	0.00479	0.00203662	3.94389e-07	7500	2e+11 0.516418
480	0.0048	0.00514681	9.96676e-07	7500	2e+11 0.516394
481	0.00481	0.0180008	3.48584e-06	7500	2e+11 0.516394
482	0.00482	0.040908	7.9218e-06	7500	2e+11 0.516394
483	0.00483	0.154381	2.98958e-05	7500	2e+11 0.516394
484	0.00484	0.402506	7.7945e-05	7500	2e+11 0.516394
485	0.00485	1.14924	0.000222549	7500	2e+11 0.516322
486	0.00486	3.09755	0.000599838	7500	2e+11 0.516298
487	0.00487001	6.30359	0.00122068	7500	2e+11 0.516009
488	0.00488003	10.4348	0.00202068	7500	2e+11 0.515673
489	0.00489005	15.1719	0.00293803	7500	2e+11 0.515242
490	0.00490008	20.175	0.00390687	7500	2e+11 0.51474
491	0.00491012	25.1408	0.0048685	7500	2e+11 0.514382
492	0.00492017	29.8271	0.005776	7500	2e+11 0.513762
493	0.00493023	34.0547	0.00659467	7500	2e+11 0.51331
494	0.0049403	37.7227	0.00730497	7500	2e+11 0.512978
495	0.00495037	40.7952	0.00789996	7500	2e+11 0.512527
496	0.00496045	43.2723	0.00837965	7500	2e+11 0.512362
497	0.00497054	45.2098	0.00875483	7500	2e+11 0.512101
498	0.00498062	46.6772	0.00903901	7500	2e+11 0.511841
499	0.00499072	47.7536	0.00924745	7500	2e+11 0.511723
500	0.00500081	48.5163	0.00939514	7500	2e+11 0.511653
501	0.0050109	49.0438	0.0094973	7500	2e+11 0.511653
502	0.005021	49.3982	0.00956591	7500	2e+11 0.511558
503	0.00503109	49.6298	0.00961077	7500	2e+11 0.511558
504	0.00504119	49.7784	0.00963954	7500	2e+11 0.511464
505	0.00505129	49.8707	0.00965743	7500	2e+11 0.511464
506	0.00506138	49.9268	0.00966828	7500	2e+11 0.511535
507	0.00507148	49.9598	0.00967468	7500	2e+11 0.511535
508	0.00508157	49.979	0.00967839	7500	2e+11 0.51144
509	0.00509167	49.9899	0.0096805	7500	2e+11 0.51144
510	0.00510177	49.9959	0.00968166	7500	2e+11 0.511464
511	0.00511187	49.9991	0.00968229	7500	2e+11 0.511511
512	0.00512196	50.0009	0.00968262	7500	2e+11 0.511511
513	0.00513206	50.0018	0.0096828	7500	2e+11 0.511535
514	0.00514216	50.0022	0.00968289	7500	2e+11 0.511535
515	0.00515225	50.0024	0.00968293	7500	2e+11 0.511535
516	0.00516235	50.0025	0.00968295	7500	2e+11 0.511535
517	0.00517244	50.0026	0.00968296	7500	2e+11 0.511464
518	0.00518254	50.0026	0.00968296	7500	2e+11 0.511487
519	0.00519264	50.0026	0.00968296	7500	2e+11 0.511487
520	0.00520274	50.0026	0.00968296	7500	2e+11 0.511558
521	0.00521283	50.0026	0.00968296	7500	2e+11 0.511558
522	0.00522293	50.0026	0.00968296	7500	2e+11 0.511487
523	0.00523302	50.0026	0.00968296	7500	2e+11 0.511487
524	0.00524312	50.0026	0.00968296	7500	2e+11 0.511487
525	0.00525322	50.0026	0.00968296	7500	2e+11 0.511487
526	0.00526331	50.0026	0.00968296	7500	2e+11 0.511487
527	0.00527341	50.0026	0.00968296	7500	2e+11 0.511558
528	0.00528351	50.0026	0.00968296	7500	2e+11 0.511558
529	0.0052936	50.0026	0.00968296	7500	2e+11 0.51144
530	0.0053037	50.0026	0.00968296	7500	2e+11 0.51144
531	0.0053138	50.0026	0.00968296	7500	2e+11 0.511535
532	0.00532389	50.0026	0.00968296	7500	2e+11 0.511535
533	0.00533399	50.0026	0.00968296	7500	2e+11 0.51144
534	0.00534409	50.0026	0.00968296	7500	2e+11 0.511535
535	0.00535418	50.0026	0.00968296	7500	2e+11 0.511535
536	0.00536428	50.0026	0.00968296	7500	2e+11 0.511487
537	0.00537437	50.0026	0.00968296	7500	2e+11 0.511464
538	0.00538447	50.0026	0.00968296	7500	2e+11 0.511558
539	0.00539457	50.0026	0.00968296	7500	2e+11 0.511558
540	0.00540466	50.0026	0.00968296	7500	2e+11 0.51144
541	0.00541476	50.0026	0.00968296	7500	2e+11 0.511487
542	0.00542486	50.0026	0.00968296	7500	2e+11 0.511487
543	0.00543495	50.0026	0.00968296	7500	2e+11 0.511487
544	0.00544505	50.0026	0.00968296	7500	2e+11 0.511487
545	0.00545515	50.0026	0.00968296	7500	2e+11 0.511535
546	0.00546524	50.0026	0.00968296	7500	2e+11 0.511535
547	0.00547534	50.0026	0.00968296	7500	2e+11 0.51144
548	0.00548544	50.0026	0.00968296	7500	2e+11 0.511511
549	0.00549553	50.0026	0.00968295	7500	2e+11 0.511535
550	0.00550563	50.0026	0.00968295	7500	2e+11 0.511535
551	0.00551572	50.0026	0.00968295	7500	2e+11 0.511511
552	0.00552582	50.0026	0.00968295	7500	2e+11 0.511511
553	0.00553592	50.0026	0.00968296	7500	2e+11 0.511511
554	0.00554601	50.0026	0.00968296	7500	2e+11 0.511511
555	0.00555611	50.0026	0.00968296	7500	2e+11 0.511487
556	0.00556621	50.0026	0.00968296	7500	2e+11 0.511487
557	0.0055763	50.0026	0.00968295	7500	2e+11 0.511535
558	0.0055864	50.0026	0.00968295	7500	2e+11 0.511535
559	0.0055965	50.0026	0.00968295	7500	2e+11 0.511535
560	0.00560659	50.0026	0.00968295	7500	2e+11 0.511535
561	0.00561669	50.0026	0.00968295	7500	2e+11 0.51144
562	0.00562678	50.0026	0.00968295	7500	2e+11 0.51144
563	0.00563688	50.0025	0.00968295	7500	2e+11 0.511535
564	0.00564698	50.0025	0.00968295	7500	2e+11 0.511535
565	0.00565707	50.0025	0.00968295	7500	2e+11 0.511511
566	0.00566717	50.0025	0.00968295	7500	2e+11 0.511511
567	0.00567727	50.0025	0.00968295	7500	2e+11 0.511464
568	0.00568736	50.0025	0.00968295	7500	2e+11 0.511464
569	0.00569746	50.0025	0.00968295	7500	2e+11 0.511558
570	0.00570755	50.0025	0.00968295	7500	2e+11 0.511558
571	0.00571765	50.0025	0.00968295	7500	2e+11 0.511464
572	0.00572775	50.0025	0.00968295	7500	2e+11 0.511464
573	0.00573784	50.0025	0.00968295	7500	2e+11 0.511464
574	0.00574794	50.0025	0.00968295	7500	2e+11 0.511464
575	0.00575804	50.0025	0.00968295	7500	2e+11 0.511487
576	0.00576813	50.0025	0.00968294	7500	2e+11 0.511558
577	0.00577823	50.0023	0.00968291	7500	2e+11 0.511558
578	0.00578833	50.0021	0.00968286	7500	2e+11 0.511464
579	0.00579842	50.0009	0.00968263	7500	2e+11 0.511487
580	0.00580852	49.9986	0.0096822	7500	2e+11 0.511487
581	0.00581861	49.9904	0.00968059	7500	2e+11 0.511511
582	0.00582871	49.9723	0.0096771	7500	2e+11 0.511511
583	0.00583881	49.9229	0.00966754	7500	2e+11 0.511464
584	0.0058489	49.7197	0.00962819	7500	2e+11 0.511487
585	0.005859	49.3432	0.00955527	7500	2e+11 0.511535
586	0.00586909	47.6235	0.00922226	7500	2e+11 0.5117
587	0.00587919	44.2027	0.00855981	7500	2e+11 0.512267
588	0.00588927	39.3851	0.0076269	7500	2e+11 0.512622
589	0.00589934	33.7207	0.00652999	7500	2e+11 0.513239
590	0.0059094	27.8033	0.00538409	7500	2e+11 0.513738
591	0.00591945	22.1219	0.00428388	7500	2e+11 0.51431
592	0.00592949	17.0271	0.00329728	7500	2e+11 0.514764
593	0.00593953	12.6833	0.00245612	7500	2e+11 0.51529
594	0.00594955	9.17468	0.00177667	7500	2e+11 0.515625
595	0.00595956	6.44901	0.00124884	7500	2e+11 0.515793
596	0.00596957	4.40465	0.000852956	7500	2e+11 0.515937
597	0.00597958	2.93114	0.000567613	7500	2e+11 0.516226
598	0.00598959	1.90393	0.000368694	7500	2e+11 0.516226
599	0.00599959	1.20897	0.000234116	7500	2e+11 0.516274
600	0.00600959	0.752431	0.000145708	7500	2e+11 0.516418
601	0.00601959	0.458594	8.88064e-05	7500	2e+11 0.516418
602	0.00602959	0.27314	5.28934e-05	7500	2e+11 0.516466
603	0.00603959	0.159728	3.09312e-05	7500	2e+11 0.516466
604	0.00604959	0.0913242	1.76849e-05	7500	2e+11 0.516442
605	0.00605959	0.0512375	9.92209e-06	7500	2e+11 0.516466
606	0.00606959	0.0281947	5.45987e-06	7500	2e+11 0.516466
607	0.00607959	0.0151656	2.93681e-06	7500	2e+11 0.51649
608	0.00608959	0.00795587	1.54065e-06	7500	2e+11 0.51649
609	0.00609959	0.00409065	7.92151e-07	7500	2e+11 0.51649
610	0.00610959	0.00205691	3.98319e-07	7500	2e+11 0.51649
611	0.00611959	0.00101174	1.95922e-07	7500	2e+11 0.516418
612	0.00612959	0.00048785	9.44717e-08	7500	2e+11 0.516418
613	0.00613959	0.000230227	4.45833e-08	7500	2e+11 0.51649
614	0.00614959	0.000107604	2.08375e-08	7500	2e+11 0.51649
615	0.00615959	4.91014e-05	9.50845e-09	7500	2e+11 0.516466
616	0.00616959	2.19789e-05	4.2562e-09	7500	2e+11 0.516466
617	0.00617959	9.61182e-06	1.86132e-09	7500	2e+11 0.516418
618	0.00618958	4.12279e-06	7.98375e-10	7500	2e+11 0.516538
619	0.00619958	1.74246e-06	3.37427e-10	7500	2e+11 0.516538
620	0.00620958	7.18627e-07	1.39161e-10	7500	2e+11 0.516442
621	0.00621958	2.94611e-07	5.70512e-11	7500	2e+11 0.516442
622	0.00622958	1.18453e-07	2.29383e-11	7500	2e+11 0.516514
623	0.00623958	4.63294e-08	8.97164e-12	7500	2e+11 0.516514
624	0.00624958	1.78589e-08	3.45837e-12	7500	2e+11 0.516442
625	0.00625958	6.77977e-09	1.3129e-12	7500	2e+11 0.516442
626	0.00626958	2.53198e-09	4.90315e-13	7500	2e+11 0.51649
627	0.00627958	9.14379e-10	1.77069e-13	7500	2e+11 0.51649
628	0.00628958	3.19972e-10	6.19623e-14	7500	2e+11 0.516418
629	0.00629958	1.10998e-10	2.14947e-14	7500	2e+11 0.516466
630	0.00630957	3.77668e-11	7.31352e-15	7500	2e+11 0.516514
631	0.00631957	1.25891e-11	2.43787e-15	7500	2e+11 0.516514
632	0.00632957	4.08075e-12	7.90233e-16	7500	2e+11 0.51661
633	0.00633957	1.31782e-12	2.55195e-16	7500	2e+11 0.51661
634	0.00634957	4.13397e-13	8.0054e-17	7500	2e+11 0.516514
635	0.00635957	1.26938e-13	2.45814e-17	7500	2e+11 0.516514
636	0.00636957	3.87289e-14	7.49982e-18	7500	2e+11 0.516514
637	0.00637956	1.14197e-14	2.21141e-18	7500	2e+11 0.516538
638	0.00638956	3.26925e-15	6.33088e-19	7500	2e+11 0.516538
639	0.00639956	9.26037e-16	1.79326e-19	7500	2e+11 0.516586
640	0.00640956	2.52415e-16	4.888e-20	7500	2e+11 0.516586
641	0.00641956	6.61607e-17	1.2812e-20	7500	2e+11 0.516562
642	0.00642955	1.7585e-17	3.40531e-21	7500	2e+11 0.516731
643	0.00643955	4.55222e-18	8.81534e-22	7500	2e+11 0.516731
644	0.00644955	1.14354e-18	2.21445e-22	7500	2e+11 0.516707
645	0.00645954	2.81767e-19	5.45639e-23	7500	2e+11 0.516707
646	0.00646954	6.72293e-20	1.30189e-23	7500	2e+11 0.516731
647	0.00647953	1.54482e-20	2.99153e-24	7500	2e+11 0.516731
648	0.00648952	3.49411e-21	6.76632e-25	7500	2e+11 0.516851
649	0.00649952	7.91526e-22	1.53278e-25	7500	2e+11 0.517164
650	0.0065095	1.78523e-22	3.45708e-26	7500	2e+11 0.517164
651	0.00651956	3.80785e-23	7.37386e-27	7500	2e+11 0.51702
652	0.00652955	8.00516e-24	1.55019e-27	7500	2e+11 0.51702
653	0.00653954	1.69136e-24	3.2753e-28	7500	2e+11 0.516779
654	0.00654954	3.60549e-25	6.98199e-29	7500	2e+11 0.516658
655	0.00655953	7.22348e-26	1.39882e-29	7500	2e+11 0.516634
656	0.00656953	1.45527e-26	2.81813e-30	7500	2e+11 0.516634
657	0.00657953	2.80984e-27	5.44123e-31	7500	2e+11 0.516538
658	0.00658952	5.20764e-28	1.00845e-31	7500	2e+11 0.516658
659	0.00659952	9.84201e-29	1.9059e-32	7500	2e+11 0.516658
660	0.00660952	1.86561e-29	3.61274e-33	7500	2e+11 0.516538
661	0.00661952	3.55394e-30	6.88217e-34	7500	2e+11 0.516538
662	0.00662951	6.43128e-31	1.24541e-34	7500	2e+11 0.516514
663	0.00663951	1.17891e-31	2.28294e-35	7500	2e+11 0.516514
664	0.00664951	2.06925e-32	4.00709e-36	7500	2e+11 0.51637
665	0.00665951	3.63207e-33	7.03347e-37	7500	2e+11 0.51637
666	0.00666951	6.0855e-34	1.17845e-37	7500	2e+11 0.516394
667	0.00667951	9.91232e-35	1.91951e-38	7500	2e+11 0.516562
668	0.00668951	1.61817e-35	3.13357e-39	7500	2e+11 0.516562
669	0.00669951	2.59766e-36	5.03034e-40	7500	2e+11 0.516418
670	0.00670951	4.00593e-37	7.75745e-41	7500	2e+11 0.51649
671	0.00671951	6.10886e-38	1.18298e-41	7500	2e+11 0.51649
672	0.00672951	8.83549e-39	1.71099e-42	7500	2e+11 0.51637
673	0.00673951	1.30253e-39	2.52234e-43	7500	2e+11 0.516538
674	0.00674951	1.80906e-40	3.50325e-44	7500	2e+11 0.516538
675	0.00675951	2.17089e-41	4.2039e-45	7500	2e+11 0.51637
676	0.00676951	0	0	7500	2e+11 0.51637
677	0.00677951	0	0	7500	2e+11 0.516442
678	0.00678951	0	0	7500	2e+11 0.516442
679	0.00679951	0	0	7500	2e+11 0.516442
680	0.00680951	0	0	7500	2e+11 0.516442
681	0.00681951	0	0	7500	2e+11 0.516394
682	0.00682951	0	0	7500	2e+11 0.516394
683	0.00683951	0	0	7500	2e+11 0.51637
684	0.00684952	0	0	7500	2e+11 0.516346
685	0.00685952	0	0	7500	2e+11 0.516346
686	0.00686952	0	0	7500	2e+11 0.51637
687	0.00687952	0	0	7500	2e+11 0.516442
688	0.00688952	0	0	7500	2e+11 0.516442
689	0.00689952	0	0	7500	2e+11 0.516418
690	0.00690952	0	0	7500	2e+11 0.516418
691	0.00691952	0	0	7500	2e+11 0.516442
692	0.00692952	0	0	7500	2e+11 0.516442
693	0.00693952	0	0	7500	2e+11 0.516466
694	0.00694952	0	0	7500	2e+11 0.516466
695	0.00695952	0	0	7500	2e+11 0.516466
696	0.00696952	0	0	7500	2e+11 0.516394
697	0.00697952	0	0	7500	2e+11 0.516418
698	0.00698952	0	0	7500	2e+11 0.516418
699	0.00699952	0	0	7500	2e+11 0.51649
700	0.00700952	0	0	7500	2e+11 0.51649
701	0.00701952	0	0	7500	2e+11 0.51637
702	0.00702952	0	0	7500	2e+11 0.51637
703	0.00703952	0	0	7500	2e+11 0.516466
704	0.00704952	0	0	7500	2e+11 0.516466
705	0.00705952	0	0	7500	2e+11 0.516442
706	0.00706952	0	0	7500	2e+11 0.516442
707	0.00707952	0	0	7500	2e+11 0.516442
708	0.00708952	0	0	7500	2e+11 0.516418
709	0.00709952	0	0	7500	2e+11 0.516538
710	0.00710952	0	0	7500	2e+11 0.516538
711	0.00711952	0	0	7500	2e+11 0.516442
712	0.00712952	0	0	7500	2e+11 0.516442
713	0.00713952	0	0	7500	2e+11 0.516442
714	0.00714952	0	0	7500	2e+11 0.516442
715	0.00715952	0	0	7500	2e+11 0.516394
716	0.00716952	0	0	7500	2e+11 0.516562
717	0.00717951	0	0	7500	2e+11 0.516562
718	0.00718951	0	0	7500	2e+11 0.516418
719	0.00719952	0	0	7500	2e+11 0.51649
720	0.00720951	0	0	7500	2e+11 0.51649
721	0.00721952	0	0	7500	2e+11 0.51649
722	0.00722951	0	0	7500	2e+11 0.51649
723	0.00723951	0	0	7500	2e+11 0.516442
724	0.00724951	0	0	7500	2e+11 0.516442
725	0.00725951	0	0	7500	2e+11 0.516442
726	0.00726951	0	0	7500	2e+11 0.516442
727	0.00727951	2.89452e-41	-5.60519e-45	7500	2e+11 0.516442
728	0.00728951	2.09851e-40	-4.06377e-44	7500	2e+11 0.516442
729	0.00729951	1.62093e-39	-3.13891e-43	7500	2e+11 0.516418
730	0.00730951	1.2772e-38	-2.47329e-42	7500	2e+11 0.516418
731	0.00731951	1.051e-37	-2.03525e-41	7500	2e+11 0.516514
732	0.00732951	8.42816e-37	-1.63211e-40	7500	2e+11 0.516514
733	0.00733951	6.42276e-36	-1.24376e-39	7500	2e+11 0.516322
734	0.00734952	4.79334e-35	-9.28227e-39	7500	2e+11 0.51637
735	0.00735952	3.84667e-34	-7.44904e-38	7500	2e+11 0.516418
736	0.00736952	2.86611e-33	-5.55021e-37	7500	2e+11 0.51649
737	0.00737951	1.97929e-32	-3.83287e-36	7500	2e+11 0.51649
738	0.00738952	1.38914e-31	-2.69006e-35	7500	2e+11 0.516322
739	0.00739952	8.95219e-31	-1.73358e-34	7500	2e+11 0.51637
740	0.00740952	5.52964e-30	-1.07081e-33	7500	2e+11 0.51637
741	0.00741952	3.40586e-29	-6.59543e-33	7500	2e+11 0.516346
742	0.00742952	2.13368e-28	-4.13185e-32	7500	2e+11 0.516346
743	0.00743952	1.25272e-27	-2.42588e-31	7500	2e+11 0.516274
744	0.00744953	7.05544e-27	-1.36628e-30	7500	2e+11 0.516274
745	0.00745953	4.06075e-26	-7.8636e-30	7500	2e+11 0.516226
746	0.00746953	2.23998e-25	-4.3377e-29	7500	2e+11 0.516226
747	0.00747954	1.15253e-24	-2.23186e-28	7500	2e+11 0.516105
748	0.00748955	5.7864e-24	-1.12053e-27	7500	2e+11 0.516129
749	0.00749955	2.8296e-23	-5.47949e-27	7500	2e+11 0.516129
750	0.00750956	1.35674e-22	-2.62731e-26	7500	2e+11 0.519466
751	0.0075195	6.26649e-22	-1.2135e-25	7500	2e+11 0.519466
752	0.00752952	2.9524e-21	-5.71731e-25	7500	2e+11 0.515841
753	0.00753953	1.34772e-20	-2.60985e-24	7500	2e+11 0.516274
754	0.00754953	5.94885e-20	-1.15199e-23	7500	2e+11 0.516274
755	0.00755954	2.48254e-19	-4.80742e-23	7500	2e+11 0.516033
756	0.00756954	1.02057e-18	-1.97633e-22	7500	2e+11 0.516346
757	0.00757955	4.22575e-18	-8.18313e-22	7500	2e+11 0.516346
758	0.00758955	1.68253e-17	-3.25821e-21	7500	2e+11 0.516177
759	0.00759955	6.50194e-17	-1.2591e-20	7500	2e+11 0.516177
760	0.00760956	2.40152e-16	-4.65052e-20	7500	2e+11 0.516298
761	0.00761956	8.88693e-16	-1.72095e-19	7500	2e+11 0.516298
762	0.00762957	3.23944e-15	-6.27315e-19	7500	2e+11 0.516442
763	0.00763956	1.12054e-14	-2.16991e-18	7500	2e+11 0.516442
764	0.00764957	3.80025e-14	-7.35916e-18	7500	2e+11 0.516538
765	0.00765957	1.26794e-13	-2.45535e-17	7500	2e+11 0.516538
766	0.00766957	4.16957e-13	-8.07433e-17	7500	2e+11 0.516346
767	0.00767957	1.35612e-12	-2.62612e-16	7500	2e+11 0.516346
768	0.00768957	4.23578e-12	-8.20254e-16	7500	2e+11 0.516346
769	0.00769957	1.28926e-11	-2.49663e-15	7500	2e+11 0.516346
770	0.00770958	3.88596e-11	-7.52513e-15	7500	2e+11 0.516442
771	0.00771958	1.12674e-10	-2.18192e-14	7500	2e+11 0.516442
772	0.00772958	3.20026e-10	-6.19727e-14	7500	2e+11 0.516346
773	0.00773958	8.97341e-10	-1.73769e-13	7500	2e+11 0.516346
774	0.00774958	2.45363e-09	-4.75143e-13	7500	2e+11 0.516394
775	0.00775958	6.62817e-09	-1.28354e-12	7500	2e+11 0.516394
776	0.00776958	1.74681e-08	-3.38268e-12	7500	2e+11 0.51637
777	0.00777958	4.54251e-08	-8.79652e-12	7500	2e+11 0.51637
778	0.00778959	1.15172e-07	-2.2303e-11	7500	2e+11 0.51649
779	0.00779958	2.87715e-07	-5.57157e-11	7500	2e+11 0.51649
780	0.00780959	7.01341e-07	-1.35814e-10	7500	2e+11 0.516201
781	0.00781965	1.69526e-06	-3.28286e-10	7500	2e+11 0.51541
782	0.00782966	4.00725e-06	-7.76e-10	7500	2e+11 0.51637
783	0.00783966	9.38554e-06	-1.8175e-09	7500	2e+11 0.51637
784	0.00784967	2.12958e-05	-4.12391e-09	7500	2e+11 0.516466
785	0.00785966	4.66079e-05	-9.02558e-09	7500	2e+11 0.516466
786	0.00786967	0.000100418	-1.94458e-08	7500	2e+11 0.516514
787	0.00787966	0.00021394	-4.14293e-08	7500	2e+11 0.516514
788	0.00788967	0.000447285	-8.66163e-08	7500	2e+11 0.516466
789	0.00789967	0.0009235	-1.78835e-07	7500	2e+11 0.516466
790	0.00790967	0.00185148	-3.58537e-07	7500	2e+11 0.51661
791	0.00791967	0.00362085	-7.01175e-07	7500	2e+11 0.51661
792	0.00792967	0.00700163	-1.35586e-06	7500	2e+11 0.516466
793	0.00793967	0.0130989	-2.5366e-06	7500	2e+11 0.516466
794	0.00794967	0.024065	-4.66016e-06	7500	2e+11 0.51661
795	0.00795967	0.0435765	-8.43855e-06	7500	2e+11 0.51661
796	0.00796967	0.0770497	-1.49206e-05	7500	2e+11 0.516322
797	0.00797968	0.13399	-2.5947e-05	7500	2e+11 0.516514
798	0.00798967	0.227902	-4.4133e-05	7500	2e+11 0.516514
799	0.00799967	0.378423	-7.32813e-05	7500	2e+11 0.516514
800	0.00800967	0.61153	-0.000118422	7500	2e+11 0.516562
801	0.00801967	0.96583	-0.000187032	7500	2e+11 0.516658
802	0.00802966	1.49293	-0.000289105	7500	2e+11 0.516658
803	0.00803966	2.26869	-0.00043933	7500	2e+11 0.51661
804	0.00804966	3.34603	-0.000647956	7500	2e+11 0.516803
805	0.00805965	4.80221	-0.000929945	7500	2e+11 0.517092
806	0.00806964	6.73177	-0.0013036	7500	2e+11 0.517478
807	0.00807962	9.19859	-0.0017813	7500	2e+11 0.517478
808	0.0080896	12.2511	-0.00237241	7500	2e+11 0.517913
809	0.00809957	15.9088	-0.00308072	7500	2e+11 0.518155
810	0.00810954	20.1434	-0.00390075	7500	2e+11 0.518834
811	0.00811949	24.8118	-0.00480479	7500	2e+11 0.519271
812	0.00812943	29.7095	-0.00575322	7500	2e+11 0.519661
813	0.00813937	34.6762	-0.00671501	7500	2e+11 0.52005
814	0.0081493	39.4148	-0.00763264	7500	2e+11 0.520734
815	0.00815922	43.5727	-0.00843782	7500	2e+11 0.52093
816	0.00816913	46.8199	-0.00906663	7500	2e+11 0.521322
817	0.00817904	48.8699	-0.00946361	7500	2e+11 0.521371
818	0.00818894	49.6147	-0.00960784	7500	2e+11 0.52142
819	0.00819884	49.8885	-0.00966087	7500	2e+11 0.52142
820	0.00820875	49.9564	-0.00967402	7500	2e+11 0.52142
821	0.00821865	49.9803	-0.00967864	7500	2e+11 0.521567
822	0.00822855	49.9914	-0.0096808	7500	2e+11 0.521567
823	0.00823846	49.9951	-0.0096815	7500	2e+11 0.521567
824	0.00824836	49.9967	-0.00968181	7500	2e+11 0.521567
825	0.00825826	49.9971	-0.0096819	7500	2e+11 0.521469
826	0.00826817	49.9973	-0.00968193	7500	2e+11 0.521469
827	0.00827807	49.9973	-0.00968194	7500	2e+11 0.521567
828	0.00828797	49.9974	-0.00968195	7500	2e+11 0.521567
829	0.00829788	49.9974	-0.00968195	7500	2e+11 0.521518
830	0.00830778	49.9974	-0.00968195	7500	2e+11 0.521518
831	0.00831769	49.9974	-0.00968195	7500	2e+11 0.52142
832	0.00832759	49.9974	-0.00968195	7500	2e+11 0.521518
833	0.0083375	49.9974	-0.00968195	7500	2e+11 0.521518
834	0.0083474	49.9974	-0.00968195	7500	2e+11 0.521469
835	0.00835731	49.9974	-0.00968195	7500	2e+11 0.521567
836	0.00836721	49.9974	-0.00968195	7500	2e+11 0.521567
837	0.00837711	49.9974	-0.00968195	7500	2e+11 0.521567
838	0.00838701	49.9974	-0.00968195	7500	2e+11 0.521567
839	0.00839692	49.9974	-0.00968195	7500	2e+11 0.521567
840	0.00840682	49.9974	-0.00968195	7500	2e+11 0.521567
841	0.00841673	49.9974	-0.00968195	7500	2e+11 0.52142
842	0.00842663	49.9974	-0.00968195	7500	2e+11 0.521469
843	0.00843653	49.9974	-0.00968196	7500	2e+11 0.521469
844	0.00844644	49.9974	-0.00968196	7500	2e+11 0.521469
845	0.00845634	49.9974	-0.00968196	7500	2e+11 0.521518
846	0.00846624	49.9974	-0.00968196	7500	2e+11 0.521518
847	0.00847615	49.9974	-0.00968196	7500	2e+11 0.521371
848	0.00848605	49.9974	-0.00968196	7500	2e+11 0.521371
849	0.00849596	49.9974	-0.00968196	7500	2e+11 0.52142
850	0.00850586	49.9974	-0.00968196	7500	2e+11 0.52142
851	0.00851576	49.9974	-0.00968196	7500	2e+11 0.521469
852	0.00852567	49.9974	-0.00968196	7500	2e+11 0.521469
853	0.00853557	49.9974	-0.00968196	7500	2e+11 0.521567
854	0.00854547	49.9974	-0.00968196	7500	2e+11 0.521567
855	0.00855538	49.9974	-0.00968196	7500	2e+11 0.521371
856	0.00856528	49.9974	-0.00968196	7500	2e+11 0.52142
857	0.00857519	49.9974	-0.00968196	7500	2e+11 0.52142
858	0.00858509	49.9974	-0.00968196	7500	2e+11 0.521469
859	0.00859499	49.9974	-0.00968196	7500	2e+11 0.521567
860	0.00860489	49.9974	-0.00968196	7500	2e+11 0.521567
861	0.0086148	49.9974	-0.00968196	7500	2e+11 0.521469
862	0.0086247	49.9974	-0.00968196	7500	2e+11 0.521469
863	0.00863461	49.9974	-0.00968196	7500	2e+11 0.52142
864	0.00864451	49.9974	-0.00968196	7500	2e+11 0.52142
865	0.00865441	49.9974	-0.00968196	7500	2e+11 0.52142
866	0.00866432	49.9974	-0.00968196	7500	2e+11 0.521469
867	0.00867422	49.9974	-0.00968196	7500	2e+11 0.521469
868	0.00868412	49.9974	-0.00968196	7500	2e+11 0.521371
869	0.00869403	49.9974	-0.00968196	7500	2e+11 0.521469
870	0.00870393	49.9974	-0.00968196	7500	2e+11 0.521469
871	0.00871384	49.9974	-0.00968196	7500	2e+11 0.521518
872	0.00872374	49.9974	-0.00968196	7500	2e+11 0.521518
873	0.00873364	49.9974	-0.00968196	7500	2e+11 0.521616
874	0.00874354	49.9974	-0.00968196	7500	2e+11 0.521616
875	0.00875345	49.9974	-0.00968196	7500	2e+11 0.521322
876	0.00876335	49.9974	-0.00968196	7500	2e+11 0.521469
877	0.00877326	49.9974	-0.00968196	7500	2e+11 0.521518
878	0.00878316	49.9974	-0.00968196	7500	2e+11 0.521518
879	0.00879306	49.9974	-0.00968196	7500	2e+11 0.521469
880	0.00880296	49.9974	-0.00968196	7500	2e+11 0.521469
881	0.00881287	49.9974	-0.00968196	7500	2e+11 0.521371
882	0.00882277	49.9974	-0.00968196	7500	2e+11 0.521567
883	0.00883268	49.9974	-0.00968196	7500	2e+11 0.521567
884	0.00884258	49.9974	-0.00968196	7500	2e+11 0.521469
885	0.00885248	49.9974	-0.00968196	7500	2e+11 0.521469
886	0.00886239	49.9974	-0.00968196	7500	2e+11 0.52142
887	0.00887229	49.9974	-0.00968196	7500	2e+11 0.52142
888	0.0088822	49.9974	-0.00968195	7500	2e+11 0.52142
889	0.0088921	49.9973	-0.00968193	7500	2e+11 0.521469
890	0.008902	49.997	-0.00968188	7500	2e+11 0.521518
891	0.00891191	49.9965	-0.00968178	7500	2e+11 0.521518
892	0.00892181	49.9955	-0.00968159	7500	2e+11 0.521469
893	0.00893171	49.9936	-0.00968122	7500	2e+11 0.521469
894	0.00894162	49.99	-0.00968053	7500	2e+11 0.521469
895	0.00895152	49.9833	-0.00967922	7500	2e+11 0.52142
896	0.00896142	49.9712	-0.00967688	7500	2e+11 0.52142
897	0.00897133	49.9494	-0.00967266	7500	2e+11 0.521469
898	0.00898123	49.9112	-0.00966525	7500	2e+11 0.521469
899	0.00899114	49.8444	-0.00965233	7500	2e+11 0.521371
900	0.00900104	49.7332	-0.00963079	7500	2e+11 0.521371
901	0.00901095	49.5513	-0.00959556	7500	2e+11 0.52142
902	0.00902085	49.2631	-0.00953977	7500	2e+11 0.52142
903	0.00903076	48.8153	-0.00945305	7500	2e+11 0.521273
904	0.00904066	48.1356	-0.00932142	7500	2e+11 0.521273
905	0.00905057	47.128	-0.00912629	7500	2e+11 0.521175
906	0.00906048	45.686	-0.00884706	7500	2e+11 0.52093
907	0.0090704	43.6988	-0.00846224	7500	2e+11 0.520734
908	0.00908032	41.0329	-0.00794599	7500	2e+11 0.520588
909	0.00909025	37.5592	-0.0072733	7500	2e+11 0.520246
910	0.00910018	33.2525	-0.00643931	7500	2e+11 0.519807
911	0.00911012	28.1779	-0.00545663	7500	2e+11 0.519369
912	0.00912008	22.4918	-0.00435552	7500	2e+11 0.518737
913	0.00913004	16.516	-0.0031983	7500	2e+11 0.518204
914	0.00914002	10.7915	-0.00208977	7500	2e+11 0.517575
915	0.00915001	5.93787	-0.00114986	7500	2e+11 0.517092
916	0.00916	2.44406	-0.00047329	7500	2e+11 0.516707
917	0.00917	0.902461	-0.000174761	7500	2e+11 0.516466
918	0.00918	0.276936	-5.36284e-05	7500	2e+11 0.516418
919	0.00919	0.100038	-1.93723e-05	7500	2e+11 0.516418
920	0.0092	0.0321113	-6.21834e-06	7500	2e+11 0.516418
921	0.00921	0.0140662	-2.72391e-06	7500	2e+11 0.516418
922	0.00922	0.00441678	-8.55306e-07	7500	2e+11 0.516418
923	0.00923	0.0019371	-3.75118e-07	7500	2e+11 0.516418
924	0.00924	0.000777303	-1.50524e-07	7500	2e+11 0.516418
925	0.00925	0.000302847	-5.86461e-08	7500	2e+11 0.516418
926	0.00926	9.3595e-05	-1.81246e-08	7500	2e+11 0.516418
927	0.00927	3.88807e-05	-7.52921e-09	7500	2e+11 0.516418
928	0.00928	1.27782e-05	-2.47449e-09	7500	2e+11 0.516418
929	0.00929	4.93765e-06	-9.56171e-10	7500	2e+11 0.516418
930	0.0093	1.90551e-06	-3.69e-10	7500	2e+11 0.516418
931	0.00931	5.83795e-07	-1.13051e-10	7500	2e+11 0.516418
932	0.00932	2.36564e-07	-4.58105e-11	7500	2e+11 0.516418
933	0.00933	1.01139e-07	-1.95854e-11	7500	2e+11 0.516418
934	0.00934	3.11752e-08	-6.03706e-12	7500	2e+11 0.516418
935	0.00935	1.10717e-08	-2.14402e-12	7500	2e+11 0.516418
936	0.00936	3.14984e-09	-6.09964e-13	7500	2e+11 0.516418
937	0.00937	1.1321e-09	-2.19229e-13	7500	2e+11 0.516418
938	0.00938	3.02352e-10	-5.85502e-14	7500	2e+11 0.516418
939	0.00939	1.24451e-10	-2.40998e-14	7500	2e+11 0.516418
940	0.0094	3.33211e-11	-6.45261e-15	7500	2e+11 0.516418
941	0.00941	1.21667e-11	-2.35607e-15	7500	2e+11 0.516418
942	0.00942	3.97475e-12	-7.69707e-16	7500	2e+11 0.516418
943	0.00943	1.29146e-12	-2.5009e-16	7500	2e+11 0.516418
944	0.00944	4.54944e-13	-8.80996e-17	7500	2e+11 0.516418
945	0.00945	1.99847e-13	-3.87002e-17	7500	2e+11 0.516418
946	0.00946	7.0879e-14	-1.37257e-17	7500	2e+11 0.516418
947	0.00947	2.70991e-14	-5.24772e-18	7500	2e+11 0.516418
948	0.00948	8.77479e-15	-1.69923e-18	7500	2e+11 0.516418
949	0.00949	3.3752e-15	-6.53604e-19	7500	2e+11 0.516418
950	0.0095	1.07369e-15	-2.07919e-19	7500	2e+11 0.516418
951	0.00951	3.54059e-16	-6.85633e-20	7500	2e+11 0.516418
952	0.00952	1.49649e-16	-2.89794e-20	7500	2e+11 0.516418
953	0.00953	5.30211e-17	-1.02675e-20	7500	2e+11 0.516418
954	0.00954	2.05208e-17	-3.97383e-21	7500	2e+11 0.516418
955	0.00955	7.04018e-18	-1.36332e-21	7500	2e+11 0.516418
956	0.00956	2.70809e-18	-5.24419e-22	7500	2e+11 0.516418
957	0.00957	8.81426e-19	-1.70687e-22	7500	2e+11 0.516418
958	0.00958	2.83959e-19	-5.49883e-23	7500	2e+11 0.516418
959	0.00959	1.21247e-19	-2.34794e-23	7500	2e+11 0.516418
960	0.0096	3.91307e-20	-7.57763e-24	7500	2e+11 0.516418
961	0.00961	1.35087e-20	-2.61596e-24	7500	2e+11 0.516418
962	0.00962	5.06562e-21	-9.80952e-25	7500	2e+11 0.516418
963	0.00963	2.10574e-21	-4.07775e-25	7500	2e+11 0.516418
964	0.00964	5.96723e-22	-1.15555e-25	7500	2e+11 0.516418
965	0.00965	2.39928e-22	-4.64619e-26	7500	2e+11 0.516418
966	0.00966	7.49651e-23	-1.45169e-26	7500	2e+11 0.516418
967	0.00967	3.4042e-23	-6.59221e-27	7500	2e+11 0.516418
968	0.00968	1.3822e-23	-2.67662e-27	7500	2e+11 0.516418
969	0.00969	4.55816e-24	-8.82683e-28	7500	2e+11 0.516418
970	0.0097	1.60679e-24	-3.11153e-28	7500	2e+11 0.516418
971	0.00971	5.82285e-25	-1.12759e-28	7500	2e+11 0.516418
972	0.00972	2.23851e-25	-4.33485e-29	7500	2e+11 0.516418
973	0.00973	7.54655e-26	-1.46138e-29	7500	2e+11 0.516418
974	0.00974	2.13906e-26	-4.14227e-30	7500	2e+11 0.516418
975	0.00975	6.68881e-27	-1.29528e-30	7500	2e+11 0.516418
976	0.00976	2.66368e-27	-5.15819e-31	7500	2e+11 0.516418
977	0.00977	7.2873e-28	-1.41118e-31	7500	2e+11 0.516418
978	0.00978	2.87644e-28	-5.5702e-32	7500	2e+11 0.516418
979	0.00979	1.08786e-28	-2.10664e-32	7500	2e+11 0.516418
980	0.0098	4.67059e-29	-9.04456e-33	7500	2e+11 0.516418
981	0.00981	1.56201e-29	-3.02483e-33	7500	2e+11 0.516418
982	0.00982	5.93857e-30	-1.15e-33	7500	2e+11 0.516418
983	0.00983	1.43753e-30	-2.78377e-34	7500	2e+11 0.516418
984	0.00984	6.78471e-31	-1.31385e-34	7500	2e+11 0.516418
985	0.00985	2.1474e-31	-4.15843e-35	7500	2e+11 0.516418
986	0.00986	6.78835e-32	-1.31456e-35	7500	2e+11 0.516418
987	0.00987	2.91997e-32	-5.65449e-36	7500	2e+11 0.516418
988	0.00988	1.02563e-32	-1.98612e-36	7500	2e+11 0.516418
989	0.00989	3.13446e-33	-6.06986e-37	7500	2e+11 0.516418
990	0.0099	1.267e-33	-2.45354e-37	7500	2e+11 0.516418
991	0.00991	3.54916e-34	-6.87292e-38	7500	2e+11 0.516418
992	0.00992	1.32417e-34	-2.56424e-38	7500	2e+11 0.516418
993	0.00993	4.23833e-35	-8.2075e-39	7500	2e+11 0.516418
994	0.00994	1.14537e-35	-2.218e-39	7500	2e+11 0.516418
995	0.00995	2.92201e-36	-5.65846e-40	7500	2e+11 0.516418
996	0.00996	7.23656e-37	-1.40135e-40	7500	2e+11 0.516418
997	0.00997	7.23591e-37	-1.40123e-40	7500	2e+11 0.516418
998	0.00998	5.16446e-37	-1.00009e-40	7500	2e+11 0.516418
999	0.00999	1.65349e-37	-3.20197e-41	7500	2e+11 0.516418
1000	0.01	0	-0	7500	2e+11 0.516418
