0	0	0	0	1	1
1	0.01	0	0	1	1
2	0.02	0	0	1	1
3	0.03	0	0	1	1
4	0.04	0	0	1	1
5	0.05	0	0	1	1
6	0.06	0	0	1	1
7	0.07	0	0	1	1
8	0.08	0	0	1	1
9	0.09	0	0	1	1
10	0.1	0	0	1	1
11	0.11	0	0	1	1
12	0.12	0	0	1	1
13	0.13	0	0	1	1
14	0.14	0	0	1	1
15	0.15	0	0	1	1
16	0.16	0	0	1	1
17	0.17	0	0	1	1
18	0.18	0	0	1	1
19	0.19	0	0	1	1
20	0.2	0	0	1	1
21	0.21	0	0	1	1
22	0.22	0	0	1	1
23	0.23	0	0	1	1
24	0.24	0	0	1	1
25	0.25	0	0	1	1
26	0.26	0	0	1	1
27	0.27	0	0	1	1
28	0.28	0	0	1	1
29	0.29	0	0	1	1
30	0.3	0	0	1	1
31	0.31	0	0	1	1
32	0.32	0	0	1	1
33	0.33	0	0	1	1
34	0.34	0	0	1	1
35	0.35	0	0	1	1
36	0.36	0	0	1	1
37	0.37	0	0	1	1
38	0.38	0	0	1	1
39	0.39	0	0	1	1
40	0.4	0	0	1	1
41	0.409049	-3.00775e-05	3.00775e-05	1	1
42	0.418099	-0.000281695	0.000281695	1	1
43	0.427159	-0.00133486	0.00133486	1	1
44	0.436247	-0.00427077	0.00427077	1	1
45	0.445389	-0.0103784	0.0103784	1	1
46	0.454624	-0.020434	0.020434	1	1
47	0.463985	-0.0339929	0.0339929	1	1
48	0.47349	-0.0493207	0.0493207	1	1
49	0.483137	-0.0641304	0.0641304	1	1
50	-0.519126	-48.9736	15.4868	0.1	1
51	0.251223	-14.1554	4.47633	0.1	1
52	0.384591	-8.25539	2.61058	0.1	1
53	0.444337	-5.67624	1.79498	0.1	1
54	0.481191	-4.13698	1.30823	0.1	1
55	0.50764	-3.08237	0.974731	0.1	1
56	0.528368	-2.3086	0.730044	0.1	1
57	0.545599	-1.72292	0.544836	0.1	1
58	0.56057	-1.27719	0.403883	0.1	1
59	0.574043	-0.943447	0.298344	0.1	1
60	0.586529	-0.702367	0.222108	0.1	1
61	0.598379	-0.53712	0.169852	0.1	1
62	0.609838	-0.430664	0.136188	0.1	1
63	0.621065	-0.365836	0.115688	0.1	1
64	0.632155	-0.327068	0.103428	0.1	1
65	0.643157	-0.302161	0.0955516	0.1	1
66	0.654092	-0.282905	0.0894625	0.1	1
67	0.664965	-0.264591	0.0836711	0.1	1
68	0.675771	-0.245013	0.07748	0.1	1
69	0.686503	-0.223516	0.0706821	0.1	1
70	0.697157	-0.20031	0.0633435	0.1	1
71	0.70773	-0.176037	0.0556677	0.1	1
72	0.71822	-0.151521	0.047915	0.1	1
73	0.728632	-0.1276	0.0403506	0.1	1
74	0.73897	-0.105037	0.0332155	0.1	1
75	0.749241	-0.0844427	0.0267031	0.1	1
76	0.759452	-0.0662453	0.0209486	0.1	1
77	0.769614	-0.0506751	0.0160249	0.1	1
78	0.779734	-0.0377758	0.0119458	0.1	1
79	0.789821	-0.0274273	0.00867327	0.1	1
80	0.799883	-0.0193883	0.00613113	0.1	1
81	0.809925	-0.0133411	0.00421883	0.1	1
82	0.819953	-0.00893525	0.00282558	0.1	1
83	0.829972	-0.00582514	0.00184207	0.1	1
84	0.839983	-0.00369713	0.00116913	0.1	1
85	0.849991	-0.00228504	0.000722592	0.1	1
86	0.859995	-0.00137575	0.000435051	0.1	1
87	0.869998	-0.000807166	0.000255248	0.1	1
88	0.879999	-0.000461682	0.000145997	0.1	1
89	0.89	-0.00025756	8.14475e-05	0.1	1
90	0.9	-0.000140201	4.43355e-05	0.1	1
91	0.91	-7.44968e-05	2.3558e-05	0.1	1
92	0.92	-3.8657e-05	1.22245e-05	0.1	1
93	0.93	-1.95978e-05	6.19746e-06	0.1	1
94	0.94	-9.71062e-06	3.07103e-06	0.1	1
95	0.95	-4.70404e-06	1.48822e-06	0.1	1
96	0.96	-2.22726e-06	7.06015e-07	0.1	1
97	0.97	-1.02753e-06	3.29146e-07	0.1	1
98	0.98	-4.5329e-07	1.53609e-07	0.1	1
99	0.99	-1.69944e-07	7.82798e-08	0.1	1
100	1	0	5.74975e-08	0.1	1
