0	0	0	0	7500	2e+11 0.516398
1	1e-05	0	0	7500	2e+11 0.516398
2	2e-05	0	0	7500	2e+11 0.516398
3	3e-05	0	0	7500	2e+11 0.516398
4	4e-05	0	0	7500	2e+11 0.516398
5	5e-05	0	0	7500	2e+11 0.516398
6	6e-05	0	0	7500	2e+11 0.516398
7	7e-05	0	0	7500	2e+11 0.516398
8	8e-05	0	0	7500	2e+11 0.516398
9	9e-05	0	0	7500	2e+11 0.516398
10	0.0001	0	0	7500	2e+11 0.516398
11	0.00011	0	0	7500	2e+11 0.516398
12	0.00012	0	0	7500	2e+11 0.516398
13	0.00013	0	0	7500	2e+11 0.516398
14	0.00014	0	0	7500	2e+11 0.516398
15	0.00015	0	0	7500	2e+11 0.516398
16	0.00016	0	0	7500	2e+11 0.516398
17	0.00017	0	0	7500	2e+11 0.516398
18	0.00018	0	0	7500	2e+11 0.516398
19	0.00019	0	0	7500	2e+11 0.516398
20	0.0002	0	0	7500	2e+11 0.516398
21	0.00021	0	0	7500	2e+11 0.516398
22	0.00022	0	0	7500	2e+11 0.516398
23	0.00023	0	0	7500	2e+11 0.516398
24	0.00024	0	0	7500	2e+11 0.516398
25	0.00025	0	0	7500	2e+11 0.516398
26	0.00026	0	0	7500	2e+11 0.516398
27	0.00027	0	0	7500	2e+11 0.516398
28	0.00028	0	0	7500	2e+11 0.516398
29	0.00029	0	0	7500	2e+11 0.516398
30	0.0003	0	0	7500	2e+11 0.516398
31	0.00031	0	0	7500	2e+11 0.516398
32	0.00032	0	0	7500	2e+11 0.516398
33	0.00033	0	0	7500	2e+11 0.516398
34	0.00034	0	0	7500	2e+11 0.516398
35	0.00035	0	0	7500	2e+11 0.516398
36	0.00036	0	0	7500	2e+11 0.516398
37	0.00037	0	0	7500	2e+11 0.516398
38	0.00038	0	0	7500	2e+11 0.516398
39	0.00039	0	0	7500	2e+11 0.516398
40	0.0004	0	0	7500	2e+11 0.516398
41	0.00041	0	0	7500	2e+11 0.516398
42	0.00042	0	0	7500	2e+11 0.516398
43	0.00043	0	0	7500	2e+11 0.516398
44	0.00044	0	0	7500	2e+11 0.516398
45	0.00045	0	0	7500	2e+11 0.516398
46	0.00046	0	0	7500	2e+11 0.516398
47	0.00047	0	0	7500	2e+11 0.516398
48	0.00048	0	0	7500	2e+11 0.516398
49	0.00049	0	0	7500	2e+11 0.5164
50	0.0005	0	0	7500	2e+11 0.5164
51	0.00051	0	0	7500	2e+11 0.516397
52	0.00052	0	0	7500	2e+11 0.5164
53	0.00053	0	0	7500	2e+11 0.5164
54	0.00054	0	0	7500	2e+11 0.516397
55	0.00055	0	0	7500	2e+11 0.5164
56	0.00056	0	0	7500	2e+11 0.5164
57	0.00057	0	0	7500	2e+11 0.516397
58	0.00058	0	0	7500	2e+11 0.516397
59	0.00059	0	0	7500	2e+11 0.5164
60	0.0006	0	0	7500	2e+11 0.5164
61	0.00061	0	0	7500	2e+11 0.516397
62	0.00062	0	0	7500	2e+11 0.5164
63	0.00063	0	0	7500	2e+11 0.5164
64	0.00064	0	0	7500	2e+11 0.516397
65	0.00065	0	0	7500	2e+11 0.5164
66	0.00066	0	0	7500	2e+11 0.5164
67	0.00067	0	0	7500	2e+11 0.516397
68	0.00068	0	0	7500	2e+11 0.5164
69	0.00069	0	0	7500	2e+11 0.5164
70	0.0007	0	0	7500	2e+11 0.516397
71	0.00071	0	0	7500	2e+11 0.516397
72	0.00072	0	0	7500	2e+11 0.5164
73	0.00073	0	0	7500	2e+11 0.5164
74	0.00074	0	0	7500	2e+11 0.516397
75	0.00075	0	0	7500	2e+11 0.5164
76	0.00076	0	0	7500	2e+11 0.5164
77	0.00077	0	0	7500	2e+11 0.516397
78	0.00078	0	0	7500	2e+11 0.5164
79	0.00079	0	0	7500	2e+11 0.5164
80	0.0008	0	0	7500	2e+11 0.516397
81	0.00081	0	0	7500	2e+11 0.5164
82	0.00082	0	0	7500	2e+11 0.5164
83	0.00083	0	0	7500	2e+11 0.516397
84	0.00084	0	0	7500	2e+11 0.5164
85	0.00085	0	0	7500	2e+11 0.5164
86	0.00086	0	0	7500	2e+11 0.516397
87	0.00087	0	0	7500	2e+11 0.5164
88	0.00088	0	0	7500	2e+11 0.5164
89	0.00089	0	0	7500	2e+11 0.516397
90	0.0009	0	0	7500	2e+11 0.516397
91	0.00091	0	0	7500	2e+11 0.5164
92	0.00092	0	0	7500	2e+11 0.5164
93	0.00093	0	0	7500	2e+11 0.516397
94	0.00094	0	0	7500	2e+11 0.5164
95	0.00095	0	0	7500	2e+11 0.5164
96	0.00096	0	0	7500	2e+11 0.516397
97	0.00097	0	0	7500	2e+11 0.516397
98	0.00098	0	0	7500	2e+11 0.5164
99	0.00099	0	0	7500	2e+11 0.5164
100	0.001	0	0	7500	2e+11 0.5164
101	0.00101	0	0	7500	2e+11 0.5164
102	0.00102	0	0	7500	2e+11 0.5164
103	0.00103	0	0	7500	2e+11 0.5164
104	0.00104	0	0	7500	2e+11 0.5164
105	0.00105	0	0	7500	2e+11 0.5164
106	0.00106	0	0	7500	2e+11 0.5164
107	0.00107	0	0	7500	2e+11 0.5164
108	0.00108	0	0	7500	2e+11 0.5164
109	0.00109	0	0	7500	2e+11 0.5164
110	0.0011	0	0	7500	2e+11 0.5164
111	0.00111	0	0	7500	2e+11 0.5164
112	0.00112	0	0	7500	2e+11 0.5164
113	0.00113	0	0	7500	2e+11 0.5164
114	0.00114	0	0	7500	2e+11 0.5164
115	0.00115	0	0	7500	2e+11 0.5164
116	0.00116	0	0	7500	2e+11 0.5164
117	0.00117	0	0	7500	2e+11 0.5164
118	0.00118	0	0	7500	2e+11 0.5164
119	0.00119	0	0	7500	2e+11 0.5164
120	0.0012	0	0	7500	2e+11 0.5164
121	0.00121	0	0	7500	2e+11 0.5164
122	0.00122	0	0	7500	2e+11 0.5164
123	0.00123	0	0	7500	2e+11 0.5164
124	0.00124	0	0	7500	2e+11 0.5164
125	0.00125	0	0	7500	2e+11 0.5164
126	0.00126	0	0	7500	2e+11 0.5164
127	0.00127	0	0	7500	2e+11 0.5164
128	0.00128	0	0	7500	2e+11 0.5164
129	0.00129	0	0	7500	2e+11 0.5164
130	0.0013	0	0	7500	2e+11 0.5164
131	0.00131	0	0	7500	2e+11 0.5164
132	0.00132	0	0	7500	2e+11 0.5164
133	0.00133	0	0	7500	2e+11 0.5164
134	0.00134	0	0	7500	2e+11 0.5164
135	0.00135	0	0	7500	2e+11 0.5164
136	0.00136	0	0	7500	2e+11 0.5164
137	0.00137	0	0	7500	2e+11 0.5164
138	0.00138	0	0	7500	2e+11 0.5164
139	0.00139	0	0	7500	2e+11 0.5164
140	0.0014	0	0	7500	2e+11 0.5164
141	0.00141	0	0	7500	2e+11 0.5164
142	0.00142	0	0	7500	2e+11 0.5164
143	0.00143	0	0	7500	2e+11 0.5164
144	0.00144	0	0	7500	2e+11 0.5164
145	0.00145	0	0	7500	2e+11 0.5164
146	0.00146	0	0	7500	2e+11 0.5164
147	0.00147	0	0	7500	2e+11 0.5164
148	0.00148	0	0	7500	2e+11 0.5164
149	0.00149	0	0	7500	2e+11 0.5164
150	0.0015	0	0	7500	2e+11 0.5164
151	0.00151	0	0	7500	2e+11 0.5164
152	0.00152	0	0	7500	2e+11 0.5164
153	0.00153	0	0	7500	2e+11 0.5164
154	0.00154	0	0	7500	2e+11 0.5164
155	0.00155	0	0	7500	2e+11 0.5164
156	0.00156	0	0	7500	2e+11 0.5164
157	0.00157	0	0	7500	2e+11 0.5164
158	0.00158	0	0	7500	2e+11 0.5164
159	0.00159	0	0	7500	2e+11 0.5164
160	0.0016	0	0	7500	2e+11 0.5164
161	0.00161	0	0	7500	2e+11 0.5164
162	0.00162	0	0	7500	2e+11 0.5164
163	0.00163	0	0	7500	2e+11 0.5164
164	0.00164	0	0	7500	2e+11 0.5164
165	0.00165	0	0	7500	2e+11 0.5164
166	0.00166	0	0	7500	2e+11 0.5164
167	0.00167	0	0	7500	2e+11 0.5164
168	0.00168	0	0	7500	2e+11 0.5164
169	0.00169	0	0	7500	2e+11 0.5164
170	0.0017	0	0	7500	2e+11 0.5164
171	0.00171	0	0	7500	2e+11 0.5164
172	0.00172	0	0	7500	2e+11 0.5164
173	0.00173	0	0	7500	2e+11 0.5164
174	0.00174	0	0	7500	2e+11 0.5164
175	0.00175	0	0	7500	2e+11 0.5164
176	0.00176	0	0	7500	2e+11 0.5164
177	0.00177	0	0	7500	2e+11 0.5164
178	0.00178	0	0	7500	2e+11 0.5164
179	0.00179	0	0	7500	2e+11 0.5164
180	0.0018	0	0	7500	2e+11 0.5164
181	0.00181	0	0	7500	2e+11 0.5164
182	0.00182	0	0	7500	2e+11 0.5164
183	0.00183	0	0	7500	2e+11 0.5164
184	0.00184	0	0	7500	2e+11 0.5164
185	0.00185	0	0	7500	2e+11 0.5164
186	0.00186	0	0	7500	2e+11 0.5164
187	0.00187	0	0	7500	2e+11 0.5164
188	0.00188	0	0	7500	2e+11 0.5164
189	0.00189	0	0	7500	2e+11 0.5164
190	0.0019	0	0	7500	2e+11 0.5164
191	0.00191	0	0	7500	2e+11 0.5164
192	0.00192	0	0	7500	2e+11 0.5164
193	0.00193	0	0	7500	2e+11 0.5164
194	0.00194	0	0	7500	2e+11 0.5164
195	0.00195	0	0	7500	2e+11 0.5164
196	0.00196	0	0	7500	2e+11 0.516406
197	0.00197	0	0	7500	2e+11 0.516406
198	0.00198	0	0	7500	2e+11 0.516394
199	0.00199	0	0	7500	2e+11 0.516406
200	0.002	0	0	7500	2e+11 0.516406
201	0.00201	0	0	7500	2e+11 0.516394
202	0.00202	0	0	7500	2e+11 0.516406
203	0.00203	0	0	7500	2e+11 0.516406
204	0.00204	0	0	7500	2e+11 0.516394
205	0.00205	0	0	7500	2e+11 0.516406
206	0.00206	0	0	7500	2e+11 0.516406
207	0.00207	0	0	7500	2e+11 0.516394
208	0.00208	0	0	7500	2e+11 0.516406
209	0.00209	0	0	7500	2e+11 0.516406
210	0.0021	0	0	7500	2e+11 0.516394
211	0.00211	0	0	7500	2e+11 0.516406
212	0.00212	0	0	7500	2e+11 0.516406
213	0.00213	0	0	7500	2e+11 0.516394
214	0.00214	0	0	7500	2e+11 0.516406
215	0.00215	0	0	7500	2e+11 0.516406
216	0.00216	0	0	7500	2e+11 0.516394
217	0.00217	0	0	7500	2e+11 0.516406
218	0.00218	0	0	7500	2e+11 0.516406
219	0.00219	0	0	7500	2e+11 0.516394
220	0.0022	0	0	7500	2e+11 0.516406
221	0.00221	0	0	7500	2e+11 0.516406
222	0.00222	0	0	7500	2e+11 0.516394
223	0.00223	0	0	7500	2e+11 0.516406
224	0.00224	0	0	7500	2e+11 0.516406
225	0.00225	0	0	7500	2e+11 0.516394
226	0.00226	0	0	7500	2e+11 0.516394
227	0.00227	0	0	7500	2e+11 0.516406
228	0.00228	0	0	7500	2e+11 0.516406
229	0.00229	0	0	7500	2e+11 0.516394
230	0.0023	0	0	7500	2e+11 0.516406
231	0.00231	0	0	7500	2e+11 0.516406
232	0.00232	0	0	7500	2e+11 0.516394
233	0.00233	0	0	7500	2e+11 0.516406
234	0.00234	0	0	7500	2e+11 0.516406
235	0.00235	0	0	7500	2e+11 0.516394
236	0.00236	0	0	7500	2e+11 0.516406
237	0.00237	0	0	7500	2e+11 0.516406
238	0.00238	0	0	7500	2e+11 0.516394
239	0.00239	0	0	7500	2e+11 0.516406
240	0.0024	0	0	7500	2e+11 0.516406
241	0.00241	0	0	7500	2e+11 0.516394
242	0.00242	0	0	7500	2e+11 0.516406
243	0.00243	0	0	7500	2e+11 0.516406
244	0.00244	0	0	7500	2e+11 0.516394
245	0.00245	0	0	7500	2e+11 0.516406
246	0.00246	0	0	7500	2e+11 0.516406
247	0.00247	0	0	7500	2e+11 0.516394
248	0.00248	0	0	7500	2e+11 0.516406
249	0.00249	0	0	7500	2e+11 0.516406
250	0.0025	0	0	7500	2e+11 0.516394
251	0.00251	0	0	7500	2e+11 0.516406
252	0.00252	0	0	7500	2e+11 0.516406
253	0.00253	0	0	7500	2e+11 0.516394
254	0.00254	0	0	7500	2e+11 0.516406
255	0.00255	0	0	7500	2e+11 0.516406
256	0.00256	0	0	7500	2e+11 0.516394
257	0.00257	0	0	7500	2e+11 0.516406
258	0.00258	0	0	7500	2e+11 0.516406
259	0.00259	0	0	7500	2e+11 0.516394
260	0.0026	0	0	7500	2e+11 0.516406
261	0.00261	0	0	7500	2e+11 0.516406
262	0.00262	0	0	7500	2e+11 0.516394
263	0.00263	0	0	7500	2e+11 0.516406
264	0.00264	0	0	7500	2e+11 0.516406
265	0.00265	0	0	7500	2e+11 0.516394
266	0.00266	0	0	7500	2e+11 0.516406
267	0.00267	0	0	7500	2e+11 0.516406
268	0.00268	0	0	7500	2e+11 0.516394
269	0.00269	0	0	7500	2e+11 0.516406
270	0.0027	0	0	7500	2e+11 0.516406
271	0.00271	0	0	7500	2e+11 0.516394
272	0.00272	0	0	7500	2e+11 0.516406
273	0.00273	0	0	7500	2e+11 0.516406
274	0.00274	0	0	7500	2e+11 0.516394
275	0.00275	0	0	7500	2e+11 0.516406
276	0.00276	0	0	7500	2e+11 0.516406
277	0.00277	0	0	7500	2e+11 0.516394
278	0.00278	0	0	7500	2e+11 0.516406
279	0.00279	0	0	7500	2e+11 0.516406
280	0.0028	0	0	7500	2e+11 0.516394
281	0.00281	0	0	7500	2e+11 0.516406
282	0.00282	0	0	7500	2e+11 0.516406
283	0.00283	0	0	7500	2e+11 0.516394
284	0.00284	0	0	7500	2e+11 0.516406
285	0.00285	0	0	7500	2e+11 0.516406
286	0.00286	0	0	7500	2e+11 0.516394
287	0.00287	0	0	7500	2e+11 0.516394
288	0.00288	0	0	7500	2e+11 0.516406
289	0.00289	0	0	7500	2e+11 0.516406
290	0.0029	0	0	7500	2e+11 0.516394
291	0.00291	0	0	7500	2e+11 0.516406
292	0.00292	0	0	7500	2e+11 0.516406
293	0.00293	0	0	7500	2e+11 0.516394
294	0.00294	0	0	7500	2e+11 0.516406
295	0.00295	0	0	7500	2e+11 0.516406
296	0.00296	0	0	7500	2e+11 0.516394
297	0.00297	0	0	7500	2e+11 0.516406
298	0.00298	0	0	7500	2e+11 0.516406
299	0.00299	0	0	7500	2e+11 0.516394
300	0.003	0	0	7500	2e+11 0.516406
301	0.00301	0	0	7500	2e+11 0.516406
302	0.00302	0	0	7500	2e+11 0.516394
303	0.00303	0	0	7500	2e+11 0.516406
304	0.00304	0	0	7500	2e+11 0.516406
305	0.00305	0	0	7500	2e+11 0.516394
306	0.00306	0	0	7500	2e+11 0.516406
307	0.00307	0	0	7500	2e+11 0.516406
308	0.00308	0	0	7500	2e+11 0.516394
309	0.00309	0	0	7500	2e+11 0.516406
310	0.0031	0	0	7500	2e+11 0.516406
311	0.00311	0	0	7500	2e+11 0.516394
312	0.00312	0	0	7500	2e+11 0.516406
313	0.00313	0	0	7500	2e+11 0.516406
314	0.00314	0	0	7500	2e+11 0.516394
315	0.00315	0	0	7500	2e+11 0.516406
316	0.00316	0	0	7500	2e+11 0.516406
317	0.00317	0	0	7500	2e+11 0.516394
318	0.00318	0	0	7500	2e+11 0.516406
319	0.00319	0	0	7500	2e+11 0.516406
320	0.0032	0	0	7500	2e+11 0.516394
321	0.00321	0	0	7500	2e+11 0.516406
322	0.00322	0	0	7500	2e+11 0.516406
323	0.00323	0	0	7500	2e+11 0.516394
324	0.00324	0	0	7500	2e+11 0.516406
325	0.00325	0	0	7500	2e+11 0.516406
326	0.00326	0	0	7500	2e+11 0.516394
327	0.00327	0	0	7500	2e+11 0.516406
328	0.00328	0	0	7500	2e+11 0.516406
329	0.00329	0	0	7500	2e+11 0.516394
330	0.0033	0	0	7500	2e+11 0.516406
331	0.00331	0	0	7500	2e+11 0.516406
332	0.00332	0	0	7500	2e+11 0.516394
333	0.00333	0	0	7500	2e+11 0.516406
334	0.00334	0	0	7500	2e+11 0.516406
335	0.00335	0	0	7500	2e+11 0.516394
336	0.00336	0	0	7500	2e+11 0.516406
337	0.00337	0	0	7500	2e+11 0.516406
338	0.00338	0	0	7500	2e+11 0.516394
339	0.00339	0	0	7500	2e+11 0.516406
340	0.0034	0	0	7500	2e+11 0.516406
341	0.00341	0	0	7500	2e+11 0.516394
342	0.00342	0	0	7500	2e+11 0.516406
343	0.00343	0	0	7500	2e+11 0.516406
344	0.00344	0	0	7500	2e+11 0.516394
345	0.00345	0	0	7500	2e+11 0.516406
346	0.00346	0	0	7500	2e+11 0.516406
347	0.00347	0	0	7500	2e+11 0.516394
348	0.00348	0	0	7500	2e+11 0.516406
349	0.00349	0	0	7500	2e+11 0.516406
350	0.0035	0	0	7500	2e+11 0.516394
351	0.00351	0	0	7500	2e+11 0.516406
352	0.00352	0	0	7500	2e+11 0.516406
353	0.00353	0	0	7500	2e+11 0.516394
354	0.00354	0	0	7500	2e+11 0.516394
355	0.00355	0	0	7500	2e+11 0.516406
356	0.00356	0	0	7500	2e+11 0.516406
357	0.00357	0	0	7500	2e+11 0.516394
358	0.00358	0	0	7500	2e+11 0.516406
359	0.00359	0	0	7500	2e+11 0.516406
360	0.0036	0	0	7500	2e+11 0.516394
361	0.00361	0	0	7500	2e+11 0.516406
362	0.00362	0	0	7500	2e+11 0.516406
363	0.00363	0	0	7500	2e+11 0.516394
364	0.00364	0	0	7500	2e+11 0.516406
365	0.00365	0	0	7500	2e+11 0.516406
366	0.00366	0	0	7500	2e+11 0.516394
367	0.00367	0	0	7500	2e+11 0.516406
368	0.00368	0	0	7500	2e+11 0.516406
369	0.00369	0	0	7500	2e+11 0.516394
370	0.0037	0	0	7500	2e+11 0.516406
371	0.00371	0	0	7500	2e+11 0.516406
372	0.00372	0	0	7500	2e+11 0.516394
373	0.00373	0	0	7500	2e+11 0.516406
374	0.00374	0	0	7500	2e+11 0.516406
375	0.00375	0	0	7500	2e+11 0.516394
376	0.00376	0	0	7500	2e+11 0.516406
377	0.00377	0	0	7500	2e+11 0.516406
378	0.00378	0	0	7500	2e+11 0.516394
379	0.00379	0	0	7500	2e+11 0.516406
380	0.0038	0	0	7500	2e+11 0.516406
381	0.00381	0	0	7500	2e+11 0.516394
382	0.00382	0	0	7500	2e+11 0.516406
383	0.00383	0	0	7500	2e+11 0.516406
384	0.00384	0	0	7500	2e+11 0.516394
385	0.00385	6.56837e-38	1.27196e-41	7500	2e+11 0.516406
386	0.00386	3.13092e-37	6.063e-41	7500	2e+11 0.516406
387	0.00387	5.7972e-37	1.12262e-40	7500	2e+11 0.516394
388	0.00388	7.23642e-37	1.40133e-40	7500	2e+11 0.516406
389	0.00389	1.44724e-36	2.80257e-40	7500	2e+11 0.516406
390	0.0039	4.56104e-36	8.83241e-40	7500	2e+11 0.516394
391	0.00391	1.69144e-35	3.27545e-39	7500	2e+11 0.516394
392	0.00392	4.90361e-35	9.49581e-39	7500	2e+11 0.516394
393	0.00393	1.49797e-34	2.9008e-38	7500	2e+11 0.516418
394	0.00394	3.3805e-34	6.54632e-38	7500	2e+11 0.516418
395	0.00395	1.11345e-33	2.15619e-37	7500	2e+11 0.516394
396	0.00396	3.55009e-33	6.87472e-37	7500	2e+11 0.516394
397	0.00397	9.0658e-33	1.75558e-36	7500	2e+11 0.516394
398	0.00398	2.42913e-32	4.70398e-36	7500	2e+11 0.516394
399	0.00399	5.3749e-32	1.04085e-35	7500	2e+11 0.516418
400	0.004	2.14172e-31	4.14742e-35	7500	2e+11 0.516418
401	0.00401	5.42463e-31	1.05048e-34	7500	2e+11 0.516394
402	0.00402	1.80221e-30	3.48996e-34	7500	2e+11 0.516394
403	0.00403	4.17009e-30	8.07535e-34	7500	2e+11 0.516394
404	0.00404	1.33028e-29	2.57607e-33	7500	2e+11 0.516394
405	0.00405	4.77851e-29	9.25354e-33	7500	2e+11 0.516418
406	0.00406	1.20454e-28	2.33258e-32	7500	2e+11 0.516418
407	0.00407	3.62933e-28	7.02816e-32	7500	2e+11 0.516394
408	0.00408	8.53273e-28	1.65236e-31	7500	2e+11 0.516394
409	0.00409	2.73088e-27	5.28832e-31	7500	2e+11 0.516394
410	0.0041	8.51528e-27	1.64898e-30	7500	2e+11 0.516394
411	0.00411	2.15265e-26	4.16859e-30	7500	2e+11 0.516418
412	0.00412	5.76265e-26	1.11593e-29	7500	2e+11 0.516418
413	0.00413	1.87527e-25	3.63145e-29	7500	2e+11 0.516394
414	0.00414	5.11356e-25	9.90236e-29	7500	2e+11 0.516394
415	0.00415	1.50888e-24	2.92194e-28	7500	2e+11 0.516394
416	0.00416	4.33759e-24	8.3997e-28	7500	2e+11 0.516394
417	0.00417	1.30214e-23	2.52158e-27	7500	2e+11 0.516418
418	0.00418	3.47523e-23	6.72975e-27	7500	2e+11 0.516418
419	0.00419	9.28108e-23	1.79727e-26	7500	2e+11 0.516394
420	0.0042	2.81523e-22	5.45168e-26	7500	2e+11 0.516394
421	0.00421	7.6866e-22	1.4885e-25	7500	2e+11 0.516394
422	0.00422	2.23956e-21	4.33688e-25	7500	2e+11 0.516394
423	0.00423	6.15538e-21	1.19198e-24	7500	2e+11 0.516418
424	0.00424	1.7441e-20	3.37744e-24	7500	2e+11 0.516418
425	0.00425	4.62811e-20	8.9623e-24	7500	2e+11 0.516394
426	0.00426	1.40351e-19	2.71789e-23	7500	2e+11 0.516394
427	0.00427	4.03668e-19	7.817e-23	7500	2e+11 0.516394
428	0.00428	1.02725e-18	1.98925e-22	7500	2e+11 0.516394
429	0.00429	3.1487e-18	6.09742e-22	7500	2e+11 0.516418
430	0.0043	7.71262e-18	1.49354e-21	7500	2e+11 0.516418
431	0.00431	1.65818e-17	3.21106e-21	7500	2e+11 0.516394
432	0.00432	5.97547e-17	1.15715e-20	7500	2e+11 0.516394
433	0.00433	1.3944e-16	2.70024e-20	7500	2e+11 0.516394
434	0.00434	4.43801e-16	8.59416e-20	7500	2e+11 0.516394
435	0.00435	1.18501e-15	2.29476e-19	7500	2e+11 0.516418
436	0.00436	3.44963e-15	6.68018e-19	7500	2e+11 0.516418
437	0.00437	9.74289e-15	1.8867e-18	7500	2e+11 0.516394
438	0.00438	2.48591e-14	4.81395e-18	7500	2e+11 0.516394
439	0.00439	6.04606e-14	1.17081e-17	7500	2e+11 0.516394
440	0.0044	1.71698e-13	3.32492e-17	7500	2e+11 0.516394
441	0.00441	5.31388e-13	1.02903e-16	7500	2e+11 0.516418
442	0.00442	1.41111e-12	2.73261e-16	7500	2e+11 0.516418
443	0.00443	3.96538e-12	7.67893e-16	7500	2e+11 0.516394
444	0.00444	1.04657e-11	2.02667e-15	7500	2e+11 0.516394
445	0.00445	3.18873e-11	6.17494e-15	7500	2e+11 0.516394
446	0.00446	7.86476e-11	1.523e-14	7500	2e+11 0.516394
447	0.00447	2.90615e-10	5.62774e-14	7500	2e+11 0.516418
448	0.00448	7.83652e-10	1.51754e-13	7500	2e+11 0.516418
449	0.00449	1.83785e-09	3.55899e-13	7500	2e+11 0.516394
450	0.0045	4.69515e-09	9.09211e-13	7500	2e+11 0.516394
451	0.00451	1.47455e-08	2.85546e-12	7500	2e+11 0.516394
452	0.00452	4.35733e-08	8.43792e-12	7500	2e+11 0.516394
453	0.00453	1.02318e-07	1.98138e-11	7500	2e+11 0.516394
454	0.00454	3.02342e-07	5.85484e-11	7500	2e+11 0.516418
455	0.00455	7.27304e-07	1.40842e-10	7500	2e+11 0.516418
456	0.00456	1.92555e-06	3.72881e-10	7500	2e+11 0.516394
457	0.00457	4.70381e-06	9.1089e-10	7500	2e+11 0.516394
458	0.00458	1.57645e-05	3.05278e-09	7500	2e+11 0.516394
459	0.00459	3.93557e-05	7.62119e-09	7500	2e+11 0.516394
460	0.0046	0.000119026	2.30492e-08	7500	2e+11 0.516418
461	0.00461	0.000354555	6.86592e-08	7500	2e+11 0.516418
462	0.00462	0.00108312	2.09745e-07	7500	2e+11 0.516394
463	0.00463	0.00319898	6.19479e-07	7500	2e+11 0.516394
464	0.00464	0.00842586	1.63166e-06	7500	2e+11 0.516394
465	0.00465	0.0221479	4.28891e-06	7500	2e+11 0.516394
466	0.00466	0.0565457	1.095e-05	7500	2e+11 0.516418
467	0.00467	0.177909	3.4452e-05	7500	2e+11 0.516418
468	0.00468	0.518867	0.000100478	7500	2e+11 0.51637
469	0.00469	1.42092	0.00027516	7500	2e+11 0.516322
470	0.00470001	3.62119	0.00070124	7500	2e+11 0.516226
471	0.00471001	6.89314	0.00133485	7500	2e+11 0.515961
472	0.00472003	10.981	0.00212647	7500	2e+11 0.515625
473	0.00473005	15.5871	0.00301843	7500	2e+11 0.51529
474	0.00474008	20.4138	0.00395311	7500	2e+11 0.514692
475	0.00475012	25.1867	0.00487738	7500	2e+11 0.514262
476	0.00476018	29.693	0.00575002	7500	2e+11 0.51381
477	0.00477024	33.7927	0.00654393	7500	2e+11 0.51331
478	0.0047803	37.3776	0.00723814	7500	2e+11 0.513002
479	0.00479038	40.412	0.00782575	7500	2e+11 0.512575
480	0.00480046	42.8897	0.00830556	7500	2e+11 0.512314
481	0.00481054	44.8523	0.00868562	7500	2e+11 0.512125
482	0.00482063	46.3612	0.00897781	7500	2e+11 0.511912
483	0.00483072	47.4874	0.00919589	7500	2e+11 0.511794
484	0.00484081	48.3033	0.0093539	7500	2e+11 0.511676
485	0.0048509	48.8802	0.00946561	7500	2e+11 0.511629
486	0.004861	49.2781	0.00954267	7500	2e+11 0.511629
487	0.00487109	49.5451	0.00959437	7500	2e+11 0.511487
488	0.00488119	49.7195	0.00962814	7500	2e+11 0.511487
489	0.00489129	49.8312	0.00964978	7500	2e+11 0.51144
490	0.00490138	49.9011	0.00966331	7500	2e+11 0.511558
491	0.00491148	49.9435	0.00967152	7500	2e+11 0.511558
492	0.00492158	49.9689	0.00967643	7500	2e+11 0.511464
493	0.00493167	49.9838	0.00967932	7500	2e+11 0.511464
494	0.00494177	49.9923	0.00968096	7500	2e+11 0.511464
495	0.00495187	49.9971	0.00968189	7500	2e+11 0.511511
496	0.00496196	49.9997	0.0096824	7500	2e+11 0.511511
497	0.00497206	50.0011	0.00968267	7500	2e+11 0.511511
498	0.00498215	50.0019	0.00968282	7500	2e+11 0.51144
499	0.00499225	50.0023	0.0096829	7500	2e+11 0.51144
500	0.00500235	50.0025	0.00968293	7500	2e+11 0.511535
501	0.00501244	50.0025	0.00968295	7500	2e+11 0.511535
502	0.00502254	50.0026	0.00968296	7500	2e+11 0.511511
503	0.00503264	50.0026	0.00968296	7500	2e+11 0.511511
504	0.00504273	50.0026	0.00968296	7500	2e+11 0.511464
505	0.00505283	50.0026	0.00968296	7500	2e+11 0.511464
506	0.00506293	50.0026	0.00968296	7500	2e+11 0.511535
507	0.00507302	50.0026	0.00968296	7500	2e+11 0.511535
508	0.00508312	50.0026	0.00968296	7500	2e+11 0.51144
509	0.00509322	50.0026	0.00968296	7500	2e+11 0.51144
510	0.00510331	50.0026	0.00968296	7500	2e+11 0.511464
511	0.00511341	50.0026	0.00968296	7500	2e+11 0.511511
512	0.00512351	50.0026	0.00968296	7500	2e+11 0.511511
513	0.0051336	50.0026	0.00968296	7500	2e+11 0.511535
514	0.0051437	50.0026	0.00968296	7500	2e+11 0.511535
515	0.0051538	50.0026	0.00968296	7500	2e+11 0.511535
516	0.00516389	50.0026	0.00968296	7500	2e+11 0.511535
517	0.00517399	50.0026	0.00968296	7500	2e+11 0.511464
518	0.00518409	50.0026	0.00968296	7500	2e+11 0.511487
519	0.00519418	50.0026	0.00968296	7500	2e+11 0.511487
520	0.00520428	50.0026	0.00968296	7500	2e+11 0.511558
521	0.00521437	50.0026	0.00968296	7500	2e+11 0.511558
522	0.00522447	50.0026	0.00968296	7500	2e+11 0.511487
523	0.00523457	50.0026	0.00968296	7500	2e+11 0.511487
524	0.00524467	50.0026	0.00968296	7500	2e+11 0.511487
525	0.00525476	50.0026	0.00968296	7500	2e+11 0.511487
526	0.00526486	50.0026	0.00968296	7500	2e+11 0.511487
527	0.00527496	50.0026	0.00968296	7500	2e+11 0.511558
528	0.00528505	50.0026	0.00968296	7500	2e+11 0.511558
529	0.00529515	50.0026	0.00968296	7500	2e+11 0.51144
530	0.00530524	50.0026	0.00968296	7500	2e+11 0.51144
531	0.00531534	50.0026	0.00968296	7500	2e+11 0.511535
532	0.00532544	50.0026	0.00968296	7500	2e+11 0.511535
533	0.00533553	50.0026	0.00968295	7500	2e+11 0.51144
534	0.00534563	50.0025	0.00968295	7500	2e+11 0.511535
535	0.00535573	50.0025	0.00968295	7500	2e+11 0.511535
536	0.00536582	50.0025	0.00968295	7500	2e+11 0.511487
537	0.00537592	50.0025	0.00968295	7500	2e+11 0.511464
538	0.00538602	50.0025	0.00968295	7500	2e+11 0.511558
539	0.00539611	50.0025	0.00968295	7500	2e+11 0.511558
540	0.00540621	50.0025	0.00968295	7500	2e+11 0.51144
541	0.00541631	50.0025	0.00968295	7500	2e+11 0.511487
542	0.0054264	50.0025	0.00968295	7500	2e+11 0.511487
543	0.0054365	50.0025	0.00968295	7500	2e+11 0.511487
544	0.00544659	50.0025	0.00968295	7500	2e+11 0.511487
545	0.00545669	50.0025	0.00968295	7500	2e+11 0.511535
546	0.00546679	50.0025	0.00968295	7500	2e+11 0.511535
547	0.00547688	50.0025	0.00968295	7500	2e+11 0.51144
548	0.00548698	50.0025	0.00968295	7500	2e+11 0.511511
549	0.00549708	50.0025	0.00968295	7500	2e+11 0.511535
550	0.00550717	50.0025	0.00968295	7500	2e+11 0.511535
551	0.00551727	50.0025	0.00968295	7500	2e+11 0.511511
552	0.00552736	50.0025	0.00968295	7500	2e+11 0.511511
553	0.00553746	50.0025	0.00968295	7500	2e+11 0.511511
554	0.00554756	50.0025	0.00968295	7500	2e+11 0.511511
555	0.00555765	50.0025	0.00968295	7500	2e+11 0.511487
556	0.00556775	50.0025	0.00968295	7500	2e+11 0.511487
557	0.00557785	50.0025	0.00968295	7500	2e+11 0.511535
558	0.00558794	50.0025	0.00968295	7500	2e+11 0.511535
559	0.00559804	50.0025	0.00968294	7500	2e+11 0.511535
560	0.00560813	50.0025	0.00968293	7500	2e+11 0.511535
561	0.00561823	50.0023	0.00968291	7500	2e+11 0.51144
562	0.00562833	50.0019	0.00968282	7500	2e+11 0.51144
563	0.00563843	50.0007	0.0096826	7500	2e+11 0.511535
564	0.00564852	49.9972	0.00968192	7500	2e+11 0.511535
565	0.00565862	49.9888	0.0096803	7500	2e+11 0.511511
566	0.00566871	49.9512	0.009673	7500	2e+11 0.511511
567	0.00567881	49.8832	0.00965983	7500	2e+11 0.511464
568	0.00568891	49.6482	0.00961434	7500	2e+11 0.511487
569	0.005699	49.1264	0.00951329	7500	2e+11 0.511653
570	0.0057091	47.2467	0.00914928	7500	2e+11 0.511818
571	0.00571919	43.7317	0.0084686	7500	2e+11 0.512125
572	0.00572927	38.9316	0.00753908	7500	2e+11 0.512646
573	0.00573934	33.3818	0.00646435	7500	2e+11 0.513239
574	0.0057494	27.6187	0.00534834	7500	2e+11 0.513691
575	0.00575946	22.0858	0.0042769	7500	2e+11 0.51431
576	0.0057695	17.1118	0.00331369	7500	2e+11 0.514931
577	0.00577953	12.8718	0.00249261	7500	2e+11 0.515146
578	0.00578955	9.39959	0.00182022	7500	2e+11 0.515506
579	0.00579957	6.68405	0.00129436	7500	2e+11 0.515865
580	0.00580958	4.64231	0.000898979	7500	2e+11 0.515913
581	0.00581959	3.14868	0.000609739	7500	2e+11 0.516105
582	0.00582959	2.08231	0.000403237	7500	2e+11 0.516226
583	0.0058396	1.34986	0.000261399	7500	2e+11 0.516274
584	0.0058496	0.856456	0.000165852	7500	2e+11 0.516274
585	0.0058596	0.534119	0.000103432	7500	2e+11 0.516322
586	0.0058696	0.326781	6.32809e-05	7500	2e+11 0.516394
587	0.0058796	0.195654	3.78883e-05	7500	2e+11 0.516538
588	0.0058896	0.114881	2.22466e-05	7500	2e+11 0.516538
589	0.0058996	0.0662971	1.28384e-05	7500	2e+11 0.51649
590	0.0059096	0.0375573	7.27294e-06	7500	2e+11 0.51649
591	0.0059196	0.0207677	4.02166e-06	7500	2e+11 0.516418
592	0.0059296	0.0112751	2.18342e-06	7500	2e+11 0.516418
593	0.0059396	0.00600847	1.16354e-06	7500	2e+11 0.516466
594	0.0059496	0.00315789	6.11523e-07	7500	2e+11 0.51649
595	0.0059596	0.00162007	3.13726e-07	7500	2e+11 0.51649
596	0.0059696	0.000812772	1.57393e-07	7500	2e+11 0.516394
597	0.0059796	0.000400185	7.74956e-08	7500	2e+11 0.51649
598	0.0059896	0.000193856	3.75401e-08	7500	2e+11 0.51649
599	0.0059996	9.29924e-05	1.80079e-08	7500	2e+11 0.516394
600	0.0060096	4.35169e-05	8.42701e-09	7500	2e+11 0.51649
601	0.00601959	1.9985e-05	3.87008e-09	7500	2e+11 0.51649
602	0.00602959	9.05271e-06	1.75305e-09	7500	2e+11 0.51649
603	0.00603959	4.06065e-06	7.86341e-10	7500	2e+11 0.51649
604	0.00604959	1.77768e-06	3.44246e-10	7500	2e+11 0.516442
605	0.00605959	7.68589e-07	1.48837e-10	7500	2e+11 0.516466
606	0.00606959	3.28116e-07	6.35395e-11	7500	2e+11 0.516466
607	0.00607959	1.37266e-07	2.65815e-11	7500	2e+11 0.51649
608	0.00608959	5.5962e-08	1.0837e-11	7500	2e+11 0.51649
609	0.00609959	2.24477e-08	4.34697e-12	7500	2e+11 0.51649
610	0.00610959	8.81267e-09	1.70657e-12	7500	2e+11 0.51649
611	0.00611959	3.38659e-09	6.5581e-13	7500	2e+11 0.516418
612	0.00612959	1.27849e-09	2.47579e-13	7500	2e+11 0.516418
613	0.00613959	4.72359e-10	9.14719e-14	7500	2e+11 0.51649
614	0.00614959	1.74438e-10	3.37797e-14	7500	2e+11 0.51649
615	0.00615959	6.27328e-11	1.21482e-14	7500	2e+11 0.516466
616	0.00616959	2.21527e-11	4.28985e-15	7500	2e+11 0.516466
617	0.00617959	7.62613e-12	1.47679e-15	7500	2e+11 0.516418
618	0.00618958	2.576e-12	4.98841e-16	7500	2e+11 0.516538
619	0.00619958	8.60444e-13	1.66624e-16	7500	2e+11 0.516538
620	0.00620958	2.7951e-13	5.41269e-17	7500	2e+11 0.516442
621	0.00621958	9.10618e-14	1.7634e-17	7500	2e+11 0.516442
622	0.00622958	2.91041e-14	5.63599e-18	7500	2e+11 0.516514
623	0.00623958	9.00359e-15	1.74354e-18	7500	2e+11 0.516514
624	0.00624958	2.7544e-15	5.33387e-19	7500	2e+11 0.516442
625	0.00625958	8.32236e-16	1.61162e-19	7500	2e+11 0.516442
626	0.00626958	2.48036e-16	4.80319e-20	7500	2e+11 0.51649
627	0.00627958	7.09962e-17	1.37483e-20	7500	2e+11 0.51649
628	0.00628958	1.95833e-17	3.79228e-21	7500	2e+11 0.516418
629	0.00629958	5.39617e-18	1.04496e-21	7500	2e+11 0.516466
630	0.00630957	1.46119e-18	2.82959e-22	7500	2e+11 0.516514
631	0.00631957	3.88288e-19	7.51917e-23	7500	2e+11 0.516514
632	0.00632957	1.00137e-19	1.93914e-23	7500	2e+11 0.51661
633	0.00633957	2.59991e-20	5.0347e-24	7500	2e+11 0.51661
634	0.00634957	6.54716e-21	1.26785e-24	7500	2e+11 0.516514
635	0.00635957	1.61731e-21	3.1319e-25	7500	2e+11 0.516514
636	0.00636957	4.00772e-22	7.76091e-26	7500	2e+11 0.516514
637	0.00637956	9.57405e-23	1.85401e-26	7500	2e+11 0.516538
638	0.00638956	2.22029e-23	4.29957e-27	7500	2e+11 0.516538
639	0.00639956	5.13875e-24	9.95115e-28	7500	2e+11 0.516586
640	0.00640956	1.14169e-24	2.21087e-28	7500	2e+11 0.516586
641	0.00641956	2.43362e-25	4.71269e-29	7500	2e+11 0.516562
642	0.00642955	5.35918e-26	1.0378e-29	7500	2e+11 0.516731
643	0.00643955	1.15331e-26	2.23338e-30	7500	2e+11 0.516731
644	0.00644955	2.415e-27	4.67662e-31	7500	2e+11 0.516707
645	0.00645954	4.99314e-28	9.66918e-32	7500	2e+11 0.516707
646	0.00646954	1.00262e-28	1.94157e-32	7500	2e+11 0.516731
647	0.00647953	1.94193e-29	3.76052e-33	7500	2e+11 0.516731
648	0.00648952	3.73268e-30	7.2283e-34	7500	2e+11 0.516851
649	0.00649952	7.27302e-31	1.40841e-34	7500	2e+11 0.517164
650	0.0065095	1.4241e-31	2.75776e-35	7500	2e+11 0.517164
651	0.00651956	2.63039e-32	5.09374e-36	7500	2e+11 0.51702
652	0.00652955	4.8098e-33	9.31413e-37	7500	2e+11 0.51702
653	0.00653954	8.914e-34	1.72619e-37	7500	2e+11 0.516779
654	0.00654954	1.67966e-34	3.25265e-38	7500	2e+11 0.516658
655	0.00655953	2.94943e-35	5.71154e-39	7500	2e+11 0.516634
656	0.00656953	5.23055e-36	1.01289e-39	7500	2e+11 0.516634
657	0.00657953	8.82883e-37	1.7097e-40	7500	2e+11 0.516538
658	0.00658952	1.41838e-37	2.74669e-41	7500	2e+11 0.516658
659	0.00659952	2.33153e-38	4.51498e-42	7500	2e+11 0.516658
660	0.00660952	3.83522e-39	7.42688e-43	7500	2e+11 0.516538
661	0.00661952	6.22319e-40	1.20512e-43	7500	2e+11 0.516538
662	0.00662951	9.4072e-41	1.82169e-44	7500	2e+11 0.516514
663	0.00663951	7.23631e-42	1.4013e-45	7500	2e+11 0.516514
664	0.00664951	0	0	7500	2e+11 0.51637
665	0.00665951	0	0	7500	2e+11 0.51637
666	0.00666951	0	0	7500	2e+11 0.516394
667	0.00667951	0	0	7500	2e+11 0.516562
668	0.00668951	0	0	7500	2e+11 0.516562
669	0.00669951	0	0	7500	2e+11 0.516418
670	0.00670951	0	0	7500	2e+11 0.51649
671	0.00671951	0	0	7500	2e+11 0.51649
672	0.00672951	0	0	7500	2e+11 0.51637
673	0.00673951	0	0	7500	2e+11 0.516538
674	0.00674951	0	0	7500	2e+11 0.516538
675	0.00675951	0	0	7500	2e+11 0.51637
676	0.00676951	0	0	7500	2e+11 0.51637
677	0.00677951	0	0	7500	2e+11 0.516442
678	0.00678951	0	0	7500	2e+11 0.516442
679	0.00679951	0	0	7500	2e+11 0.516442
680	0.00680951	0	0	7500	2e+11 0.516442
681	0.00681951	0	0	7500	2e+11 0.516394
682	0.00682951	0	0	7500	2e+11 0.516394
683	0.00683951	0	0	7500	2e+11 0.51637
684	0.00684952	0	0	7500	2e+11 0.516346
685	0.00685952	0	0	7500	2e+11 0.516346
686	0.00686952	0	0	7500	2e+11 0.51637
687	0.00687952	0	0	7500	2e+11 0.516442
688	0.00688952	0	0	7500	2e+11 0.516442
689	0.00689952	0	0	7500	2e+11 0.516418
690	0.00690952	0	0	7500	2e+11 0.516418
691	0.00691952	0	0	7500	2e+11 0.516442
692	0.00692952	0	0	7500	2e+11 0.516442
693	0.00693952	0	0	7500	2e+11 0.516466
694	0.00694952	0	0	7500	2e+11 0.516466
695	0.00695952	0	0	7500	2e+11 0.516466
696	0.00696952	0	0	7500	2e+11 0.516394
697	0.00697952	0	0	7500	2e+11 0.516418
698	0.00698952	0	0	7500	2e+11 0.516418
699	0.00699952	0	0	7500	2e+11 0.51649
700	0.00700952	0	0	7500	2e+11 0.51649
701	0.00701952	0	0	7500	2e+11 0.51637
702	0.00702952	0	0	7500	2e+11 0.51637
703	0.00703952	0	0	7500	2e+11 0.516466
704	0.00704952	0	0	7500	2e+11 0.516466
705	0.00705952	0	0	7500	2e+11 0.516442
706	0.00706952	0	0	7500	2e+11 0.516442
707	0.00707952	0	0	7500	2e+11 0.516442
708	0.00708952	0	0	7500	2e+11 0.516418
709	0.00709952	0	0	7500	2e+11 0.516538
710	0.00710952	0	0	7500	2e+11 0.516538
711	0.00711952	0	0	7500	2e+11 0.516442
712	0.00712952	0	0	7500	2e+11 0.516442
713	0.00713952	0	0	7500	2e+11 0.516442
714	0.00714952	0	0	7500	2e+11 0.516442
715	0.00715952	0	0	7500	2e+11 0.516394
716	0.00716952	0	0	7500	2e+11 0.516562
717	0.00717951	0	0	7500	2e+11 0.516562
718	0.00718951	0	0	7500	2e+11 0.516418
719	0.00719952	0	0	7500	2e+11 0.51649
720	0.00720951	0	0	7500	2e+11 0.51649
721	0.00721952	0	0	7500	2e+11 0.51649
722	0.00722951	0	0	7500	2e+11 0.51649
723	0.00723951	0	0	7500	2e+11 0.516442
724	0.00724951	0	0	7500	2e+11 0.516442
725	0.00725951	0	0	7500	2e+11 0.516442
726	0.00726951	0	0	7500	2e+11 0.516442
727	0.00727951	0	0	7500	2e+11 0.516442
728	0.00728951	0	0	7500	2e+11 0.516442
729	0.00729951	0	0	7500	2e+11 0.516418
730	0.00730951	0	0	7500	2e+11 0.516418
731	0.00731951	0	0	7500	2e+11 0.516514
732	0.00732951	0	0	7500	2e+11 0.516514
733	0.00733951	0	0	7500	2e+11 0.516322
734	0.00734952	0	0	7500	2e+11 0.51637
735	0.00735952	0	0	7500	2e+11 0.516418
736	0.00736952	0	0	7500	2e+11 0.51649
737	0.00737951	0	0	7500	2e+11 0.51649
738	0.00738952	0	0	7500	2e+11 0.516322
739	0.00739952	2.89452e-41	-5.60519e-45	7500	2e+11 0.51637
740	0.00740952	2.60506e-40	-5.04467e-44	7500	2e+11 0.51637
741	0.00741952	1.96827e-39	-3.81153e-43	7500	2e+11 0.516346
742	0.00742952	1.51166e-38	-2.92731e-42	7500	2e+11 0.516346
743	0.00743952	1.08059e-37	-2.09256e-41	7500	2e+11 0.516274
744	0.00744953	7.41045e-37	-1.43503e-40	7500	2e+11 0.516274
745	0.00745953	5.29798e-36	-1.02595e-39	7500	2e+11 0.516226
746	0.00746953	3.62238e-35	-7.01471e-39	7500	2e+11 0.516226
747	0.00747954	2.28296e-34	-4.42093e-38	7500	2e+11 0.516105
748	0.00748955	1.40824e-33	-2.72704e-37	7500	2e+11 0.516129
749	0.00749955	8.4763e-33	-1.64143e-36	7500	2e+11 0.516129
750	0.00750956	5.02163e-32	-9.72435e-36	7500	2e+11 0.519466
751	0.0075195	2.86277e-31	-5.54372e-35	7500	2e+11 0.519466
752	0.00752952	1.69347e-30	-3.2794e-34	7500	2e+11 0.515841
753	0.00753953	9.69938e-30	-1.87828e-33	7500	2e+11 0.516274
754	0.00754953	5.36473e-29	-1.03888e-32	7500	2e+11 0.516274
755	0.00755954	2.77482e-28	-5.37341e-32	7500	2e+11 0.516033
756	0.00756954	1.42165e-27	-2.75301e-31	7500	2e+11 0.516346
757	0.00757955	7.4453e-27	-1.44178e-30	7500	2e+11 0.516346
758	0.00758955	3.72968e-26	-7.22249e-30	7500	2e+11 0.516177
759	0.00759955	1.81175e-25	-3.50844e-29	7500	2e+11 0.516177
760	0.00760956	8.34457e-25	-1.61592e-28	7500	2e+11 0.516298
761	0.00761956	3.90045e-24	-7.55319e-28	7500	2e+11 0.516298
762	0.00762957	1.80463e-23	-3.49465e-27	7500	2e+11 0.516442
763	0.00763956	7.82504e-23	-1.51531e-26	7500	2e+11 0.516442
764	0.00764957	3.33556e-22	-6.45929e-26	7500	2e+11 0.516538
765	0.00765957	1.40471e-21	-2.7202e-25	7500	2e+11 0.516538
766	0.00766957	5.85824e-21	-1.13444e-24	7500	2e+11 0.516346
767	0.00767957	2.43299e-20	-4.71147e-24	7500	2e+11 0.516346
768	0.00768957	9.61825e-20	-1.86257e-23	7500	2e+11 0.516346
769	0.00769957	3.70157e-19	-7.16805e-23	7500	2e+11 0.516346
770	0.00770958	1.42081e-18	-2.75138e-22	7500	2e+11 0.516442
771	0.00771958	5.1992e-18	-1.00682e-21	7500	2e+11 0.516442
772	0.00772958	1.86536e-17	-3.61225e-21	7500	2e+11 0.516346
773	0.00773958	6.64027e-17	-1.28588e-20	7500	2e+11 0.516346
774	0.00774958	2.2996e-16	-4.45316e-20	7500	2e+11 0.516394
775	0.00775958	7.91101e-16	-1.53196e-19	7500	2e+11 0.516394
776	0.00776958	2.64836e-15	-5.12853e-19	7500	2e+11 0.51637
777	0.00777958	8.78939e-15	-1.70206e-18	7500	2e+11 0.51637
778	0.00778959	2.83479e-14	-5.48954e-18	7500	2e+11 0.51649
779	0.00779958	9.04282e-14	-1.75114e-17	7500	2e+11 0.51649
780	0.00780959	2.80579e-13	-5.43339e-17	7500	2e+11 0.516201
781	0.00781965	8.69025e-13	-1.68286e-16	7500	2e+11 0.51541
782	0.00782966	2.63131e-12	-5.09551e-16	7500	2e+11 0.51637
783	0.00783966	7.96486e-12	-1.54239e-15	7500	2e+11 0.51637
784	0.00784967	2.31532e-11	-4.4836e-15	7500	2e+11 0.516466
785	0.00785966	6.41675e-11	-1.2426e-14	7500	2e+11 0.516466
786	0.00786967	1.75713e-10	-3.40268e-14	7500	2e+11 0.516514
787	0.00787966	4.79328e-10	-9.28214e-14	7500	2e+11 0.516514
788	0.00788967	1.28471e-09	-2.48783e-13	7500	2e+11 0.516466
789	0.00789967	3.42796e-09	-6.63821e-13	7500	2e+11 0.516466
790	0.00790967	8.81679e-09	-1.70736e-12	7500	2e+11 0.51661
791	0.00791967	2.20699e-08	-4.27381e-12	7500	2e+11 0.51661
792	0.00792967	5.52082e-08	-1.0691e-11	7500	2e+11 0.516466
793	0.00793967	1.32145e-07	-2.55898e-11	7500	2e+11 0.516466
794	0.00794967	3.12044e-07	-6.04271e-11	7500	2e+11 0.51661
795	0.00795967	7.3366e-07	-1.42073e-10	7500	2e+11 0.51661
796	0.00796967	1.68321e-06	-3.25952e-10	7500	2e+11 0.516322
797	0.00797968	3.83671e-06	-7.42977e-10	7500	2e+11 0.516514
798	0.00798967	8.59766e-06	-1.66493e-09	7500	2e+11 0.516514
799	0.00799967	1.89163e-05	-3.66312e-09	7500	2e+11 0.516514
800	0.00800967	4.06627e-05	-7.87429e-09	7500	2e+11 0.516466
801	0.00801967	8.62156e-05	-1.66956e-08	7500	2e+11 0.516514
802	0.00802967	0.000178238	-3.45157e-08	7500	2e+11 0.516514
803	0.00803967	0.000363105	-7.0315e-08	7500	2e+11 0.516274
804	0.00804968	0.00072897	-1.41164e-07	7500	2e+11 0.516418
805	0.00805968	0.00144168	-2.7918e-07	7500	2e+11 0.516466
806	0.00806968	0.00278232	-5.38794e-07	7500	2e+11 0.516658
807	0.00807967	0.00529068	-1.02453e-06	7500	2e+11 0.516658
808	0.00808967	0.00987042	-1.9114e-06	7500	2e+11 0.51637
809	0.00809967	0.0179576	-3.47748e-06	7500	2e+11 0.51637
810	0.00810968	0.0322467	-6.24454e-06	7500	2e+11 0.516466
811	0.00811968	0.0564433	-1.09302e-05	7500	2e+11 0.516466
812	0.00812968	0.0975067	-1.88821e-05	7500	2e+11 0.51637
813	0.00813968	0.164775	-3.19086e-05	7500	2e+11 0.516322
814	0.00814968	0.271771	-5.26282e-05	7500	2e+11 0.51637
815	0.00815968	0.43798	-8.48146e-05	7500	2e+11 0.51637
816	0.00816968	0.68716	-0.000133068	7500	2e+11 0.516755
817	0.00817967	1.0567	-0.00020463	7500	2e+11 0.516755
818	0.00818967	1.5968	-0.000309218	7500	2e+11 0.516562
819	0.00819967	2.37525	-0.000459965	7500	2e+11 0.516707
820	0.00820966	3.4622	-0.000670452	7500	2e+11 0.516803
821	0.00821966	4.91065	-0.000950943	7500	2e+11 0.517189
822	0.00822964	6.79766	-0.00131636	7500	2e+11 0.517189
823	0.00823963	9.18704	-0.00177906	7500	2e+11 0.517671
824	0.0082496	12.0975	-0.00234267	7500	2e+11 0.517913
825	0.00825957	15.561	-0.00301338	7500	2e+11 0.518204
826	0.00826954	19.5694	-0.0037896	7500	2e+11 0.518785
827	0.00827949	24.0381	-0.00465497	7500	2e+11 0.519271
828	0.00828944	28.7616	-0.00556967	7500	2e+11 0.51932
829	0.00829938	33.5712	-0.00650104	7500	2e+11 0.520246
830	0.00830931	38.207	-0.00739875	7500	2e+11 0.520392
831	0.00831923	42.3694	-0.0082048	7500	2e+11 0.52093
832	0.00832914	45.791	-0.00886739	7500	2e+11 0.521224
833	0.00833905	48.2301	-0.00933973	7500	2e+11 0.521224
834	0.00834896	49.3162	-0.00955005	7500	2e+11 0.521371
835	0.00835886	49.7956	-0.00964288	7500	2e+11 0.521567
836	0.00836877	49.914	-0.00966581	7500	2e+11 0.521567
837	0.00837867	49.9734	-0.00967731	7500	2e+11 0.521567
838	0.00838857	49.9886	-0.00968025	7500	2e+11 0.521567
839	0.00839848	49.9941	-0.00968132	7500	2e+11 0.521567
840	0.00840838	49.996	-0.00968169	7500	2e+11 0.521567
841	0.00841828	49.997	-0.00968188	7500	2e+11 0.52142
842	0.00842819	49.9972	-0.00968192	7500	2e+11 0.521469
843	0.00843809	49.9973	-0.00968194	7500	2e+11 0.521469
844	0.008448	49.9973	-0.00968194	7500	2e+11 0.521469
845	0.0084579	49.9974	-0.00968195	7500	2e+11 0.521518
846	0.0084678	49.9974	-0.00968195	7500	2e+11 0.521518
847	0.00847771	49.9974	-0.00968195	7500	2e+11 0.521371
848	0.00848761	49.9974	-0.00968195	7500	2e+11 0.521371
849	0.00849751	49.9974	-0.00968195	7500	2e+11 0.52142
850	0.00850742	49.9974	-0.00968195	7500	2e+11 0.52142
851	0.00851732	49.9974	-0.00968195	7500	2e+11 0.521469
852	0.00852723	49.9974	-0.00968195	7500	2e+11 0.521469
853	0.00853713	49.9974	-0.00968195	7500	2e+11 0.521567
854	0.00854703	49.9974	-0.00968195	7500	2e+11 0.521567
855	0.00855694	49.9974	-0.00968195	7500	2e+11 0.521371
856	0.00856684	49.9974	-0.00968195	7500	2e+11 0.52142
857	0.00857674	49.9974	-0.00968195	7500	2e+11 0.52142
858	0.00858665	49.9974	-0.00968195	7500	2e+11 0.521469
859	0.00859655	49.9974	-0.00968196	7500	2e+11 0.521567
860	0.00860645	49.9974	-0.00968196	7500	2e+11 0.521567
861	0.00861636	49.9974	-0.00968196	7500	2e+11 0.521469
862	0.00862626	49.9974	-0.00968196	7500	2e+11 0.521469
863	0.00863616	49.9974	-0.00968196	7500	2e+11 0.52142
864	0.00864607	49.9974	-0.00968196	7500	2e+11 0.52142
865	0.00865597	49.9974	-0.00968196	7500	2e+11 0.52142
866	0.00866588	49.9974	-0.00968196	7500	2e+11 0.521469
867	0.00867578	49.9974	-0.00968196	7500	2e+11 0.521469
868	0.00868568	49.9974	-0.00968196	7500	2e+11 0.521371
869	0.00869559	49.9974	-0.00968196	7500	2e+11 0.521469
870	0.00870549	49.9974	-0.00968196	7500	2e+11 0.521469
871	0.0087154	49.9974	-0.00968196	7500	2e+11 0.521518
872	0.0087253	49.9974	-0.00968196	7500	2e+11 0.521518
873	0.0087352	49.9974	-0.00968196	7500	2e+11 0.521616
874	0.0087451	49.9974	-0.00968196	7500	2e+11 0.521616
875	0.00875501	49.9974	-0.00968196	7500	2e+11 0.521322
876	0.00876491	49.9974	-0.00968196	7500	2e+11 0.521469
877	0.00877482	49.9974	-0.00968196	7500	2e+11 0.521518
878	0.00878472	49.9974	-0.00968196	7500	2e+11 0.521518
879	0.00879462	49.9974	-0.00968196	7500	2e+11 0.521469
880	0.00880452	49.9974	-0.00968196	7500	2e+11 0.521469
881	0.00881443	49.9974	-0.00968196	7500	2e+11 0.521371
882	0.00882433	49.9974	-0.00968196	7500	2e+11 0.521567
883	0.00883423	49.9974	-0.00968196	7500	2e+11 0.521567
884	0.00884414	49.9974	-0.00968196	7500	2e+11 0.521469
885	0.00885404	49.9974	-0.00968196	7500	2e+11 0.521469
886	0.00886395	49.9974	-0.00968196	7500	2e+11 0.52142
887	0.00887385	49.9974	-0.00968196	7500	2e+11 0.52142
888	0.00888375	49.9974	-0.00968196	7500	2e+11 0.52142
889	0.00889366	49.9974	-0.00968196	7500	2e+11 0.521469
890	0.00890356	49.9974	-0.00968196	7500	2e+11 0.521518
891	0.00891346	49.9974	-0.00968196	7500	2e+11 0.521518
892	0.00892337	49.9974	-0.00968196	7500	2e+11 0.521469
893	0.00893327	49.9974	-0.00968196	7500	2e+11 0.521469
894	0.00894317	49.9974	-0.00968196	7500	2e+11 0.521469
895	0.00895308	49.9974	-0.00968196	7500	2e+11 0.52142
896	0.00896298	49.9974	-0.00968196	7500	2e+11 0.52142
897	0.00897289	49.9974	-0.00968196	7500	2e+11 0.521469
898	0.00898279	49.9974	-0.00968196	7500	2e+11 0.521469
899	0.0089927	49.9974	-0.00968196	7500	2e+11 0.521469
900	0.0090026	49.9974	-0.00968196	7500	2e+11 0.521469
901	0.0090125	49.9974	-0.00968196	7500	2e+11 0.521518
902	0.0090224	49.9974	-0.00968196	7500	2e+11 0.521518
903	0.00903231	49.9974	-0.00968196	7500	2e+11 0.521469
904	0.00904221	49.9973	-0.00968194	7500	2e+11 0.521469
905	0.00905211	49.9972	-0.00968191	7500	2e+11 0.521469
906	0.00906202	49.9968	-0.00968184	7500	2e+11 0.521371
907	0.00907192	49.9961	-0.00968171	7500	2e+11 0.521469
908	0.00908182	49.9948	-0.00968145	7500	2e+11 0.521469
909	0.00909173	49.9924	-0.00968098	7500	2e+11 0.521469
910	0.00910163	49.9879	-0.00968011	7500	2e+11 0.521518
911	0.00911153	49.9797	-0.00967853	7500	2e+11 0.521518
912	0.00912144	49.9652	-0.00967572	7500	2e+11 0.52142
913	0.00913134	49.9398	-0.00967081	7500	2e+11 0.52142
914	0.00914124	49.8971	-0.00966253	7500	2e+11 0.52142
915	0.00915115	49.8258	-0.00964873	7500	2e+11 0.52142
916	0.00916105	49.7077	-0.00962586	7500	2e+11 0.521371
917	0.00917096	49.5155	-0.00958863	7500	2e+11 0.521224
918	0.00918087	49.2145	-0.00953035	7500	2e+11 0.52142
919	0.00919077	48.7629	-0.0094429	7500	2e+11 0.52142
920	0.00920068	48.0913	-0.00931285	7500	2e+11 0.521273
921	0.00921059	47.1193	-0.00912461	7500	2e+11 0.521126
922	0.0092205	45.7242	-0.00885446	7500	2e+11 0.520979
923	0.00923041	43.7961	-0.00848107	7500	2e+11 0.52093
924	0.00924033	41.2409	-0.00798627	7500	2e+11 0.520588
925	0.00925026	37.9067	-0.00734061	7500	2e+11 0.520197
926	0.00926019	33.7759	-0.00654067	7500	2e+11 0.519904
927	0.00927014	28.931	-0.00560246	7500	2e+11 0.519369
928	0.00928009	23.4972	-0.00455022	7500	2e+11 0.518737
929	0.00929005	17.7526	-0.00343777	7500	2e+11 0.518349
930	0.00930003	12.1186	-0.00234677	7500	2e+11 0.517768
931	0.00931001	7.1164	-0.00137808	7500	2e+11 0.517237
932	0.00932	3.25532	-0.00063039	7500	2e+11 0.516755
933	0.00933	1.05046	-0.000203422	7500	2e+11 0.516562
934	0.00934	0.363801	-7.04499e-05	7500	2e+11 0.516466
935	0.00935	0.137379	-2.66034e-05	7500	2e+11 0.516418
936	0.00936	0.0455716	-8.8249e-06	7500	2e+11 0.516418
937	0.00937	0.0135052	-2.61527e-06	7500	2e+11 0.516418
938	0.00938	0.00551932	-1.06881e-06	7500	2e+11 0.516418
939	0.00939	0.0019518	-3.77965e-07	7500	2e+11 0.516418
940	0.0094	0.000732341	-1.41817e-07	7500	2e+11 0.516418
941	0.00941	0.000268982	-5.20882e-08	7500	2e+11 0.516418
942	0.00942	9.76435e-05	-1.89086e-08	7500	2e+11 0.516418
943	0.00943	3.8984e-05	-7.54923e-09	7500	2e+11 0.516418
944	0.00944	1.33493e-05	-2.58508e-09	7500	2e+11 0.516418
945	0.00945	5.21645e-06	-1.01016e-09	7500	2e+11 0.516418
946	0.00946	1.79283e-06	-3.4718e-10	7500	2e+11 0.516418
947	0.00947	6.18261e-07	-1.19726e-10	7500	2e+11 0.516418
948	0.00948	2.87183e-07	-5.56127e-11	7500	2e+11 0.516418
949	0.00949	9.03593e-08	-1.7498e-11	7500	2e+11 0.516418
950	0.0095	3.37411e-08	-6.53393e-12	7500	2e+11 0.516418
951	0.00951	1.20784e-08	-2.33898e-12	7500	2e+11 0.516418
952	0.00952	4.40319e-09	-8.52674e-13	7500	2e+11 0.516418
953	0.00953	1.62417e-09	-3.14519e-13	7500	2e+11 0.516418
954	0.00954	6.56235e-10	-1.27079e-13	7500	2e+11 0.516418
955	0.00955	2.54246e-10	-4.92345e-14	7500	2e+11 0.516418
956	0.00956	8.03089e-11	-1.55518e-14	7500	2e+11 0.516418
957	0.00957	3.2559e-11	-6.30503e-15	7500	2e+11 0.516418
958	0.00958	1.1323e-11	-2.19269e-15	7500	2e+11 0.516418
959	0.00959	3.52611e-12	-6.82828e-16	7500	2e+11 0.516418
960	0.0096	1.35236e-12	-2.61883e-16	7500	2e+11 0.516418
961	0.00961	4.95519e-13	-9.59568e-17	7500	2e+11 0.516418
962	0.00962	1.80214e-13	-3.48983e-17	7500	2e+11 0.516418
963	0.00963	5.65426e-14	-1.09494e-17	7500	2e+11 0.516418
964	0.00964	1.37799e-14	-2.66847e-18	7500	2e+11 0.516418
965	0.00965	6.08754e-15	-1.17885e-18	7500	2e+11 0.516418
966	0.00966	2.06338e-15	-3.99571e-19	7500	2e+11 0.516418
967	0.00967	7.42417e-16	-1.43769e-19	7500	2e+11 0.516418
968	0.00968	2.15333e-16	-4.1699e-20	7500	2e+11 0.516418
969	0.00969	7.27822e-17	-1.40942e-20	7500	2e+11 0.516418
970	0.0097	3.30671e-17	-6.40341e-21	7500	2e+11 0.516418
971	0.00971	1.08222e-17	-2.09571e-21	7500	2e+11 0.516418
972	0.00972	4.10459e-18	-7.94851e-22	7500	2e+11 0.516418
973	0.00973	1.18812e-18	-2.30079e-22	7500	2e+11 0.516418
974	0.00974	4.14109e-19	-8.01918e-23	7500	2e+11 0.516418
975	0.00975	1.58365e-19	-3.06672e-23	7500	2e+11 0.516418
976	0.00976	6.03179e-20	-1.16805e-23	7500	2e+11 0.516418
977	0.00977	2.21762e-20	-4.29441e-24	7500	2e+11 0.516418
978	0.00978	8.0044e-21	-1.55004e-24	7500	2e+11 0.516418
979	0.00979	2.10492e-21	-4.07616e-25	7500	2e+11 0.516418
980	0.0098	1.00427e-21	-1.94475e-25	7500	2e+11 0.516418
981	0.00981	3.64946e-22	-7.06715e-26	7500	2e+11 0.516418
982	0.00982	1.36154e-22	-2.63661e-26	7500	2e+11 0.516418
983	0.00983	3.75871e-23	-7.27872e-27	7500	2e+11 0.516418
984	0.00984	1.31712e-23	-2.5506e-27	7500	2e+11 0.516418
985	0.00985	4.68261e-24	-9.06783e-28	7500	2e+11 0.516418
986	0.00986	1.70651e-24	-3.30464e-28	7500	2e+11 0.516418
987	0.00987	5.4831e-25	-1.0618e-28	7500	2e+11 0.516418
988	0.00988	2.10523e-25	-4.07676e-29	7500	2e+11 0.516418
989	0.00989	6.83554e-26	-1.3237e-29	7500	2e+11 0.516418
990	0.0099	2.59468e-26	-5.02458e-30	7500	2e+11 0.516418
991	0.00991	1.0723e-26	-2.0765e-30	7500	2e+11 0.516418
992	0.00992	3.03374e-27	-5.87481e-31	7500	2e+11 0.516418
993	0.00993	1.37159e-27	-2.65608e-31	7500	2e+11 0.516418
994	0.00994	5.10636e-28	-9.88848e-32	7500	2e+11 0.516418
995	0.00995	1.46379e-28	-2.83483e-32	7500	2e+11 0.516418
996	0.00996	6.96376e-29	-1.34899e-32	7500	2e+11 0.516418
997	0.00997	2.07692e-29	-4.03559e-33	7500	2e+11 0.516418
998	0.00998	6.36756e-30	-1.28301e-33	7500	2e+11 0.516418
999	0.00999	2.27193e-30	-5.73253e-34	7500	2e+11 0.516418
1000	0.01	0	-4.00827e-34	7500	2e+11 0.516418
