0	0	0	0	7500	2e+11 0.516398
1	1e-05	0	0	7500	2e+11 0.516398
2	2e-05	0	0	7500	2e+11 0.516398
3	3e-05	0	0	7500	2e+11 0.516398
4	4e-05	0	0	7500	2e+11 0.516398
5	5e-05	0	0	7500	2e+11 0.516398
6	6e-05	0	0	7500	2e+11 0.516398
7	7e-05	0	0	7500	2e+11 0.516398
8	8e-05	0	0	7500	2e+11 0.516398
9	9e-05	0	0	7500	2e+11 0.516398
10	0.0001	0	0	7500	2e+11 0.516398
11	0.00011	0	0	7500	2e+11 0.516398
12	0.00012	0	0	7500	2e+11 0.516398
13	0.00013	0	0	7500	2e+11 0.516398
14	0.00014	0	0	7500	2e+11 0.516398
15	0.00015	0	0	7500	2e+11 0.516398
16	0.00016	0	0	7500	2e+11 0.516398
17	0.00017	0	0	7500	2e+11 0.516398
18	0.00018	0	0	7500	2e+11 0.516398
19	0.00019	0	0	7500	2e+11 0.516398
20	0.0002	0	0	7500	2e+11 0.516398
21	0.00021	0	0	7500	2e+11 0.516398
22	0.00022	0	0	7500	2e+11 0.516398
23	0.00023	0	0	7500	2e+11 0.516398
24	0.00024	0	0	7500	2e+11 0.516398
25	0.00025	0	0	7500	2e+11 0.516398
26	0.00026	0	0	7500	2e+11 0.516398
27	0.00027	0	0	7500	2e+11 0.516398
28	0.00028	0	0	7500	2e+11 0.516398
29	0.00029	0	0	7500	2e+11 0.516398
30	0.0003	0	0	7500	2e+11 0.516398
31	0.00031	0	0	7500	2e+11 0.516398
32	0.00032	0	0	7500	2e+11 0.516398
33	0.00033	0	0	7500	2e+11 0.516398
34	0.00034	0	0	7500	2e+11 0.516398
35	0.00035	0	0	7500	2e+11 0.516398
36	0.00036	0	0	7500	2e+11 0.516398
37	0.00037	0	0	7500	2e+11 0.516398
38	0.00038	0	0	7500	2e+11 0.516398
39	0.00039	0	0	7500	2e+11 0.516398
40	0.0004	0	0	7500	2e+11 0.516398
41	0.00041	0	0	7500	2e+11 0.516398
42	0.00042	0	0	7500	2e+11 0.516398
43	0.00043	0	0	7500	2e+11 0.516398
44	0.00044	0	0	7500	2e+11 0.516398
45	0.00045	0	0	7500	2e+11 0.516398
46	0.00046	0	0	7500	2e+11 0.516398
47	0.00047	0	0	7500	2e+11 0.516398
48	0.00048	0	0	7500	2e+11 0.516398
49	0.00049	0	0	7500	2e+11 0.5164
50	0.0005	0	0	7500	2e+11 0.5164
51	0.00051	0	0	7500	2e+11 0.516397
52	0.00052	0	0	7500	2e+11 0.5164
53	0.00053	0	0	7500	2e+11 0.5164
54	0.00054	0	0	7500	2e+11 0.516397
55	0.00055	0	0	7500	2e+11 0.5164
56	0.00056	0	0	7500	2e+11 0.5164
57	0.00057	0	0	7500	2e+11 0.516397
58	0.00058	0	0	7500	2e+11 0.516397
59	0.00059	0	0	7500	2e+11 0.5164
60	0.0006	0	0	7500	2e+11 0.5164
61	0.00061	0	0	7500	2e+11 0.516397
62	0.00062	0	0	7500	2e+11 0.5164
63	0.00063	0	0	7500	2e+11 0.5164
64	0.00064	0	0	7500	2e+11 0.516397
65	0.00065	0	0	7500	2e+11 0.5164
66	0.00066	0	0	7500	2e+11 0.5164
67	0.00067	0	0	7500	2e+11 0.516397
68	0.00068	0	0	7500	2e+11 0.5164
69	0.00069	0	0	7500	2e+11 0.5164
70	0.0007	0	0	7500	2e+11 0.516397
71	0.00071	0	0	7500	2e+11 0.516397
72	0.00072	0	0	7500	2e+11 0.5164
73	0.00073	0	0	7500	2e+11 0.5164
74	0.00074	0	0	7500	2e+11 0.516397
75	0.00075	0	0	7500	2e+11 0.5164
76	0.00076	0	0	7500	2e+11 0.5164
77	0.00077	0	0	7500	2e+11 0.516397
78	0.00078	0	0	7500	2e+11 0.5164
79	0.00079	0	0	7500	2e+11 0.5164
80	0.0008	0	0	7500	2e+11 0.516397
81	0.00081	0	0	7500	2e+11 0.5164
82	0.00082	0	0	7500	2e+11 0.5164
83	0.00083	0	0	7500	2e+11 0.516397
84	0.00084	0	0	7500	2e+11 0.5164
85	0.00085	0	0	7500	2e+11 0.5164
86	0.00086	0	0	7500	2e+11 0.516397
87	0.00087	0	0	7500	2e+11 0.5164
88	0.00088	0	0	7500	2e+11 0.5164
89	0.00089	0	0	7500	2e+11 0.516397
90	0.0009	0	0	7500	2e+11 0.516397
91	0.00091	0	0	7500	2e+11 0.5164
92	0.00092	0	0	7500	2e+11 0.5164
93	0.00093	0	0	7500	2e+11 0.516397
94	0.00094	0	0	7500	2e+11 0.5164
95	0.00095	0	0	7500	2e+11 0.5164
96	0.00096	0	0	7500	2e+11 0.516397
97	0.00097	0	0	7500	2e+11 0.516397
98	0.00098	0	0	7500	2e+11 0.5164
99	0.00099	0	0	7500	2e+11 0.5164
100	0.001	0	0	7500	2e+11 0.5164
101	0.00101	0	0	7500	2e+11 0.5164
102	0.00102	0	0	7500	2e+11 0.5164
103	0.00103	0	0	7500	2e+11 0.5164
104	0.00104	0	0	7500	2e+11 0.5164
105	0.00105	0	0	7500	2e+11 0.5164
106	0.00106	0	0	7500	2e+11 0.5164
107	0.00107	0	0	7500	2e+11 0.5164
108	0.00108	0	0	7500	2e+11 0.5164
109	0.00109	0	0	7500	2e+11 0.5164
110	0.0011	0	0	7500	2e+11 0.5164
111	0.00111	0	0	7500	2e+11 0.5164
112	0.00112	0	0	7500	2e+11 0.5164
113	0.00113	0	0	7500	2e+11 0.5164
114	0.00114	0	0	7500	2e+11 0.5164
115	0.00115	0	0	7500	2e+11 0.5164
116	0.00116	0	0	7500	2e+11 0.5164
117	0.00117	0	0	7500	2e+11 0.5164
118	0.00118	0	0	7500	2e+11 0.5164
119	0.00119	0	0	7500	2e+11 0.5164
120	0.0012	0	0	7500	2e+11 0.5164
121	0.00121	0	0	7500	2e+11 0.5164
122	0.00122	0	0	7500	2e+11 0.5164
123	0.00123	0	0	7500	2e+11 0.5164
124	0.00124	0	0	7500	2e+11 0.5164
125	0.00125	0	0	7500	2e+11 0.5164
126	0.00126	0	0	7500	2e+11 0.5164
127	0.00127	0	0	7500	2e+11 0.5164
128	0.00128	0	0	7500	2e+11 0.5164
129	0.00129	0	0	7500	2e+11 0.5164
130	0.0013	0	0	7500	2e+11 0.5164
131	0.00131	0	0	7500	2e+11 0.5164
132	0.00132	0	0	7500	2e+11 0.5164
133	0.00133	0	0	7500	2e+11 0.5164
134	0.00134	0	0	7500	2e+11 0.5164
135	0.00135	0	0	7500	2e+11 0.5164
136	0.00136	0	0	7500	2e+11 0.5164
137	0.00137	0	0	7500	2e+11 0.5164
138	0.00138	0	0	7500	2e+11 0.5164
139	0.00139	5.12618e-38	9.9268e-42	7500	2e+11 0.5164
140	0.0014	1.31461e-37	2.54574e-41	7500	2e+11 0.5164
141	0.00141	2.307e-37	4.46748e-41	7500	2e+11 0.5164
142	0.00142	3.41994e-37	6.62268e-41	7500	2e+11 0.5164
143	0.00143	4.59894e-37	8.90581e-41	7500	2e+11 0.5164
144	0.00144	5.71875e-37	1.10743e-40	7500	2e+11 0.5164
145	0.00145	6.60021e-37	1.27812e-40	7500	2e+11 0.5164
146	0.00146	7.11601e-37	1.37801e-40	7500	2e+11 0.5164
147	0.00147	7.23627e-37	1.4013e-40	7500	2e+11 0.5164
148	0.00148	1.44726e-36	2.80261e-40	7500	2e+11 0.5164
149	0.00149	5.84778e-36	1.13242e-39	7500	2e+11 0.5164
150	0.0015	1.88373e-35	3.64783e-39	7500	2e+11 0.5164
151	0.00151	5.69688e-35	1.1032e-38	7500	2e+11 0.5164
152	0.00152	1.81629e-34	3.51723e-38	7500	2e+11 0.5164
153	0.00153	4.80801e-34	9.31067e-38	7500	2e+11 0.5164
154	0.00154	1.30326e-33	2.52375e-37	7500	2e+11 0.5164
155	0.00155	3.67021e-33	7.10733e-37	7500	2e+11 0.5164
156	0.00156	9.36754e-33	1.81402e-36	7500	2e+11 0.5164
157	0.00157	3.04243e-32	5.89164e-36	7500	2e+11 0.5164
158	0.00158	8.04e-32	1.55694e-35	7500	2e+11 0.5164
159	0.00159	2.19293e-31	4.2466e-35	7500	2e+11 0.5164
160	0.0016	4.64287e-31	8.99088e-35	7500	2e+11 0.5164
161	0.00161	1.21729e-30	2.35727e-34	7500	2e+11 0.5164
162	0.00162	3.62441e-30	7.01863e-34	7500	2e+11 0.5164
163	0.00163	1.11088e-29	2.1512e-33	7500	2e+11 0.5164
164	0.00164	2.91861e-29	5.65186e-33	7500	2e+11 0.5164
165	0.00165	9.66762e-29	1.87213e-32	7500	2e+11 0.5164
166	0.00166	2.69376e-28	5.21644e-32	7500	2e+11 0.5164
167	0.00167	7.34019e-28	1.42142e-31	7500	2e+11 0.5164
168	0.00168	2.12449e-27	4.11406e-31	7500	2e+11 0.5164
169	0.00169	5.88274e-27	1.13919e-30	7500	2e+11 0.5164
170	0.0017	1.6645e-26	3.2233e-30	7500	2e+11 0.5164
171	0.00171	4.28722e-26	8.30216e-30	7500	2e+11 0.5164
172	0.00172	1.34719e-25	2.60883e-29	7500	2e+11 0.5164
173	0.00173	3.57555e-25	6.92402e-29	7500	2e+11 0.5164
174	0.00174	1.17997e-24	2.285e-28	7500	2e+11 0.5164
175	0.00175	2.89955e-24	5.61496e-28	7500	2e+11 0.5164
176	0.00176	8.47876e-24	1.6419e-27	7500	2e+11 0.5164
177	0.00177	2.27129e-23	4.39833e-27	7500	2e+11 0.5164
178	0.00178	6.50645e-23	1.25997e-26	7500	2e+11 0.5164
179	0.00179	1.94535e-22	3.76715e-26	7500	2e+11 0.5164
180	0.0018	4.92527e-22	9.53775e-26	7500	2e+11 0.5164
181	0.00181	1.15393e-21	2.23457e-25	7500	2e+11 0.5164
182	0.00182	2.67068e-21	5.17175e-25	7500	2e+11 0.5164
183	0.00183	8.91631e-21	1.72664e-24	7500	2e+11 0.5164
184	0.00184	2.53586e-20	4.91067e-24	7500	2e+11 0.5164
185	0.00185	5.6964e-20	1.1031e-23	7500	2e+11 0.5164
186	0.00186	1.25544e-19	2.43115e-23	7500	2e+11 0.5164
187	0.00187	4.05282e-19	7.84826e-23	7500	2e+11 0.5164
188	0.00188	9.66812e-19	1.87222e-22	7500	2e+11 0.5164
189	0.00189	2.76079e-18	5.34624e-22	7500	2e+11 0.5164
190	0.0019	7.91965e-18	1.53363e-21	7500	2e+11 0.5164
191	0.00191	2.37337e-17	4.596e-21	7500	2e+11 0.5164
192	0.00192	6.79373e-17	1.3156e-20	7500	2e+11 0.5164
193	0.00193	1.44611e-16	2.80039e-20	7500	2e+11 0.5164
194	0.00194	4.72911e-16	9.15789e-20	7500	2e+11 0.5164
195	0.00195	1.47508e-15	2.85648e-19	7500	2e+11 0.5164
196	0.00196	3.40689e-15	6.59741e-19	7500	2e+11 0.516406
197	0.00197	8.38422e-15	1.6236e-18	7500	2e+11 0.516406
198	0.00198	2.25188e-14	4.36076e-18	7500	2e+11 0.516394
199	0.00199	6.72847e-14	1.30296e-17	7500	2e+11 0.516406
200	0.002	1.87321e-13	3.62745e-17	7500	2e+11 0.516406
201	0.00201	5.37892e-13	1.04162e-16	7500	2e+11 0.516394
202	0.00202	1.90507e-12	3.68915e-16	7500	2e+11 0.516406
203	0.00203	4.73922e-12	9.17746e-16	7500	2e+11 0.516406
204	0.00204	1.54333e-11	2.98864e-15	7500	2e+11 0.516394
205	0.00205	3.98909e-11	7.72483e-15	7500	2e+11 0.516406
206	0.00206	1.084e-10	2.09915e-14	7500	2e+11 0.516406
207	0.00207	2.28642e-10	4.42764e-14	7500	2e+11 0.516394
208	0.00208	7.59772e-10	1.47129e-13	7500	2e+11 0.516406
209	0.00209	1.98242e-09	3.83895e-13	7500	2e+11 0.516406
210	0.0021	5.85579e-09	1.13397e-12	7500	2e+11 0.516394
211	0.00211	1.63489e-08	3.16596e-12	7500	2e+11 0.516406
212	0.00212	5.082e-08	9.84125e-12	7500	2e+11 0.516406
213	0.00213	1.20709e-07	2.33752e-11	7500	2e+11 0.516394
214	0.00214	3.81571e-07	7.3891e-11	7500	2e+11 0.516406
215	0.00215	1.1047e-06	2.13925e-10	7500	2e+11 0.516406
216	0.00216	3.00869e-06	5.8263e-10	7500	2e+11 0.516394
217	0.00217	8.11745e-06	1.57194e-09	7500	2e+11 0.516406
218	0.00218	2.52652e-05	4.89259e-09	7500	2e+11 0.516406
219	0.00219	6.04228e-05	1.17008e-08	7500	2e+11 0.516394
220	0.0022	0.000138406	2.68021e-08	7500	2e+11 0.516406
221	0.00221	0.000413674	8.01076e-08	7500	2e+11 0.516406
222	0.00222	0.00137264	2.65811e-07	7500	2e+11 0.516394
223	0.00223	0.00369274	7.15096e-07	7500	2e+11 0.516406
224	0.00224	0.0086601	1.67702e-06	7500	2e+11 0.516406
225	0.00225	0.0275724	5.33937e-06	7500	2e+11 0.516394
226	0.00226	0.0639621	1.23862e-05	7500	2e+11 0.516394
227	0.00227	0.210538	4.07704e-05	7500	2e+11 0.516394
228	0.00228	0.573001	0.000110961	7500	2e+11 0.516382
229	0.00229	1.5732	0.000304649	7500	2e+11 0.516322
230	0.00230001	3.18109	0.000616015	7500	2e+11 0.516189
231	0.00231001	5.3299	0.00103213	7500	2e+11 0.516045
232	0.00232002	7.93026	0.00153569	7500	2e+11 0.515805
233	0.00233004	10.8813	0.00210716	7500	2e+11 0.515518
234	0.00234006	14.0785	0.00272629	7500	2e+11 0.515266
235	0.00235009	17.4223	0.00337382	7500	2e+11 0.514919
236	0.00236013	20.8186	0.00403151	7500	2e+11 0.514585
237	0.00237017	24.1823	0.00468288	7500	2e+11 0.514239
238	0.00238022	27.4394	0.00531362	7500	2e+11 0.513929
239	0.00239027	30.5305	0.00591222	7500	2e+11 0.513608
240	0.00240033	33.4087	0.00646957	7500	2e+11 0.513251
241	0.0024104	36.0391	0.00697894	7500	2e+11 0.513085
242	0.00242047	38.4016	0.00743644	7500	2e+11 0.512705
243	0.00243054	40.4871	0.00784029	7500	2e+11 0.512527
244	0.00244062	42.2964	0.00819067	7500	2e+11 0.512362
245	0.00245071	43.8416	0.00848988	7500	2e+11 0.512125
246	0.00246079	45.1392	0.00874116	7500	2e+11 0.512019
247	0.00247088	46.2125	0.00894902	7500	2e+11 0.511889
248	0.00248097	47.0859	0.00911815	7500	2e+11 0.511782
249	0.00249106	47.7858	0.00925367	7500	2e+11 0.511735
250	0.00250116	48.3389	0.00936079	7500	2e+11 0.511617
251	0.00251125	48.7692	0.00944411	7500	2e+11 0.51157
252	0.00252134	49.0992	0.00950801	7500	2e+11 0.51157
253	0.00253144	49.3486	0.00955632	7500	2e+11 0.511511
254	0.00254154	49.5346	0.00959234	7500	2e+11 0.511558
255	0.00255163	49.6715	0.00961884	7500	2e+11 0.511558
256	0.00256173	49.771	0.00963812	7500	2e+11 0.511476
257	0.00257182	49.8424	0.00965195	7500	2e+11 0.511476
258	0.00258192	49.893	0.00966175	7500	2e+11 0.511464
259	0.00259202	49.9284	0.0096686	7500	2e+11 0.511464
260	0.00260211	49.9529	0.00967335	7500	2e+11 0.511452
261	0.00261221	49.9697	0.00967659	7500	2e+11 0.511464
262	0.00262231	49.9811	0.00967879	7500	2e+11 0.511464
263	0.00263241	49.9887	0.00968027	7500	2e+11 0.511452
264	0.0026425	49.9937	0.00968124	7500	2e+11 0.511452
265	0.0026526	49.997	0.00968188	7500	2e+11 0.511428
266	0.0026627	49.9992	0.0096823	7500	2e+11 0.51144
267	0.0026728	50.0006	0.00968257	7500	2e+11 0.511464
268	0.00268289	50.0014	0.00968273	7500	2e+11 0.511464
269	0.00269299	50.002	0.00968284	7500	2e+11 0.511405
270	0.00270309	50.0023	0.0096829	7500	2e+11 0.51144
271	0.00271319	50.0025	0.00968294	7500	2e+11 0.511464
272	0.00272328	50.0025	0.00968295	7500	2e+11 0.511464
273	0.00273338	50.0026	0.00968296	7500	2e+11 0.511417
274	0.00274348	50.0026	0.00968296	7500	2e+11 0.51144
275	0.00275357	50.0026	0.00968296	7500	2e+11 0.51144
276	0.00276367	50.0026	0.00968296	7500	2e+11 0.511405
277	0.00277377	50.0026	0.00968296	7500	2e+11 0.511417
278	0.00278387	50.0026	0.00968296	7500	2e+11 0.51144
279	0.00279396	50.0026	0.00968296	7500	2e+11 0.51144
280	0.00280406	50.0026	0.00968296	7500	2e+11 0.51144
281	0.00281416	50.0026	0.00968296	7500	2e+11 0.511428
282	0.00282425	50.0026	0.00968296	7500	2e+11 0.51144
283	0.00283435	50.0026	0.00968296	7500	2e+11 0.51144
284	0.00284445	50.0026	0.00968296	7500	2e+11 0.511476
285	0.00285454	50.0026	0.00968296	7500	2e+11 0.511476
286	0.00286464	50.0026	0.00968296	7500	2e+11 0.511417
287	0.00287474	50.0026	0.00968296	7500	2e+11 0.511428
288	0.00288484	50.0026	0.00968296	7500	2e+11 0.51144
289	0.00289493	50.0026	0.00968296	7500	2e+11 0.51144
290	0.00290503	50.0026	0.00968296	7500	2e+11 0.51144
291	0.00291513	50.0026	0.00968296	7500	2e+11 0.51144
292	0.00292523	50.0026	0.00968296	7500	2e+11 0.51144
293	0.00293532	50.0026	0.00968296	7500	2e+11 0.51144
294	0.00294542	50.0026	0.00968296	7500	2e+11 0.511464
295	0.00295552	50.0026	0.00968296	7500	2e+11 0.511464
296	0.00296562	50.0026	0.00968296	7500	2e+11 0.511476
297	0.00297571	50.0026	0.00968296	7500	2e+11 0.511476
298	0.00298581	50.0026	0.00968296	7500	2e+11 0.511452
299	0.00299591	50.0026	0.00968296	7500	2e+11 0.511452
300	0.003006	50.0026	0.00968296	7500	2e+11 0.511487
301	0.0030161	50.0026	0.00968296	7500	2e+11 0.511487
302	0.0030262	50.0026	0.00968296	7500	2e+11 0.511428
303	0.0030363	50.0026	0.00968295	7500	2e+11 0.51144
304	0.00304639	50.0025	0.00968295	7500	2e+11 0.51144
305	0.00305649	50.0025	0.00968295	7500	2e+11 0.511464
306	0.00306659	50.0025	0.00968295	7500	2e+11 0.511464
307	0.00307668	50.0025	0.00968295	7500	2e+11 0.511417
308	0.00308678	50.0025	0.00968294	7500	2e+11 0.51144
309	0.00309688	50.0025	0.00968294	7500	2e+11 0.51144
310	0.00310698	50.0025	0.00968294	7500	2e+11 0.511428
311	0.00311707	50.0025	0.00968294	7500	2e+11 0.511428
312	0.00312717	50.0025	0.00968294	7500	2e+11 0.511476
313	0.00313727	50.0025	0.00968294	7500	2e+11 0.511476
314	0.00314736	50.0025	0.00968294	7500	2e+11 0.511428
315	0.00315746	50.0025	0.00968294	7500	2e+11 0.511428
316	0.00316756	50.0025	0.00968294	7500	2e+11 0.511476
317	0.00317766	50.0025	0.00968294	7500	2e+11 0.511476
318	0.00318775	50.0025	0.00968294	7500	2e+11 0.511417
319	0.00319785	50.0025	0.00968294	7500	2e+11 0.511464
320	0.00320795	50.0024	0.00968293	7500	2e+11 0.511464
321	0.00321804	50.0024	0.00968292	7500	2e+11 0.511428
322	0.00322814	50.0023	0.00968289	7500	2e+11 0.51144
323	0.00323824	50.0018	0.00968281	7500	2e+11 0.51144
324	0.00324834	50.0005	0.00968255	7500	2e+11 0.511464
325	0.00325843	49.9969	0.00968186	7500	2e+11 0.511464
326	0.00326853	49.9849	0.00967953	7500	2e+11 0.51144
327	0.00327863	49.9624	0.00967519	7500	2e+11 0.511464
328	0.00328872	49.8691	0.00965712	7500	2e+11 0.511464
329	0.00329882	49.6745	0.00961943	7500	2e+11 0.511511
330	0.00330892	49.0767	0.00950366	7500	2e+11 0.51157
331	0.00331901	47.4449	0.00918767	7500	2e+11 0.511712
332	0.0033291	44.681	0.00865243	7500	2e+11 0.512007
333	0.00333919	41.0322	0.00794586	7500	2e+11 0.512445
334	0.00334927	36.7704	0.00712056	7500	2e+11 0.512776
335	0.00335934	32.1884	0.00623327	7500	2e+11 0.51331
336	0.0033694	27.5611	0.00533718	7500	2e+11 0.51375
337	0.00337945	23.116	0.00447639	7500	2e+11 0.514203
338	0.00338949	19.0171	0.00368264	7500	2e+11 0.514644
339	0.00339953	15.3658	0.00297557	7500	2e+11 0.514931
340	0.00340955	12.2097	0.0023644	7500	2e+11 0.515218
341	0.00341958	9.55259	0.00184985	7500	2e+11 0.51547
342	0.0034296	7.36551	0.00142633	7500	2e+11 0.515709
343	0.00343961	5.6013	0.00108469	7500	2e+11 0.515853
344	0.00344962	4.203	0.000813908	7500	2e+11 0.516045
345	0.00345963	3.11497	0.000603211	7500	2e+11 0.516093
346	0.00346963	2.28214	0.000441934	7500	2e+11 0.516165
347	0.00347964	1.65235	0.000319976	7500	2e+11 0.516201
348	0.00348964	1.18292	0.000229071	7500	2e+11 0.516346
349	0.00349964	0.838108	0.000162299	7500	2e+11 0.516346
350	0.00350964	0.587264	0.000113723	7500	2e+11 0.516346
351	0.00351964	0.407307	7.88746e-05	7500	2e+11 0.516418
352	0.00352964	0.27976	5.41752e-05	7500	2e+11 0.516418
353	0.00353965	0.190266	3.68448e-05	7500	2e+11 0.516382
354	0.00354965	0.128072	2.48011e-05	7500	2e+11 0.516382
355	0.00355965	0.0853559	1.65291e-05	7500	2e+11 0.516394
356	0.00356965	0.0563464	1.09114e-05	7500	2e+11 0.51643
357	0.00357965	0.036828	7.13172e-06	7500	2e+11 0.51643
358	0.00358965	0.0238393	4.61647e-06	7500	2e+11 0.516466
359	0.00359965	0.0152945	2.96176e-06	7500	2e+11 0.516466
360	0.00360965	0.00972482	1.8832e-06	7500	2e+11 0.516406
361	0.00361965	0.00612136	1.1854e-06	7500	2e+11 0.516406
362	0.00362965	0.00381829	7.39409e-07	7500	2e+11 0.51643
363	0.00363965	0.00236142	4.57287e-07	7500	2e+11 0.51643
364	0.00364965	0.00144657	2.80126e-07	7500	2e+11 0.516418
365	0.00365965	0.000878228	1.70068e-07	7500	2e+11 0.51643
366	0.00366965	0.00052828	1.02301e-07	7500	2e+11 0.51643
367	0.00367965	0.000314892	6.09786e-08	7500	2e+11 0.516502
368	0.00368965	0.000186139	3.60456e-08	7500	2e+11 0.516502
369	0.00369965	0.000109133	2.11335e-08	7500	2e+11 0.516382
370	0.00370965	6.34145e-05	1.22802e-08	7500	2e+11 0.51643
371	0.00371965	3.6535e-05	7.07497e-09	7500	2e+11 0.51643
372	0.00372965	2.08879e-05	4.04493e-09	7500	2e+11 0.516406
373	0.00373965	1.18418e-05	2.29316e-09	7500	2e+11 0.51637
374	0.00374965	6.65633e-06	1.28899e-09	7500	2e+11 0.516442
375	0.00375965	3.70742e-06	7.1794e-10	7500	2e+11 0.516442
376	0.00376965	2.04732e-06	3.96462e-10	7500	2e+11 0.516442
377	0.00377965	1.12091e-06	2.17063e-10	7500	2e+11 0.516442
378	0.00378965	6.08563e-07	1.17848e-10	7500	2e+11 0.516394
379	0.00379965	3.28089e-07	6.35341e-11	7500	2e+11 0.516442
380	0.00380965	1.75614e-07	3.40075e-11	7500	2e+11 0.516442
381	0.00381965	9.31299e-08	1.80345e-11	7500	2e+11 0.516454
382	0.00382965	4.90006e-08	9.48893e-12	7500	2e+11 0.516454
383	0.00383965	2.55551e-08	4.94872e-12	7500	2e+11 0.516394
384	0.00384965	1.32401e-08	2.56393e-12	7500	2e+11 0.516442
385	0.00385965	6.80708e-09	1.31819e-12	7500	2e+11 0.516442
386	0.00386965	3.46999e-09	6.71961e-13	7500	2e+11 0.516394
387	0.00387965	1.75474e-09	3.39803e-13	7500	2e+11 0.516394
388	0.00388965	8.80508e-10	1.7051e-13	7500	2e+11 0.516382
389	0.00389965	4.38664e-10	8.4947e-14	7500	2e+11 0.516947
390	0.00390964	2.16685e-10	4.19608e-14	7500	2e+11 0.517551
391	0.00391962	1.06274e-10	2.05799e-14	7500	2e+11 0.517551
392	0.00392961	5.1689e-11	1.00095e-14	7500	2e+11 0.516514
393	0.00393962	2.49532e-11	4.83216e-15	7500	2e+11 0.51649
394	0.00394961	1.19779e-11	2.31952e-15	7500	2e+11 0.51649
395	0.00395962	5.71574e-12	1.10685e-15	7500	2e+11 0.51637
396	0.00396962	2.69601e-12	5.22079e-16	7500	2e+11 0.51637
397	0.00397962	1.26022e-12	2.44041e-16	7500	2e+11 0.516466
398	0.00398962	5.86916e-13	1.13656e-16	7500	2e+11 0.516466
399	0.00399962	2.70439e-13	5.23704e-17	7500	2e+11 0.516466
400	0.00400962	1.23957e-13	2.40042e-17	7500	2e+11 0.51649
401	0.00401961	5.6387e-14	1.09193e-17	7500	2e+11 0.51649
402	0.00402961	2.55295e-14	4.94377e-18	7500	2e+11 0.51637
403	0.00403962	1.14455e-14	2.21641e-18	7500	2e+11 0.51649
404	0.00404961	5.08363e-15	9.84441e-19	7500	2e+11 0.51649
405	0.00405961	2.23792e-15	4.33372e-19	7500	2e+11 0.516442
406	0.00406962	9.80262e-16	1.89827e-19	7500	2e+11 0.516466
407	0.00407961	4.27265e-16	8.27394e-20	7500	2e+11 0.516466
408	0.00408961	1.84428e-16	3.57143e-20	7500	2e+11 0.516394
409	0.00409961	7.88384e-17	1.5267e-20	7500	2e+11 0.516394
410	0.00410962	3.36591e-17	6.51805e-21	7500	2e+11 0.516394
411	0.00411962	1.43088e-17	2.77088e-21	7500	2e+11 0.516394
412	0.00412962	6.04394e-18	1.1704e-21	7500	2e+11 0.516442
413	0.00413961	2.52166e-18	4.88318e-22	7500	2e+11 0.516442
414	0.00414962	1.04054e-18	2.01499e-22	7500	2e+11 0.516394
415	0.00415962	4.2668e-19	8.26263e-23	7500	2e+11 0.516394
416	0.00416962	1.73882e-19	3.36722e-23	7500	2e+11 0.516418
417	0.00417962	7.06308e-20	1.36776e-23	7500	2e+11 0.516514
418	0.00418961	2.85649e-20	5.53157e-24	7500	2e+11 0.516514
419	0.00419961	1.13917e-20	2.20599e-24	7500	2e+11 0.51637
420	0.00420962	4.49326e-21	8.70115e-25	7500	2e+11 0.516346
421	0.00421962	1.76127e-21	3.41069e-25	7500	2e+11 0.51649
422	0.00422961	6.87186e-22	1.33073e-25	7500	2e+11 0.51649
423	0.00423962	2.65379e-22	5.13905e-26	7500	2e+11 0.516394
424	0.00424962	1.0224e-22	1.97987e-26	7500	2e+11 0.516418
425	0.00425962	3.91462e-23	7.58063e-27	7500	2e+11 0.516418
426	0.00426962	1.48487e-23	2.87544e-27	7500	2e+11 0.516442
427	0.00427962	5.59592e-24	1.08365e-27	7500	2e+11 0.516442
428	0.00428962	2.09496e-24	4.05687e-28	7500	2e+11 0.516418
429	0.00429962	7.76888e-25	1.50444e-28	7500	2e+11 0.516394
430	0.00430962	2.88094e-25	5.57892e-29	7500	2e+11 0.516562
431	0.00431961	1.05841e-25	2.04961e-29	7500	2e+11 0.516562
432	0.00432961	3.83808e-26	7.43241e-30	7500	2e+11 0.51637
433	0.00433961	1.38653e-26	2.68499e-30	7500	2e+11 0.51637
434	0.00434962	4.97573e-27	9.63546e-31	7500	2e+11 0.516394
435	0.00435962	1.7742e-27	3.43572e-31	7500	2e+11 0.516394
436	0.00436962	6.29967e-28	1.21993e-31	7500	2e+11 0.516466
437	0.00437961	2.22248e-28	4.30382e-32	7500	2e+11 0.516466
438	0.00438961	7.78812e-29	1.50816e-32	7500	2e+11 0.51637
439	0.00439962	2.70605e-29	5.24025e-33	7500	2e+11 0.516514
440	0.00440961	9.28739e-30	1.7985e-33	7500	2e+11 0.516514
441	0.00441961	3.17529e-30	6.14892e-34	7500	2e+11 0.516394
442	0.00442961	1.08023e-30	2.09187e-34	7500	2e+11 0.516418
443	0.00443961	3.64075e-31	7.05029e-35	7500	2e+11 0.516418
444	0.00444962	1.21267e-31	2.34832e-35	7500	2e+11 0.516418
445	0.00445962	3.99571e-32	7.73766e-36	7500	2e+11 0.516418
446	0.00446962	1.31808e-32	2.55244e-36	7500	2e+11 0.516394
447	0.00447962	4.32453e-33	8.37441e-37	7500	2e+11 0.51649
448	0.00448962	1.40654e-33	2.72376e-37	7500	2e+11 0.51649
449	0.00449961	4.5448e-34	8.80097e-38	7500	2e+11 0.516418
450	0.00450962	1.46633e-34	2.83953e-38	7500	2e+11 0.516514
451	0.00451961	4.67255e-35	9.04835e-39	7500	2e+11 0.516514
452	0.00452961	1.47845e-35	2.863e-39	7500	2e+11 0.516418
453	0.00453962	4.65458e-36	9.01356e-40	7500	2e+11 0.516466
454	0.00454961	1.45716e-36	2.82178e-40	7500	2e+11 0.516514
455	0.00455961	4.51269e-37	8.73878e-41	7500	2e+11 0.516514
456	0.00456962	1.39414e-37	2.69974e-41	7500	2e+11 0.516442
457	0.00457962	4.28243e-38	8.29288e-42	7500	2e+11 0.516442
458	0.00458962	1.31049e-38	2.53775e-42	7500	2e+11 0.516394
459	0.00459962	3.9293e-39	7.60905e-43	7500	2e+11 0.51649
460	0.00460961	1.13609e-39	2.20004e-43	7500	2e+11 0.51649
461	0.00461961	3.1116e-40	6.02558e-44	7500	2e+11 0.516442
462	0.00462962	7.23631e-41	1.4013e-44	7500	2e+11 0.516394
463	0.00463962	7.23631e-42	1.4013e-45	7500	2e+11 0.51649
464	0.00464961	0	0	7500	2e+11 0.51649
465	0.00465961	0	0	7500	2e+11 0.516442
466	0.00466961	0	0	7500	2e+11 0.516394
467	0.00467961	0	0	7500	2e+11 0.516466
468	0.00468961	0	0	7500	2e+11 0.516466
469	0.00469962	0	0	7500	2e+11 0.516466
470	0.00470961	0	0	7500	2e+11 0.516466
471	0.00471962	0	0	7500	2e+11 0.516346
472	0.00472962	0	0	7500	2e+11 0.51661
473	0.00473961	0	0	7500	2e+11 0.51661
474	0.00474961	0	0	7500	2e+11 0.516394
475	0.00475961	0	0	7500	2e+11 0.516346
476	0.00476961	0	0	7500	2e+11 0.516394
477	0.00477961	0	0	7500	2e+11 0.516538
478	0.00478961	0	0	7500	2e+11 0.516538
479	0.00479961	0	0	7500	2e+11 0.516346
480	0.00480961	0	0	7500	2e+11 0.516442
481	0.00481961	0	0	7500	2e+11 0.516442
482	0.00482961	0	0	7500	2e+11 0.516418
483	0.00483961	0	0	7500	2e+11 0.516442
484	0.00484961	0	0	7500	2e+11 0.516442
485	0.00485961	0	0	7500	2e+11 0.516442
486	0.00486961	0	0	7500	2e+11 0.516442
487	0.00487961	0	0	7500	2e+11 0.516466
488	0.00488961	0	0	7500	2e+11 0.516466
489	0.00489962	0	0	7500	2e+11 0.516442
490	0.00490962	0	0	7500	2e+11 0.51649
491	0.00491961	0	0	7500	2e+11 0.51649
492	0.00492961	0	0	7500	2e+11 0.516418
493	0.00493961	0	0	7500	2e+11 0.516418
494	0.00494961	0	0	7500	2e+11 0.516418
495	0.00495961	0	0	7500	2e+11 0.516538
496	0.00496961	0	0	7500	2e+11 0.516538
497	0.00497961	0	0	7500	2e+11 0.516442
498	0.00498961	0	0	7500	2e+11 0.516394
499	0.00499961	0	0	7500	2e+11 0.516418
500	0.00500961	0	0	7500	2e+11 0.516442
501	0.00501961	0	0	7500	2e+11 0.516442
502	0.00502961	0	0	7500	2e+11 0.516418
503	0.00503961	0	0	7500	2e+11 0.516418
504	0.00504961	0	0	7500	2e+11 0.516418
505	0.00505961	0	0	7500	2e+11 0.516418
506	0.00506961	0	0	7500	2e+11 0.516586
507	0.00507961	0	0	7500	2e+11 0.516586
508	0.00508961	0	0	7500	2e+11 0.51637
509	0.00509961	0	0	7500	2e+11 0.516394
510	0.00510961	0	0	7500	2e+11 0.516394
511	0.00511961	0	0	7500	2e+11 0.516442
512	0.00512961	0	0	7500	2e+11 0.516442
513	0.00513961	0	0	7500	2e+11 0.516466
514	0.00514961	0	0	7500	2e+11 0.516466
515	0.00515961	0	0	7500	2e+11 0.516514
516	0.00516961	0	0	7500	2e+11 0.516514
517	0.00517961	0	0	7500	2e+11 0.516418
518	0.00518961	0	0	7500	2e+11 0.516394
519	0.00519961	0	0	7500	2e+11 0.516442
520	0.00520961	0	0	7500	2e+11 0.51649
521	0.00521961	0	0	7500	2e+11 0.51649
522	0.00522961	0	0	7500	2e+11 0.516418
523	0.00523961	0	0	7500	2e+11 0.516418
524	0.00524961	0	0	7500	2e+11 0.51649
525	0.00525961	0	0	7500	2e+11 0.51649
526	0.00526961	0	0	7500	2e+11 0.516418
527	0.00527961	0	0	7500	2e+11 0.516562
528	0.00528961	0	0	7500	2e+11 0.516562
529	0.00529961	0	0	7500	2e+11 0.516466
530	0.00530961	0	0	7500	2e+11 0.516466
531	0.00531961	0	0	7500	2e+11 0.516442
532	0.00532961	0	0	7500	2e+11 0.516442
533	0.00533961	0	0	7500	2e+11 0.516394
534	0.00534961	0	0	7500	2e+11 0.516466
535	0.00535961	0	0	7500	2e+11 0.516466
536	0.00536961	0	0	7500	2e+11 0.516418
537	0.00537961	0	0	7500	2e+11 0.516466
538	0.00538961	0	0	7500	2e+11 0.516466
539	0.00539961	0	0	7500	2e+11 0.516466
540	0.00540961	0	0	7500	2e+11 0.516466
541	0.00541961	0	0	7500	2e+11 0.516394
542	0.00542961	0	0	7500	2e+11 0.51649
543	0.00543961	0	0	7500	2e+11 0.51649
544	0.00544961	0	0	7500	2e+11 0.51637
545	0.00545961	0	0	7500	2e+11 0.51649
546	0.00546961	0	0	7500	2e+11 0.51649
547	0.00547961	0	0	7500	2e+11 0.516418
548	0.00548961	0	0	7500	2e+11 0.516418
549	0.00549961	0	0	7500	2e+11 0.516538
550	0.00550961	0	0	7500	2e+11 0.516538
551	0.00551961	0	0	7500	2e+11 0.516394
552	0.00552961	0	0	7500	2e+11 0.516442
553	0.00553961	0	0	7500	2e+11 0.516442
554	0.00554961	0	0	7500	2e+11 0.51637
555	0.00555961	0	0	7500	2e+11 0.516418
556	0.00556961	0	0	7500	2e+11 0.516418
557	0.00557961	0	0	7500	2e+11 0.516466
558	0.00558961	0	0	7500	2e+11 0.516466
559	0.00559961	0	0	7500	2e+11 0.516514
560	0.0056096	0	0	7500	2e+11 0.516514
561	0.0056196	0	0	7500	2e+11 0.516418
562	0.00562961	0	0	7500	2e+11 0.516346
563	0.00563961	0	0	7500	2e+11 0.51649
564	0.00564961	0	0	7500	2e+11 0.51649
565	0.00565961	0	0	7500	2e+11 0.516466
566	0.0056696	0	0	7500	2e+11 0.516466
567	0.0056796	0	0	7500	2e+11 0.516442
568	0.00568961	0	0	7500	2e+11 0.516442
569	0.0056996	0	0	7500	2e+11 0.516466
570	0.0057096	0	0	7500	2e+11 0.516514
571	0.0057196	0	0	7500	2e+11 0.516514
572	0.0057296	0	0	7500	2e+11 0.51637
573	0.0057396	0	0	7500	2e+11 0.516514
574	0.0057496	0	0	7500	2e+11 0.516514
575	0.0057596	0	0	7500	2e+11 0.516418
576	0.0057696	0	0	7500	2e+11 0.516514
577	0.0057796	0	0	7500	2e+11 0.516514
578	0.0057896	0	0	7500	2e+11 0.516394
579	0.0057996	0	0	7500	2e+11 0.51649
580	0.0058096	0	0	7500	2e+11 0.51649
581	0.0058196	0	0	7500	2e+11 0.516394
582	0.0058296	0	0	7500	2e+11 0.516418
583	0.0058396	0	0	7500	2e+11 0.516418
584	0.0058496	0	0	7500	2e+11 0.516394
585	0.0058596	0	0	7500	2e+11 0.51637
586	0.0058696	0	0	7500	2e+11 0.516442
587	0.0058796	0	0	7500	2e+11 0.516538
588	0.0058896	0	0	7500	2e+11 0.516538
589	0.0058996	0	0	7500	2e+11 0.51649
590	0.0059096	0	0	7500	2e+11 0.51649
591	0.0059196	0	0	7500	2e+11 0.516418
592	0.0059296	0	0	7500	2e+11 0.516418
593	0.0059396	0	0	7500	2e+11 0.516466
594	0.0059496	0	0	7500	2e+11 0.51649
595	0.0059596	0	0	7500	2e+11 0.51649
596	0.0059696	0	0	7500	2e+11 0.516394
597	0.0059796	0	0	7500	2e+11 0.51649
598	0.0059896	0	0	7500	2e+11 0.51649
599	0.0059996	0	0	7500	2e+11 0.516394
600	0.0060096	0	0	7500	2e+11 0.51649
601	0.00601959	0	0	7500	2e+11 0.51649
602	0.00602959	0	0	7500	2e+11 0.51649
603	0.00603959	0	0	7500	2e+11 0.51649
604	0.00604959	0	0	7500	2e+11 0.516442
605	0.00605959	0	0	7500	2e+11 0.516466
606	0.00606959	0	0	7500	2e+11 0.516466
607	0.00607959	0	0	7500	2e+11 0.51649
608	0.00608959	0	0	7500	2e+11 0.51649
609	0.00609959	0	0	7500	2e+11 0.51649
610	0.00610959	0	0	7500	2e+11 0.51649
611	0.00611959	0	0	7500	2e+11 0.516418
612	0.00612959	0	0	7500	2e+11 0.516418
613	0.00613959	0	0	7500	2e+11 0.51649
614	0.00614959	0	0	7500	2e+11 0.51649
615	0.00615959	0	0	7500	2e+11 0.516466
616	0.00616959	0	0	7500	2e+11 0.516466
617	0.00617959	0	0	7500	2e+11 0.516418
618	0.00618958	0	0	7500	2e+11 0.516538
619	0.00619958	0	0	7500	2e+11 0.516538
620	0.00620958	0	0	7500	2e+11 0.516442
621	0.00621958	0	0	7500	2e+11 0.516442
622	0.00622958	0	0	7500	2e+11 0.516514
623	0.00623958	0	0	7500	2e+11 0.516514
624	0.00624958	0	0	7500	2e+11 0.516442
625	0.00625958	0	0	7500	2e+11 0.516442
626	0.00626958	0	0	7500	2e+11 0.51649
627	0.00627958	0	0	7500	2e+11 0.51649
628	0.00628958	0	0	7500	2e+11 0.516418
629	0.00629958	0	0	7500	2e+11 0.516466
630	0.00630957	0	0	7500	2e+11 0.516514
631	0.00631957	0	0	7500	2e+11 0.516514
632	0.00632957	0	0	7500	2e+11 0.51661
633	0.00633957	0	0	7500	2e+11 0.51661
634	0.00634957	0	0	7500	2e+11 0.516514
635	0.00635957	0	0	7500	2e+11 0.516514
636	0.00636957	0	0	7500	2e+11 0.516514
637	0.00637956	0	0	7500	2e+11 0.516538
638	0.00638956	0	0	7500	2e+11 0.516538
639	0.00639956	0	0	7500	2e+11 0.516586
640	0.00640956	0	0	7500	2e+11 0.516586
641	0.00641956	0	0	7500	2e+11 0.516562
642	0.00642955	0	0	7500	2e+11 0.516731
643	0.00643955	0	0	7500	2e+11 0.516731
644	0.00644955	0	0	7500	2e+11 0.516707
645	0.00645954	0	0	7500	2e+11 0.516707
646	0.00646954	0	0	7500	2e+11 0.516731
647	0.00647953	0	0	7500	2e+11 0.516731
648	0.00648952	0	0	7500	2e+11 0.516851
649	0.00649952	0	0	7500	2e+11 0.517164
650	0.0065095	0	0	7500	2e+11 0.517164
651	0.00651956	0	0	7500	2e+11 0.51702
652	0.00652955	0	0	7500	2e+11 0.51702
653	0.00653954	0	0	7500	2e+11 0.516779
654	0.00654954	0	0	7500	2e+11 0.516658
655	0.00655953	0	0	7500	2e+11 0.516634
656	0.00656953	0	0	7500	2e+11 0.516634
657	0.00657953	0	0	7500	2e+11 0.516538
658	0.00658952	0	0	7500	2e+11 0.516658
659	0.00659952	0	0	7500	2e+11 0.516658
660	0.00660952	0	0	7500	2e+11 0.516538
661	0.00661952	0	0	7500	2e+11 0.516538
662	0.00662951	0	0	7500	2e+11 0.516514
663	0.00663951	0	0	7500	2e+11 0.516514
664	0.00664951	0	0	7500	2e+11 0.51637
665	0.00665951	0	0	7500	2e+11 0.51637
666	0.00666951	0	0	7500	2e+11 0.516394
667	0.00667951	0	0	7500	2e+11 0.516562
668	0.00668951	0	0	7500	2e+11 0.516562
669	0.00669951	0	0	7500	2e+11 0.516418
670	0.00670951	0	0	7500	2e+11 0.51649
671	0.00671951	0	0	7500	2e+11 0.51649
672	0.00672951	0	0	7500	2e+11 0.51637
673	0.00673951	0	0	7500	2e+11 0.516538
674	0.00674951	0	0	7500	2e+11 0.516538
675	0.00675951	0	0	7500	2e+11 0.51637
676	0.00676951	0	0	7500	2e+11 0.51637
677	0.00677951	0	0	7500	2e+11 0.516442
678	0.00678951	0	0	7500	2e+11 0.516442
679	0.00679951	0	0	7500	2e+11 0.516442
680	0.00680951	0	0	7500	2e+11 0.516442
681	0.00681951	0	0	7500	2e+11 0.516394
682	0.00682951	0	0	7500	2e+11 0.516394
683	0.00683951	0	0	7500	2e+11 0.51637
684	0.00684952	0	0	7500	2e+11 0.516346
685	0.00685952	0	0	7500	2e+11 0.516346
686	0.00686952	0	0	7500	2e+11 0.51637
687	0.00687952	0	0	7500	2e+11 0.516442
688	0.00688952	0	0	7500	2e+11 0.516442
689	0.00689952	0	0	7500	2e+11 0.516418
690	0.00690952	0	0	7500	2e+11 0.516418
691	0.00691952	0	0	7500	2e+11 0.516442
692	0.00692952	0	0	7500	2e+11 0.516442
693	0.00693952	0	0	7500	2e+11 0.516466
694	0.00694952	0	0	7500	2e+11 0.516466
695	0.00695952	0	0	7500	2e+11 0.516466
696	0.00696952	0	0	7500	2e+11 0.516394
697	0.00697952	0	0	7500	2e+11 0.516418
698	0.00698952	0	0	7500	2e+11 0.516418
699	0.00699952	0	0	7500	2e+11 0.51649
700	0.00700952	0	0	7500	2e+11 0.51649
701	0.00701952	0	0	7500	2e+11 0.51637
702	0.00702952	0	0	7500	2e+11 0.51637
703	0.00703952	0	0	7500	2e+11 0.516466
704	0.00704952	0	0	7500	2e+11 0.516466
705	0.00705952	0	0	7500	2e+11 0.516442
706	0.00706952	0	0	7500	2e+11 0.516442
707	0.00707952	0	0	7500	2e+11 0.516442
708	0.00708952	0	0	7500	2e+11 0.516418
709	0.00709952	0	0	7500	2e+11 0.516538
710	0.00710952	0	0	7500	2e+11 0.516538
711	0.00711952	0	0	7500	2e+11 0.516442
712	0.00712952	0	0	7500	2e+11 0.516442
713	0.00713952	0	0	7500	2e+11 0.516442
714	0.00714952	0	0	7500	2e+11 0.516442
715	0.00715952	0	0	7500	2e+11 0.516394
716	0.00716952	0	0	7500	2e+11 0.516562
717	0.00717951	0	0	7500	2e+11 0.516562
718	0.00718951	0	0	7500	2e+11 0.516418
719	0.00719952	0	0	7500	2e+11 0.51649
720	0.00720951	0	0	7500	2e+11 0.51649
721	0.00721952	0	0	7500	2e+11 0.51649
722	0.00722951	0	0	7500	2e+11 0.51649
723	0.00723951	0	0	7500	2e+11 0.516442
724	0.00724951	0	0	7500	2e+11 0.516442
725	0.00725951	0	0	7500	2e+11 0.516442
726	0.00726951	0	0	7500	2e+11 0.516442
727	0.00727951	0	0	7500	2e+11 0.516442
728	0.00728951	0	0	7500	2e+11 0.516442
729	0.00729951	0	0	7500	2e+11 0.516418
730	0.00730951	0	0	7500	2e+11 0.516418
731	0.00731951	0	0	7500	2e+11 0.516514
732	0.00732951	0	0	7500	2e+11 0.516514
733	0.00733951	0	0	7500	2e+11 0.516322
734	0.00734952	0	0	7500	2e+11 0.51637
735	0.00735952	0	0	7500	2e+11 0.516418
736	0.00736952	0	0	7500	2e+11 0.51649
737	0.00737951	0	0	7500	2e+11 0.51649
738	0.00738952	0	0	7500	2e+11 0.516322
739	0.00739952	0	0	7500	2e+11 0.51637
740	0.00740952	-4.35551e-38	-8.43442e-42	7500	2e+11 0.51637
741	0.00741952	-2.60571e-37	-5.04594e-41	7500	2e+11 0.516346
742	0.00742952	-5.48806e-37	-1.06276e-40	7500	2e+11 0.516346
743	0.00743952	-7.23454e-37	-1.40096e-40	7500	2e+11 0.516274
744	0.00744953	-7.23316e-37	-1.4007e-40	7500	2e+11 0.516274
745	0.00745953	-3.61693e-36	-7.00415e-40	7500	2e+11 0.516226
746	0.00746953	-1.22947e-35	-2.38086e-39	7500	2e+11 0.516226
747	0.00747954	-3.09997e-35	-6.00307e-39	7500	2e+11 0.516105
748	0.00748955	-1.22831e-34	-2.37861e-38	7500	2e+11 0.516129
749	0.00749955	-3.57004e-34	-6.91335e-38	7500	2e+11 0.516129
750	0.00750956	-7.85361e-34	-1.52084e-37	7500	2e+11 0.519466
751	0.0075195	-2.57744e-33	-4.99118e-37	7500	2e+11 0.519466
752	0.00752952	-6.75133e-33	-1.30739e-36	7500	2e+11 0.515841
753	0.00753953	-1.96374e-32	-3.80277e-36	7500	2e+11 0.516274
754	0.00754953	-5.51409e-32	-1.0678e-35	7500	2e+11 0.516274
755	0.00755954	-1.3819e-31	-2.67603e-35	7500	2e+11 0.516033
756	0.00756954	-4.69051e-31	-9.08313e-35	7500	2e+11 0.516346
757	0.00757955	-1.34817e-30	-2.61071e-34	7500	2e+11 0.516346
758	0.00758955	-3.69707e-30	-7.15934e-34	7500	2e+11 0.516177
759	0.00759955	-9.74825e-30	-1.88774e-33	7500	2e+11 0.516177
760	0.00760956	-2.74188e-29	-5.30963e-33	7500	2e+11 0.516298
761	0.00761956	-8.8772e-29	-1.71906e-32	7500	2e+11 0.516298
762	0.00762957	-2.13733e-28	-4.13892e-32	7500	2e+11 0.516442
763	0.00763956	-5.91995e-28	-1.14639e-31	7500	2e+11 0.516442
764	0.00764957	-1.61163e-27	-3.12091e-31	7500	2e+11 0.516538
765	0.00765957	-4.1288e-27	-7.99538e-31	7500	2e+11 0.516538
766	0.00766957	-1.12434e-26	-2.17727e-30	7500	2e+11 0.516346
767	0.00767957	-3.45526e-26	-6.69109e-30	7500	2e+11 0.516346
768	0.00768957	-8.98552e-26	-1.74004e-29	7500	2e+11 0.516346
769	0.00769957	-2.35138e-25	-4.55342e-29	7500	2e+11 0.516346
770	0.00770958	-6.4388e-25	-1.24687e-28	7500	2e+11 0.516442
771	0.00771958	-2.02809e-24	-3.92738e-28	7500	2e+11 0.516442
772	0.00772958	-5.30249e-24	-1.02682e-27	7500	2e+11 0.516346
773	0.00773958	-1.34995e-23	-2.61417e-27	7500	2e+11 0.516346
774	0.00774958	-3.18527e-23	-6.16826e-27	7500	2e+11 0.516394
775	0.00775958	-8.59922e-23	-1.66523e-26	7500	2e+11 0.516394
776	0.00776958	-2.89653e-22	-5.60911e-26	7500	2e+11 0.51637
777	0.00777958	-7.37521e-22	-1.4282e-25	7500	2e+11 0.51637
778	0.00778959	-1.87677e-21	-3.63435e-25	7500	2e+11 0.51649
779	0.00779958	-4.93885e-21	-9.56405e-25	7500	2e+11 0.51649
780	0.00780959	-1.80973e-20	-3.50453e-24	7500	2e+11 0.516201
781	0.00781965	-4.43227e-20	-8.58306e-24	7500	2e+11 0.51541
782	0.00782966	-1.23483e-19	-2.39124e-23	7500	2e+11 0.51637
783	0.00783966	-3.13813e-19	-6.07696e-23	7500	2e+11 0.51637
784	0.00784967	-9.77392e-19	-1.89271e-22	7500	2e+11 0.516466
785	0.00785966	-2.4886e-18	-4.81914e-22	7500	2e+11 0.516466
786	0.00786967	-8.3383e-18	-1.6147e-21	7500	2e+11 0.516514
787	0.00787966	-2.09282e-17	-4.05272e-21	7500	2e+11 0.516514
788	0.00788967	-5.17766e-17	-1.00265e-20	7500	2e+11 0.516466
789	0.00789967	-1.53666e-16	-2.97573e-20	7500	2e+11 0.516466
790	0.00790967	-4.06641e-16	-7.87457e-20	7500	2e+11 0.51661
791	0.00791967	-1.04055e-15	-2.01501e-19	7500	2e+11 0.51661
792	0.00792967	-2.74105e-15	-5.30803e-19	7500	2e+11 0.516466
793	0.00793967	-8.35664e-15	-1.61826e-18	7500	2e+11 0.516466
794	0.00794967	-1.89873e-14	-3.67688e-18	7500	2e+11 0.51661
795	0.00795967	-6.46917e-14	-1.25275e-17	7500	2e+11 0.51661
796	0.00796967	-1.63054e-13	-3.15752e-17	7500	2e+11 0.516322
797	0.00797968	-3.66919e-13	-7.10536e-17	7500	2e+11 0.516514
798	0.00798967	-1.21592e-12	-2.35462e-16	7500	2e+11 0.516514
799	0.00799967	-3.28668e-12	-6.36464e-16	7500	2e+11 0.516514
800	0.00800967	-1.21385e-11	-2.35062e-15	7500	2e+11 0.516466
801	0.00801967	-3.14361e-11	-6.08757e-15	7500	2e+11 0.516514
802	0.00802967	-8.7586e-11	-1.6961e-14	7500	2e+11 0.516514
803	0.00803967	-2.15623e-10	-4.17553e-14	7500	2e+11 0.516274
804	0.00804968	-6.44321e-10	-1.24772e-13	7500	2e+11 0.516418
805	0.00805968	-2.12952e-09	-4.1238e-13	7500	2e+11 0.516466
806	0.00806968	-5.55753e-09	-1.07621e-12	7500	2e+11 0.516658
807	0.00807967	-1.30085e-08	-2.51908e-12	7500	2e+11 0.516658
808	0.00808967	-3.80081e-08	-7.36024e-12	7500	2e+11 0.51637
809	0.00809967	-9.1898e-08	-1.7796e-11	7500	2e+11 0.51637
810	0.00810968	-2.71705e-07	-5.26155e-11	7500	2e+11 0.516466
811	0.00811968	-7.52866e-07	-1.45792e-10	7500	2e+11 0.516466
812	0.00812968	-2.20006e-06	-4.26039e-10	7500	2e+11 0.51637
813	0.00813968	-5.63368e-06	-1.09096e-09	7500	2e+11 0.516322
814	0.00814968	-1.71385e-05	-3.31886e-09	7500	2e+11 0.51637
815	0.00815968	-4.2e-05	-8.13326e-09	7500	2e+11 0.51637
816	0.00816968	-0.000110941	-2.14836e-08	7500	2e+11 0.516658
817	0.00817968	-0.000284399	-5.50737e-08	7500	2e+11 0.516658
818	0.00818968	-0.00076515	-1.48171e-07	7500	2e+11 0.516322
819	0.00819968	-0.00242924	-4.70421e-07	7500	2e+11 0.51637
820	0.00820968	-0.00658978	-1.27611e-06	7500	2e+11 0.51637
821	0.00821968	-0.0164731	-3.19e-06	7500	2e+11 0.51661
822	0.00822968	-0.0487084	-9.43235e-06	7500	2e+11 0.51661
823	0.00823968	-0.123034	-2.38255e-05	7500	2e+11 0.516514
824	0.00824968	-0.305306	-5.91222e-05	7500	2e+11 0.516514
825	0.00825968	-0.783509	-0.000151726	7500	2e+11 0.516466
826	0.00826968	-2.42064	-0.000468755	7500	2e+11 0.516803
827	0.00827967	-5.1499	-0.000997273	7500	2e+11 0.517044
828	0.00828966	-8.78265	-0.00170075	7500	2e+11 0.51714
829	0.00829965	-13.067	-0.00253042	7500	2e+11 0.517816
830	0.00830962	-17.707	-0.00342895	7500	2e+11 0.518107
831	0.00831958	-22.388	-0.00433541	7500	2e+11 0.518737
832	0.00832954	-26.8949	-0.00520818	7500	2e+11 0.519174
833	0.00833949	-31.0343	-0.00600976	7500	2e+11 0.519466
834	0.00834943	-34.6975	-0.00671914	7500	2e+11 0.520148
835	0.00835935	-37.8462	-0.00732889	7500	2e+11 0.520539
836	0.00836928	-40.5134	-0.00784539	7500	2e+11 0.520539
837	0.0083792	-42.7135	-0.00827143	7500	2e+11 0.520979
838	0.00838911	-44.4687	-0.00861133	7500	2e+11 0.520979
839	0.00839903	-45.8505	-0.00887892	7500	2e+11 0.52093
840	0.00840895	-46.927	-0.00908737	7500	2e+11 0.521224
841	0.00841885	-47.7617	-0.00924901	7500	2e+11 0.521224
842	0.00842877	-48.3947	-0.0093716	7500	2e+11 0.521371
843	0.00843867	-48.8556	-0.00946084	7500	2e+11 0.521371
844	0.00844858	-49.1918	-0.00952596	7500	2e+11 0.521322
845	0.00845848	-49.4334	-0.00957274	7500	2e+11 0.521371
846	0.00846839	-49.6069	-0.00960634	7500	2e+11 0.521371
847	0.00847829	-49.7292	-0.00963002	7500	2e+11 0.521322
848	0.0084882	-49.8154	-0.0096467	7500	2e+11 0.521322
849	0.0084981	-49.8756	-0.00965837	7500	2e+11 0.521469
850	0.00850801	-49.9168	-0.00966634	7500	2e+11 0.521469
851	0.00851791	-49.9446	-0.00967172	7500	2e+11 0.521518
852	0.00852781	-49.963	-0.00967529	7500	2e+11 0.521518
853	0.00853772	-49.9751	-0.00967763	7500	2e+11 0.521567
854	0.00854762	-49.9831	-0.00967919	7500	2e+11 0.521567
855	0.00855752	-49.9884	-0.00968022	7500	2e+11 0.521518
856	0.00856743	-49.9918	-0.00968087	7500	2e+11 0.521518
857	0.00857733	-49.9939	-0.00968128	7500	2e+11 0.521371
858	0.00858724	-49.9953	-0.00968155	7500	2e+11 0.52142
859	0.00859714	-49.9961	-0.00968171	7500	2e+11 0.521469
860	0.00860704	-49.9966	-0.00968181	7500	2e+11 0.521518
861	0.00861694	-49.9969	-0.00968187	7500	2e+11 0.521518
862	0.00862685	-49.9971	-0.0096819	7500	2e+11 0.521469
863	0.00863675	-49.9972	-0.00968192	7500	2e+11 0.52142
864	0.00864666	-49.9973	-0.00968194	7500	2e+11 0.52142
865	0.00865656	-49.9973	-0.00968194	7500	2e+11 0.52142
866	0.00866647	-49.9974	-0.00968195	7500	2e+11 0.521518
867	0.00867637	-49.9974	-0.00968195	7500	2e+11 0.521518
868	0.00868627	-49.9974	-0.00968195	7500	2e+11 0.521518
869	0.00869617	-49.9974	-0.00968195	7500	2e+11 0.521469
870	0.00870608	-49.9974	-0.00968195	7500	2e+11 0.521469
871	0.00871598	-49.9974	-0.00968195	7500	2e+11 0.521469
872	0.00872589	-49.9974	-0.00968195	7500	2e+11 0.521567
873	0.00873579	-49.9974	-0.00968195	7500	2e+11 0.521616
874	0.00874569	-49.9974	-0.00968195	7500	2e+11 0.521616
875	0.00875559	-49.9974	-0.00968195	7500	2e+11 0.521469
876	0.0087655	-49.9974	-0.00968195	7500	2e+11 0.521469
877	0.0087754	-49.9974	-0.00968195	7500	2e+11 0.521616
878	0.0087853	-49.9974	-0.00968195	7500	2e+11 0.521616
879	0.00879521	-49.9974	-0.00968195	7500	2e+11 0.521371
880	0.00880511	-49.9974	-0.00968195	7500	2e+11 0.521371
881	0.00881502	-49.9974	-0.00968195	7500	2e+11 0.521371
882	0.00882492	-49.9974	-0.00968195	7500	2e+11 0.521861
883	0.00883482	-49.9974	-0.00968195	7500	2e+11 0.521861
884	0.00884472	-49.9974	-0.00968195	7500	2e+11 0.521469
885	0.00885463	-49.9974	-0.00968195	7500	2e+11 0.521469
886	0.00886453	-49.9974	-0.00968195	7500	2e+11 0.521469
887	0.00887444	-49.9974	-0.00968195	7500	2e+11 0.521322
888	0.00888434	-49.9974	-0.00968195	7500	2e+11 0.521616
889	0.00889424	-49.9974	-0.00968195	7500	2e+11 0.521616
890	0.00890415	-49.9974	-0.00968195	7500	2e+11 0.521469
891	0.00891405	-49.9974	-0.00968195	7500	2e+11 0.521371
892	0.00892396	-49.9974	-0.00968195	7500	2e+11 0.521469
893	0.00893386	-49.9974	-0.00968195	7500	2e+11 0.521665
894	0.00894376	-49.9974	-0.00968195	7500	2e+11 0.521665
895	0.00895366	-49.9974	-0.00968195	7500	2e+11 0.521469
896	0.00896357	-49.9974	-0.00968195	7500	2e+11 0.521469
897	0.00897348	-49.9974	-0.00968195	7500	2e+11 0.521273
898	0.00898338	-49.9974	-0.00968195	7500	2e+11 0.521469
899	0.00899329	-49.9974	-0.00968195	7500	2e+11 0.521469
900	0.00900319	-49.9974	-0.00968195	7500	2e+11 0.521616
901	0.00901309	-49.9974	-0.00968195	7500	2e+11 0.521665
902	0.00902299	-49.9974	-0.00968195	7500	2e+11 0.521665
903	0.00903289	-49.9974	-0.00968195	7500	2e+11 0.521518
904	0.0090428	-49.9974	-0.00968195	7500	2e+11 0.521616
905	0.0090527	-49.9974	-0.00968195	7500	2e+11 0.521616
906	0.0090626	-49.9974	-0.00968195	7500	2e+11 0.521371
907	0.00907251	-49.9974	-0.00968195	7500	2e+11 0.521322
908	0.00908241	-49.9974	-0.00968195	7500	2e+11 0.521567
909	0.00909231	-49.9974	-0.00968195	7500	2e+11 0.521567
910	0.00910222	-49.9974	-0.00968195	7500	2e+11 0.521518
911	0.00911212	-49.9974	-0.00968195	7500	2e+11 0.521518
912	0.00912203	-49.9973	-0.00968195	7500	2e+11 0.521371
913	0.00913193	-49.9973	-0.00968194	7500	2e+11 0.521469
914	0.00914183	-49.9973	-0.00968193	7500	2e+11 0.521469
915	0.00915174	-49.9972	-0.00968191	7500	2e+11 0.521616
916	0.00916164	-49.9968	-0.00968184	7500	2e+11 0.521616
917	0.00917155	-49.9958	-0.00968164	7500	2e+11 0.521322
918	0.00918145	-49.9933	-0.00968115	7500	2e+11 0.521518
919	0.00919135	-49.987	-0.00967995	7500	2e+11 0.521518
920	0.00920126	-49.9708	-0.0096768	7500	2e+11 0.521518
921	0.00921116	-49.924	-0.00966775	7500	2e+11 0.521469
922	0.00922106	-49.7913	-0.00964204	7500	2e+11 0.521567
923	0.00923096	-49.4588	-0.00957765	7500	2e+11 0.521567
924	0.00924087	-48.5035	-0.00939267	7500	2e+11 0.521224
925	0.00925078	-46.9296	-0.00908788	7500	2e+11 0.521175
926	0.00926069	-44.8106	-0.00867754	7500	2e+11 0.521077
927	0.0092706	-42.2239	-0.00817663	7500	2e+11 0.520783
928	0.00928053	-39.2842	-0.00760736	7500	2e+11 0.520392
929	0.00929045	-36.0929	-0.00698937	7500	2e+11 0.520392
930	0.00930039	-32.7543	-0.00634284	7500	2e+11 0.519807
931	0.00931032	-29.3597	-0.00568548	7500	2e+11 0.519563
932	0.00932027	-25.9928	-0.00503349	7500	2e+11 0.51932
933	0.00933022	-22.7182	-0.00439935	7500	2e+11 0.518931
934	0.00934017	-19.6022	-0.00379596	7500	2e+11 0.518737
935	0.00935014	-16.6927	-0.00323253	7500	2e+11 0.518107
936	0.00936011	-14.0373	-0.00271832	7500	2e+11 0.518107
937	0.00937008	-11.6619	-0.00225833	7500	2e+11 0.51772
938	0.00938006	-9.5734	-0.00185388	7500	2e+11 0.517623
939	0.00939005	-7.76209	-0.00150312	7500	2e+11 0.517189
940	0.00940003	-6.20753	-0.00120208	7500	2e+11 0.517044
941	0.00941002	-4.90174	-0.000949218	7500	2e+11 0.517044
942	0.00942001	-3.82396	-0.000740506	7500	2e+11 0.516947
943	0.00943	-2.93885	-0.000569105	7500	2e+11 0.516851
944	0.00944	-2.23148	-0.000432125	7500	2e+11 0.516851
945	0.00944999	-1.67442	-0.000324249	7500	2e+11 0.516562
946	0.00945999	-1.24307	-0.00024072	7500	2e+11 0.51637
947	0.00947	-0.909902	-0.000176202	7500	2e+11 0.516562
948	0.00947999	-0.657554	-0.000127335	7500	2e+11 0.516562
949	0.00948999	-0.468625	-9.07488e-05	7500	2e+11 0.516514
950	0.00949999	-0.330276	-6.39578e-05	7500	2e+11 0.516322
951	0.00950999	-0.230756	-4.46858e-05	7500	2e+11 0.51661
952	0.00951999	-0.159873	-3.09592e-05	7500	2e+11 0.51661
953	0.00952999	-0.109328	-2.11714e-05	7500	2e+11 0.51637
954	0.00954	-0.0739724	-1.43247e-05	7500	2e+11 0.516755
955	0.00954999	-0.0496026	-9.60549e-06	7500	2e+11 0.516755
956	0.00955999	-0.0329473	-6.38021e-06	7500	2e+11 0.51661
957	0.00956999	-0.0216457	-4.19168e-06	7500	2e+11 0.51661
958	0.00957999	-0.0140729	-2.72521e-06	7500	2e+11 0.51637
959	0.00959	-0.00905399	-1.7533e-06	7500	2e+11 0.516562
960	0.00959999	-0.00576582	-1.11655e-06	7500	2e+11 0.516562
961	0.00960999	-0.00364061	-7.05001e-07	7500	2e+11 0.516322
962	0.00962	-0.0022743	-4.40416e-07	7500	2e+11 0.51661
963	0.00962999	-0.00140718	-2.72499e-07	7500	2e+11 0.51661
964	0.00963999	-0.000869731	-1.68423e-07	7500	2e+11 0.516514
965	0.00964999	-0.000536182	-1.03831e-07	7500	2e+11 0.516514
966	0.00966	-0.000325898	-6.31099e-08	7500	2e+11 0.516514
967	0.00967	-0.00019579	-3.79146e-08	7500	2e+11 0.516514
968	0.00968	-0.000117154	-2.26867e-08	7500	2e+11 0.516755
969	0.00968999	-6.88127e-05	-1.33255e-08	7500	2e+11 0.516755
970	0.0097	-3.94973e-05	-7.64862e-09	7500	2e+11 0.51637
971	0.00971	-2.19675e-05	-4.25399e-09	7500	2e+11 0.51661
972	0.00971999	-1.19033e-05	-2.30507e-09	7500	2e+11 0.51661
973	0.00972999	-6.21143e-06	-1.20284e-09	7500	2e+11 0.516466
974	0.00974	-3.12239e-06	-6.04649e-10	7500	2e+11 0.516755
975	0.00974999	-1.5007e-06	-2.90609e-10	7500	2e+11 0.516755
976	0.00976	-6.91715e-07	-1.3395e-10	7500	2e+11 0.516562
977	0.00976999	-3.03628e-07	-5.87972e-11	7500	2e+11 0.516562
978	0.00978	-1.27529e-07	-2.46959e-11	7500	2e+11 0.516226
979	0.00979	-5.1822e-08	-1.00353e-11	7500	2e+11 0.516466
980	0.0098	-1.96355e-08	-3.80239e-12	7500	2e+11 0.516466
981	0.00981	-7.05065e-09	-1.36535e-12	7500	2e+11 0.516418
982	0.00982	-2.37982e-09	-4.60849e-13	7500	2e+11 0.51637
983	0.00983	-7.90886e-10	-1.53154e-13	7500	2e+11 0.516562
984	0.00984	-2.46184e-10	-4.76732e-14	7500	2e+11 0.516562
985	0.00985	-7.22428e-11	-1.39898e-14	7500	2e+11 0.516274
986	0.00986001	-2.06769e-11	-4.00406e-15	7500	2e+11 0.516947
987	0.00987	-5.78939e-12	-1.12111e-15	7500	2e+11 0.516947
988	0.00987999	-1.56273e-12	-3.02622e-16	7500	2e+11 0.516803
989	0.00988999	-3.93589e-13	-7.62183e-17	7500	2e+11 0.516803
990	0.0099	-9.66825e-14	-1.87225e-17	7500	2e+11 0.516418
991	0.00991	-2.17945e-14	-4.22048e-18	7500	2e+11 0.516418
992	0.00992	-4.74319e-15	-9.18515e-19	7500	2e+11 0.51661
993	0.00993	-9.47879e-16	-1.83556e-19	7500	2e+11 0.516658
994	0.00993999	-1.91132e-16	-3.70126e-20	7500	2e+11 0.516658
995	0.00995	-3.71085e-17	-7.18604e-21	7500	2e+11 0.516322
996	0.00996	-6.76449e-18	-1.30994e-21	7500	2e+11 0.51661
997	0.00996999	-1.13034e-18	-2.1889e-22	7500	2e+11 0.51661
998	0.00998	-1.80215e-19	-3.48988e-23	7500	2e+11 0.516514
999	0.00999	-3.0699e-20	-5.94742e-24	7500	2e+11 0.516514
1000	0.01	0	-2.23563e-26	7500	2e+11 0.516322
