0	0	0	0	7500	2e+11 0.516398
1	1e-05	0	0	7500	2e+11 0.516398
2	2e-05	0	0	7500	2e+11 0.516398
3	3e-05	0	0	7500	2e+11 0.516398
4	4e-05	0	0	7500	2e+11 0.516398
5	5e-05	0	0	7500	2e+11 0.516398
6	6e-05	0	0	7500	2e+11 0.516398
7	7e-05	0	0	7500	2e+11 0.516398
8	8e-05	0	0	7500	2e+11 0.516398
9	9e-05	0	0	7500	2e+11 0.516398
10	0.0001	0	0	7500	2e+11 0.516398
11	0.00011	0	0	7500	2e+11 0.516398
12	0.00012	0	0	7500	2e+11 0.516398
13	0.00013	0	0	7500	2e+11 0.516398
14	0.00014	0	0	7500	2e+11 0.516398
15	0.00015	0	0	7500	2e+11 0.516398
16	0.00016	0	0	7500	2e+11 0.516398
17	0.00017	0	0	7500	2e+11 0.516398
18	0.00018	0	0	7500	2e+11 0.516398
19	0.00019	0	0	7500	2e+11 0.516398
20	0.0002	0	0	7500	2e+11 0.516398
21	0.00021	0	0	7500	2e+11 0.516398
22	0.00022	0	0	7500	2e+11 0.516398
23	0.00023	0	0	7500	2e+11 0.516398
24	0.00024	0	0	7500	2e+11 0.516398
25	0.00025	0	0	7500	2e+11 0.516398
26	0.00026	0	0	7500	2e+11 0.516398
27	0.00027	0	0	7500	2e+11 0.516398
28	0.00028	0	0	7500	2e+11 0.516398
29	0.00029	0	0	7500	2e+11 0.516398
30	0.0003	0	0	7500	2e+11 0.516398
31	0.00031	0	0	7500	2e+11 0.516398
32	0.00032	0	0	7500	2e+11 0.516398
33	0.00033	0	0	7500	2e+11 0.516398
34	0.00034	0	0	7500	2e+11 0.516398
35	0.00035	0	0	7500	2e+11 0.516398
36	0.00036	0	0	7500	2e+11 0.516398
37	0.00037	0	0	7500	2e+11 0.516398
38	0.00038	0	0	7500	2e+11 0.516398
39	0.00039	0	0	7500	2e+11 0.516398
40	0.0004	0	0	7500	2e+11 0.516398
41	0.00041	0	0	7500	2e+11 0.516398
42	0.00042	0	0	7500	2e+11 0.516398
43	0.00043	0	0	7500	2e+11 0.516398
44	0.00044	0	0	7500	2e+11 0.516398
45	0.00045	0	0	7500	2e+11 0.516398
46	0.00046	0	0	7500	2e+11 0.516398
47	0.00047	0	0	7500	2e+11 0.516398
48	0.00048	0	0	7500	2e+11 0.516398
49	0.00049	0	0	7500	2e+11 0.5164
50	0.0005	0	0	7500	2e+11 0.5164
51	0.00051	0	0	7500	2e+11 0.516397
52	0.00052	0	0	7500	2e+11 0.5164
53	0.00053	0	0	7500	2e+11 0.5164
54	0.00054	0	0	7500	2e+11 0.516397
55	0.00055	0	0	7500	2e+11 0.5164
56	0.00056	0	0	7500	2e+11 0.5164
57	0.00057	0	0	7500	2e+11 0.516397
58	0.00058	0	0	7500	2e+11 0.516397
59	0.00059	0	0	7500	2e+11 0.5164
60	0.0006	0	0	7500	2e+11 0.5164
61	0.00061	0	0	7500	2e+11 0.516397
62	0.00062	0	0	7500	2e+11 0.5164
63	0.00063	0	0	7500	2e+11 0.5164
64	0.00064	0	0	7500	2e+11 0.516397
65	0.00065	0	0	7500	2e+11 0.5164
66	0.00066	0	0	7500	2e+11 0.5164
67	0.00067	0	0	7500	2e+11 0.516397
68	0.00068	0	0	7500	2e+11 0.5164
69	0.00069	0	0	7500	2e+11 0.5164
70	0.0007	0	0	7500	2e+11 0.516397
71	0.00071	0	0	7500	2e+11 0.516397
72	0.00072	0	0	7500	2e+11 0.5164
73	0.00073	0	0	7500	2e+11 0.5164
74	0.00074	0	0	7500	2e+11 0.516397
75	0.00075	0	0	7500	2e+11 0.5164
76	0.00076	0	0	7500	2e+11 0.5164
77	0.00077	0	0	7500	2e+11 0.516397
78	0.00078	0	0	7500	2e+11 0.5164
79	0.00079	0	0	7500	2e+11 0.5164
80	0.0008	0	0	7500	2e+11 0.516397
81	0.00081	0	0	7500	2e+11 0.5164
82	0.00082	0	0	7500	2e+11 0.5164
83	0.00083	0	0	7500	2e+11 0.516397
84	0.00084	0	0	7500	2e+11 0.5164
85	0.00085	0	0	7500	2e+11 0.5164
86	0.00086	0	0	7500	2e+11 0.516397
87	0.00087	0	0	7500	2e+11 0.5164
88	0.00088	0	0	7500	2e+11 0.5164
89	0.00089	0	0	7500	2e+11 0.516397
90	0.0009	0	0	7500	2e+11 0.516397
91	0.00091	0	0	7500	2e+11 0.5164
92	0.00092	0	0	7500	2e+11 0.5164
93	0.00093	0	0	7500	2e+11 0.516397
94	0.00094	0	0	7500	2e+11 0.5164
95	0.00095	0	0	7500	2e+11 0.5164
96	0.00096	0	0	7500	2e+11 0.516397
97	0.00097	0	0	7500	2e+11 0.516397
98	0.00098	0	0	7500	2e+11 0.5164
99	0.00099	0	0	7500	2e+11 0.5164
100	0.001	0	0	7500	2e+11 0.5164
101	0.00101	0	0	7500	2e+11 0.5164
102	0.00102	0	0	7500	2e+11 0.5164
103	0.00103	0	0	7500	2e+11 0.5164
104	0.00104	0	0	7500	2e+11 0.5164
105	0.00105	0	0	7500	2e+11 0.5164
106	0.00106	0	0	7500	2e+11 0.5164
107	0.00107	0	0	7500	2e+11 0.5164
108	0.00108	0	0	7500	2e+11 0.5164
109	0.00109	0	0	7500	2e+11 0.5164
110	0.0011	0	0	7500	2e+11 0.5164
111	0.00111	0	0	7500	2e+11 0.5164
112	0.00112	0	0	7500	2e+11 0.5164
113	0.00113	0	0	7500	2e+11 0.5164
114	0.00114	0	0	7500	2e+11 0.5164
115	0.00115	0	0	7500	2e+11 0.5164
116	0.00116	0	0	7500	2e+11 0.5164
117	0.00117	0	0	7500	2e+11 0.5164
118	0.00118	0	0	7500	2e+11 0.5164
119	0.00119	0	0	7500	2e+11 0.5164
120	0.0012	0	0	7500	2e+11 0.5164
121	0.00121	0	0	7500	2e+11 0.5164
122	0.00122	0	0	7500	2e+11 0.5164
123	0.00123	0	0	7500	2e+11 0.5164
124	0.00124	0	0	7500	2e+11 0.5164
125	0.00125	0	0	7500	2e+11 0.5164
126	0.00126	0	0	7500	2e+11 0.5164
127	0.00127	0	0	7500	2e+11 0.5164
128	0.00128	0	0	7500	2e+11 0.5164
129	0.00129	0	0	7500	2e+11 0.5164
130	0.0013	0	0	7500	2e+11 0.5164
131	0.00131	0	0	7500	2e+11 0.5164
132	0.00132	0	0	7500	2e+11 0.5164
133	0.00133	0	0	7500	2e+11 0.5164
134	0.00134	0	0	7500	2e+11 0.5164
135	0.00135	0	0	7500	2e+11 0.5164
136	0.00136	0	0	7500	2e+11 0.5164
137	0.00137	0	0	7500	2e+11 0.5164
138	0.00138	0	0	7500	2e+11 0.5164
139	0.00139	0	0	7500	2e+11 0.5164
140	0.0014	0	0	7500	2e+11 0.5164
141	0.00141	0	0	7500	2e+11 0.5164
142	0.00142	0	0	7500	2e+11 0.5164
143	0.00143	0	0	7500	2e+11 0.5164
144	0.00144	0	0	7500	2e+11 0.5164
145	0.00145	0	0	7500	2e+11 0.5164
146	0.00146	0	0	7500	2e+11 0.5164
147	0.00147	0	0	7500	2e+11 0.5164
148	0.00148	0	0	7500	2e+11 0.5164
149	0.00149	0	0	7500	2e+11 0.5164
150	0.0015	0	0	7500	2e+11 0.5164
151	0.00151	0	0	7500	2e+11 0.5164
152	0.00152	0	0	7500	2e+11 0.5164
153	0.00153	0	0	7500	2e+11 0.5164
154	0.00154	0	0	7500	2e+11 0.5164
155	0.00155	0	0	7500	2e+11 0.5164
156	0.00156	0	0	7500	2e+11 0.5164
157	0.00157	0	0	7500	2e+11 0.5164
158	0.00158	0	0	7500	2e+11 0.5164
159	0.00159	0	0	7500	2e+11 0.5164
160	0.0016	0	0	7500	2e+11 0.5164
161	0.00161	0	0	7500	2e+11 0.5164
162	0.00162	0	0	7500	2e+11 0.5164
163	0.00163	0	0	7500	2e+11 0.5164
164	0.00164	0	0	7500	2e+11 0.5164
165	0.00165	0	0	7500	2e+11 0.5164
166	0.00166	0	0	7500	2e+11 0.5164
167	0.00167	0	0	7500	2e+11 0.5164
168	0.00168	0	0	7500	2e+11 0.5164
169	0.00169	0	0	7500	2e+11 0.5164
170	0.0017	0	0	7500	2e+11 0.5164
171	0.00171	0	0	7500	2e+11 0.5164
172	0.00172	0	0	7500	2e+11 0.5164
173	0.00173	0	0	7500	2e+11 0.5164
174	0.00174	0	0	7500	2e+11 0.5164
175	0.00175	0	0	7500	2e+11 0.5164
176	0.00176	0	0	7500	2e+11 0.5164
177	0.00177	0	0	7500	2e+11 0.5164
178	0.00178	0	0	7500	2e+11 0.5164
179	0.00179	0	0	7500	2e+11 0.5164
180	0.0018	0	0	7500	2e+11 0.5164
181	0.00181	0	0	7500	2e+11 0.5164
182	0.00182	0	0	7500	2e+11 0.5164
183	0.00183	0	0	7500	2e+11 0.5164
184	0.00184	0	0	7500	2e+11 0.5164
185	0.00185	0	0	7500	2e+11 0.5164
186	0.00186	0	0	7500	2e+11 0.5164
187	0.00187	0	0	7500	2e+11 0.5164
188	0.00188	0	0	7500	2e+11 0.5164
189	0.00189	0	0	7500	2e+11 0.5164
190	0.0019	0	0	7500	2e+11 0.5164
191	0.00191	0	0	7500	2e+11 0.5164
192	0.00192	0	0	7500	2e+11 0.5164
193	0.00193	0	0	7500	2e+11 0.5164
194	0.00194	0	0	7500	2e+11 0.5164
195	0.00195	0	0	7500	2e+11 0.5164
196	0.00196	0	0	7500	2e+11 0.516406
197	0.00197	0	0	7500	2e+11 0.516406
198	0.00198	0	0	7500	2e+11 0.516394
199	0.00199	0	0	7500	2e+11 0.516406
200	0.002	0	0	7500	2e+11 0.516406
201	0.00201	0	0	7500	2e+11 0.516394
202	0.00202	0	0	7500	2e+11 0.516406
203	0.00203	0	0	7500	2e+11 0.516406
204	0.00204	0	0	7500	2e+11 0.516394
205	0.00205	0	0	7500	2e+11 0.516406
206	0.00206	0	0	7500	2e+11 0.516406
207	0.00207	0	0	7500	2e+11 0.516394
208	0.00208	0	0	7500	2e+11 0.516406
209	0.00209	0	0	7500	2e+11 0.516406
210	0.0021	0	0	7500	2e+11 0.516394
211	0.00211	0	0	7500	2e+11 0.516406
212	0.00212	0	0	7500	2e+11 0.516406
213	0.00213	0	0	7500	2e+11 0.516394
214	0.00214	0	0	7500	2e+11 0.516406
215	0.00215	0	0	7500	2e+11 0.516406
216	0.00216	0	0	7500	2e+11 0.516394
217	0.00217	0	0	7500	2e+11 0.516406
218	0.00218	0	0	7500	2e+11 0.516406
219	0.00219	0	0	7500	2e+11 0.516394
220	0.0022	0	0	7500	2e+11 0.516406
221	0.00221	0	0	7500	2e+11 0.516406
222	0.00222	0	0	7500	2e+11 0.516394
223	0.00223	0	0	7500	2e+11 0.516406
224	0.00224	0	0	7500	2e+11 0.516406
225	0.00225	0	0	7500	2e+11 0.516394
226	0.00226	0	0	7500	2e+11 0.516394
227	0.00227	0	0	7500	2e+11 0.516406
228	0.00228	0	0	7500	2e+11 0.516406
229	0.00229	0	0	7500	2e+11 0.516394
230	0.0023	0	0	7500	2e+11 0.516406
231	0.00231	0	0	7500	2e+11 0.516406
232	0.00232	0	0	7500	2e+11 0.516394
233	0.00233	0	0	7500	2e+11 0.516406
234	0.00234	0	0	7500	2e+11 0.516406
235	0.00235	0	0	7500	2e+11 0.516394
236	0.00236	0	0	7500	2e+11 0.516406
237	0.00237	0	0	7500	2e+11 0.516406
238	0.00238	0	0	7500	2e+11 0.516394
239	0.00239	0	0	7500	2e+11 0.516406
240	0.0024	0	0	7500	2e+11 0.516406
241	0.00241	0	0	7500	2e+11 0.516394
242	0.00242	0	0	7500	2e+11 0.516406
243	0.00243	0	0	7500	2e+11 0.516406
244	0.00244	0	0	7500	2e+11 0.516394
245	0.00245	0	0	7500	2e+11 0.516406
246	0.00246	0	0	7500	2e+11 0.516406
247	0.00247	0	0	7500	2e+11 0.516394
248	0.00248	0	0	7500	2e+11 0.516406
249	0.00249	0	0	7500	2e+11 0.516406
250	0.0025	0	0	7500	2e+11 0.516394
251	0.00251	0	0	7500	2e+11 0.516406
252	0.00252	0	0	7500	2e+11 0.516406
253	0.00253	0	0	7500	2e+11 0.516394
254	0.00254	0	0	7500	2e+11 0.516406
255	0.00255	0	0	7500	2e+11 0.516406
256	0.00256	0	0	7500	2e+11 0.516394
257	0.00257	0	0	7500	2e+11 0.516406
258	0.00258	0	0	7500	2e+11 0.516406
259	0.00259	0	0	7500	2e+11 0.516394
260	0.0026	0	0	7500	2e+11 0.516406
261	0.00261	0	0	7500	2e+11 0.516406
262	0.00262	0	0	7500	2e+11 0.516394
263	0.00263	0	0	7500	2e+11 0.516406
264	0.00264	0	0	7500	2e+11 0.516406
265	0.00265	0	0	7500	2e+11 0.516394
266	0.00266	0	0	7500	2e+11 0.516406
267	0.00267	0	0	7500	2e+11 0.516406
268	0.00268	0	0	7500	2e+11 0.516394
269	0.00269	0	0	7500	2e+11 0.516406
270	0.0027	0	0	7500	2e+11 0.516406
271	0.00271	0	0	7500	2e+11 0.516394
272	0.00272	0	0	7500	2e+11 0.516406
273	0.00273	0	0	7500	2e+11 0.516406
274	0.00274	0	0	7500	2e+11 0.516394
275	0.00275	0	0	7500	2e+11 0.516406
276	0.00276	0	0	7500	2e+11 0.516406
277	0.00277	0	0	7500	2e+11 0.516394
278	0.00278	0	0	7500	2e+11 0.516406
279	0.00279	0	0	7500	2e+11 0.516406
280	0.0028	0	0	7500	2e+11 0.516394
281	0.00281	0	0	7500	2e+11 0.516406
282	0.00282	0	0	7500	2e+11 0.516406
283	0.00283	0	0	7500	2e+11 0.516394
284	0.00284	0	0	7500	2e+11 0.516406
285	0.00285	0	0	7500	2e+11 0.516406
286	0.00286	0	0	7500	2e+11 0.516394
287	0.00287	0	0	7500	2e+11 0.516394
288	0.00288	0	0	7500	2e+11 0.516406
289	0.00289	0	0	7500	2e+11 0.516406
290	0.0029	0	0	7500	2e+11 0.516394
291	0.00291	0	0	7500	2e+11 0.516406
292	0.00292	0	0	7500	2e+11 0.516406
293	0.00293	0	0	7500	2e+11 0.516394
294	0.00294	0	0	7500	2e+11 0.516406
295	0.00295	0	0	7500	2e+11 0.516406
296	0.00296	0	0	7500	2e+11 0.516394
297	0.00297	0	0	7500	2e+11 0.516406
298	0.00298	0	0	7500	2e+11 0.516406
299	0.00299	0	0	7500	2e+11 0.516394
300	0.003	0	0	7500	2e+11 0.516406
301	0.00301	0	0	7500	2e+11 0.516406
302	0.00302	0	0	7500	2e+11 0.516394
303	0.00303	0	0	7500	2e+11 0.516406
304	0.00304	0	0	7500	2e+11 0.516406
305	0.00305	0	0	7500	2e+11 0.516394
306	0.00306	0	0	7500	2e+11 0.516406
307	0.00307	0	0	7500	2e+11 0.516406
308	0.00308	0	0	7500	2e+11 0.516394
309	0.00309	0	0	7500	2e+11 0.516406
310	0.0031	0	0	7500	2e+11 0.516406
311	0.00311	0	0	7500	2e+11 0.516394
312	0.00312	0	0	7500	2e+11 0.516406
313	0.00313	0	0	7500	2e+11 0.516406
314	0.00314	0	0	7500	2e+11 0.516394
315	0.00315	0	0	7500	2e+11 0.516406
316	0.00316	0	0	7500	2e+11 0.516406
317	0.00317	0	0	7500	2e+11 0.516394
318	0.00318	0	0	7500	2e+11 0.516406
319	0.00319	0	0	7500	2e+11 0.516406
320	0.0032	0	0	7500	2e+11 0.516394
321	0.00321	0	0	7500	2e+11 0.516406
322	0.00322	0	0	7500	2e+11 0.516406
323	0.00323	0	0	7500	2e+11 0.516394
324	0.00324	0	0	7500	2e+11 0.516406
325	0.00325	0	0	7500	2e+11 0.516406
326	0.00326	0	0	7500	2e+11 0.516394
327	0.00327	0	0	7500	2e+11 0.516406
328	0.00328	0	0	7500	2e+11 0.516406
329	0.00329	0	0	7500	2e+11 0.516394
330	0.0033	0	0	7500	2e+11 0.516406
331	0.00331	0	0	7500	2e+11 0.516406
332	0.00332	0	0	7500	2e+11 0.516394
333	0.00333	0	0	7500	2e+11 0.516406
334	0.00334	0	0	7500	2e+11 0.516406
335	0.00335	0	0	7500	2e+11 0.516394
336	0.00336	0	0	7500	2e+11 0.516406
337	0.00337	0	0	7500	2e+11 0.516406
338	0.00338	0	0	7500	2e+11 0.516394
339	0.00339	0	0	7500	2e+11 0.516406
340	0.0034	0	0	7500	2e+11 0.516406
341	0.00341	0	0	7500	2e+11 0.516394
342	0.00342	0	0	7500	2e+11 0.516406
343	0.00343	0	0	7500	2e+11 0.516406
344	0.00344	0	0	7500	2e+11 0.516394
345	0.00345	0	0	7500	2e+11 0.516406
346	0.00346	0	0	7500	2e+11 0.516406
347	0.00347	0	0	7500	2e+11 0.516394
348	0.00348	0	0	7500	2e+11 0.516406
349	0.00349	0	0	7500	2e+11 0.516406
350	0.0035	1.25853e-37	2.43714e-41	7500	2e+11 0.516394
351	0.00351	3.17795e-37	6.15408e-41	7500	2e+11 0.516406
352	0.00352	5.10686e-37	9.88938e-41	7500	2e+11 0.516406
353	0.00353	6.76266e-37	1.30958e-40	7500	2e+11 0.516394
354	0.00354	7.2362e-37	1.40128e-40	7500	2e+11 0.516394
355	0.00355	1.44728e-36	2.80264e-40	7500	2e+11 0.516406
356	0.00356	5.17766e-36	1.00265e-39	7500	2e+11 0.516406
357	0.00357	1.73669e-35	3.36309e-39	7500	2e+11 0.516394
358	0.00358	4.10882e-35	7.9567e-39	7500	2e+11 0.516406
359	0.00359	1.38935e-34	2.69047e-38	7500	2e+11 0.516406
360	0.0036	4.14797e-34	8.03251e-38	7500	2e+11 0.516394
361	0.00361	1.24611e-33	2.41307e-37	7500	2e+11 0.516406
362	0.00362	3.03899e-33	5.88498e-37	7500	2e+11 0.516406
363	0.00363	9.31663e-33	1.80416e-36	7500	2e+11 0.516394
364	0.00364	2.39101e-32	4.63018e-36	7500	2e+11 0.516406
365	0.00365	7.32721e-32	1.41891e-35	7500	2e+11 0.516406
366	0.00366	1.87238e-31	3.62585e-35	7500	2e+11 0.516394
367	0.00367	5.31417e-31	1.02908e-34	7500	2e+11 0.516406
368	0.00368	1.34829e-30	2.61096e-34	7500	2e+11 0.516406
369	0.00369	4.51703e-30	8.74719e-34	7500	2e+11 0.516394
370	0.0037	1.11291e-29	2.15513e-33	7500	2e+11 0.516406
371	0.00371	3.24516e-29	6.28423e-33	7500	2e+11 0.516406
372	0.00372	8.81543e-29	1.7071e-32	7500	2e+11 0.516394
373	0.00373	2.1463e-28	4.15629e-32	7500	2e+11 0.516406
374	0.00374	7.59974e-28	1.47168e-31	7500	2e+11 0.516406
375	0.00375	1.9667e-27	3.80851e-31	7500	2e+11 0.516394
376	0.00376	6.21547e-27	1.20362e-30	7500	2e+11 0.516406
377	0.00377	1.57331e-26	3.0467e-30	7500	2e+11 0.516406
378	0.00378	4.15329e-26	8.04282e-30	7500	2e+11 0.516394
379	0.00379	8.83461e-26	1.71081e-29	7500	2e+11 0.516406
380	0.0038	2.55052e-25	4.93907e-29	7500	2e+11 0.516406
381	0.00381	7.32742e-25	1.41895e-28	7500	2e+11 0.516394
382	0.00382	2.2531e-24	4.3631e-28	7500	2e+11 0.516406
383	0.00383	5.56244e-24	1.07716e-27	7500	2e+11 0.516406
384	0.00384	1.46783e-23	2.84245e-27	7500	2e+11 0.516394
385	0.00385	4.63055e-23	8.96702e-27	7500	2e+11 0.516406
386	0.00386	1.08111e-22	2.09355e-26	7500	2e+11 0.516406
387	0.00387	3.2814e-22	6.35441e-26	7500	2e+11 0.516394
388	0.00388	9.91671e-22	1.92036e-25	7500	2e+11 0.516406
389	0.00389	2.22608e-21	4.31078e-25	7500	2e+11 0.516406
390	0.0039	6.76821e-21	1.31066e-24	7500	2e+11 0.516394
391	0.00391	2.00685e-20	3.88624e-24	7500	2e+11 0.516394
392	0.00392	5.6764e-20	1.09923e-23	7500	2e+11 0.516394
393	0.00393	1.50299e-19	2.91052e-23	7500	2e+11 0.516418
394	0.00394	5.41031e-19	1.0477e-22	7500	2e+11 0.516418
395	0.00395	1.39871e-18	2.70859e-22	7500	2e+11 0.516394
396	0.00396	3.28803e-18	6.36724e-22	7500	2e+11 0.516394
397	0.00397	9.81332e-18	1.90034e-21	7500	2e+11 0.516394
398	0.00398	2.5964e-17	5.0279e-21	7500	2e+11 0.516394
399	0.00399	6.6832e-17	1.2942e-20	7500	2e+11 0.516418
400	0.004	1.72019e-16	3.33113e-20	7500	2e+11 0.516418
401	0.00401	5.7887e-16	1.12098e-19	7500	2e+11 0.516394
402	0.00402	1.56418e-15	3.02903e-19	7500	2e+11 0.516394
403	0.00403	5.47001e-15	1.05926e-18	7500	2e+11 0.516394
404	0.00404	1.38894e-14	2.68967e-18	7500	2e+11 0.516394
405	0.00405	3.77029e-14	7.30113e-18	7500	2e+11 0.516418
406	0.00406	9.85236e-14	1.9079e-17	7500	2e+11 0.516418
407	0.00407	3.27918e-13	6.3501e-17	7500	2e+11 0.516394
408	0.00408	7.8147e-13	1.51331e-16	7500	2e+11 0.516394
409	0.00409	2.44826e-12	4.74103e-16	7500	2e+11 0.516394
410	0.0041	6.88776e-12	1.33381e-15	7500	2e+11 0.516394
411	0.00411	1.81231e-11	3.50953e-15	7500	2e+11 0.516418
412	0.00412	4.37786e-11	8.47769e-15	7500	2e+11 0.516418
413	0.00413	1.24104e-10	2.40326e-14	7500	2e+11 0.516394
414	0.00414	3.61052e-10	6.99174e-14	7500	2e+11 0.516394
415	0.00415	8.2579e-10	1.59914e-13	7500	2e+11 0.516394
416	0.00416	2.98642e-09	5.78318e-13	7500	2e+11 0.516394
417	0.00417	8.34161e-09	1.61535e-12	7500	2e+11 0.516418
418	0.00418	2.54672e-08	4.93169e-12	7500	2e+11 0.516418
419	0.00419	6.00366e-08	1.1626e-11	7500	2e+11 0.516394
420	0.0042	1.81127e-07	3.50751e-11	7500	2e+11 0.516394
421	0.00421	6.03085e-07	1.16787e-10	7500	2e+11 0.516394
422	0.00422	1.59014e-06	3.07929e-10	7500	2e+11 0.516394
423	0.00423	3.6086e-06	6.98803e-10	7500	2e+11 0.516418
424	0.00424	1.12491e-05	2.17837e-09	7500	2e+11 0.516418
425	0.00425	2.87135e-05	5.56034e-09	7500	2e+11 0.516394
426	0.00426	7.78568e-05	1.50769e-08	7500	2e+11 0.516394
427	0.00427	0.000190087	3.68102e-08	7500	2e+11 0.516394
428	0.00428	0.000558027	1.08061e-07	7500	2e+11 0.516394
429	0.00429	0.00146973	2.84612e-07	7500	2e+11 0.516418
430	0.0043	0.0049154	9.51862e-07	7500	2e+11 0.516418
431	0.00431	0.0110013	2.13039e-06	7500	2e+11 0.516394
432	0.00432	0.0360379	6.9787e-06	7500	2e+11 0.516394
433	0.00433	0.0936111	1.81277e-05	7500	2e+11 0.516394
434	0.00434	0.251079	4.86213e-05	7500	2e+11 0.516394
435	0.00435	0.750501	0.000145334	7500	2e+11 0.516346
436	0.00436	2.18145	0.000422437	7500	2e+11 0.516322
437	0.00437001	4.67506	0.000905322	7500	2e+11 0.516153
438	0.00438002	8.0325	0.00155549	7500	2e+11 0.515865
439	0.00439004	12.0155	0.00232679	7500	2e+11 0.515482
440	0.00440006	16.3758	0.00317116	7500	2e+11 0.515122
441	0.00441009	20.8841	0.0040442	7500	2e+11 0.514644
442	0.00442014	25.3364	0.00490637	7500	2e+11 0.514215
443	0.00443019	29.5611	0.00572448	7500	2e+11 0.513834
444	0.00444025	33.4191	0.00647158	7500	2e+11 0.51331
445	0.00445031	36.8383	0.00713371	7500	2e+11 0.513073
446	0.00446038	39.7736	0.00770213	7500	2e+11 0.512646
447	0.00447046	42.2198	0.00817584	7500	2e+11 0.512338
448	0.00448055	44.2065	0.00856055	7500	2e+11 0.51222
449	0.00449063	45.7773	0.00886473	7500	2e+11 0.512007
450	0.00450072	46.9829	0.0090982	7500	2e+11 0.511747
451	0.00451081	47.8895	0.00927377	7500	2e+11 0.511723
452	0.00452091	48.5523	0.00940211	7500	2e+11 0.511676
453	0.004531	49.0278	0.0094942	7500	2e+11 0.511629
454	0.00454109	49.3601	0.00955855	7500	2e+11 0.511629
455	0.00455119	49.5869	0.00960245	7500	2e+11 0.511511
456	0.00456129	49.7384	0.00963181	7500	2e+11 0.511464
457	0.00457138	49.8378	0.00965104	7500	2e+11 0.511464
458	0.00458148	49.9017	0.00966342	7500	2e+11 0.511464
459	0.00459158	49.9418	0.00967119	7500	2e+11 0.511464
460	0.00460167	49.9666	0.00967599	7500	2e+11 0.511511
461	0.00461177	49.9817	0.00967892	7500	2e+11 0.511511
462	0.00462187	49.9907	0.00968065	7500	2e+11 0.511487
463	0.00463196	49.9959	0.00968167	7500	2e+11 0.511487
464	0.00464206	49.9989	0.00968225	7500	2e+11 0.511487
465	0.00465216	50.0006	0.00968258	7500	2e+11 0.511487
466	0.00466225	50.0016	0.00968277	7500	2e+11 0.511464
467	0.00467235	50.0021	0.00968287	7500	2e+11 0.511535
468	0.00468244	50.0024	0.00968292	7500	2e+11 0.511535
469	0.00469254	50.0025	0.00968294	7500	2e+11 0.511417
470	0.00470264	50.0026	0.00968296	7500	2e+11 0.51144
471	0.00471274	50.0026	0.00968296	7500	2e+11 0.51144
472	0.00472283	50.0026	0.00968296	7500	2e+11 0.511558
473	0.00473293	50.0026	0.00968296	7500	2e+11 0.511558
474	0.00474302	50.0026	0.00968296	7500	2e+11 0.511487
475	0.00475312	50.0026	0.00968296	7500	2e+11 0.511464
476	0.00476322	50.0026	0.00968296	7500	2e+11 0.511464
477	0.00477332	50.0026	0.00968296	7500	2e+11 0.511535
478	0.00478341	50.0026	0.00968296	7500	2e+11 0.511535
479	0.00479351	50.0026	0.00968296	7500	2e+11 0.51144
480	0.00480361	50.0026	0.00968296	7500	2e+11 0.511464
481	0.0048137	50.0026	0.00968296	7500	2e+11 0.511464
482	0.0048238	50.0026	0.00968296	7500	2e+11 0.511487
483	0.0048339	50.0026	0.00968296	7500	2e+11 0.511487
484	0.00484399	50.0026	0.00968296	7500	2e+11 0.511464
485	0.00485409	50.0026	0.00968296	7500	2e+11 0.511535
486	0.00486418	50.0026	0.00968296	7500	2e+11 0.511535
487	0.00487428	50.0026	0.00968296	7500	2e+11 0.511464
488	0.00488438	50.0026	0.00968296	7500	2e+11 0.511464
489	0.00489448	50.0026	0.00968296	7500	2e+11 0.51144
490	0.00490457	50.0026	0.00968296	7500	2e+11 0.511558
491	0.00491467	50.0026	0.00968296	7500	2e+11 0.511558
492	0.00492476	50.0026	0.00968296	7500	2e+11 0.511464
493	0.00493486	50.0026	0.00968296	7500	2e+11 0.511464
494	0.00494496	50.0026	0.00968296	7500	2e+11 0.511464
495	0.00495506	50.0026	0.00968296	7500	2e+11 0.511511
496	0.00496515	50.0026	0.00968296	7500	2e+11 0.511511
497	0.00497525	50.0026	0.00968296	7500	2e+11 0.511511
498	0.00498534	50.0026	0.00968296	7500	2e+11 0.51144
499	0.00499544	50.0026	0.00968296	7500	2e+11 0.51144
500	0.00500554	50.0026	0.00968296	7500	2e+11 0.511535
501	0.00501563	50.0026	0.00968295	7500	2e+11 0.511535
502	0.00502573	50.0025	0.00968295	7500	2e+11 0.511511
503	0.00503583	50.0025	0.00968295	7500	2e+11 0.511511
504	0.00504592	50.0025	0.00968295	7500	2e+11 0.511464
505	0.00505602	50.0025	0.00968295	7500	2e+11 0.511464
506	0.00506612	50.0025	0.00968295	7500	2e+11 0.511535
507	0.00507621	50.0025	0.00968295	7500	2e+11 0.511535
508	0.00508631	50.0025	0.00968295	7500	2e+11 0.51144
509	0.00509641	50.0025	0.00968295	7500	2e+11 0.51144
510	0.0051065	50.0025	0.00968295	7500	2e+11 0.511464
511	0.0051166	50.0025	0.00968295	7500	2e+11 0.511511
512	0.00512669	50.0025	0.00968295	7500	2e+11 0.511511
513	0.00513679	50.0025	0.00968295	7500	2e+11 0.511535
514	0.00514689	50.0025	0.00968295	7500	2e+11 0.511535
515	0.00515699	50.0025	0.00968295	7500	2e+11 0.511535
516	0.00516708	50.0025	0.00968295	7500	2e+11 0.511535
517	0.00517718	50.0025	0.00968295	7500	2e+11 0.511464
518	0.00518727	50.0025	0.00968295	7500	2e+11 0.511487
519	0.00519737	50.0025	0.00968295	7500	2e+11 0.511487
520	0.00520747	50.0025	0.00968295	7500	2e+11 0.511558
521	0.00521756	50.0025	0.00968295	7500	2e+11 0.511558
522	0.00522766	50.0025	0.00968295	7500	2e+11 0.511487
523	0.00523776	50.0025	0.00968295	7500	2e+11 0.511487
524	0.00524785	50.0025	0.00968295	7500	2e+11 0.511487
525	0.00525795	50.0025	0.00968294	7500	2e+11 0.511487
526	0.00526805	50.0025	0.00968294	7500	2e+11 0.511487
527	0.00527814	50.0024	0.00968293	7500	2e+11 0.511558
528	0.00528824	50.0023	0.0096829	7500	2e+11 0.511558
529	0.00529834	50.0017	0.0096828	7500	2e+11 0.51144
530	0.00530843	50.0002	0.0096825	7500	2e+11 0.51144
531	0.00531853	49.9958	0.00968164	7500	2e+11 0.511535
532	0.00532863	49.9833	0.00967923	7500	2e+11 0.511535
533	0.00533872	49.9488	0.00967255	7500	2e+11 0.51144
534	0.00534882	49.8501	0.00965344	7500	2e+11 0.511535
535	0.00535891	49.5937	0.00960378	7500	2e+11 0.511535
536	0.00536901	48.7877	0.0094477	7500	2e+11 0.511582
537	0.0053791	46.5555	0.00901544	7500	2e+11 0.511818
538	0.00538919	42.8348	0.00829492	7500	2e+11 0.512362
539	0.00539927	38.0505	0.00736845	7500	2e+11 0.512693
540	0.00540934	32.675	0.00632749	7500	2e+11 0.513215
541	0.00541941	27.1643	0.00526034	7500	2e+11 0.513834
542	0.00542946	21.9127	0.00424337	7500	2e+11 0.514406
543	0.0054395	17.1777	0.00332644	7500	2e+11 0.51474
544	0.00544953	13.1063	0.00253802	7500	2e+11 0.515122
545	0.00545955	9.75815	0.00188966	7500	2e+11 0.515554
546	0.00546957	7.09325	0.0013736	7500	2e+11 0.515721
547	0.00547958	5.03911	0.00097582	7500	2e+11 0.515961
548	0.00548959	3.51046	0.000679797	7500	2e+11 0.515985
549	0.0054996	2.39707	0.00046419	7500	2e+11 0.516322
550	0.0055096	1.60558	0.00031092	7500	2e+11 0.516322
551	0.0055196	1.05433	0.00020417	7500	2e+11 0.516298
552	0.0055296	0.68121	0.000131916	7500	2e+11 0.516394
553	0.0055396	0.432547	8.37625e-05	7500	2e+11 0.516394
554	0.00554961	0.269221	5.21344e-05	7500	2e+11 0.516322
555	0.00555961	0.16472	3.18978e-05	7500	2e+11 0.516418
556	0.00556961	0.099444	1.92572e-05	7500	2e+11 0.516418
557	0.00557961	0.0592194	1.14678e-05	7500	2e+11 0.516466
558	0.00558961	0.0345831	6.69698e-06	7500	2e+11 0.516466
559	0.00559961	0.0198945	3.85255e-06	7500	2e+11 0.516514
560	0.0056096	0.0112215	2.17304e-06	7500	2e+11 0.516514
561	0.0056196	0.00623851	1.20808e-06	7500	2e+11 0.516418
562	0.00562961	0.00340331	6.59048e-07	7500	2e+11 0.516346
563	0.00563961	0.00182735	3.53866e-07	7500	2e+11 0.51649
564	0.00564961	0.00096669	1.87199e-07	7500	2e+11 0.51649
565	0.00565961	0.000504943	9.77817e-08	7500	2e+11 0.516466
566	0.0056696	0.000259202	5.01943e-08	7500	2e+11 0.516466
567	0.0056796	0.000131108	2.5389e-08	7500	2e+11 0.516442
568	0.00568961	6.49619e-05	1.25798e-08	7500	2e+11 0.516442
569	0.0056996	3.16961e-05	6.13793e-09	7500	2e+11 0.516466
570	0.0057096	1.52e-05	2.94346e-09	7500	2e+11 0.516514
571	0.0057196	7.2324e-06	1.40055e-09	7500	2e+11 0.516514
572	0.0057296	3.38539e-06	6.55577e-10	7500	2e+11 0.51637
573	0.0057396	1.55757e-06	3.01622e-10	7500	2e+11 0.516514
574	0.0057496	7.04386e-07	1.36404e-10	7500	2e+11 0.516514
575	0.0057596	3.14105e-07	6.08261e-11	7500	2e+11 0.516418
576	0.0057696	1.38198e-07	2.6762e-11	7500	2e+11 0.516514
577	0.0057796	5.98217e-08	1.15844e-11	7500	2e+11 0.516514
578	0.0057896	2.57188e-08	4.98042e-12	7500	2e+11 0.516394
579	0.0057996	1.09696e-08	2.12425e-12	7500	2e+11 0.51649
580	0.0058096	4.58874e-09	8.88606e-13	7500	2e+11 0.51649
581	0.0058196	1.87375e-09	3.6285e-13	7500	2e+11 0.516394
582	0.0058296	7.61734e-10	1.47509e-13	7500	2e+11 0.516418
583	0.0058396	3.02201e-10	5.85211e-14	7500	2e+11 0.516418
584	0.0058496	1.18929e-10	2.30306e-14	7500	2e+11 0.516394
585	0.0058596	4.61681e-11	8.94041e-15	7500	2e+11 0.51637
586	0.0058696	1.77232e-11	3.43209e-15	7500	2e+11 0.516442
587	0.0058796	6.69733e-12	1.29693e-15	7500	2e+11 0.516538
588	0.0058896	2.48115e-12	4.80473e-16	7500	2e+11 0.516538
589	0.0058996	9.10992e-13	1.76413e-16	7500	2e+11 0.51649
590	0.0059096	3.30729e-13	6.40453e-17	7500	2e+11 0.51649
591	0.0059196	1.16465e-13	2.25533e-17	7500	2e+11 0.516418
592	0.0059296	4.05539e-14	7.85324e-18	7500	2e+11 0.516418
593	0.0059396	1.39299e-14	2.69752e-18	7500	2e+11 0.516466
594	0.0059496	4.78528e-15	9.26666e-19	7500	2e+11 0.51649
595	0.0059596	1.59322e-15	3.08525e-19	7500	2e+11 0.51649
596	0.0059696	5.16828e-16	1.00083e-19	7500	2e+11 0.516394
597	0.0059796	1.6493e-16	3.19386e-20	7500	2e+11 0.51649
598	0.0059896	5.2049e-17	1.00792e-20	7500	2e+11 0.51649
599	0.0059996	1.65293e-17	3.20088e-21	7500	2e+11 0.516394
600	0.0060096	5.07432e-18	9.82637e-22	7500	2e+11 0.51649
601	0.00601959	1.5286e-18	2.96012e-22	7500	2e+11 0.51649
602	0.00602959	4.57443e-19	8.85835e-23	7500	2e+11 0.51649
603	0.00603959	1.37272e-19	2.65826e-23	7500	2e+11 0.51649
604	0.00604959	3.98621e-20	7.71927e-24	7500	2e+11 0.516442
605	0.00605959	1.15221e-20	2.23124e-24	7500	2e+11 0.516466
606	0.00606959	3.31219e-21	6.41402e-25	7500	2e+11 0.516466
607	0.00607959	9.3123e-22	1.80332e-25	7500	2e+11 0.51649
608	0.00608959	2.52812e-22	4.89568e-26	7500	2e+11 0.51649
609	0.00609959	6.77769e-23	1.31249e-26	7500	2e+11 0.51649
610	0.00610959	1.77336e-23	3.43409e-27	7500	2e+11 0.51649
611	0.00611959	4.53226e-24	8.77668e-28	7500	2e+11 0.516418
612	0.00612959	1.14084e-24	2.20922e-28	7500	2e+11 0.516418
613	0.00613959	2.80418e-25	5.43028e-29	7500	2e+11 0.51649
614	0.00614959	7.04157e-26	1.36359e-29	7500	2e+11 0.51649
615	0.00615959	1.71108e-26	3.3135e-30	7500	2e+11 0.516466
616	0.00616959	4.09571e-27	7.93131e-31	7500	2e+11 0.516466
617	0.00617959	9.5209e-28	1.84371e-31	7500	2e+11 0.516418
618	0.00618958	2.17824e-28	4.21815e-32	7500	2e+11 0.516538
619	0.00619958	4.98339e-29	9.6503e-33	7500	2e+11 0.516538
620	0.00620958	1.10326e-29	2.13646e-33	7500	2e+11 0.516442
621	0.00621958	2.50854e-30	4.85777e-34	7500	2e+11 0.516442
622	0.00622958	5.61998e-31	1.0883e-34	7500	2e+11 0.516514
623	0.00623958	1.20994e-31	2.34305e-35	7500	2e+11 0.516514
624	0.00624958	2.6059e-32	5.0463e-36	7500	2e+11 0.516442
625	0.00625958	5.60028e-33	1.08449e-36	7500	2e+11 0.516442
626	0.00626958	1.19891e-33	2.32167e-37	7500	2e+11 0.51649
627	0.00627958	2.44157e-34	4.72808e-38	7500	2e+11 0.51649
628	0.00628958	4.76023e-35	9.21814e-39	7500	2e+11 0.516418
629	0.00629958	9.45979e-36	1.83188e-39	7500	2e+11 0.516466
630	0.00630957	1.8622e-36	3.60614e-40	7500	2e+11 0.516514
631	0.00631957	3.62364e-37	7.01714e-41	7500	2e+11 0.516514
632	0.00632957	6.84262e-38	1.32507e-41	7500	2e+11 0.51661
633	0.00633957	1.33003e-38	2.57559e-42	7500	2e+11 0.51661
634	0.00634957	2.50375e-39	4.84849e-43	7500	2e+11 0.516514
635	0.00635957	4.63122e-40	8.96831e-44	7500	2e+11 0.516514
636	0.00636957	8.68357e-41	1.68156e-44	7500	2e+11 0.516514
637	0.00637956	7.23631e-42	1.4013e-45	7500	2e+11 0.516538
638	0.00638956	0	0	7500	2e+11 0.516538
639	0.00639956	0	0	7500	2e+11 0.516586
640	0.00640956	0	0	7500	2e+11 0.516586
641	0.00641956	0	0	7500	2e+11 0.516562
642	0.00642955	0	0	7500	2e+11 0.516731
643	0.00643955	0	0	7500	2e+11 0.516731
644	0.00644955	0	0	7500	2e+11 0.516707
645	0.00645954	0	0	7500	2e+11 0.516707
646	0.00646954	0	0	7500	2e+11 0.516731
647	0.00647953	0	0	7500	2e+11 0.516731
648	0.00648952	0	0	7500	2e+11 0.516851
649	0.00649952	0	0	7500	2e+11 0.517164
650	0.0065095	0	0	7500	2e+11 0.517164
651	0.00651956	0	0	7500	2e+11 0.51702
652	0.00652955	0	0	7500	2e+11 0.51702
653	0.00653954	0	0	7500	2e+11 0.516779
654	0.00654954	0	0	7500	2e+11 0.516658
655	0.00655953	0	0	7500	2e+11 0.516634
656	0.00656953	0	0	7500	2e+11 0.516634
657	0.00657953	0	0	7500	2e+11 0.516538
658	0.00658952	0	0	7500	2e+11 0.516658
659	0.00659952	0	0	7500	2e+11 0.516658
660	0.00660952	0	0	7500	2e+11 0.516538
661	0.00661952	0	0	7500	2e+11 0.516538
662	0.00662951	0	0	7500	2e+11 0.516514
663	0.00663951	0	0	7500	2e+11 0.516514
664	0.00664951	0	0	7500	2e+11 0.51637
665	0.00665951	0	0	7500	2e+11 0.51637
666	0.00666951	0	0	7500	2e+11 0.516394
667	0.00667951	0	0	7500	2e+11 0.516562
668	0.00668951	0	0	7500	2e+11 0.516562
669	0.00669951	0	0	7500	2e+11 0.516418
670	0.00670951	0	0	7500	2e+11 0.51649
671	0.00671951	0	0	7500	2e+11 0.51649
672	0.00672951	0	0	7500	2e+11 0.51637
673	0.00673951	0	0	7500	2e+11 0.516538
674	0.00674951	0	0	7500	2e+11 0.516538
675	0.00675951	0	0	7500	2e+11 0.51637
676	0.00676951	0	0	7500	2e+11 0.51637
677	0.00677951	0	0	7500	2e+11 0.516442
678	0.00678951	0	0	7500	2e+11 0.516442
679	0.00679951	0	0	7500	2e+11 0.516442
680	0.00680951	0	0	7500	2e+11 0.516442
681	0.00681951	0	0	7500	2e+11 0.516394
682	0.00682951	0	0	7500	2e+11 0.516394
683	0.00683951	0	0	7500	2e+11 0.51637
684	0.00684952	0	0	7500	2e+11 0.516346
685	0.00685952	0	0	7500	2e+11 0.516346
686	0.00686952	0	0	7500	2e+11 0.51637
687	0.00687952	0	0	7500	2e+11 0.516442
688	0.00688952	0	0	7500	2e+11 0.516442
689	0.00689952	0	0	7500	2e+11 0.516418
690	0.00690952	0	0	7500	2e+11 0.516418
691	0.00691952	0	0	7500	2e+11 0.516442
692	0.00692952	0	0	7500	2e+11 0.516442
693	0.00693952	0	0	7500	2e+11 0.516466
694	0.00694952	0	0	7500	2e+11 0.516466
695	0.00695952	0	0	7500	2e+11 0.516466
696	0.00696952	0	0	7500	2e+11 0.516394
697	0.00697952	0	0	7500	2e+11 0.516418
698	0.00698952	0	0	7500	2e+11 0.516418
699	0.00699952	0	0	7500	2e+11 0.51649
700	0.00700952	0	0	7500	2e+11 0.51649
701	0.00701952	0	0	7500	2e+11 0.51637
702	0.00702952	0	0	7500	2e+11 0.51637
703	0.00703952	0	0	7500	2e+11 0.516466
704	0.00704952	0	0	7500	2e+11 0.516466
705	0.00705952	0	0	7500	2e+11 0.516442
706	0.00706952	0	0	7500	2e+11 0.516442
707	0.00707952	0	0	7500	2e+11 0.516442
708	0.00708952	0	0	7500	2e+11 0.516418
709	0.00709952	0	0	7500	2e+11 0.516538
710	0.00710952	0	0	7500	2e+11 0.516538
711	0.00711952	0	0	7500	2e+11 0.516442
712	0.00712952	0	0	7500	2e+11 0.516442
713	0.00713952	0	0	7500	2e+11 0.516442
714	0.00714952	0	0	7500	2e+11 0.516442
715	0.00715952	0	0	7500	2e+11 0.516394
716	0.00716952	0	0	7500	2e+11 0.516562
717	0.00717951	0	0	7500	2e+11 0.516562
718	0.00718951	0	0	7500	2e+11 0.516418
719	0.00719952	0	0	7500	2e+11 0.51649
720	0.00720951	0	0	7500	2e+11 0.51649
721	0.00721952	0	0	7500	2e+11 0.51649
722	0.00722951	0	0	7500	2e+11 0.51649
723	0.00723951	0	0	7500	2e+11 0.516442
724	0.00724951	0	0	7500	2e+11 0.516442
725	0.00725951	0	0	7500	2e+11 0.516442
726	0.00726951	0	0	7500	2e+11 0.516442
727	0.00727951	0	0	7500	2e+11 0.516442
728	0.00728951	0	0	7500	2e+11 0.516442
729	0.00729951	0	0	7500	2e+11 0.516418
730	0.00730951	0	0	7500	2e+11 0.516418
731	0.00731951	0	0	7500	2e+11 0.516514
732	0.00732951	0	0	7500	2e+11 0.516514
733	0.00733951	0	0	7500	2e+11 0.516322
734	0.00734952	0	0	7500	2e+11 0.51637
735	0.00735952	0	0	7500	2e+11 0.516418
736	0.00736952	0	0	7500	2e+11 0.51649
737	0.00737951	0	0	7500	2e+11 0.51649
738	0.00738952	0	0	7500	2e+11 0.516322
739	0.00739952	0	0	7500	2e+11 0.51637
740	0.00740952	0	0	7500	2e+11 0.51637
741	0.00741952	0	0	7500	2e+11 0.516346
742	0.00742952	0	0	7500	2e+11 0.516346
743	0.00743952	0	0	7500	2e+11 0.516274
744	0.00744953	0	0	7500	2e+11 0.516274
745	0.00745953	0	0	7500	2e+11 0.516226
746	0.00746953	0	0	7500	2e+11 0.516226
747	0.00747954	0	0	7500	2e+11 0.516105
748	0.00748955	0	0	7500	2e+11 0.516129
749	0.00749955	0	0	7500	2e+11 0.516129
750	0.00750956	0	0	7500	2e+11 0.519466
751	0.0075195	0	0	7500	2e+11 0.519466
752	0.00752952	0	0	7500	2e+11 0.515841
753	0.00753953	0	0	7500	2e+11 0.516274
754	0.00754953	0	0	7500	2e+11 0.516274
755	0.00755954	0	0	7500	2e+11 0.516033
756	0.00756954	0	0	7500	2e+11 0.516346
757	0.00757955	0	0	7500	2e+11 0.516346
758	0.00758955	0	0	7500	2e+11 0.516177
759	0.00759955	0	0	7500	2e+11 0.516177
760	0.00760956	0	0	7500	2e+11 0.516298
761	0.00761956	0	0	7500	2e+11 0.516298
762	0.00762957	0	0	7500	2e+11 0.516442
763	0.00763956	0	0	7500	2e+11 0.516442
764	0.00764957	1.44726e-41	-2.8026e-45	7500	2e+11 0.516538
765	0.00765957	1.15781e-40	-2.24208e-44	7500	2e+11 0.516538
766	0.00766957	7.30864e-40	-1.41531e-43	7500	2e+11 0.516346
767	0.00767957	4.53714e-39	-8.78614e-43	7500	2e+11 0.516346
768	0.00768957	2.61591e-38	-5.06569e-42	7500	2e+11 0.516346
769	0.00769957	1.46289e-37	-2.83286e-41	7500	2e+11 0.516346
770	0.00770958	8.29812e-37	-1.60693e-40	7500	2e+11 0.516442
771	0.00771958	4.39876e-36	-8.51816e-40	7500	2e+11 0.516442
772	0.00772958	2.2928e-35	-4.43999e-39	7500	2e+11 0.516346
773	0.00773958	1.20058e-34	-2.32491e-38	7500	2e+11 0.516346
774	0.00774958	6.08776e-34	-1.17889e-37	7500	2e+11 0.516394
775	0.00775958	3.10969e-33	-6.02188e-37	7500	2e+11 0.516394
776	0.00776958	1.5382e-32	-2.97871e-36	7500	2e+11 0.51637
777	0.00777958	7.63844e-32	-1.47918e-35	7500	2e+11 0.51637
778	0.00778959	3.66161e-31	-7.09067e-35	7500	2e+11 0.51649
779	0.00779958	1.75475e-30	-3.39806e-34	7500	2e+11 0.51649
780	0.00780959	8.1248e-30	-1.57336e-33	7500	2e+11 0.516201
781	0.00781965	3.82042e-29	-7.39821e-33	7500	2e+11 0.51541
782	0.00782966	1.75714e-28	-3.40269e-32	7500	2e+11 0.51637
783	0.00783966	8.27472e-28	-1.60239e-31	7500	2e+11 0.51637
784	0.00784967	3.65951e-27	-7.08662e-31	7500	2e+11 0.516466
785	0.00785966	1.49931e-26	-2.9034e-30	7500	2e+11 0.516466
786	0.00786967	6.12502e-26	-1.1861e-29	7500	2e+11 0.516514
787	0.00787966	2.53711e-25	-4.91309e-29	7500	2e+11 0.516514
788	0.00788967	1.03398e-24	-2.0023e-28	7500	2e+11 0.516466
789	0.00789967	4.27563e-24	-8.27972e-28	7500	2e+11 0.516466
790	0.00790967	1.66682e-23	-3.22779e-27	7500	2e+11 0.51661
791	0.00791967	6.26947e-23	-1.21408e-26	7500	2e+11 0.51661
792	0.00792967	2.41211e-22	-4.67103e-26	7500	2e+11 0.516466
793	0.00793967	8.58865e-22	-1.66319e-25	7500	2e+11 0.516466
794	0.00794967	3.03727e-21	-5.88166e-25	7500	2e+11 0.51661
795	0.00795967	1.09021e-20	-2.11118e-24	7500	2e+11 0.51661
796	0.00796967	3.78195e-20	-7.32371e-24	7500	2e+11 0.516322
797	0.00797968	1.32626e-19	-2.5683e-23	7500	2e+11 0.516514
798	0.00798967	4.58344e-19	-8.8758e-23	7500	2e+11 0.516514
799	0.00799967	1.55624e-18	-3.01365e-22	7500	2e+11 0.516514
800	0.00800967	5.12558e-18	-9.92565e-22	7500	2e+11 0.516466
801	0.00801967	1.67993e-17	-3.25317e-21	7500	2e+11 0.516514
802	0.00802967	5.31052e-17	-1.02838e-20	7500	2e+11 0.516514
803	0.00803967	1.66625e-16	-3.22668e-20	7500	2e+11 0.516274
804	0.00804968	5.19483e-16	-1.00597e-19	7500	2e+11 0.516418
805	0.00805968	1.6093e-15	-3.11639e-19	7500	2e+11 0.516466
806	0.00806968	4.81992e-15	-9.33374e-19	7500	2e+11 0.516658
807	0.00807967	1.43869e-14	-2.78601e-18	7500	2e+11 0.516658
808	0.00808967	4.2218e-14	-8.17548e-18	7500	2e+11 0.51637
809	0.00809967	1.19633e-13	-2.31668e-17	7500	2e+11 0.51637
810	0.00810968	3.41095e-13	-6.60528e-17	7500	2e+11 0.516466
811	0.00811968	9.38566e-13	-1.81753e-16	7500	2e+11 0.516466
812	0.00812968	2.61531e-12	-5.06453e-16	7500	2e+11 0.51637
813	0.00813968	7.16101e-12	-1.38672e-15	7500	2e+11 0.516322
814	0.00814968	1.91797e-11	-3.71413e-15	7500	2e+11 0.51637
815	0.00815968	5.08497e-11	-9.84701e-15	7500	2e+11 0.51637
816	0.00816968	1.31436e-10	-2.54524e-14	7500	2e+11 0.516658
817	0.00817968	3.38688e-10	-6.55867e-14	7500	2e+11 0.516658
818	0.00818968	8.48638e-10	-1.64338e-13	7500	2e+11 0.516322
819	0.00819968	2.05878e-09	-3.9868e-13	7500	2e+11 0.51637
820	0.00820968	5.05324e-09	-9.78555e-13	7500	2e+11 0.51637
821	0.00821968	1.21395e-08	-2.3508e-12	7500	2e+11 0.51661
822	0.00822968	2.85331e-08	-5.52542e-12	7500	2e+11 0.51661
823	0.00823968	6.63804e-08	-1.28545e-11	7500	2e+11 0.516514
824	0.00824968	1.49325e-07	-2.89166e-11	7500	2e+11 0.516514
825	0.00825968	3.36363e-07	-6.51365e-11	7500	2e+11 0.51637
826	0.00826968	7.3866e-07	-1.43041e-10	7500	2e+11 0.516562
827	0.00827968	1.61006e-06	-3.11787e-10	7500	2e+11 0.516562
828	0.00828968	3.44534e-06	-6.67187e-10	7500	2e+11 0.516514
829	0.00829968	7.21471e-06	-1.39712e-09	7500	2e+11 0.516466
830	0.00830968	1.48904e-05	-2.8835e-09	7500	2e+11 0.516466
831	0.00831969	3.04001e-05	-5.88696e-09	7500	2e+11 0.51637
832	0.00832969	6.23973e-05	-1.20832e-08	7500	2e+11 0.51637
833	0.00833969	0.00012511	-2.42274e-08	7500	2e+11 0.51637
834	0.00834969	0.000244609	-4.73683e-08	7500	2e+11 0.51661
835	0.00835968	0.000470877	-9.11849e-08	7500	2e+11 0.51661
836	0.00836968	0.000890073	-1.72362e-07	7500	2e+11 0.51661
837	0.00837968	0.00166161	-3.21769e-07	7500	2e+11 0.516466
838	0.00838968	0.00305648	-5.91884e-07	7500	2e+11 0.516466
839	0.00839969	0.00557572	-1.07973e-06	7500	2e+11 0.516418
840	0.00840969	0.00995201	-1.9272e-06	7500	2e+11 0.516418
841	0.00841969	0.0174413	-3.3775e-06	7500	2e+11 0.516418
842	0.00842969	0.0301295	-5.83455e-06	7500	2e+11 0.516418
843	0.00843969	0.050998	-9.87572e-06	7500	2e+11 0.516418
844	0.00844969	0.0849014	-1.64411e-05	7500	2e+11 0.516418
845	0.00845969	0.138623	-2.68443e-05	7500	2e+11 0.516466
846	0.00846968	0.222006	-4.29912e-05	7500	2e+11 0.516466
847	0.00847969	0.348092	-6.74077e-05	7500	2e+11 0.51637
848	0.00848969	0.53719	-0.000104026	7500	2e+11 0.51637
849	0.00849969	0.813779	-0.000157588	7500	2e+11 0.516466
850	0.00850969	1.21628	-0.000235531	7500	2e+11 0.516466
851	0.00851968	1.783	-0.000345276	7500	2e+11 0.516851
852	0.00852968	2.55676	-0.000495115	7500	2e+11 0.516851
853	0.00853967	3.60846	-0.000698775	7500	2e+11 0.517092
854	0.00854966	5.00402	-0.000969025	7500	2e+11 0.517092
855	0.00855965	6.79069	-0.00131501	7500	2e+11 0.517285
856	0.00856963	9.02154	-0.00174701	7500	2e+11 0.517478
857	0.00857961	11.7313	-0.00227176	7500	2e+11 0.517671
858	0.00858959	14.9258	-0.00289037	7500	2e+11 0.518252
859	0.00859955	18.5618	-0.00359448	7500	2e+11 0.518543
860	0.00860951	22.6122	-0.00437883	7500	2e+11 0.519028
861	0.00861946	26.951	-0.00521904	7500	2e+11 0.519466
862	0.0086294	31.4066	-0.00608186	7500	2e+11 0.519855
863	0.00863933	35.8319	-0.00693882	7500	2e+11 0.520294
864	0.00864926	40.0202	-0.00774987	7500	2e+11 0.520685
865	0.00865918	43.7168	-0.00846572	7500	2e+11 0.521028
866	0.00866909	46.6893	-0.00904135	7500	2e+11 0.521224
867	0.00867899	48.6773	-0.00942633	7500	2e+11 0.521224
868	0.0086889	49.5023	-0.00958608	7500	2e+11 0.521322
869	0.00869881	49.8401	-0.0096515	7500	2e+11 0.521469
870	0.00870871	49.9403	-0.00967091	7500	2e+11 0.521469
871	0.00871861	49.9749	-0.00967761	7500	2e+11 0.521518
872	0.00872852	49.9897	-0.00968046	7500	2e+11 0.521518
873	0.00873842	49.9945	-0.00968139	7500	2e+11 0.521616
874	0.00874832	49.9964	-0.00968176	7500	2e+11 0.521616
875	0.00875823	49.9971	-0.0096819	7500	2e+11 0.521322
876	0.00876813	49.9973	-0.00968193	7500	2e+11 0.521469
877	0.00877803	49.9973	-0.00968194	7500	2e+11 0.521518
878	0.00878794	49.9973	-0.00968195	7500	2e+11 0.521518
879	0.00879784	49.9974	-0.00968195	7500	2e+11 0.521469
880	0.00880774	49.9974	-0.00968195	7500	2e+11 0.521469
881	0.00881765	49.9974	-0.00968195	7500	2e+11 0.521371
882	0.00882755	49.9974	-0.00968195	7500	2e+11 0.521567
883	0.00883745	49.9974	-0.00968195	7500	2e+11 0.521567
884	0.00884736	49.9974	-0.00968195	7500	2e+11 0.521469
885	0.00885726	49.9974	-0.00968195	7500	2e+11 0.521469
886	0.00886717	49.9974	-0.00968195	7500	2e+11 0.52142
887	0.00887707	49.9974	-0.00968195	7500	2e+11 0.52142
888	0.00888697	49.9974	-0.00968195	7500	2e+11 0.52142
889	0.00889688	49.9974	-0.00968195	7500	2e+11 0.521469
890	0.00890678	49.9974	-0.00968195	7500	2e+11 0.521518
891	0.00891668	49.9974	-0.00968196	7500	2e+11 0.521518
892	0.00892659	49.9974	-0.00968196	7500	2e+11 0.521469
893	0.00893649	49.9974	-0.00968196	7500	2e+11 0.521469
894	0.00894639	49.9974	-0.00968196	7500	2e+11 0.521469
895	0.0089563	49.9974	-0.00968196	7500	2e+11 0.52142
896	0.0089662	49.9974	-0.00968196	7500	2e+11 0.52142
897	0.00897611	49.9974	-0.00968196	7500	2e+11 0.521469
898	0.00898601	49.9974	-0.00968196	7500	2e+11 0.521469
899	0.00899591	49.9974	-0.00968196	7500	2e+11 0.521469
900	0.00900582	49.9974	-0.00968196	7500	2e+11 0.521469
901	0.00901572	49.9974	-0.00968196	7500	2e+11 0.521518
902	0.00902562	49.9974	-0.00968196	7500	2e+11 0.521518
903	0.00903553	49.9974	-0.00968196	7500	2e+11 0.521469
904	0.00904543	49.9974	-0.00968196	7500	2e+11 0.521469
905	0.00905533	49.9974	-0.00968196	7500	2e+11 0.521469
906	0.00906524	49.9974	-0.00968196	7500	2e+11 0.521371
907	0.00907514	49.9974	-0.00968196	7500	2e+11 0.521469
908	0.00908504	49.9974	-0.00968196	7500	2e+11 0.521469
909	0.00909495	49.9974	-0.00968196	7500	2e+11 0.521469
910	0.00910485	49.9974	-0.00968196	7500	2e+11 0.521518
911	0.00911475	49.9974	-0.00968196	7500	2e+11 0.521518
912	0.00912466	49.9974	-0.00968196	7500	2e+11 0.52142
913	0.00913456	49.9974	-0.00968196	7500	2e+11 0.52142
914	0.00914446	49.9974	-0.00968196	7500	2e+11 0.52142
915	0.00915437	49.9974	-0.00968196	7500	2e+11 0.521469
916	0.00916427	49.9974	-0.00968196	7500	2e+11 0.521469
917	0.00917418	49.9974	-0.00968196	7500	2e+11 0.521322
918	0.00918408	49.9974	-0.00968196	7500	2e+11 0.521567
919	0.00919398	49.9974	-0.00968196	7500	2e+11 0.521567
920	0.00920389	49.9974	-0.00968196	7500	2e+11 0.521469
921	0.00921379	49.9974	-0.00968196	7500	2e+11 0.52142
922	0.00922369	49.9974	-0.00968196	7500	2e+11 0.521567
923	0.00923359	49.9974	-0.00968196	7500	2e+11 0.521567
924	0.0092435	49.9974	-0.00968196	7500	2e+11 0.521469
925	0.0092534	49.9974	-0.00968196	7500	2e+11 0.521469
926	0.0092633	49.9974	-0.00968196	7500	2e+11 0.521469
927	0.00927321	49.9974	-0.00968196	7500	2e+11 0.521469
928	0.00928311	49.9974	-0.00968196	7500	2e+11 0.52142
929	0.00929302	49.9974	-0.00968196	7500	2e+11 0.52142
930	0.00930292	49.9974	-0.00968196	7500	2e+11 0.521469
931	0.00931282	49.9974	-0.00968196	7500	2e+11 0.521469
932	0.00932273	49.9974	-0.00968196	7500	2e+11 0.521371
933	0.00933263	49.9974	-0.00968196	7500	2e+11 0.521567
934	0.00934253	49.9974	-0.00968196	7500	2e+11 0.521567
935	0.00935244	49.9974	-0.00968196	7500	2e+11 0.52142
936	0.00936234	49.9973	-0.00968194	7500	2e+11 0.52142
937	0.00937225	49.9972	-0.00968191	7500	2e+11 0.521371
938	0.00938215	49.9969	-0.00968185	7500	2e+11 0.521567
939	0.00939205	49.9963	-0.00968173	7500	2e+11 0.521567
940	0.00940196	49.9952	-0.00968152	7500	2e+11 0.521567
941	0.00941186	49.9932	-0.00968114	7500	2e+11 0.521567
942	0.00942176	49.9897	-0.00968046	7500	2e+11 0.52142
943	0.00943167	49.9833	-0.00967923	7500	2e+11 0.52142
944	0.00944157	49.9725	-0.00967713	7500	2e+11 0.521518
945	0.00945147	49.9543	-0.00967362	7500	2e+11 0.521518
946	0.00946138	49.9242	-0.00966778	7500	2e+11 0.52142
947	0.00947128	49.8739	-0.00965803	7500	2e+11 0.52142
948	0.00948119	49.7937	-0.0096425	7500	2e+11 0.52142
949	0.00949109	49.6671	-0.00961799	7500	2e+11 0.52142
950	0.009501	49.4673	-0.00957931	7500	2e+11 0.521273
951	0.0095109	49.1612	-0.00952002	7500	2e+11 0.52142
952	0.00952081	48.7039	-0.00943147	7500	2e+11 0.52142
953	0.00953071	48.0497	-0.00930479	7500	2e+11 0.521371
954	0.00954062	47.1206	-0.00912487	7500	2e+11 0.521126
955	0.00955053	45.8271	-0.00887438	7500	2e+11 0.521126
956	0.00956045	44.0727	-0.00853465	7500	2e+11 0.52093
957	0.00957036	41.7622	-0.00808722	7500	2e+11 0.520685
958	0.00958029	38.7833	-0.00751035	7500	2e+11 0.520148
959	0.00959023	35.0664	-0.00679058	7500	2e+11 0.519904
960	0.00960016	30.6381	-0.00593304	7500	2e+11 0.519661
961	0.00961011	25.6076	-0.00495888	7500	2e+11 0.519077
962	0.00962007	20.147	-0.00390146	7500	2e+11 0.518494
963	0.00963004	14.6406	-0.00283513	7500	2e+11 0.51801
964	0.00964002	9.51274	-0.00184213	7500	2e+11 0.51743
965	0.00965001	5.22831	-0.00101246	7500	2e+11 0.517044
966	0.00966	2.21421	-0.00042878	7500	2e+11 0.516658
967	0.00967	0.837859	-0.000162251	7500	2e+11 0.516514
968	0.00968	0.236917	-4.58787e-05	7500	2e+11 0.516418
969	0.00969	0.0982898	-1.90337e-05	7500	2e+11 0.516418
970	0.0097	0.0327433	-6.3407e-06	7500	2e+11 0.516418
971	0.00971	0.012901	-2.49828e-06	7500	2e+11 0.516418
972	0.00972	0.00525498	-1.01762e-06	7500	2e+11 0.516418
973	0.00973	0.00156585	-3.03226e-07	7500	2e+11 0.516418
974	0.00974	0.000608555	-1.17846e-07	7500	2e+11 0.516418
975	0.00975	0.000162019	-3.13749e-08	7500	2e+11 0.516418
976	0.00976	6.7648e-05	-1.31e-08	7500	2e+11 0.516418
977	0.00977	1.9022e-05	-3.6836e-09	7500	2e+11 0.516418
978	0.00978	7.82882e-06	-1.51605e-09	7500	2e+11 0.516418
979	0.00979	2.9686e-06	-5.74867e-10	7500	2e+11 0.516418
980	0.0098	1.06853e-06	-2.06919e-10	7500	2e+11 0.516418
981	0.00981	3.35986e-07	-6.50634e-11	7500	2e+11 0.516418
982	0.00982	1.21539e-07	-2.3536e-11	7500	2e+11 0.516418
983	0.00983	4.17385e-08	-8.08262e-12	7500	2e+11 0.516418
984	0.00984	1.51521e-08	-2.93418e-12	7500	2e+11 0.516418
985	0.00985	5.96597e-09	-1.1553e-12	7500	2e+11 0.516418
986	0.00986	2.21442e-09	-4.28821e-13	7500	2e+11 0.516418
987	0.00987	9.48752e-10	-1.83725e-13	7500	2e+11 0.516418
988	0.00988	2.99057e-10	-5.79122e-14	7500	2e+11 0.516418
989	0.00989	1.20612e-10	-2.33565e-14	7500	2e+11 0.516418
990	0.0099	3.98176e-11	-7.71064e-15	7500	2e+11 0.516418
991	0.00991	1.50045e-11	-2.90562e-15	7500	2e+11 0.516418
992	0.00992	4.66173e-12	-9.02741e-16	7500	2e+11 0.516418
993	0.00993	1.72639e-12	-3.34314e-16	7500	2e+11 0.516418
994	0.00994	5.60094e-13	-1.08463e-16	7500	2e+11 0.516418
995	0.00995	2.14739e-13	-4.15874e-17	7500	2e+11 0.516418
996	0.00996	7.95932e-14	-1.54221e-17	7500	2e+11 0.516418
997	0.00997	2.77878e-14	-5.40975e-18	7500	2e+11 0.516418
998	0.00998	8.73643e-15	-1.75913e-18	7500	2e+11 0.516418
999	0.00999	2.18816e-15	-6.04198e-19	7500	2e+11 0.516418
1000	0.01	0	-4.68787e-19	7500	2e+11 0.516418
