0	0	0	0	1	1
1	0.01	0	0	1	1
2	0.02	0	0	1	1
3	0.03	0	0	1	1
4	0.04	0	0	1	1
5	0.05	0	0	1	1
6	0.06	0	0	1	1
7	0.07	0	0	1	1
8	0.08	0	0	1	1
9	0.09	0	0	1	1
10	0.1	0	0	1	1
11	0.11	0	0	1	1
12	0.12	0	0	1	1
13	0.13	0	0	1	1
14	0.14	0	0	1	1
15	0.15	0	0	1	1
16	0.16	0	0	1	1
17	0.17	0	0	1	1
18	0.18	0	0	1	1
19	0.19	0	0	1	1
20	0.2	0	0	1	1
21	0.21	0	0	1	1
22	0.22	0	0	1	1
23	0.23	0	0	1	1
24	0.24	0	0	1	1
25	0.25	0	0	1	1
26	0.26	0	0	1	1
27	0.27	0	0	1	1
28	0.28	0	0	1	1
29	0.29	0	0	1	1
30	0.3	0	0	1	1
31	0.31	0	0	1	1
32	0.32	0	0	1	1
33	0.33	0	0	1	1
34	0.34	0	0	1	1
35	0.35	0	0	1	1
36	0.36	0	0	1	1
37	0.37	0	0	1	1
38	0.38	0	0	1	1
39	0.39	0	0	1	1
40	0.4	0	0	1	1
41	0.40905	-0.000186083	0.000186083	1	1
42	0.418111	-0.00140034	0.00140034	1	1
43	0.427208	-0.00535484	0.00535484	1	1
44	0.436382	-0.0138774	0.0138774	1	1
45	0.445682	-0.027437	0.027437	1	1
46	0.45514	-0.0443015	0.0443015	1	1
47	0.46476	-0.0613246	0.0613246	1	1
48	0.47452	-0.075696	0.075696	1	1
49	0.484381	-0.0861115	0.0861115	1	1
50	0.254105	-44.3154	14.0138	0.1	1
51	0.455791	-9.89744	3.12984	0.1	1
52	0.493447	-4.2388	1.34043	0.1	1
53	0.51233	-2.01991	0.638751	0.1	1
54	0.525979	-0.985833	0.311748	0.1	1
55	0.537826	-0.53637	0.169615	0.1	1
56	0.549079	-0.373309	0.118051	0.1	1
57	0.560163	-0.325343	0.102882	0.1	1
58	0.571202	-0.312698	0.0988839	0.1	1
59	0.582222	-0.307097	0.0971127	0.1	1
60	0.593217	-0.300325	0.094971	0.1	1
61	0.604177	-0.290046	0.0917207	0.1	1
62	0.615088	-0.275506	0.0871228	0.1	1
63	0.625933	-0.256616	0.0811491	0.1	1
64	0.636701	-0.233805	0.0739358	0.1	1
65	0.647381	-0.207956	0.0657613	0.1	1
66	0.657967	-0.180264	0.0570046	0.1	1
67	0.668459	-0.152074	0.04809	0.1	1
68	0.678862	-0.124696	0.0394323	0.1	1
69	0.689181	-0.0992691	0.0313916	0.1	1
70	0.699426	-0.0766446	0.0242372	0.1	1
71	0.709609	-0.0573388	0.0181321	0.1	1
72	0.719741	-0.0415312	0.0131333	0.1	1
73	0.729834	-0.0291077	0.00920467	0.1	1
74	0.739896	-0.0197325	0.00623995	0.1	1
75	0.749937	-0.012937	0.00409104	0.1	1
76	0.759963	-0.00820313	0.00259406	0.1	1
77	0.769979	-0.00503184	0.00159121	0.1	1
78	0.779989	-0.00298707	0.000944594	0.1	1
79	0.789994	-0.00171692	0.000542937	0.1	1
80	0.799997	-0.000956067	0.000302335	0.1	1
81	0.809999	-0.000516097	0.000163204	0.1	1
82	0.82	-0.000270252	8.54611e-05	0.1	1
83	0.83	-0.000137367	4.34392e-05	0.1	1
84	0.84	-6.78164e-05	2.14454e-05	0.1	1
85	0.85	-3.2539e-05	1.02897e-05	0.1	1
86	0.86	-1.51831e-05	4.80132e-06	0.1	1
87	0.87	-6.89385e-06	2.18003e-06	0.1	1
88	0.88	-3.04762e-06	9.6374e-07	0.1	1
89	0.89	-1.31249e-06	4.15045e-07	0.1	1
90	0.9	-5.50932e-07	1.7422e-07	0.1	1
91	0.91	-2.25523e-07	7.13167e-08	0.1	1
92	0.92	-9.00721e-08	2.84833e-08	0.1	1
93	0.93	-3.51155e-08	1.11045e-08	0.1	1
94	0.94	-1.33696e-08	4.22785e-09	0.1	1
95	0.95	-4.97316e-09	1.5727e-09	0.1	1
96	0.96	-1.80794e-09	5.71881e-10	0.1	1
97	0.97	-6.42026e-10	2.0355e-10	0.1	1
98	0.98	-2.20926e-10	7.15348e-11	0.1	1
99	0.99	-6.78167e-11	2.66762e-11	0.1	1
100	1	0	1.60323e-11	0.1	1
